#Data from the TCD1304 linear CCD
#column 1 = pixelnumber , column 2 = pixelvalue
#Pixel 1-32 and 3679-3694 and are dummy pixels
#SH-period: 200    ICG-period: 100000    Integration time: 100.0 us
2 4031
3 4031
4 4053
5 4053
6 4055
7 4054
8 4054
9 4052
10 4051
11 4051
12 4053
13 4055
14 4051
15 4054
16 4051
17 4054
18 4050
19 4054
20 4049
21 4052
22 4047
23 4051
24 4050
25 4049
26 4053
27 4055
28 4051
29 4049
30 4053
31 4055
32 4049
34 4049
35 4048
36 4048
37 4048
38 4047
39 4053
40 4047
41 4049
42 4050
43 4048
44 4048
45 4053
46 4048
47 4050
48 4049
49 4049
50 4048
51 4052
52 4048
53 4048
54 4050
55 4045
56 4046
57 4048
58 4046
59 4049
60 4049
61 4047
62 4043
63 4051
64 4049
65 4047
66 4046
67 4047
68 4048
69 4049
70 4044
71 4048
72 4048
73 4050
74 4048
75 4045
76 4050
77 4045
78 4046
79 4049
80 4051
81 4048
82 4047
83 4043
84 4049
85 4046
86 4047
87 4049
88 4049
89 4049
90 4050
91 4049
92 4048
93 4049
94 4048
95 4048
96 4048
97 4049
98 4047
99 4050
100 4046
101 4048
102 4045
103 4050
104 4049
105 4047
106 4048
107 4047
108 4048
109 4049
110 4049
111 4047
112 4049
113 4053
114 4049
115 4049
116 4045
117 4048
118 4048
119 4051
120 4046
121 4050
122 4051
123 4049
124 4045
125 4049
126 4048
127 4049
128 4044
129 4046
130 4049
131 4045
132 4048
133 4048
134 4048
135 4048
136 4049
137 4048
138 4049
139 4047
140 4051
141 4048
142 4046
143 4049
144 4048
145 4050
146 4047
147 4045
148 4046
149 4048
150 4048
151 4049
152 4046
153 4049
154 4048
155 4048
156 4043
157 4049
158 4048
159 4049
160 4047
161 4050
162 4047
163 4050
164 4045
165 4045
166 4045
167 4047
168 4046
169 4048
170 4049
171 4047
172 4047
173 4044
174 4047
175 4048
176 4047
177 4047
178 4049
179 4049
180 4049
181 4047
182 4045
183 4048
184 4046
185 4048
186 4045
187 4046
188 4047
189 4045
190 4043
191 4046
192 4045
193 4049
194 4047
195 4046
196 4048
197 4049
198 4044
199 4050
200 4047
201 4053
202 4043
203 4049
204 4045
205 4045
206 4045
207 4050
208 4045
209 4047
210 4046
211 4048
212 4044
213 4048
214 4043
215 4048
216 4050
217 4049
218 4046
219 4049
220 4048
221 4046
222 4047
223 4047
224 4048
225 4045
226 4047
227 4048
228 4045
229 4049
230 4045
231 4045
232 4045
233 4047
234 4047
235 4043
236 4044
237 4046
238 4046
239 4043
240 4049
241 4043
242 4048
243 4047
244 4046
245 4048
246 4046
247 4048
248 4049
249 4044
250 4047
251 4046
252 4040
253 4046
254 4046
255 4045
256 4046
257 4048
258 4042
259 4047
260 4047
261 4047
262 4049
263 4045
264 4044
265 4043
266 4045
267 4047
268 4044
269 4044
270 4045
271 4045
272 4043
273 4046
274 4044
275 4042
276 4044
277 4044
278 4046
279 4049
280 4046
281 4045
282 4046
283 4045
284 4045
285 4045
286 4046
287 4045
288 4047
289 4045
290 4045
291 4043
292 4045
293 4047
294 4044
295 4047
296 4045
297 4048
298 4045
299 4045
300 4046
301 4046
302 4039
303 4047
304 4045
305 4044
306 4046
307 4047
308 4045
309 4045
310 4041
311 4044
312 4047
313 4043
314 4042
315 4048
316 4046
317 4042
318 4049
319 4045
320 4044
321 4047
322 4043
323 4044
324 4047
325 4045
326 4042
327 4041
328 4045
329 4044
330 4047
331 4045
332 4045
333 4050
334 4045
335 4047
336 4047
337 4047
338 4045
339 4043
340 4043
341 4042
342 4041
343 4044
344 4043
345 4042
346 4048
347 4045
348 4043
349 4046
350 4042
351 4047
352 4044
353 4045
354 4043
355 4047
356 4041
357 4043
358 4047
359 4045
360 4047
361 4045
362 4045
363 4044
364 4043
365 4041
366 4044
367 4043
368 4045
369 4042
370 4040
371 4044
372 4041
373 4041
374 4043
375 4041
376 4041
377 4043
378 4043
379 4042
380 4042
381 4041
382 4042
383 4043
384 4045
385 4043
386 4041
387 4041
388 4041
389 4042
390 4041
391 4042
392 4042
393 4043
394 4043
395 4043
396 4043
397 4044
398 4043
399 4045
400 4040
401 4046
402 4040
403 4045
404 4043
405 4042
406 4041
407 4041
408 4045
409 4045
410 4040
411 4039
412 4041
413 4041
414 4042
415 4042
416 4043
417 4042
418 4046
419 4042
420 4042
421 4045
422 4042
423 4041
424 4044
425 4042
426 4041
427 4044
428 4041
429 4041
430 4043
431 4043
432 4043
433 4044
434 4043
435 4045
436 4041
437 4045
438 4040
439 4042
440 4045
441 4041
442 4038
443 4042
444 4044
445 4046
446 4042
447 4047
448 4045
449 4042
450 4044
451 4044
452 4038
453 4039
454 4041
455 4044
456 4043
457 4040
458 4043
459 4042
460 4042
461 4044
462 4041
463 4045
464 4045
465 4043
466 4043
467 4041
468 4040
469 4041
470 4042
471 4043
472 4039
473 4040
474 4044
475 4043
476 4041
477 4040
478 4045
479 4043
480 4041
481 4045
482 4044
483 4043
484 4039
485 4042
486 4042
487 4043
488 4042
489 4041
490 4045
491 4042
492 4044
493 4043
494 4043
495 4044
496 4044
497 4042
498 4042
499 4043
500 4041
501 4047
502 4039
503 4044
504 4044
505 4046
506 4044
507 4049
508 4041
509 4040
510 4041
511 4043
512 4039
513 4045
514 4044
515 4045
516 4045
517 4045
518 4044
519 4047
520 4044
521 4046
522 4041
523 4043
524 4049
525 4045
526 4043
527 4041
528 4044
529 4044
530 4044
531 4045
532 4044
533 4043
534 4044
535 4048
536 4044
537 4047
538 4043
539 4043
540 4043
541 4045
542 4043
543 4042
544 4043
545 4047
546 4040
547 4044
548 4044
549 4047
550 4045
551 4046
552 4041
553 4044
554 4042
555 4045
556 4046
557 4046
558 4043
559 4045
560 4045
561 4042
562 4044
563 4043
564 4042
565 4047
566 4043
567 4046
568 4048
569 4043
570 4044
571 4041
572 4043
573 4043
574 4045
575 4045
576 4042
577 4040
578 4044
579 4045
580 4043
581 4044
582 4043
583 4044
584 4045
585 4043
586 4041
587 4043
588 4043
589 4045
590 4041
591 4045
592 4044
593 4044
594 4042
595 4042
596 4044
597 4049
598 4043
599 4045
600 4044
601 4049
602 4043
603 4044
604 4041
605 4047
606 4046
607 4045
608 4044
609 4045
610 4041
611 4042
612 4045
613 4040
614 4045
615 4041
616 4044
617 4044
618 4047
619 4044
620 4042
621 4042
622 4043
623 4043
624 4043
625 4045
626 4045
627 4047
628 4045
629 4046
630 4048
631 4044
632 4045
633 4045
634 4044
635 4045
636 4044
637 4043
638 4044
639 4045
640 4047
641 4040
642 4040
643 4042
644 4047
645 4044
646 4044
647 4047
648 4041
649 4047
650 4043
651 4045
652 4043
653 4040
654 4044
655 4044
656 4046
657 4048
658 4045
659 4043
660 4041
661 4041
662 4045
663 4046
664 4041
665 4045
666 4040
667 4043
668 4045
669 4045
670 4041
671 4044
672 4041
673 4042
674 4042
675 4039
676 4044
677 4044
678 4045
679 4045
680 4043
681 4045
682 4043
683 4043
684 4043
685 4044
686 4041
687 4044
688 4043
689 4046
690 4040
691 4046
692 4045
693 4048
694 4043
695 4042
696 4041
697 4042
698 4041
699 4044
700 4045
701 4048
702 4041
703 4045
704 4043
705 4041
706 4045
707 4047
708 4043
709 4044
710 4041
711 4045
712 4043
713 4047
714 4049
715 4044
716 4045
717 4048
718 4043
719 4043
720 4043
721 4045
722 4041
723 4043
724 4044
725 4043
726 4042
727 4045
728 4040
729 4044
730 4044
731 4039
732 4043
733 4041
734 4044
735 4041
736 4045
737 4043
738 4042
739 4045
740 4042
741 4045
742 4043
743 4045
744 4043
745 4043
746 4044
747 4045
748 4043
749 4044
750 4043
751 4046
752 4043
753 4048
754 4045
755 4047
756 4043
757 4045
758 4044
759 4043
760 4044
761 4043
762 4047
763 4044
764 4045
765 4042
766 4042
767 4042
768 4044
769 4045
770 4045
771 4046
772 4041
773 4041
774 4044
775 4040
776 4043
777 4042
778 4042
779 4045
780 4044
781 4044
782 4045
783 4042
784 4044
785 4041
786 4043
787 4042
788 4041
789 4045
790 4043
791 4045
792 4043
793 4044
794 4045
795 4040
796 4041
797 4043
798 4039
799 4045
800 4043
801 4045
802 4043
803 4042
804 4044
805 4046
806 4041
807 4046
808 4043
809 4044
810 4043
811 4047
812 4045
813 4044
814 4045
815 4039
816 4040
817 4045
818 4042
819 4044
820 4041
821 4042
822 4041
823 4045
824 4042
825 4045
826 4043
827 4044
828 4045
829 4042
830 4041
831 4042
832 4044
833 4041
834 4045
835 4044
836 4044
837 4046
838 4044
839 4044
840 4042
841 4045
842 4039
843 4043
844 4042
845 4039
846 4041
847 4043
848 4043
849 4041
850 4043
851 4049
852 4041
853 4043
854 4041
855 4046
856 4043
857 4044
858 4045
859 4048
860 4042
861 4041
862 4045
863 4041
864 4043
865 4045
866 4045
867 4042
868 4045
869 4044
870 4040
871 4045
872 4042
873 4042
874 4044
875 4046
876 4040
877 4040
878 4044
879 4042
880 4046
881 4048
882 4044
883 4046
884 4044
885 4044
886 4043
887 4043
888 4045
889 4045
890 4045
891 4046
892 4041
893 4043
894 4041
895 4041
896 4042
897 4043
898 4045
899 4045
900 4045
901 4046
902 4042
903 4045
904 4043
905 4045
906 4042
907 4044
908 4041
909 4041
910 4041
911 4044
912 4044
913 4046
914 4044
915 4044
916 4045
917 4043
918 4041
919 4043
920 4043
921 4046
922 4041
923 4043
924 4043
925 4046
926 4041
927 4046
928 4047
929 4042
930 4040
931 4041
932 4046
933 4042
934 4044
935 4043
936 4044
937 4042
938 4045
939 4041
940 4044
941 4041
942 4047
943 4043
944 4044
945 4044
946 4045
947 4043
948 4044
949 4045
950 4044
951 4044
952 4041
953 4044
954 4040
955 4043
956 4041
957 4042
958 4043
959 4040
960 4045
961 4044
962 4044
963 4041
964 4041
965 4045
966 4045
967 4040
968 4042
969 4048
970 4044
971 4047
972 4047
973 4041
974 4043
975 4040
976 4043
977 4041
978 4043
979 4042
980 4042
981 4045
982 4043
983 4044
984 4045
985 4042
986 4043
987 4044
988 4044
989 4041
990 4044
991 4043
992 4040
993 4046
994 4043
995 4043
996 4041
997 4041
998 4044
999 4045
1000 4042
1001 4045
1002 4040
1003 4045
1004 4045
1005 4042
1006 4041
1007 4041
1008 4041
1009 4044
1010 4041
1011 4041
1012 4044
1013 4041
1014 4043
1015 4042
1016 4046
1017 4041
1018 4044
1019 4047
1020 4040
1021 4042
1022 4044
1023 4044
1024 4043
1025 4041
1026 4043
1027 4042
1028 4043
1029 4045
1030 4042
1031 4039
1032 4043
1033 4044
1034 4041
1035 4045
1036 4042
1037 4040
1038 4045
1039 4043
1040 4045
1041 4045
1042 4043
1043 4042
1044 4040
1045 4040
1046 4044
1047 4045
1048 4043
1049 4042
1050 4040
1051 4049
1052 4040
1053 4042
1054 4043
1055 4044
1056 4045
1057 4049
1058 4043
1059 4041
1060 4045
1061 4041
1062 4042
1063 4043
1064 4041
1065 4040
1066 4042
1067 4045
1068 4043
1069 4044
1070 4042
1071 4043
1072 4040
1073 4043
1074 4043
1075 4044
1076 4042
1077 4044
1078 4041
1079 4046
1080 4040
1081 4043
1082 4045
1083 4041
1084 4045
1085 4042
1086 4041
1087 4042
1088 4041
1089 4043
1090 4042
1091 4042
1092 4041
1093 4045
1094 4044
1095 4045
1096 4044
1097 4043
1098 4043
1099 4045
1100 4042
1101 4045
1102 4040
1103 4042
1104 4043
1105 4039
1106 4043
1107 4041
1108 4044
1109 4043
1110 4043
1111 4044
1112 4043
1113 4043
1114 4043
1115 4047
1116 4042
1117 4041
1118 4042
1119 4043
1120 4042
1121 4044
1122 4043
1123 4044
1124 4040
1125 4045
1126 4039
1127 4045
1128 4041
1129 4044
1130 4043
1131 4042
1132 4045
1133 4041
1134 4043
1135 4043
1136 4043
1137 4045
1138 4041
1139 4039
1140 4041
1141 4045
1142 4045
1143 4045
1144 4047
1145 4045
1146 4042
1147 4045
1148 4047
1149 4041
1150 4046
1151 4044
1152 4042
1153 4045
1154 4043
1155 4045
1156 4043
1157 4042
1158 4043
1159 4041
1160 4041
1161 4041
1162 4054
1163 4041
1164 4045
1165 4041
1166 4038
1167 4043
1168 4042
1169 4041
1170 4041
1171 4042
1172 4041
1173 4045
1174 4042
1175 4045
1176 4043
1177 4045
1178 4045
1179 4041
1180 4042
1181 4044
1182 4043
1183 4041
1184 4044
1185 4043
1186 4043
1187 4045
1188 4041
1189 4044
1190 4043
1191 4041
1192 4043
1193 4044
1194 4045
1195 4045
1196 4042
1197 4041
1198 4041
1199 4045
1200 4042
1201 4047
1202 4041
1203 4043
1204 4041
1205 4041
1206 4045
1207 4044
1208 4042
1209 4050
1210 4039
1211 4045
1212 4041
1213 4046
1214 4042
1215 4045
1216 4043
1217 4043
1218 4041
1219 4046
1220 4042
1221 4043
1222 4046
1223 4046
1224 4040
1225 4040
1226 4044
1227 4041
1228 4044
1229 4041
1230 4041
1231 4043
1232 4045
1233 4042
1234 4042
1235 4041
1236 4044
1237 4045
1238 4047
1239 4039
1240 4041
1241 4042
1242 4043
1243 4044
1244 4046
1245 4041
1246 4044
1247 4046
1248 4043
1249 4044
1250 4041
1251 4045
1252 4037
1253 4041
1254 4041
1255 4041
1256 4037
1257 4042
1258 4042
1259 4042
1260 4045
1261 4043
1262 4042
1263 4045
1264 4041
1265 4043
1266 4043
1267 4043
1268 4046
1269 4045
1270 4039
1271 4045
1272 4044
1273 4040
1274 4043
1275 4045
1276 4046
1277 4047
1278 4041
1279 4045
1280 4043
1281 4045
1282 4041
1283 4041
1284 4044
1285 4041
1286 4044
1287 4044
1288 4041
1289 4043
1290 4038
1291 4040
1292 4044
1293 4045
1294 4044
1295 4045
1296 4042
1297 4041
1298 4043
1299 4042
1300 4041
1301 4048
1302 4040
1303 4045
1304 4044
1305 4043
1306 4040
1307 4044
1308 4044
1309 4042
1310 4045
1311 4043
1312 4041
1313 4047
1314 4044
1315 4042
1316 4044
1317 4043
1318 4043
1319 4044
1320 4044
1321 4046
1322 4042
1323 4042
1324 4041
1325 4043
1326 4042
1327 4041
1328 4042
1329 4041
1330 4044
1331 4042
1332 4045
1333 4045
1334 4042
1335 4044
1336 4041
1337 4044
1338 4040
1339 4044
1340 4041
1341 4045
1342 4042
1343 4045
1344 4044
1345 4043
1346 4043
1347 4044
1348 4039
1349 4043
1350 4042
1351 4046
1352 4041
1353 4043
1354 4043
1355 4044
1356 4039
1357 4044
1358 4043
1359 4045
1360 4044
1361 4042
1362 4042
1363 4046
1364 4045
1365 4043
1366 4044
1367 4042
1368 4043
1369 4044
1370 4040
1371 4042
1372 4046
1373 4043
1374 4043
1375 4047
1376 4042
1377 4042
1378 4044
1379 4044
1380 4042
1381 4039
1382 4045
1383 4044
1384 4044
1385 4044
1386 4045
1387 4046
1388 4047
1389 4045
1390 4043
1391 4042
1392 4044
1393 4041
1394 4044
1395 4042
1396 4045
1397 4039
1398 4040
1399 4045
1400 4046
1401 4045
1402 4041
1403 4041
1404 4043
1405 4042
1406 4039
1407 4044
1408 4044
1409 4042
1410 4044
1411 4043
1412 4042
1413 4045
1414 4041
1415 4042
1416 4042
1417 4041
1418 4043
1419 4045
1420 4042
1421 4043
1422 4044
1423 4041
1424 4039
1425 4041
1426 4045
1427 4039
1428 4041
1429 4047
1430 4039
1431 4043
1432 4044
1433 4045
1434 4043
1435 4043
1436 4042
1437 4044
1438 4042
1439 4043
1440 4042
1441 4040
1442 4044
1443 4043
1444 4044
1445 4045
1446 4042
1447 4045
1448 4044
1449 4042
1450 4047
1451 4043
1452 4041
1453 4044
1454 4039
1455 4043
1456 4039
1457 4045
1458 4039
1459 4041
1460 4044
1461 4041
1462 4041
1463 4046
1464 4041
1465 4041
1466 4045
1467 4046
1468 4039
1469 4046
1470 4043
1471 4045
1472 4046
1473 4041
1474 4040
1475 4044
1476 4043
1477 4045
1478 4044
1479 4042
1480 4042
1481 4042
1482 4043
1483 4047
1484 4041
1485 4047
1486 4041
1487 4043
1488 4043
1489 4045
1490 4047
1491 4045
1492 4045
1493 4044
1494 4047
1495 4043
1496 4043
1497 4043
1498 4041
1499 4042
1500 4039
1501 4043
1502 4044
1503 4044
1504 4042
1505 4040
1506 4043
1507 4041
1508 4039
1509 4044
1510 4044
1511 4041
1512 4043
1513 4044
1514 4044
1515 4044
1516 4041
1517 4043
1518 4041
1519 4045
1520 4041
1521 4043
1522 4041
1523 4041
1524 4047
1525 4043
1526 4045
1527 4043
1528 4043
1529 4041
1530 4044
1531 4045
1532 4043
1533 4042
1534 4044
1535 4044
1536 4043
1537 4040
1538 4042
1539 4047
1540 4042
1541 4045
1542 4042
1543 4043
1544 4044
1545 4042
1546 4045
1547 4041
1548 4046
1549 4043
1550 4044
1551 4046
1552 4040
1553 4045
1554 4042
1555 4041
1556 4041
1557 4049
1558 4043
1559 4042
1560 4047
1561 4047
1562 4040
1563 4047
1564 4042
1565 4041
1566 4043
1567 4045
1568 4044
1569 4043
1570 4044
1571 4042
1572 4043
1573 4043
1574 4043
1575 4041
1576 4043
1577 4043
1578 4043
1579 4043
1580 4047
1581 4039
1582 4047
1583 4041
1584 4043
1585 4045
1586 4040
1587 4041
1588 4041
1589 4041
1590 4039
1591 4043
1592 4041
1593 4040
1594 4040
1595 4045
1596 4040
1597 4046
1598 4043
1599 4045
1600 4043
1601 4048
1602 4042
1603 4042
1604 4041
1605 4042
1606 4041
1607 4043
1608 4043
1609 4041
1610 4044
1611 4042
1612 4039
1613 4044
1614 4045
1615 4043
1616 4041
1617 4043
1618 4041
1619 4043
1620 4045
1621 4042
1622 4041
1623 4041
1624 4041
1625 4040
1626 4043
1627 4041
1628 4041
1629 4047
1630 4042
1631 4042
1632 4046
1633 4043
1634 4043
1635 4042
1636 4043
1637 4037
1638 4043
1639 4042
1640 4041
1641 4048
1642 4039
1643 4046
1644 4043
1645 4044
1646 4044
1647 4043
1648 4043
1649 4041
1650 4045
1651 4047
1652 4042
1653 4045
1654 4042
1655 4045
1656 4042
1657 4043
1658 4046
1659 4044
1660 4043
1661 4042
1662 4044
1663 4046
1664 4041
1665 4045
1666 4045
1667 4044
1668 4041
1669 4047
1670 4045
1671 4044
1672 4046
1673 4045
1674 4040
1675 4040
1676 4041
1677 4043
1678 4042
1679 4041
1680 4042
1681 4042
1682 4047
1683 4043
1684 4041
1685 4042
1686 4044
1687 4043
1688 4044
1689 4043
1690 4041
1691 4042
1692 4044
1693 4045
1694 4045
1695 4044
1696 4043
1697 4046
1698 4045
1699 4045
1700 4046
1701 4047
1702 4043
1703 4044
1704 4043
1705 4041
1706 4042
1707 4046
1708 4043
1709 4041
1710 4042
1711 4046
1712 4045
1713 4045
1714 4043
1715 4042
1716 4043
1717 4042
1718 4043
1719 4042
1720 4041
1721 4043
1722 4044
1723 4043
1724 4044
1725 4045
1726 4041
1727 4037
1728 4044
1729 4045
1730 4046
1731 4045
1732 4043
1733 4041
1734 4046
1735 4043
1736 4041
1737 4041
1738 4043
1739 4043
1740 4044
1741 4043
1742 4041
1743 4042
1744 4041
1745 4041
1746 4040
1747 4040
1748 4046
1749 4045
1750 4043
1751 4047
1752 4040
1753 4046
1754 4047
1755 4043
1756 4042
1757 4045
1758 4044
1759 4043
1760 4040
1761 4043
1762 4043
1763 4043
1764 4041
1765 4045
1766 4043
1767 4039
1768 4044
1769 4042
1770 4044
1771 4044
1772 4045
1773 4041
1774 4041
1775 4044
1776 4043
1777 4047
1778 4043
1779 4040
1780 4040
1781 4045
1782 4045
1783 4046
1784 4042
1785 4044
1786 4043
1787 4045
1788 4044
1789 4042
1790 4043
1791 4039
1792 4048
1793 4042
1794 4041
1795 4043
1796 4041
1797 4044
1798 4042
1799 4042
1800 4041
1801 4047
1802 4042
1803 4043
1804 4044
1805 4041
1806 4043
1807 4043
1808 4045
1809 4045
1810 4044
1811 4044
1812 4043
1813 4045
1814 4044
1815 4042
1816 4041
1817 4043
1818 4041
1819 4047
1820 4044
1821 4042
1822 4044
1823 4043
1824 4042
1825 4045
1826 4043
1827 4045
1828 4044
1829 4043
1830 4044
1831 4042
1832 4044
1833 4044
1834 4043
1835 4045
1836 4041
1837 4042
1838 4042
1839 4042
1840 4045
1841 4040
1842 4045
1843 4043
1844 4041
1845 4044
1846 4041
1847 4043
1848 4041
1849 4044
1850 4041
1851 4044
1852 4044
1853 4042
1854 4044
1855 4044
1856 4041
1857 4045
1858 4041
1859 4042
1860 4043
1861 4046
1862 4043
1863 4044
1864 4043
1865 4044
1866 4041
1867 4045
1868 4043
1869 4041
1870 4041
1871 4043
1872 4041
1873 4043
1874 4040
1875 4040
1876 4045
1877 4044
1878 4040
1879 4044
1880 4043
1881 4039
1882 4047
1883 4043
1884 4043
1885 4042
1886 4045
1887 4041
1888 4043
1889 4044
1890 4044
1891 4045
1892 4041
1893 4042
1894 4043
1895 4045
1896 4042
1897 4042
1898 4043
1899 4044
1900 4043
1901 4047
1902 4044
1903 4047
1904 4045
1905 4043
1906 4043
1907 4045
1908 4043
1909 4041
1910 4045
1911 4038
1912 4043
1913 4042
1914 4046
1915 4043
1916 4042
1917 4045
1918 4042
1919 4043
1920 4044
1921 4041
1922 4045
1923 4039
1924 4046
1925 4045
1926 4045
1927 4044
1928 4043
1929 4043
1930 4045
1931 4043
1932 4045
1933 4039
1934 4044
1935 4045
1936 4042
1937 4044
1938 4043
1939 4044
1940 4044
1941 4040
1942 4042
1943 4043
1944 4044
1945 4043
1946 4041
1947 4040
1948 4045
1949 4043
1950 4040
1951 4049
1952 4041
1953 4046
1954 4046
1955 4041
1956 4041
1957 4043
1958 4042
1959 4043
1960 4041
1961 4043
1962 4043
1963 4044
1964 4043
1965 4042
1966 4043
1967 4043
1968 4041
1969 4042
1970 4041
1971 4047
1972 4043
1973 4042
1974 4042
1975 4041
1976 4043
1977 4047
1978 4044
1979 4044
1980 4043
1981 4043
1982 4046
1983 4043
1984 4041
1985 4040
1986 4046
1987 4044
1988 4043
1989 4047
1990 4043
1991 4042
1992 4044
1993 4041
1994 4040
1995 4049
1996 4038
1997 4045
1998 4047
1999 4041
2000 4046
2001 4041
2002 4040
2003 4045
2004 4042
2005 4043
2006 4042
2007 4044
2008 4042
2009 4046
2010 4046
2011 4045
2012 4045
2013 4042
2014 4047
2015 4046
2016 4044
2017 4044
2018 4044
2019 4043
2020 4046
2021 4041
2022 4039
2023 4046
2024 4040
2025 4043
2026 4041
2027 4048
2028 4041
2029 4044
2030 4045
2031 4047
2032 4047
2033 4045
2034 4044
2035 4046
2036 4043
2037 4048
2038 4044
2039 4044
2040 4048
2041 4042
2042 4046
2043 4043
2044 4043
2045 4046
2046 4043
2047 4044
2048 4047
2049 4048
2050 4043
2051 4046
2052 4040
2053 4044
2054 4044
2055 4044
2056 4044
2057 4047
2058 4039
2059 4044
2060 4038
2061 4045
2062 4045
2063 4046
2064 4041
2065 4047
2066 4045
2067 4044
2068 4044
2069 4048
2070 4044
2071 4045
2072 4045
2073 4042
2074 4042
2075 4044
2076 4042
2077 4042
2078 4042
2079 4047
2080 4044
2081 4044
2082 4045
2083 4044
2084 4043
2085 4044
2086 4044
2087 4043
2088 4043
2089 4045
2090 4044
2091 4044
2092 4043
2093 4043
2094 4045
2095 4043
2096 4044
2097 4042
2098 4043
2099 4041
2100 4042
2101 4046
2102 4041
2103 4045
2104 4043
2105 4046
2106 4044
2107 4045
2108 4043
2109 4046
2110 4045
2111 4044
2112 4043
2113 4046
2114 4047
2115 4044
2116 4039
2117 4046
2118 4047
2119 4047
2120 4042
2121 4045
2122 4042
2123 4044
2124 4042
2125 4046
2126 4041
2127 4043
2128 4045
2129 4043
2130 4043
2131 4044
2132 4044
2133 4046
2134 4044
2135 4043
2136 4044
2137 4043
2138 4044
2139 4044
2140 4045
2141 4042
2142 4048
2143 4048
2144 4043
2145 4047
2146 4045
2147 4043
2148 4043
2149 4043
2150 4044
2151 4049
2152 4042
2153 4048
2154 4043
2155 4044
2156 4041
2157 4045
2158 4045
2159 4041
2160 4045
2161 4049
2162 4044
2163 4044
2164 4042
2165 4041
2166 4045
2167 4048
2168 4043
2169 4044
2170 4049
2171 4045
2172 4041
2173 4043
2174 4044
2175 4043
2176 4045
2177 4048
2178 4046
2179 4045
2180 4045
2181 4043
2182 4047
2183 4048
2184 4043
2185 4045
2186 4043
2187 4047
2188 4044
2189 4044
2190 4045
2191 4045
2192 4042
2193 4045
2194 4044
2195 4046
2196 4043
2197 4044
2198 4043
2199 4045
2200 4041
2201 4047
2202 4041
2203 4042
2204 4046
2205 4043
2206 4042
2207 4044
2208 4045
2209 4045
2210 4044
2211 4044
2212 4043
2213 4044
2214 4040
2215 4045
2216 4044
2217 4044
2218 4042
2219 4045
2220 4042
2221 4043
2222 4042
2223 4045
2224 4046
2225 4043
2226 4046
2227 4049
2228 4043
2229 4047
2230 4045
2231 4042
2232 4044
2233 4045
2234 4043
2235 4044
2236 4045
2237 4043
2238 4043
2239 4045
2240 4045
2241 4044
2242 4045
2243 4043
2244 4044
2245 4046
2246 4042
2247 4045
2248 4045
2249 4045
2250 4044
2251 4049
2252 4044
2253 4043
2254 4042
2255 4043
2256 4044
2257 4049
2258 4041
2259 4044
2260 4044
2261 4045
2262 4045
2263 4044
2264 4046
2265 4044
2266 4043
2267 4047
2268 4045
2269 4041
2270 4042
2271 4044
2272 4044
2273 4042
2274 4045
2275 4043
2276 4044
2277 4044
2278 4043
2279 4043
2280 4043
2281 4043
2282 4048
2283 4048
2284 4045
2285 4045
2286 4045
2287 4044
2288 4045
2289 4043
2290 4048
2291 4044
2292 4043
2293 4047
2294 4045
2295 4042
2296 4044
2297 4045
2298 4042
2299 4043
2300 4045
2301 4047
2302 4041
2303 4043
2304 4045
2305 4039
2306 4046
2307 4044
2308 4041
2309 4045
2310 4043
2311 4045
2312 4044
2313 4043
2314 4045
2315 4048
2316 4042
2317 4046
2318 4044
2319 4043
2320 4049
2321 4045
2322 4043
2323 4045
2324 4048
2325 4043
2326 4043
2327 4047
2328 4045
2329 4044
2330 4041
2331 4045
2332 4045
2333 4044
2334 4045
2335 4045
2336 4043
2337 4045
2338 4044
2339 4047
2340 4042
2341 4044
2342 4045
2343 4047
2344 4042
2345 4041
2346 4042
2347 4044
2348 4044
2349 4048
2350 4042
2351 4051
2352 4044
2353 4044
2354 4045
2355 4044
2356 4043
2357 4042
2358 4045
2359 4044
2360 4047
2361 4042
2362 4042
2363 4047
2364 4043
2365 4042
2366 4041
2367 4045
2368 4044
2369 4044
2370 4044
2371 4046
2372 4045
2373 4048
2374 4045
2375 4045
2376 4051
2377 4045
2378 4043
2379 4046
2380 4042
2381 4041
2382 4044
2383 4045
2384 4046
2385 4042
2386 4043
2387 4043
2388 4042
2389 4042
2390 4045
2391 4046
2392 4045
2393 4048
2394 4045
2395 4044
2396 4044
2397 4044
2398 4045
2399 4046
2400 4045
2401 4048
2402 4043
2403 4044
2404 4044
2405 4042
2406 4043
2407 4045
2408 4045
2409 4041
2410 4041
2411 4045
2412 4043
2413 4045
2414 4047
2415 4043
2416 4046
2417 4044
2418 4045
2419 4043
2420 4046
2421 4042
2422 4040
2423 4047
2424 4045
2425 4044
2426 4043
2427 4048
2428 4045
2429 4048
2430 4044
2431 4044
2432 4041
2433 4044
2434 4042
2435 4045
2436 4043
2437 4045
2438 4042
2439 4045
2440 4043
2441 4046
2442 4046
2443 4045
2444 4044
2445 4045
2446 4041
2447 4048
2448 4043
2449 4045
2450 4042
2451 4048
2452 4042
2453 4047
2454 4048
2455 4044
2456 4043
2457 4048
2458 4043
2459 4041
2460 4047
2461 4044
2462 4040
2463 4042
2464 4041
2465 4044
2466 4047
2467 4045
2468 4047
2469 4044
2470 4040
2471 4045
2472 4041
2473 4044
2474 4047
2475 4045
2476 4046
2477 4047
2478 4043
2479 4044
2480 4042
2481 4043
2482 4044
2483 4041
2484 4044
2485 4043
2486 4043
2487 4047
2488 4044
2489 4046
2490 4044
2491 4044
2492 4044
2493 4041
2494 4044
2495 4046
2496 4040
2497 4045
2498 4043
2499 4042
2500 4047
2501 4049
2502 4041
2503 4045
2504 4045
2505 4043
2506 4036
2507 4042
2508 4042
2509 4041
2510 4040
2511 4043
2512 4042
2513 4041
2514 4043
2515 4042
2516 4042
2517 4043
2518 4043
2519 4044
2520 4039
2521 4044
2522 4044
2523 4043
2524 4045
2525 4044
2526 4045
2527 4046
2528 4041
2529 4043
2530 4041
2531 4040
2532 4044
2533 4046
2534 4040
2535 4044
2536 4043
2537 4045
2538 4044
2539 4042
2540 4043
2541 4044
2542 4044
2543 4045
2544 4043
2545 4045
2546 4040
2547 4043
2548 4049
2549 4045
2550 4042
2551 4048
2552 4041
2553 4043
2554 4041
2555 4041
2556 4040
2557 4044
2558 4043
2559 4044
2560 4041
2561 4043
2562 4041
2563 4043
2564 4044
2565 4045
2566 4041
2567 4044
2568 4039
2569 4041
2570 4041
2571 4041
2572 4042
2573 4039
2574 4043
2575 4041
2576 4043
2577 4043
2578 4039
2579 4041
2580 4044
2581 4043
2582 4045
2583 4042
2584 4042
2585 4043
2586 4040
2587 4044
2588 4046
2589 4042
2590 4043
2591 4045
2592 4044
2593 4040
2594 4044
2595 4047
2596 4040
2597 4040
2598 4042
2599 4043
2600 4045
2601 4044
2602 4038
2603 4042
2604 4045
2605 4042
2606 4044
2607 4041
2608 4044
2609 4047
2610 4044
2611 4045
2612 4037
2613 4041
2614 4041
2615 4039
2616 4047
2617 4041
2618 4044
2619 4039
2620 4041
2621 4044
2622 4041
2623 4044
2624 4041
2625 4044
2626 4041
2627 4045
2628 4043
2629 4039
2630 4044
2631 4044
2632 4045
2633 4044
2634 4038
2635 4042
2636 4044
2637 4044
2638 4040
2639 4046
2640 4040
2641 4039
2642 4044
2643 4042
2644 4041
2645 4042
2646 4042
2647 4041
2648 4040
2649 4042
2650 4040
2651 4042
2652 4037
2653 4045
2654 4041
2655 4044
2656 4039
2657 4043
2658 4039
2659 4045
2660 4038
2661 4042
2662 4037
2663 4039
2664 4041
2665 4042
2666 4040
2667 4039
2668 4039
2669 4038
2670 4038
2671 4040
2672 4037
2673 4039
2674 4037
2675 4041
2676 4036
2677 4039
2678 4040
2679 4035
2680 4036
2681 4037
2682 4038
2683 4034
2684 4037
2685 4038
2686 4031
2687 4041
2688 4037
2689 4036
2690 4037
2691 4036
2692 4038
2693 4035
2694 4031
2695 4039
2696 4035
2697 4040
2698 4037
2699 4036
2700 4037
2701 4041
2702 4031
2703 4038
2704 4037
2705 4042
2706 4031
2707 4035
2708 4037
2709 4031
2710 4036
2711 4035
2712 4031
2713 4040
2714 4034
2715 4035
2716 4034
2717 4034
2718 4031
2719 4036
2720 4035
2721 4031
2722 4034
2723 4030
2724 4035
2725 4030
2726 4035
2727 4029
2728 4031
2729 4031
2730 4031
2731 4028
2732 4031
2733 4034
2734 4027
2735 4031
2736 4023
2737 4031
2738 4027
2739 4031
2740 4031
2741 4030
2742 4031
2743 4030
2744 4028
2745 4028
2746 4028
2747 4025
2748 4029
2749 4031
2750 4026
2751 4031
2752 4026
2753 4023
2754 4028
2755 4025
2756 4026
2757 4025
2758 4022
2759 4023
2760 4025
2761 4024
2762 4025
2763 4025
2764 4023
2765 4022
2766 4022
2767 4024
2768 4020
2769 4019
2770 4021
2771 4021
2772 4018
2773 4014
2774 4016
2775 4015
2776 4017
2777 4015
2778 4009
2779 4015
2780 4012
2781 4013
2782 4013
2783 4009
2784 4006
2785 4003
2786 4005
2787 4000
2788 4001
2789 4004
2790 4000
2791 3996
2792 3991
2793 3989
2794 3982
2795 3980
2796 3981
2797 3979
2798 3967
2799 3967
2800 3961
2801 3959
2802 3943
2803 3940
2804 3929
2805 3933
2806 3931
2807 3932
2808 3922
2809 3910
2810 3893
2811 3881
2812 3881
2813 3875
2814 3827
2815 3790
2816 3731
2817 3671
2818 3625
2819 3542
2820 3473
2821 3389
2822 3208
2823 3054
2824 3015
2825 2939
2826 2736
2827 2820
2828 3041
2829 2923
2830 2765
2831 2189
2832 1826
2833 1779
2834 1732
2835 1968
2836 2248
2837 2479
2838 2312
2839 2369
2840 2162
2841 1864
2842 1816
2843 1952
2844 2464
2845 2830
2846 2533
2847 2777
2848 2808
2849 2627
2850 2915
2851 3121
2852 2976
2853 3044
2854 3114
2855 3272
2856 3340
2857 3343
2858 3408
2859 3472
2860 3557
2861 3632
2862 3672
2863 3744
2864 3770
2865 3821
2866 3863
2867 3887
2868 3901
2869 3931
2870 3941
2871 3957
2872 3965
2873 3981
2874 3989
2875 3996
2876 4004
2877 4013
2878 4013
2879 4015
2880 4017
2881 4020
2882 4021
2883 4021
2884 4025
2885 4024
2886 4021
2887 4026
2888 4029
2889 4027
2890 4030
2891 4031
2892 4031
2893 4031
2894 4028
2895 4029
2896 4031
2897 4030
2898 4031
2899 4031
2900 4031
2901 4039
2902 4029
2903 4036
2904 4031
2905 4036
2906 4038
2907 4037
2908 4037
2909 4031
2910 4035
2911 4036
2912 4037
2913 4037
2914 4031
2915 4039
2916 4036
2917 4035
2918 4040
2919 4037
2920 4040
2921 4036
2922 4038
2923 4038
2924 4040
2925 4040
2926 4038
2927 4040
2928 4037
2929 4042
2930 4034
2931 4039
2932 4040
2933 4041
2934 4039
2935 4042
2936 4044
2937 4041
2938 4041
2939 4039
2940 4046
2941 4046
2942 4042
2943 4045
2944 4045
2945 4044
2946 4044
2947 4044
2948 4043
2949 4044
2950 4041
2951 4050
2952 4044
2953 4042
2954 4043
2955 4045
2956 4044
2957 4044
2958 4047
2959 4044
2960 4044
2961 4047
2962 4049
2963 4044
2964 4045
2965 4049
2966 4045
2967 4049
2968 4047
2969 4049
2970 4048
2971 4049
2972 4047
2973 4047
2974 4045
2975 4046
2976 4046
2977 4048
2978 4046
2979 4047
2980 4048
2981 4045
2982 4051
2983 4047
2984 4045
2985 4051
2986 4048
2987 4049
2988 4045
2989 4048
2990 4047
2991 4048
2992 4047
2993 4049
2994 4048
2995 4049
2996 4049
2997 4048
2998 4051
2999 4050
3000 4046
3001 4051
3002 4045
3003 4046
3004 4048
3005 4050
3006 4048
3007 4053
3008 4049
3009 4051
3010 4048
3011 4046
3012 4048
3013 4046
3014 4048
3015 4048
3016 4046
3017 4047
3018 4052
3019 4047
3020 4055
3021 4051
3022 4052
3023 4050
3024 4046
3025 4053
3026 4048
3027 4052
3028 4047
3029 4050
3030 4045
3031 4048
3032 4046
3033 4051
3034 4052
3035 4052
3036 4049
3037 4052
3038 4050
3039 4049
3040 4047
3041 4049
3042 4049
3043 4049
3044 4051
3045 4051
3046 4043
3047 4049
3048 4049
3049 4051
3050 4049
3051 4051
3052 4045
3053 4053
3054 4048
3055 4051
3056 4047
3057 4049
3058 4050
3059 4052
3060 4049
3061 4049
3062 4049
3063 4048
3064 4050
3065 4053
3066 4051
3067 4048
3068 4052
3069 4050
3070 4050
3071 4053
3072 4051
3073 4051
3074 4045
3075 4049
3076 4049
3077 4050
3078 4048
3079 4051
3080 4049
3081 4048
3082 4048
3083 4051
3084 4047
3085 4048
3086 4049
3087 4051
3088 4049
3089 4051
3090 4053
3091 4053
3092 4048
3093 4052
3094 4052
3095 4051
3096 4052
3097 4053
3098 4047
3099 4050
3100 4051
3101 4052
3102 4047
3103 4050
3104 4048
3105 4050
3106 4049
3107 4049
3108 4048
3109 4049
3110 4048
3111 4049
3112 4049
3113 4050
3114 4049
3115 4051
3116 4051
3117 4049
3118 4051
3119 4049
3120 4046
3121 4048
3122 4051
3123 4048
3124 4052
3125 4052
3126 4049
3127 4050
3128 4051
3129 4050
3130 4050
3131 4049
3132 4051
3133 4053
3134 4049
3135 4050
3136 4053
3137 4056
3138 4053
3139 4055
3140 4049
3141 4049
3142 4048
3143 4050
3144 4052
3145 4051
3146 4049
3147 4048
3148 4049
3149 4053
3150 4048
3151 4054
3152 4049
3153 4049
3154 4048
3155 4053
3156 4047
3157 4053
3158 4051
3159 4049
3160 4049
3161 4052
3162 4053
3163 4048
3164 4051
3165 4052
3166 4048
3167 4051
3168 4049
3169 4048
3170 4050
3171 4053
3172 4049
3173 4047
3174 4049
3175 4048
3176 4049
3177 4051
3178 4048
3179 4051
3180 4048
3181 4047
3182 4052
3183 4050
3184 4049
3185 4053
3186 4051
3187 4051
3188 4051
3189 4053
3190 4050
3191 4050
3192 4048
3193 4047
3194 4055
3195 4049
3196 4047
3197 4050
3198 4051
3199 4053
3200 4053
3201 4053
3202 4045
3203 4049
3204 4051
3205 4053
3206 4051
3207 4051
3208 4047
3209 4053
3210 4050
3211 4052
3212 4051
3213 4049
3214 4051
3215 4051
3216 4051
3217 4052
3218 4053
3219 4051
3220 4050
3221 4050
3222 4048
3223 4049
3224 4050
3225 4052
3226 4049
3227 4051
3228 4054
3229 4051
3230 4049
3231 4053
3232 4053
3233 4049
3234 4051
3235 4051
3236 4050
3237 4051
3238 4048
3239 4053
3240 4049
3241 4053
3242 4052
3243 4051
3244 4051
3245 4049
3246 4051
3247 4050
3248 4050
3249 4050
3250 4049
3251 4055
3252 4050
3253 4054
3254 4050
3255 4052
3256 4051
3257 4050
3258 4052
3259 4054
3260 4051
3261 4050
3262 4054
3263 4049
3264 4053
3265 4051
3266 4053
3267 4049
3268 4051
3269 4050
3270 4048
3271 4049
3272 4049
3273 4052
3274 4054
3275 4053
3276 4048
3277 4050
3278 4053
3279 4052
3280 4051
3281 4051
3282 4052
3283 4051
3284 4051
3285 4051
3286 4053
3287 4052
3288 4052
3289 4049
3290 4049
3291 4053
3292 4048
3293 4051
3294 4049
3295 4049
3296 4050
3297 4051
3298 4052
3299 4052
3300 4051
3301 4053
3302 4048
3303 4053
3304 4053
3305 4053
3306 4049
3307 4052
3308 4051
3309 4050
3310 4049
3311 4051
3312 4049
3313 4055
3314 4053
3315 4052
3316 4049
3317 4050
3318 4051
3319 4053
3320 4049
3321 4053
3322 4052
3323 4050
3324 4049
3325 4053
3326 4053
3327 4049
3328 4049
3329 4052
3330 4049
3331 4049
3332 4052
3333 4053
3334 4052
3335 4051
3336 4049
3337 4052
3338 4051
3339 4052
3340 4052
3341 4054
3342 4052
3343 4050
3344 4049
3345 4050
3346 4054
3347 4050
3348 4051
3349 4052
3350 4052
3351 4055
3352 4050
3353 4051
3354 4050
3355 4051
3356 4049
3357 4049
3358 4047
3359 4052
3360 4053
3361 4052
3362 4051
3363 4052
3364 4047
3365 4050
3366 4051
3367 4053
3368 4051
3369 4052
3370 4053
3371 4051
3372 4054
3373 4052
3374 4048
3375 4052
3376 4051
3377 4055
3378 4052
3379 4055
3380 4051
3381 4049
3382 4054
3383 4053
3384 4049
3385 4054
3386 4049
3387 4052
3388 4051
3389 4047
3390 4047
3391 4053
3392 4049
3393 4051
3394 4048
3395 4053
3396 4051
3397 4053
3398 4049
3399 4052
3400 4050
3401 4055
3402 4050
3403 4055
3404 4051
3405 4052
3406 4050
3407 4048
3408 4051
3409 4052
3410 4048
3411 4051
3412 4049
3413 4052
3414 4050
3415 4051
3416 4051
3417 4055
3418 4055
3419 4052
3420 4049
3421 4050
3422 4049
3423 4050
3424 4052
3425 4052
3426 4053
3427 4050
3428 4052
3429 4051
3430 4053
3431 4052
3432 4053
3433 4053
3434 4054
3435 4052
3436 4051
3437 4056
3438 4052
3439 4049
3440 4053
3441 4052
3442 4051
3443 4051
3444 4048
3445 4050
3446 4052
3447 4053
3448 4051
3449 4052
3450 4051
3451 4057
3452 4052
3453 4049
3454 4051
3455 4054
3456 4052
3457 4053
3458 4053
3459 4053
3460 4052
3461 4053
3462 4051
3463 4051
3464 4048
3465 4048
3466 4050
3467 4050
3468 4053
3469 4053
3470 4052
3471 4051
3472 4055
3473 4052
3474 4052
3475 4055
3476 4054
3477 4054
3478 4052
3479 4053
3480 4052
3481 4052
3482 4050
3483 4048
3484 4051
3485 4052
3486 4052
3487 4050
3488 4049
3489 4053
3490 4055
3491 4050
3492 4049
3493 4051
3494 4054
3495 4054
3496 4051
3497 4053
3498 4052
3499 4053
3500 4052
3501 4052
3502 4046
3503 4053
3504 4048
3505 4049
3506 4046
3507 4054
3508 4051
3509 4052
3510 4053
3511 4052
3512 4051
3513 4050
3514 4049
3515 4049
3516 4050
3517 4047
3518 4048
3519 4052
3520 4049
3521 4050
3522 4052
3523 4051
3524 4051
3525 4053
3526 4049
3527 4052
3528 4052
3529 4051
3530 4050
3531 4049
3532 4048
3533 4049
3534 4053
3535 4049
3536 4051
3537 4051
3538 4048
3539 4050
3540 4050
3541 4049
3542 4048
3543 4052
3544 4049
3545 4049
3546 4050
3547 4052
3548 4049
3549 4054
3550 4053
3551 4052
3552 4049
3553 4050
3554 4046
3555 4051
3556 4048
3557 4053
3558 4048
3559 4049
3560 4048
3561 4049
3562 4050
3563 4051
3564 4049
3565 4052
3566 4051
3567 4051
3568 4051
3569 4052
3570 4047
3571 4048
3572 4052
3573 4049
3574 4049
3575 4053
3576 4051
3577 4053
3578 4052
3579 4050
3580 4051
3581 4052
3582 4050
3583 4053
3584 4053
3585 4048
3586 4050
3587 4053
3588 4053
3589 4051
3590 4052
3591 4051
3592 4052
3593 4052
3594 4052
3595 4049
3596 4051
3597 4053
3598 4053
3599 4052
3600 4048
3601 4055
3602 4050
3603 4053
3604 4053
3605 4050
3606 4051
3607 4050
3608 4050
3609 4054
3610 4051
3611 4052
3612 4049
3613 4053
3614 4052
3615 4049
3616 4050
3617 4049
3618 4051
3619 4054
3620 4049
3621 4051
3622 4053
3623 4053
3624 4051
3625 4052
3626 4052
3627 4051
3628 4051
3629 4055
3630 4051
3631 4049
3632 4055
3633 4053
3634 4051
3635 4053
3636 4051
3637 4052
3638 4051
3639 4053
3640 4048
3641 4054
3642 4049
3643 4051
3644 4052
3645 4048
3646 4052
3647 4056
3648 4050
3649 4052
3650 4054
3651 4052
3652 4049
3653 4051
3654 4050
3655 4052
3656 4050
3657 4055
3658 4052
3659 4050
3660 4051
3661 4054
3662 4052
3663 4052
3664 4050
3665 4053
3666 4051
3667 4051
3668 4052
3669 4050
3670 4052
3671 4052
3672 4050
3673 4052
3674 4054
3675 4053
3676 4052
3677 4055
3678 4052
3679 4050
3680 4050
3681 4049
3682 4052
3683 4055
3684 4052
3685 4051
3686 4050
3687 4054
3688 4053
3689 4052
3690 4052
3691 4050
3692 4055
3693 4052
3694 4050
