#Data from the TCD1304 linear CCD
#column 1 = pixelnumber , column 2 = pixelvalue
#Pixel 1-32 and 3679-3694 and are dummy pixels
#SH-period: 200    ICG-period: 100000    Integration time: 100.0 us
2 4028
3 4030
4 4051
5 4048
6 4052
7 4048
8 4052
9 4051
10 4054
11 4052
12 4054
13 4049
14 4053
15 4049
16 4053
17 4046
18 4050
19 4050
20 4051
21 4050
22 4052
23 4054
24 4054
25 4047
26 4054
27 4049
28 4053
29 4050
30 4050
31 4045
32 4054
34 4051
35 4049
36 4054
37 4050
38 4052
39 4053
40 4051
41 4048
42 4048
43 4050
44 4052
45 4049
46 4053
47 4047
48 4051
49 4049
50 4054
51 4051
52 4048
53 4050
54 4052
55 4051
56 4053
57 4048
58 4049
59 4050
60 4053
61 4048
62 4053
63 4050
64 4054
65 4049
66 4052
67 4050
68 4052
69 4049
70 4052
71 4053
72 4051
73 4053
74 4054
75 4051
76 4053
77 4049
78 4052
79 4050
80 4054
81 4051
82 4054
83 4049
84 4052
85 4047
86 4052
87 4053
88 4051
89 4049
90 4048
91 4051
92 4050
93 4050
94 4053
95 4049
96 4054
97 4050
98 4051
99 4050
100 4054
101 4050
102 4050
103 4048
104 4051
105 4048
106 4050
107 4053
108 4056
109 4049
110 4054
111 4049
112 4052
113 4050
114 4057
115 4049
116 4054
117 4050
118 4054
119 4049
120 4053
121 4050
122 4053
123 4049
124 4053
125 4049
126 4052
127 4054
128 4052
129 4051
130 4056
131 4050
132 4054
133 4049
134 4054
135 4052
136 4053
137 4049
138 4053
139 4050
140 4053
141 4050
142 4054
143 4049
144 4052
145 4053
146 4052
147 4050
148 4054
149 4050
150 4052
151 4050
152 4052
153 4054
154 4050
155 4050
156 4053
157 4051
158 4051
159 4050
160 4050
161 4049
162 4050
163 4049
164 4055
165 4049
166 4053
167 4053
168 4055
169 4050
170 4052
171 4052
172 4052
173 4052
174 4052
175 4050
176 4056
177 4050
178 4052
179 4050
180 4054
181 4046
182 4051
183 4050
184 4052
185 4052
186 4053
187 4046
188 4054
189 4051
190 4050
191 4052
192 4053
193 4050
194 4052
195 4049
196 4053
197 4052
198 4054
199 4049
200 4052
201 4053
202 4051
203 4050
204 4051
205 4051
206 4051
207 4049
208 4051
209 4049
210 4051
211 4053
212 4051
213 4048
214 4053
215 4047
216 4054
217 4048
218 4052
219 4051
220 4054
221 4048
222 4053
223 4052
224 4051
225 4049
226 4050
227 4052
228 4052
229 4053
230 4054
231 4048
232 4054
233 4050
234 4052
235 4050
236 4055
237 4049
238 4052
239 4051
240 4050
241 4052
242 4052
243 4051
244 4054
245 4050
246 4050
247 4052
248 4053
249 4053
250 4053
251 4052
252 4051
253 4051
254 4055
255 4050
256 4052
257 4049
258 4052
259 4049
260 4051
261 4052
262 4053
263 4052
264 4053
265 4047
266 4052
267 4050
268 4054
269 4046
270 4054
271 4052
272 4056
273 4052
274 4054
275 4048
276 4051
277 4050
278 4051
279 4047
280 4054
281 4050
282 4052
283 4051
284 4050
285 4047
286 4054
287 4050
288 4052
289 4051
290 4051
291 4050
292 4054
293 4049
294 4053
295 4048
296 4056
297 4050
298 4056
299 4050
300 4052
301 4055
302 4047
303 4052
304 4054
305 4048
306 4047
307 4048
308 4056
309 4050
310 4051
311 4049
312 4052
313 4051
314 4054
315 4050
316 4055
317 4046
318 4053
319 4052
320 4053
321 4049
322 4051
323 4052
324 4054
325 4053
326 4047
327 4051
328 4053
329 4048
330 4050
331 4046
332 4053
333 4049
334 4051
335 4048
336 4052
337 4051
338 4053
339 4051
340 4053
341 4051
342 4054
343 4054
344 4051
345 4050
346 4053
347 4051
348 4053
349 4049
350 4049
351 4051
352 4050
353 4047
354 4052
355 4056
356 4054
357 4049
358 4053
359 4051
360 4054
361 4052
362 4052
363 4050
364 4055
365 4048
366 4054
367 4047
368 4054
369 4048
370 4053
371 4054
372 4053
373 4050
374 4053
375 4052
376 4052
377 4049
378 4053
379 4050
380 4051
381 4049
382 4052
383 4052
384 4050
385 4049
386 4052
387 4050
388 4055
389 4051
390 4054
391 4051
392 4052
393 4050
394 4050
395 4051
396 4050
397 4048
398 4052
399 4052
400 4052
401 4052
402 4050
403 4050
404 4054
405 4050
406 4053
407 4051
408 4052
409 4051
410 4051
411 4050
412 4054
413 4050
414 4049
415 4049
416 4055
417 4049
418 4053
419 4048
420 4054
421 4050
422 4054
423 4051
424 4051
425 4050
426 4053
427 4049
428 4054
429 4052
430 4052
431 4051
432 4050
433 4050
434 4052
435 4049
436 4052
437 4050
438 4054
439 4052
440 4050
441 4052
442 4052
443 4048
444 4054
445 4052
446 4055
447 4048
448 4052
449 4050
450 4054
451 4053
452 4052
453 4050
454 4052
455 4053
456 4049
457 4048
458 4053
459 4050
460 4054
461 4050
462 4052
463 4047
464 4052
465 4050
466 4052
467 4049
468 4053
469 4049
470 4054
471 4052
472 4052
473 4052
474 4054
475 4051
476 4052
477 4052
478 4053
479 4049
480 4050
481 4052
482 4053
483 4051
484 4056
485 4048
486 4054
487 4052
488 4050
489 4052
490 4051
491 4050
492 4052
493 4052
494 4054
495 4051
496 4053
497 4051
498 4054
499 4053
500 4051
501 4053
502 4050
503 4053
504 4054
505 4050
506 4054
507 4050
508 4053
509 4052
510 4055
511 4053
512 4052
513 4050
514 4051
515 4049
516 4054
517 4047
518 4050
519 4049
520 4050
521 4049
522 4054
523 4050
524 4046
525 4050
526 4054
527 4050
528 4054
529 4053
530 4051
531 4049
532 4052
533 4050
534 4052
535 4048
536 4053
537 4048
538 4052
539 4051
540 4053
541 4049
542 4051
543 4049
544 4054
545 4048
546 4050
547 4050
548 4053
549 4049
550 4051
551 4053
552 4052
553 4047
554 4052
555 4051
556 4054
557 4053
558 4053
559 4048
560 4053
561 4051
562 4052
563 4051
564 4053
565 4050
566 4051
567 4049
568 4054
569 4051
570 4059
571 4048
572 4053
573 4050
574 4055
575 4049
576 4050
577 4051
578 4051
579 4051
580 4053
581 4047
582 4053
583 4050
584 4052
585 4049
586 4052
587 4049
588 4052
589 4053
590 4051
591 4054
592 4053
593 4047
594 4052
595 4050
596 4050
597 4048
598 4052
599 4047
600 4053
601 4055
602 4050
603 4050
604 4049
605 4052
606 4054
607 4050
608 4051
609 4051
610 4051
611 4050
612 4053
613 4053
614 4052
615 4047
616 4052
617 4050
618 4050
619 4049
620 4050
621 4051
622 4051
623 4050
624 4053
625 4049
626 4053
627 4053
628 4051
629 4047
630 4052
631 4048
632 4053
633 4047
634 4050
635 4050
636 4052
637 4047
638 4051
639 4050
640 4051
641 4051
642 4051
643 4046
644 4050
645 4046
646 4052
647 4049
648 4051
649 4048
650 4049
651 4051
652 4051
653 4050
654 4054
655 4051
656 4050
657 4050
658 4051
659 4053
660 4055
661 4053
662 4052
663 4050
664 4053
665 4050
666 4054
667 4050
668 4051
669 4050
670 4053
671 4051
672 4051
673 4050
674 4050
675 4049
676 4055
677 4048
678 4056
679 4047
680 4052
681 4050
682 4053
683 4048
684 4053
685 4050
686 4053
687 4050
688 4049
689 4048
690 4053
691 4048
692 4056
693 4050
694 4053
695 4048
696 4051
697 4047
698 4054
699 4048
700 4052
701 4052
702 4052
703 4050
704 4051
705 4050
706 4055
707 4052
708 4052
709 4052
710 4056
711 4053
712 4048
713 4048
714 4050
715 4049
716 4051
717 4050
718 4052
719 4049
720 4051
721 4051
722 4057
723 4051
724 4051
725 4050
726 4051
727 4050
728 4050
729 4051
730 4053
731 4050
732 4049
733 4050
734 4052
735 4049
736 4048
737 4055
738 4052
739 4050
740 4052
741 4053
742 4054
743 4050
744 4052
745 4052
746 4051
747 4054
748 4056
749 4054
750 4051
751 4052
752 4051
753 4050
754 4050
755 4047
756 4051
757 4051
758 4052
759 4047
760 4052
761 4050
762 4052
763 4048
764 4054
765 4051
766 4051
767 4050
768 4054
769 4050
770 4052
771 4050
772 4053
773 4048
774 4056
775 4051
776 4050
777 4047
778 4053
779 4051
780 4054
781 4052
782 4053
783 4053
784 4052
785 4051
786 4050
787 4050
788 4050
789 4050
790 4048
791 4050
792 4052
793 4050
794 4054
795 4056
796 4054
797 4052
798 4055
799 4048
800 4053
801 4051
802 4049
803 4051
804 4053
805 4051
806 4052
807 4052
808 4051
809 4050
810 4053
811 4048
812 4054
813 4052
814 4052
815 4049
816 4052
817 4052
818 4056
819 4050
820 4052
821 4047
822 4054
823 4051
824 4051
825 4050
826 4054
827 4052
828 4054
829 4053
830 4054
831 4049
832 4050
833 4050
834 4052
835 4048
836 4056
837 4047
838 4050
839 4052
840 4052
841 4053
842 4054
843 4052
844 4056
845 4046
846 4049
847 4050
848 4050
849 4053
850 4053
851 4052
852 4050
853 4054
854 4053
855 4052
856 4053
857 4051
858 4053
859 4048
860 4054
861 4049
862 4052
863 4053
864 4051
865 4051
866 4054
867 4047
868 4049
869 4049
870 4052
871 4048
872 4054
873 4051
874 4054
875 4049
876 4053
877 4050
878 4051
879 4050
880 4050
881 4047
882 4053
883 4052
884 4052
885 4046
886 4054
887 4050
888 4054
889 4049
890 4051
891 4050
892 4053
893 4049
894 4053
895 4049
896 4052
897 4048
898 4053
899 4053
900 4049
901 4050
902 4050
903 4052
904 4052
905 4048
906 4053
907 4046
908 4054
909 4052
910 4052
911 4048
912 4054
913 4054
914 4055
915 4048
916 4055
917 4051
918 4053
919 4050
920 4053
921 4048
922 4051
923 4050
924 4051
925 4049
926 4050
927 4048
928 4054
929 4050
930 4050
931 4047
932 4053
933 4046
934 4053
935 4049
936 4052
937 4051
938 4052
939 4048
940 4053
941 4053
942 4052
943 4047
944 4050
945 4049
946 4052
947 4052
948 4055
949 4051
950 4050
951 4052
952 4053
953 4049
954 4050
955 4051
956 4051
957 4048
958 4053
959 4048
960 4050
961 4050
962 4051
963 4053
964 4053
965 4050
966 4052
967 4049
968 4052
969 4049
970 4052
971 4048
972 4051
973 4052
974 4052
975 4050
976 4052
977 4051
978 4050
979 4050
980 4051
981 4053
982 4051
983 4049
984 4053
985 4050
986 4050
987 4048
988 4051
989 4046
990 4054
991 4052
992 4051
993 4050
994 4055
995 4052
996 4051
997 4051
998 4055
999 4048
1000 4051
1001 4053
1002 4050
1003 4050
1004 4056
1005 4050
1006 4052
1007 4050
1008 4050
1009 4046
1010 4053
1011 4049
1012 4051
1013 4049
1014 4053
1015 4050
1016 4051
1017 4049
1018 4053
1019 4051
1020 4053
1021 4051
1022 4053
1023 4049
1024 4053
1025 4052
1026 4054
1027 4049
1028 4055
1029 4053
1030 4052
1031 4049
1032 4051
1033 4049
1034 4053
1035 4049
1036 4049
1037 4051
1038 4052
1039 4049
1040 4054
1041 4049
1042 4051
1043 4048
1044 4052
1045 4050
1046 4051
1047 4051
1048 4052
1049 4050
1050 4052
1051 4053
1052 4047
1053 4054
1054 4053
1055 4050
1056 4051
1057 4049
1058 4052
1059 4049
1060 4051
1061 4048
1062 4053
1063 4048
1064 4054
1065 4047
1066 4052
1067 4051
1068 4051
1069 4048
1070 4050
1071 4049
1072 4052
1073 4050
1074 4050
1075 4052
1076 4052
1077 4050
1078 4054
1079 4052
1080 4052
1081 4052
1082 4050
1083 4050
1084 4049
1085 4051
1086 4052
1087 4052
1088 4052
1089 4046
1090 4052
1091 4047
1092 4052
1093 4046
1094 4054
1095 4050
1096 4052
1097 4049
1098 4050
1099 4050
1100 4054
1101 4052
1102 4049
1103 4050
1104 4050
1105 4049
1106 4049
1107 4052
1108 4052
1109 4049
1110 4052
1111 4049
1112 4054
1113 4055
1114 4050
1115 4048
1116 4051
1117 4052
1118 4051
1119 4048
1120 4051
1121 4048
1122 4056
1123 4052
1124 4052
1125 4051
1126 4048
1127 4049
1128 4050
1129 4046
1130 4054
1131 4050
1132 4056
1133 4046
1134 4051
1135 4053
1136 4054
1137 4051
1138 4052
1139 4051
1140 4050
1141 4048
1142 4050
1143 4050
1144 4052
1145 4050
1146 4054
1147 4048
1148 4056
1149 4051
1150 4052
1151 4055
1152 4050
1153 4052
1154 4054
1155 4052
1156 4052
1157 4053
1158 4056
1159 4052
1160 4054
1161 4047
1162 4053
1163 4051
1164 4054
1165 4049
1166 4054
1167 4050
1168 4054
1169 4051
1170 4050
1171 4052
1172 4053
1173 4047
1174 4054
1175 4051
1176 4055
1177 4051
1178 4052
1179 4047
1180 4051
1181 4050
1182 4054
1183 4054
1184 4052
1185 4052
1186 4051
1187 4050
1188 4049
1189 4050
1190 4049
1191 4046
1192 4053
1193 4053
1194 4055
1195 4054
1196 4052
1197 4049
1198 4052
1199 4050
1200 4049
1201 4056
1202 4047
1203 4052
1204 4052
1205 4050
1206 4054
1207 4051
1208 4052
1209 4052
1210 4056
1211 4050
1212 4047
1213 4051
1214 4050
1215 4049
1216 4052
1217 4052
1218 4052
1219 4048
1220 4051
1221 4052
1222 4052
1223 4049
1224 4053
1225 4052
1226 4053
1227 4051
1228 4053
1229 4051
1230 4050
1231 4050
1232 4055
1233 4052
1234 4056
1235 4051
1236 4053
1237 4050
1238 4051
1239 4049
1240 4053
1241 4052
1242 4054
1243 4052
1244 4052
1245 4046
1246 4053
1247 4051
1248 4052
1249 4050
1250 4053
1251 4052
1252 4050
1253 4051
1254 4052
1255 4052
1256 4050
1257 4051
1258 4050
1259 4052
1260 4052
1261 4050
1262 4054
1263 4051
1264 4054
1265 4046
1266 4052
1267 4052
1268 4056
1269 4050
1270 4048
1271 4050
1272 4054
1273 4047
1274 4051
1275 4050
1276 4056
1277 4048
1278 4051
1279 4048
1280 4052
1281 4052
1282 4054
1283 4050
1284 4054
1285 4050
1286 4051
1287 4049
1288 4052
1289 4050
1290 4051
1291 4052
1292 4053
1293 4052
1294 4053
1295 4048
1296 4054
1297 4049
1298 4052
1299 4052
1300 4050
1301 4056
1302 4051
1303 4052
1304 4055
1305 4050
1306 4052
1307 4049
1308 4052
1309 4049
1310 4052
1311 4050
1312 4051
1313 4047
1314 4052
1315 4051
1316 4050
1317 4052
1318 4048
1319 4052
1320 4052
1321 4048
1322 4052
1323 4048
1324 4053
1325 4049
1326 4049
1327 4052
1328 4053
1329 4050
1330 4053
1331 4053
1332 4054
1333 4052
1334 4050
1335 4051
1336 4053
1337 4051
1338 4052
1339 4052
1340 4053
1341 4052
1342 4049
1343 4050
1344 4054
1345 4048
1346 4054
1347 4053
1348 4052
1349 4052
1350 4051
1351 4054
1352 4052
1353 4047
1354 4052
1355 4052
1356 4054
1357 4050
1358 4053
1359 4049
1360 4049
1361 4050
1362 4053
1363 4048
1364 4052
1365 4050
1366 4055
1367 4050
1368 4051
1369 4052
1370 4050
1371 4051
1372 4050
1373 4049
1374 4050
1375 4051
1376 4052
1377 4050
1378 4052
1379 4049
1380 4052
1381 4050
1382 4050
1383 4052
1384 4054
1385 4051
1386 4053
1387 4050
1388 4051
1389 4050
1390 4054
1391 4052
1392 4051
1393 4048
1394 4049
1395 4049
1396 4053
1397 4048
1398 4054
1399 4050
1400 4051
1401 4051
1402 4050
1403 4049
1404 4050
1405 4051
1406 4051
1407 4053
1408 4053
1409 4052
1410 4059
1411 4050
1412 4050
1413 4050
1414 4048
1415 4049
1416 4052
1417 4050
1418 4053
1419 4050
1420 4051
1421 4046
1422 4053
1423 4048
1424 4054
1425 4051
1426 4053
1427 4049
1428 4052
1429 4049
1430 4051
1431 4050
1432 4052
1433 4050
1434 4054
1435 4050
1436 4051
1437 4049
1438 4052
1439 4050
1440 4050
1441 4053
1442 4050
1443 4052
1444 4054
1445 4046
1446 4054
1447 4048
1448 4051
1449 4049
1450 4052
1451 4052
1452 4054
1453 4051
1454 4052
1455 4054
1456 4051
1457 4048
1458 4052
1459 4049
1460 4056
1461 4048
1462 4053
1463 4049
1464 4052
1465 4050
1466 4055
1467 4050
1468 4053
1469 4051
1470 4054
1471 4048
1472 4051
1473 4053
1474 4056
1475 4049
1476 4051
1477 4046
1478 4051
1479 4049
1480 4056
1481 4050
1482 4054
1483 4049
1484 4052
1485 4048
1486 4052
1487 4047
1488 4053
1489 4050
1490 4052
1491 4048
1492 4053
1493 4049
1494 4052
1495 4052
1496 4052
1497 4050
1498 4052
1499 4048
1500 4053
1501 4052
1502 4052
1503 4054
1504 4054
1505 4048
1506 4052
1507 4051
1508 4052
1509 4051
1510 4052
1511 4047
1512 4053
1513 4050
1514 4052
1515 4051
1516 4056
1517 4050
1518 4054
1519 4050
1520 4052
1521 4050
1522 4050
1523 4051
1524 4052
1525 4050
1526 4054
1527 4048
1528 4053
1529 4051
1530 4052
1531 4050
1532 4052
1533 4051
1534 4051
1535 4051
1536 4053
1537 4052
1538 4050
1539 4050
1540 4054
1541 4051
1542 4050
1543 4049
1544 4050
1545 4048
1546 4052
1547 4048
1548 4052
1549 4049
1550 4053
1551 4053
1552 4049
1553 4050
1554 4050
1555 4052
1556 4050
1557 4051
1558 4053
1559 4050
1560 4055
1561 4050
1562 4054
1563 4050
1564 4050
1565 4050
1566 4054
1567 4051
1568 4052
1569 4047
1570 4052
1571 4050
1572 4052
1573 4048
1574 4054
1575 4048
1576 4050
1577 4048
1578 4052
1579 4046
1580 4052
1581 4050
1582 4051
1583 4051
1584 4049
1585 4050
1586 4051
1587 4050
1588 4052
1589 4050
1590 4052
1591 4050
1592 4050
1593 4049
1594 4052
1595 4049
1596 4051
1597 4052
1598 4051
1599 4049
1600 4056
1601 4056
1602 4052
1603 4050
1604 4052
1605 4050
1606 4053
1607 4050
1608 4053
1609 4051
1610 4051
1611 4049
1612 4052
1613 4051
1614 4052
1615 4050
1616 4054
1617 4051
1618 4047
1619 4048
1620 4052
1621 4049
1622 4050
1623 4049
1624 4052
1625 4049
1626 4054
1627 4052
1628 4051
1629 4050
1630 4051
1631 4049
1632 4048
1633 4049
1634 4052
1635 4051
1636 4050
1637 4049
1638 4056
1639 4048
1640 4051
1641 4050
1642 4052
1643 4051
1644 4054
1645 4048
1646 4053
1647 4050
1648 4052
1649 4048
1650 4050
1651 4054
1652 4048
1653 4050
1654 4050
1655 4049
1656 4052
1657 4049
1658 4050
1659 4047
1660 4049
1661 4049
1662 4051
1663 4051
1664 4052
1665 4045
1666 4052
1667 4050
1668 4049
1669 4050
1670 4051
1671 4049
1672 4053
1673 4047
1674 4051
1675 4046
1676 4054
1677 4050
1678 4052
1679 4048
1680 4049
1681 4048
1682 4051
1683 4050
1684 4054
1685 4047
1686 4052
1687 4051
1688 4051
1689 4051
1690 4051
1691 4050
1692 4052
1693 4050
1694 4051
1695 4046
1696 4053
1697 4050
1698 4052
1699 4050
1700 4051
1701 4053
1702 4049
1703 4048
1704 4049
1705 4050
1706 4053
1707 4050
1708 4053
1709 4048
1710 4053
1711 4048
1712 4053
1713 4049
1714 4051
1715 4048
1716 4052
1717 4048
1718 4052
1719 4051
1720 4051
1721 4047
1722 4054
1723 4048
1724 4052
1725 4051
1726 4048
1727 4050
1728 4051
1729 4050
1730 4050
1731 4050
1732 4052
1733 4046
1734 4054
1735 4048
1736 4049
1737 4049
1738 4052
1739 4051
1740 4050
1741 4049
1742 4050
1743 4051
1744 4052
1745 4049
1746 4053
1747 4046
1748 4052
1749 4050
1750 4049
1751 4054
1752 4048
1753 4050
1754 4052
1755 4050
1756 4051
1757 4049
1758 4054
1759 4050
1760 4052
1761 4048
1762 4047
1763 4049
1764 4053
1765 4049
1766 4054
1767 4046
1768 4051
1769 4049
1770 4052
1771 4050
1772 4052
1773 4052
1774 4052
1775 4049
1776 4050
1777 4049
1778 4053
1779 4050
1780 4050
1781 4050
1782 4054
1783 4052
1784 4053
1785 4051
1786 4051
1787 4050
1788 4050
1789 4047
1790 4050
1791 4051
1792 4049
1793 4048
1794 4050
1795 4049
1796 4050
1797 4050
1798 4050
1799 4049
1800 4048
1801 4051
1802 4050
1803 4050
1804 4050
1805 4049
1806 4053
1807 4050
1808 4050
1809 4048
1810 4051
1811 4052
1812 4052
1813 4046
1814 4054
1815 4047
1816 4051
1817 4051
1818 4054
1819 4053
1820 4052
1821 4050
1822 4052
1823 4048
1824 4051
1825 4048
1826 4052
1827 4050
1828 4056
1829 4048
1830 4053
1831 4048
1832 4053
1833 4050
1834 4052
1835 4048
1836 4053
1837 4051
1838 4050
1839 4047
1840 4051
1841 4051
1842 4052
1843 4053
1844 4054
1845 4049
1846 4052
1847 4048
1848 4052
1849 4050
1850 4050
1851 4052
1852 4051
1853 4049
1854 4054
1855 4049
1856 4054
1857 4050
1858 4051
1859 4051
1860 4048
1861 4049
1862 4053
1863 4049
1864 4053
1865 4050
1866 4052
1867 4046
1868 4055
1869 4048
1870 4050
1871 4049
1872 4055
1873 4048
1874 4052
1875 4048
1876 4051
1877 4047
1878 4050
1879 4049
1880 4053
1881 4050
1882 4051
1883 4049
1884 4050
1885 4046
1886 4050
1887 4047
1888 4052
1889 4046
1890 4049
1891 4051
1892 4049
1893 4048
1894 4052
1895 4048
1896 4051
1897 4050
1898 4050
1899 4046
1900 4054
1901 4052
1902 4050
1903 4049
1904 4052
1905 4050
1906 4050
1907 4049
1908 4048
1909 4050
1910 4050
1911 4048
1912 4050
1913 4049
1914 4050
1915 4048
1916 4052
1917 4048
1918 4053
1919 4048
1920 4051
1921 4049
1922 4052
1923 4048
1924 4050
1925 4050
1926 4054
1927 4049
1928 4054
1929 4048
1930 4050
1931 4049
1932 4053
1933 4047
1934 4052
1935 4050
1936 4050
1937 4049
1938 4052
1939 4051
1940 4048
1941 4047
1942 4050
1943 4048
1944 4051
1945 4050
1946 4050
1947 4050
1948 4049
1949 4046
1950 4052
1951 4052
1952 4046
1953 4049
1954 4052
1955 4048
1956 4049
1957 4048
1958 4050
1959 4048
1960 4049
1961 4050
1962 4050
1963 4051
1964 4049
1965 4049
1966 4052
1967 4050
1968 4052
1969 4052
1970 4053
1971 4048
1972 4052
1973 4050
1974 4052
1975 4050
1976 4050
1977 4052
1978 4050
1979 4049
1980 4054
1981 4048
1982 4050
1983 4047
1984 4049
1985 4048
1986 4048
1987 4049
1988 4050
1989 4048
1990 4050
1991 4048
1992 4050
1993 4047
1994 4052
1995 4048
1996 4049
1997 4046
1998 4050
1999 4050
2000 4052
2001 4050
2002 4048
2003 4048
2004 4050
2005 4049
2006 4049
2007 4050
2008 4051
2009 4052
2010 4048
2011 4046
2012 4052
2013 4046
2014 4047
2015 4047
2016 4051
2017 4049
2018 4050
2019 4051
2020 4052
2021 4050
2022 4049
2023 4050
2024 4051
2025 4048
2026 4052
2027 4048
2028 4054
2029 4046
2030 4051
2031 4050
2032 4050
2033 4046
2034 4050
2035 4050
2036 4051
2037 4046
2038 4048
2039 4051
2040 4051
2041 4046
2042 4051
2043 4048
2044 4051
2045 4049
2046 4049
2047 4046
2048 4049
2049 4047
2050 4049
2051 4053
2052 4047
2053 4047
2054 4051
2055 4050
2056 4048
2057 4047
2058 4049
2059 4051
2060 4053
2061 4051
2062 4053
2063 4048
2064 4051
2065 4047
2066 4054
2067 4046
2068 4051
2069 4049
2070 4049
2071 4049
2072 4052
2073 4049
2074 4051
2075 4049
2076 4053
2077 4048
2078 4055
2079 4045
2080 4051
2081 4050
2082 4050
2083 4052
2084 4052
2085 4046
2086 4050
2087 4046
2088 4049
2089 4048
2090 4049
2091 4051
2092 4051
2093 4048
2094 4054
2095 4047
2096 4054
2097 4048
2098 4050
2099 4050
2100 4053
2101 4052
2102 4050
2103 4048
2104 4050
2105 4046
2106 4050
2107 4049
2108 4051
2109 4048
2110 4055
2111 4049
2112 4051
2113 4045
2114 4050
2115 4048
2116 4050
2117 4049
2118 4050
2119 4048
2120 4053
2121 4051
2122 4050
2123 4046
2124 4051
2125 4048
2126 4052
2127 4050
2128 4051
2129 4048
2130 4052
2131 4047
2132 4050
2133 4048
2134 4051
2135 4050
2136 4050
2137 4052
2138 4050
2139 4047
2140 4050
2141 4049
2142 4049
2143 4049
2144 4053
2145 4048
2146 4050
2147 4050
2148 4049
2149 4049
2150 4051
2151 4053
2152 4049
2153 4044
2154 4052
2155 4047
2156 4049
2157 4048
2158 4050
2159 4050
2160 4050
2161 4048
2162 4056
2163 4046
2164 4050
2165 4050
2166 4053
2167 4046
2168 4051
2169 4048
2170 4051
2171 4046
2172 4051
2173 4050
2174 4052
2175 4048
2176 4049
2177 4047
2178 4052
2179 4048
2180 4053
2181 4050
2182 4048
2183 4048
2184 4051
2185 4045
2186 4049
2187 4050
2188 4050
2189 4048
2190 4050
2191 4051
2192 4051
2193 4048
2194 4051
2195 4050
2196 4048
2197 4046
2198 4051
2199 4049
2200 4053
2201 4053
2202 4048
2203 4044
2204 4051
2205 4049
2206 4052
2207 4047
2208 4051
2209 4046
2210 4050
2211 4045
2212 4051
2213 4049
2214 4052
2215 4050
2216 4050
2217 4050
2218 4049
2219 4048
2220 4049
2221 4048
2222 4052
2223 4044
2224 4047
2225 4047
2226 4049
2227 4048
2228 4047
2229 4048
2230 4050
2231 4046
2232 4049
2233 4047
2234 4052
2235 4049
2236 4052
2237 4045
2238 4050
2239 4048
2240 4050
2241 4049
2242 4052
2243 4047
2244 4049
2245 4049
2246 4050
2247 4044
2248 4050
2249 4047
2250 4053
2251 4049
2252 4048
2253 4049
2254 4049
2255 4047
2256 4048
2257 4046
2258 4050
2259 4048
2260 4047
2261 4047
2262 4049
2263 4046
2264 4050
2265 4048
2266 4050
2267 4046
2268 4051
2269 4047
2270 4051
2271 4047
2272 4050
2273 4049
2274 4051
2275 4048
2276 4049
2277 4044
2278 4048
2279 4044
2280 4048
2281 4046
2282 4050
2283 4048
2284 4052
2285 4048
2286 4050
2287 4045
2288 4049
2289 4048
2290 4048
2291 4048
2292 4050
2293 4050
2294 4050
2295 4047
2296 4048
2297 4051
2298 4045
2299 4046
2300 4048
2301 4050
2302 4047
2303 4048
2304 4047
2305 4046
2306 4046
2307 4046
2308 4046
2309 4044
2310 4050
2311 4046
2312 4050
2313 4048
2314 4048
2315 4046
2316 4052
2317 4046
2318 4048
2319 4044
2320 4048
2321 4048
2322 4045
2323 4047
2324 4046
2325 4048
2326 4048
2327 4045
2328 4052
2329 4046
2330 4049
2331 4049
2332 4047
2333 4045
2334 4047
2335 4046
2336 4050
2337 4047
2338 4045
2339 4044
2340 4050
2341 4049
2342 4045
2343 4046
2344 4047
2345 4052
2346 4049
2347 4044
2348 4048
2349 4048
2350 4050
2351 4049
2352 4046
2353 4046
2354 4050
2355 4048
2356 4049
2357 4047
2358 4050
2359 4042
2360 4048
2361 4045
2362 4048
2363 4047
2364 4046
2365 4049
2366 4048
2367 4044
2368 4049
2369 4046
2370 4048
2371 4045
2372 4050
2373 4047
2374 4046
2375 4042
2376 4047
2377 4044
2378 4050
2379 4047
2380 4049
2381 4048
2382 4047
2383 4046
2384 4049
2385 4048
2386 4049
2387 4048
2388 4048
2389 4044
2390 4047
2391 4044
2392 4050
2393 4042
2394 4048
2395 4047
2396 4046
2397 4048
2398 4050
2399 4045
2400 4047
2401 4046
2402 4046
2403 4046
2404 4050
2405 4044
2406 4050
2407 4044
2408 4050
2409 4046
2410 4048
2411 4045
2412 4049
2413 4046
2414 4048
2415 4044
2416 4045
2417 4044
2418 4048
2419 4043
2420 4047
2421 4044
2422 4047
2423 4042
2424 4046
2425 4044
2426 4050
2427 4047
2428 4048
2429 4045
2430 4042
2431 4045
2432 4047
2433 4047
2434 4048
2435 4047
2436 4046
2437 4047
2438 4050
2439 4045
2440 4046
2441 4046
2442 4048
2443 4044
2444 4050
2445 4046
2446 4045
2447 4048
2448 4046
2449 4042
2450 4049
2451 4047
2452 4040
2453 4043
2454 4044
2455 4047
2456 4046
2457 4046
2458 4048
2459 4044
2460 4049
2461 4044
2462 4046
2463 4045
2464 4049
2465 4043
2466 4045
2467 4044
2468 4050
2469 4043
2470 4046
2471 4042
2472 4049
2473 4046
2474 4049
2475 4045
2476 4043
2477 4047
2478 4049
2479 4046
2480 4048
2481 4044
2482 4046
2483 4043
2484 4046
2485 4046
2486 4044
2487 4043
2488 4046
2489 4043
2490 4043
2491 4043
2492 4046
2493 4042
2494 4046
2495 4044
2496 4044
2497 4047
2498 4046
2499 4042
2500 4042
2501 4046
2502 4044
2503 4043
2504 4043
2505 4046
2506 4044
2507 4043
2508 4044
2509 4041
2510 4048
2511 4042
2512 4047
2513 4042
2514 4043
2515 4042
2516 4044
2517 4042
2518 4046
2519 4040
2520 4044
2521 4043
2522 4046
2523 4041
2524 4047
2525 4046
2526 4046
2527 4042
2528 4046
2529 4039
2530 4045
2531 4042
2532 4045
2533 4042
2534 4046
2535 4042
2536 4045
2537 4045
2538 4042
2539 4040
2540 4043
2541 4044
2542 4044
2543 4042
2544 4044
2545 4044
2546 4045
2547 4038
2548 4045
2549 4040
2550 4044
2551 4045
2552 4041
2553 4038
2554 4044
2555 4040
2556 4043
2557 4043
2558 4045
2559 4040
2560 4044
2561 4040
2562 4041
2563 4040
2564 4042
2565 4040
2566 4045
2567 4041
2568 4043
2569 4040
2570 4042
2571 4042
2572 4041
2573 4040
2574 4044
2575 4041
2576 4042
2577 4041
2578 4042
2579 4042
2580 4042
2581 4041
2582 4041
2583 4038
2584 4044
2585 4040
2586 4040
2587 4040
2588 4042
2589 4040
2590 4040
2591 4041
2592 4040
2593 4031
2594 4040
2595 4036
2596 4042
2597 4038
2598 4041
2599 4031
2600 4041
2601 4038
2602 4037
2603 4037
2604 4037
2605 4031
2606 4040
2607 4037
2608 4040
2609 4031
2610 4036
2611 4031
2612 4038
2613 4031
2614 4038
2615 4035
2616 4037
2617 4030
2618 4037
2619 4031
2620 4038
2621 4035
2622 4038
2623 4029
2624 4036
2625 4031
2626 4031
2627 4031
2628 4040
2629 4031
2630 4035
2631 4030
2632 4031
2633 4026
2634 4035
2635 4031
2636 4036
2637 4029
2638 4035
2639 4031
2640 4031
2641 4031
2642 4031
2643 4031
2644 4036
2645 4031
2646 4031
2647 4031
2648 4031
2649 4031
2650 4035
2651 4031
2652 4030
2653 4031
2654 4031
2655 4030
2656 4031
2657 4031
2658 4031
2659 4031
2660 4036
2661 4030
2662 4028
2663 4029
2664 4031
2665 4028
2666 4030
2667 4028
2668 4031
2669 4031
2670 4030
2671 4030
2672 4030
2673 4031
2674 4037
2675 4030
2676 4030
2677 4027
2678 4031
2679 4026
2680 4031
2681 4025
2682 4027
2683 4026
2684 4025
2685 4031
2686 4030
2687 4025
2688 4031
2689 4028
2690 4026
2691 4025
2692 4024
2693 4022
2694 4024
2695 4026
2696 4026
2697 4026
2698 4021
2699 4024
2700 4024
2701 4025
2702 4021
2703 4022
2704 4024
2705 4022
2706 4028
2707 4018
2708 4022
2709 4022
2710 4022
2711 4015
2712 4021
2713 4018
2714 4017
2715 4012
2716 4016
2717 4016
2718 4018
2719 4019
2720 4016
2721 4012
2722 4014
2723 4011
2724 4015
2725 4008
2726 4015
2727 4012
2728 4016
2729 4013
2730 4014
2731 4008
2732 4010
2733 4007
2734 4009
2735 4007
2736 4009
2737 4006
2738 4008
2739 3999
2740 4003
2741 3997
2742 4004
2743 3999
2744 4006
2745 3999
2746 3999
2747 3999
2748 4006
2749 3999
2750 3999
2751 4004
2752 3999
2753 3996
2754 3999
2755 3995
2756 3996
2757 3999
2758 3996
2759 3992
2760 3995
2761 3990
2762 3996
2763 3990
2764 3999
2765 3990
2766 3997
2767 3990
2768 3988
2769 3992
2770 3992
2771 3987
2772 3994
2773 3984
2774 3992
2775 3979
2776 3988
2777 3985
2778 3994
2779 3987
2780 3982
2781 3976
2782 3981
2783 3979
2784 3976
2785 3967
2786 3977
2787 3966
2788 3967
2789 3966
2790 3976
2791 3967
2792 3966
2793 3964
2794 3951
2795 3955
2796 3956
2797 3950
2798 3955
2799 3953
2800 3951
2801 3946
2802 3944
2803 3935
2804 3940
2805 3935
2806 3926
2807 3928
2808 3925
2809 3930
2810 3929
2811 3925
2812 3922
2813 3922
2814 3922
2815 3902
2816 3903
2817 3901
2818 3902
2819 3903
2820 3907
2821 3900
2822 3888
2823 3876
2824 3871
2825 3864
2826 3861
2827 3848
2828 3851
2829 3836
2830 3839
2831 3843
2832 3826
2833 3834
2834 3817
2835 3821
2836 3817
2837 3807
2838 3793
2839 3793
2840 3787
2841 3766
2842 3765
2843 3750
2844 3743
2845 3736
2846 3758
2847 3747
2848 3734
2849 3715
2850 3716
2851 3730
2852 3686
2853 3661
2854 3698
2855 3673
2856 3658
2857 3627
2858 3598
2859 3546
2860 3545
2861 3533
2862 3529
2863 3511
2864 3468
2865 3485
2866 3453
2867 3419
2868 3404
2869 3344
2870 3302
2871 3222
2872 3201
2873 3115
2874 3039
2875 3000
2876 2865
2877 2627
2878 2404
2879 2107
2880 1789
2881 1653
2882 1639
2883 1611
2884 1607
2885 1593
2886 1591
2887 1582
2888 1581
2889 1575
2890 1573
2891 1570
2892 1569
2893 1566
2894 1567
2895 1564
2896 1564
2897 1563
2898 1563
2899 1560
2900 1561
2901 1558
2902 1559
2903 1557
2904 1559
2905 1556
2906 1557
2907 1556
2908 1556
2909 1554
2910 1555
2911 1552
2912 1554
2913 1552
2914 1552
2915 1551
2916 1554
2917 1552
2918 1552
2919 1550
2920 1553
2921 1549
2922 1551
2923 1549
2924 1549
2925 1548
2926 1550
2927 1547
2928 1549
2929 1546
2930 1548
2931 1547
2932 1549
2933 1546
2934 1547
2935 1546
2936 1545
2937 1545
2938 1546
2939 1544
2940 1545
2941 1545
2942 1546
2943 1544
2944 1546
2945 1545
2946 1544
2947 1544
2948 1544
2949 1543
2950 1544
2951 1544
2952 1543
2953 1543
2954 1545
2955 1542
2956 1544
2957 1543
2958 1543
2959 1542
2960 1544
2961 1542
2962 1542
2963 1542
2964 1543
2965 1541
2966 1543
2967 1540
2968 1541
2969 1541
2970 1541
2971 1540
2972 1541
2973 1541
2974 1541
2975 1539
2976 1542
2977 1539
2978 1541
2979 1539
2980 1540
2981 1539
2982 1541
2983 1539
2984 1540
2985 1539
2986 1540
2987 1538
2988 1540
2989 1538
2990 1538
2991 1538
2992 1540
2993 1538
2994 1538
2995 1537
2996 1539
2997 1537
2998 1539
2999 1537
3000 1538
3001 1538
3002 1538
3003 1537
3004 1538
3005 1537
3006 1538
3007 1537
3008 1538
3009 1536
3010 1538
3011 1538
3012 1538
3013 1536
3014 1537
3015 1534
3016 1538
3017 1536
3018 1538
3019 1536
3020 1538
3021 1535
3022 1536
3023 1535
3024 1536
3025 1535
3026 1536
3027 1536
3028 1538
3029 1534
3030 1535
3031 1534
3032 1534
3033 1535
3034 1536
3035 1535
3036 1536
3037 1533
3038 1534
3039 1534
3040 1534
3041 1535
3042 1535
3043 1539
3044 1535
3045 1533
3046 1534
3047 1534
3048 1534
3049 1533
3050 1534
3051 1533
3052 1535
3053 1533
3054 1534
3055 1534
3056 1534
3057 1533
3058 1534
3059 1533
3060 1533
3061 1532
3062 1534
3063 1534
3064 1533
3065 1531
3066 1534
3067 1532
3068 1534
3069 1532
3070 1533
3071 1532
3072 1533
3073 1531
3074 1532
3075 1531
3076 1533
3077 1531
3078 1532
3079 1533
3080 1533
3081 1531
3082 1533
3083 1532
3084 1533
3085 1532
3086 1532
3087 1532
3088 1533
3089 1530
3090 1533
3091 1531
3092 1531
3093 1531
3094 1532
3095 1530
3096 1532
3097 1531
3098 1532
3099 1530
3100 1532
3101 1531
3102 1531
3103 1531
3104 1531
3105 1531
3106 1531
3107 1529
3108 1531
3109 1530
3110 1532
3111 1530
3112 1531
3113 1529
3114 1531
3115 1528
3116 1533
3117 1529
3118 1531
3119 1530
3120 1530
3121 1529
3122 1531
3123 1529
3124 1531
3125 1529
3126 1530
3127 1529
3128 1531
3129 1529
3130 1531
3131 1529
3132 1531
3133 1529
3134 1530
3135 1530
3136 1530
3137 1530
3138 1530
3139 1530
3140 1530
3141 1530
3142 1529
3143 1528
3144 1530
3145 1528
3146 1530
3147 1528
3148 1529
3149 1528
3150 1530
3151 1529
3152 1529
3153 1529
3154 1529
3155 1527
3156 1529
3157 1527
3158 1530
3159 1528
3160 1529
3161 1528
3162 1529
3163 1528
3164 1529
3165 1526
3166 1529
3167 1527
3168 1529
3169 1528
3170 1529
3171 1527
3172 1529
3173 1528
3174 1528
3175 1528
3176 1528
3177 1527
3178 1529
3179 1528
3180 1528
3181 1527
3182 1530
3183 1528
3184 1529
3185 1528
3186 1528
3187 1527
3188 1529
3189 1528
3190 1527
3191 1529
3192 1528
3193 1527
3194 1529
3195 1528
3196 1528
3197 1527
3198 1528
3199 1527
3200 1528
3201 1527
3202 1529
3203 1527
3204 1527
3205 1526
3206 1528
3207 1526
3208 1529
3209 1527
3210 1528
3211 1527
3212 1528
3213 1526
3214 1527
3215 1525
3216 1529
3217 1526
3218 1528
3219 1526
3220 1526
3221 1526
3222 1526
3223 1527
3224 1526
3225 1526
3226 1527
3227 1527
3228 1528
3229 1526
3230 1527
3231 1526
3232 1527
3233 1526
3234 1526
3235 1526
3236 1527
3237 1526
3238 1528
3239 1525
3240 1526
3241 1527
3242 1526
3243 1525
3244 1527
3245 1527
3246 1526
3247 1525
3248 1527
3249 1528
3250 1526
3251 1527
3252 1527
3253 1525
3254 1527
3255 1525
3256 1526
3257 1525
3258 1527
3259 1525
3260 1526
3261 1525
3262 1526
3263 1525
3264 1524
3265 1524
3266 1527
3267 1525
3268 1525
3269 1524
3270 1527
3271 1524
3272 1526
3273 1525
3274 1525
3275 1525
3276 1526
3277 1524
3278 1526
3279 1525
3280 1526
3281 1524
3282 1527
3283 1525
3284 1526
3285 1525
3286 1525
3287 1525
3288 1526
3289 1524
3290 1524
3291 1524
3292 1527
3293 1526
3294 1526
3295 1525
3296 1525
3297 1525
3298 1526
3299 1525
3300 1526
3301 1525
3302 1525
3303 1525
3304 1526
3305 1524
3306 1524
3307 1524
3308 1525
3309 1523
3310 1525
3311 1524
3312 1525
3313 1523
3314 1525
3315 1523
3316 1525
3317 1524
3318 1525
3319 1524
3320 1525
3321 1524
3322 1525
3323 1522
3324 1525
3325 1524
3326 1525
3327 1523
3328 1525
3329 1524
3330 1524
3331 1523
3332 1525
3333 1523
3334 1524
3335 1523
3336 1525
3337 2163
3338 1524
3339 4095
3340 1498
3341 4095
3342 1500
3343 4095
3344 3483
3345 4031
3346 3998
3347 4015
3348 4005
3349 4017
3350 4010
3351 4022
3352 4012
3353 4023
3354 4018
3355 4024
3356 4023
3357 4024
3358 4019
3359 4024
3360 4024
3361 4027
3362 4024
3363 4026
3364 4025
3365 4029
3366 4031
3367 4026
3368 4030
3369 4026
3370 4029
3371 4031
3372 4031
3373 4031
3374 4031
3375 4028
3376 4031
3377 4030
3378 4038
3379 4031
3380 4036
3381 4031
3382 4037
3383 4038
3384 4038
3385 4031
3386 4036
3387 4036
3388 4037
3389 4031
3390 4036
3391 4040
3392 4037
3393 4027
3394 4038
3395 4036
3396 4039
3397 4038
3398 4041
3399 4040
3400 4040
3401 4042
3402 4038
3403 4040
3404 4041
3405 4038
3406 4040
3407 4040
3408 4042
3409 4031
3410 4040
3411 4037
3412 4043
3413 4040
3414 4043
3415 4040
3416 4040
3417 4041
3418 4040
3419 4041
3420 4041
3421 4041
3422 4040
3423 4043
3424 4043
3425 4043
3426 4043
3427 4041
3428 4044
3429 4041
3430 4043
3431 4042
3432 4041
3433 4041
3434 4039
3435 4042
3436 4042
3437 4040
3438 4040
3439 4043
3440 4041
3441 4043
3442 4045
3443 4044
3444 4044
3445 4042
3446 4045
3447 4042
3448 4044
3449 4044
3450 4043
3451 4049
3452 4038
3453 4043
3454 4044
3455 4041
3456 4043
3457 4044
3458 4044
3459 4044
3460 4042
3461 4040
3462 4044
3463 4042
3464 4046
3465 4042
3466 4048
3467 4040
3468 4045
3469 4042
3470 4045
3471 4043
3472 4048
3473 4042
3474 4044
3475 4046
3476 4046
3477 4044
3478 4048
3479 4042
3480 4046
3481 4040
3482 4048
3483 4043
3484 4044
3485 4043
3486 4046
3487 4046
3488 4049
3489 4044
3490 4046
3491 4046
3492 4045
3493 4044
3494 4045
3495 4044
3496 4048
3497 4044
3498 4045
3499 4040
3500 4047
3501 4048
3502 4045
3503 4046
3504 4049
3505 4040
3506 4046
3507 4046
3508 4046
3509 4049
3510 4046
3511 4045
3512 4048
3513 4043
3514 4049
3515 4040
3516 4048
3517 4047
3518 4048
3519 4044
3520 4048
3521 4046
3522 4042
3523 4044
3524 4046
3525 4045
3526 4046
3527 4045
3528 4048
3529 4045
3530 4046
3531 4047
3532 4047
3533 4046
3534 4048
3535 4046
3536 4047
3537 4048
3538 4051
3539 4044
3540 4046
3541 4044
3542 4049
3543 4042
3544 4048
3545 4047
3546 4050
3547 4044
3548 4048
3549 4045
3550 4047
3551 4048
3552 4047
3553 4045
3554 4048
3555 4044
3556 4049
3557 4044
3558 4046
3559 4045
3560 4050
3561 4046
3562 4046
3563 4046
3564 4049
3565 4044
3566 4049
3567 4048
3568 4046
3569 4046
3570 4048
3571 4047
3572 4050
3573 4047
3574 4048
3575 4044
3576 4050
3577 4045
3578 4048
3579 4045
3580 4050
3581 4047
3582 4047
3583 4045
3584 4050
3585 4047
3586 4045
3587 4049
3588 4050
3589 4046
3590 4047
3591 4049
3592 4050
3593 4046
3594 4045
3595 4047
3596 4045
3597 4047
3598 4050
3599 4045
3600 4046
3601 4048
3602 4046
3603 4048
3604 4047
3605 4050
3606 4049
3607 4047
3608 4049
3609 4045
3610 4051
3611 4046
3612 4048
3613 4049
3614 4051
3615 4046
3616 4050
3617 4046
3618 4048
3619 4048
3620 4047
3621 4046
3622 4051
3623 4046
3624 4050
3625 4050
3626 4050
3627 4047
3628 4046
3629 4050
3630 4049
3631 4048
3632 4048
3633 4049
3634 4050
3635 4046
3636 4047
3637 4048
3638 4048
3639 4047
3640 4048
3641 4048
3642 4052
3643 4046
3644 4049
3645 4047
3646 4047
3647 4049
3648 4054
3649 4048
3650 4048
3651 4049
3652 4046
3653 4048
3654 4050
3655 4048
3656 4048
3657 4049
3658 4050
3659 4050
3660 4051
3661 4050
3662 4052
3663 4050
3664 4050
3665 4047
3666 4051
3667 4044
3668 4050
3669 4049
3670 4049
3671 4047
3672 4053
3673 4048
3674 4051
3675 4046
3676 4049
3677 4048
3678 4051
3679 4049
3680 4054
3681 4046
3682 4053
3683 4048
3684 4047
3685 4049
3686 4051
3687 4048
3688 4052
3689 4050
3690 4048
3691 4048
3692 4050
3693 4047
3694 4049
