#Data from the TCD1304 linear CCD
#column 1 = pixelnumber , column 2 = pixelvalue
#Pixel 1-32 and 3679-3694 and are dummy pixels
#SH-period: 200    ICG-period: 100000    Integration time: 100.0 us
2 4037
3 4038
4 4060
5 4057
6 4057
7 4059
8 4059
9 4056
10 4056
11 4057
12 4060
13 4057
14 4059
15 4062
16 4060
17 4057
18 4060
19 4060
20 4058
21 4058
22 4056
23 4056
24 4056
25 4057
26 4056
27 4060
28 4060
29 4057
30 4056
31 4057
32 4060
34 4058
35 4055
36 4056
37 4058
38 4056
39 4058
40 4060
41 4058
42 4058
43 4057
44 4060
45 4059
46 4058
47 4058
48 4058
49 4060
50 4055
51 4060
52 4058
53 4058
54 4057
55 4059
56 4058
57 4058
58 4058
59 4060
60 4059
61 4057
62 4057
63 4058
64 4060
65 4057
66 4058
67 4060
68 4058
69 4055
70 4057
71 4057
72 4058
73 4060
74 4060
75 4061
76 4056
77 4057
78 4058
79 4058
80 4056
81 4061
82 4057
83 4060
84 4056
85 4058
86 4056
87 4060
88 4056
89 4056
90 4060
91 4055
92 4059
93 4058
94 4056
95 4058
96 4058
97 4058
98 4060
99 4061
100 4061
101 4060
102 4056
103 4060
104 4060
105 4058
106 4060
107 4056
108 4060
109 4060
110 4060
111 4058
112 4059
113 4058
114 4058
115 4058
116 4060
117 4058
118 4056
119 4058
120 4058
121 4060
122 4057
123 4056
124 4058
125 4057
126 4056
127 4057
128 4056
129 4058
130 4057
131 4059
132 4057
133 4061
134 4054
135 4058
136 4058
137 4060
138 4060
139 4058
140 4056
141 4057
142 4060
143 4058
144 4058
145 4060
146 4056
147 4057
148 4060
149 4055
150 4058
151 4058
152 4056
153 4056
154 4056
155 4059
156 4058
157 4062
158 4058
159 4058
160 4058
161 4060
162 4056
163 4057
164 4060
165 4058
166 4057
167 4059
168 4058
169 4060
170 4057
171 4060
172 4060
173 4060
174 4060
175 4056
176 4058
177 4056
178 4056
179 4058
180 4059
181 4056
182 4056
183 4060
184 4060
185 4058
186 4058
187 4060
188 4059
189 4058
190 4058
191 4058
192 4057
193 4058
194 4059
195 4058
196 4058
197 4058
198 4056
199 4060
200 4058
201 4060
202 4054
203 4057
204 4060
205 4058
206 4060
207 4056
208 4058
209 4058
210 4059
211 4056
212 4060
213 4060
214 4056
215 4058
216 4058
217 4057
218 4058
219 4055
220 4060
221 4058
222 4056
223 4061
224 4057
225 4060
226 4056
227 4059
228 4060
229 4058
230 4058
231 4058
232 4058
233 4057
234 4059
235 4058
236 4062
237 4058
238 4059
239 4060
240 4058
241 4057
242 4054
243 4058
244 4054
245 4060
246 4058
247 4059
248 4058
249 4063
250 4057
251 4061
252 4056
253 4060
254 4056
255 4058
256 4059
257 4059
258 4058
259 4059
260 4057
261 4056
262 4057
263 4061
264 4056
265 4058
266 4060
267 4060
268 4057
269 4061
270 4060
271 4058
272 4058
273 4058
274 4058
275 4060
276 4058
277 4061
278 4059
279 4058
280 4058
281 4057
282 4058
283 4060
284 4056
285 4059
286 4059
287 4058
288 4057
289 4060
290 4060
291 4058
292 4058
293 4058
294 4056
295 4060
296 4058
297 4060
298 4058
299 4059
300 4057
301 4061
302 4051
303 4060
304 4060
305 4056
306 4056
307 4062
308 4060
309 4056
310 4056
311 4060
312 4057
313 4061
314 4058
315 4060
316 4056
317 4058
318 4056
319 4057
320 4057
321 4056
322 4056
323 4058
324 4058
325 4060
326 4057
327 4054
328 4057
329 4058
330 4060
331 4058
332 4056
333 4060
334 4060
335 4061
336 4057
337 4060
338 4058
339 4060
340 4060
341 4060
342 4060
343 4059
344 4056
345 4058
346 4060
347 4056
348 4056
349 4060
350 4060
351 4062
352 4056
353 4060
354 4057
355 4057
356 4060
357 4056
358 4058
359 4058
360 4058
361 4057
362 4058
363 4060
364 4058
365 4058
366 4056
367 4060
368 4058
369 4058
370 4060
371 4057
372 4060
373 4059
374 4060
375 4056
376 4060
377 4056
378 4056
379 4058
380 4059
381 4058
382 4058
383 4058
384 4058
385 4059
386 4058
387 4060
388 4058
389 4062
390 4062
391 4057
392 4054
393 4057
394 4055
395 4060
396 4060
397 4056
398 4060
399 4059
400 4056
401 4061
402 4056
403 4060
404 4058
405 4058
406 4059
407 4059
408 4058
409 4058
410 4060
411 4056
412 4060
413 4056
414 4057
415 4058
416 4058
417 4056
418 4058
419 4056
420 4060
421 4060
422 4060
423 4058
424 4058
425 4058
426 4058
427 4056
428 4057
429 4058
430 4059
431 4061
432 4058
433 4060
434 4057
435 4056
436 4055
437 4060
438 4060
439 4060
440 4058
441 4056
442 4056
443 4058
444 4058
445 4060
446 4058
447 4057
448 4057
449 4058
450 4058
451 4061
452 4060
453 4056
454 4056
455 4058
456 4060
457 4058
458 4058
459 4056
460 4060
461 4058
462 4060
463 4058
464 4060
465 4058
466 4060
467 4058
468 4060
469 4056
470 4060
471 4058
472 4061
473 4060
474 4056
475 4062
476 4057
477 4058
478 4056
479 4058
480 4058
481 4056
482 4057
483 4060
484 4057
485 4058
486 4058
487 4060
488 4056
489 4059
490 4059
491 4058
492 4058
493 4057
494 4058
495 4058
496 4056
497 4058
498 4058
499 4060
500 4058
501 4060
502 4056
503 4059
504 4058
505 4060
506 4058
507 4058
508 4057
509 4060
510 4058
511 4058
512 4058
513 4058
514 4056
515 4057
516 4060
517 4059
518 4056
519 4061
520 4057
521 4061
522 4060
523 4058
524 4057
525 4058
526 4056
527 4058
528 4056
529 4056
530 4055
531 4059
532 4058
533 4058
534 4058
535 4057
536 4056
537 4056
538 4056
539 4056
540 4060
541 4056
542 4058
543 4056
544 4058
545 4059
546 4061
547 4059
548 4056
549 4056
550 4058
551 4060
552 4054
553 4061
554 4056
555 4058
556 4056
557 4056
558 4056
559 4056
560 4058
561 4057
562 4056
563 4058
564 4056
565 4056
566 4057
567 4056
568 4060
569 4056
570 4054
571 4058
572 4058
573 4056
574 4056
575 4056
576 4057
577 4056
578 4057
579 4052
580 4056
581 4056
582 4054
583 4057
584 4057
585 4056
586 4060
587 4056
588 4054
589 4052
590 4053
591 4055
592 4052
593 4051
594 4054
595 4052
596 4054
597 4052
598 4054
599 4052
600 4054
601 4055
602 4049
603 4052
604 4050
605 4052
606 4050
607 4048
608 4050
609 4050
610 4047
611 4046
612 4048
613 4045
614 4045
615 4044
616 4044
617 4044
618 4040
619 4041
620 4036
621 4036
622 4040
623 4038
624 4030
625 4028
626 4028
627 4026
628 4012
629 4008
630 3986
631 3960
632 3918
633 3839
634 3765
635 3529
636 3321
637 3420
638 3551
639 3436
640 3112
641 3032
642 2875
643 2391
644 2262
645 2264
646 1871
647 1638
648 1597
649 1625
650 1644
651 1628
652 1636
653 1678
654 1635
655 1577
656 1567
657 1560
658 1557
659 1553
660 1551
661 1549
662 1547
663 1556
664 1572
665 1642
666 1669
667 1619
668 1577
669 1578
670 1645
671 1867
672 2013
673 2304
674 2659
675 2837
676 2837
677 2888
678 3022
679 3133
680 3290
681 3457
682 3599
683 3700
684 3778
685 3837
686 3876
687 3896
688 3909
689 3919
690 3942
691 3953
692 3959
693 3974
694 3993
695 3999
696 4008
697 4012
698 4012
699 4021
700 4018
701 4018
702 4025
703 4036
704 4034
705 4038
706 4037
707 4040
708 4043
709 4042
710 4042
711 4044
712 4046
713 4047
714 4047
715 4046
716 4046
717 4047
718 4048
719 4052
720 4049
721 4051
722 4052
723 4052
724 4050
725 4052
726 4052
727 4052
728 4053
729 4052
730 4049
731 4050
732 4052
733 4053
734 4051
735 4052
736 4052
737 4050
738 4052
739 4054
740 4054
741 4051
742 4053
743 4052
744 4052
745 4054
746 4054
747 4054
748 4052
749 4052
750 4052
751 4052
752 4050
753 4052
754 4054
755 4052
756 4054
757 4054
758 4053
759 4054
760 4054
761 4054
762 4053
763 4052
764 4053
765 4052
766 4052
767 4054
768 4054
769 4052
770 4057
771 4056
772 4052
773 4054
774 4056
775 4055
776 4051
777 4054
778 4054
779 4054
780 4053
781 4054
782 4054
783 4056
784 4056
785 4058
786 4054
787 4053
788 4054
789 4052
790 4054
791 4050
792 4056
793 4056
794 4056
795 4056
796 4056
797 4054
798 4052
799 4056
800 4056
801 4056
802 4052
803 4056
804 4056
805 4058
806 4058
807 4055
808 4058
809 4056
810 4056
811 4055
812 4056
813 4056
814 4054
815 4060
816 4056
817 4056
818 4056
819 4056
820 4056
821 4056
822 4056
823 4058
824 4055
825 4056
826 4057
827 4056
828 4056
829 4058
830 4056
831 4057
832 4056
833 4056
834 4056
835 4057
836 4056
837 4056
838 4057
839 4056
840 4056
841 4057
842 4053
843 4057
844 4055
845 4054
846 4058
847 4058
848 4056
849 4056
850 4056
851 4059
852 4056
853 4054
854 4057
855 4056
856 4054
857 4057
858 4060
859 4058
860 4056
861 4056
862 4056
863 4056
864 4056
865 4061
866 4054
867 4056
868 4054
869 4058
870 4056
871 4058
872 4058
873 4054
874 4054
875 4056
876 4054
877 4058
878 4058
879 4056
880 4056
881 4056
882 4054
883 4056
884 4058
885 4056
886 4056
887 4059
888 4056
889 4058
890 4054
891 4057
892 4059
893 4056
894 4060
895 4056
896 4059
897 4058
898 4056
899 4053
900 4055
901 4058
902 4056
903 4056
904 4060
905 4058
906 4056
907 4058
908 4056
909 4056
910 4056
911 4056
912 4052
913 4057
914 4057
915 4057
916 4056
917 4054
918 4056
919 4054
920 4059
921 4057
922 4054
923 4059
924 4058
925 4056
926 4053
927 4056
928 4057
929 4058
930 4058
931 4056
932 4058
933 4058
934 4056
935 4055
936 4059
937 4058
938 4056
939 4056
940 4058
941 4058
942 4056
943 4058
944 4058
945 4059
946 4055
947 4054
948 4058
949 4056
950 4056
951 4058
952 4053
953 4060
954 4061
955 4059
956 4058
957 4056
958 4054
959 4056
960 4056
961 4058
962 4056
963 4056
964 4058
965 4057
966 4056
967 4058
968 4056
969 4056
970 4056
971 4058
972 4056
973 4057
974 4056
975 4054
976 4058
977 4054
978 4057
979 4059
980 4056
981 4057
982 4054
983 4058
984 4056
985 4054
986 4060
987 4058
988 4057
989 4056
990 4057
991 4056
992 4056
993 4056
994 4054
995 4060
996 4054
997 4054
998 4056
999 4056
1000 4056
1001 4058
1002 4055
1003 4056
1004 4056
1005 4054
1006 4057
1007 4060
1008 4054
1009 4058
1010 4058
1011 4059
1012 4058
1013 4058
1014 4059
1015 4058
1016 4056
1017 4058
1018 4056
1019 4056
1020 4058
1021 4054
1022 4056
1023 4056
1024 4058
1025 4054
1026 4056
1027 4058
1028 4059
1029 4058
1030 4056
1031 4060
1032 4056
1033 4056
1034 4056
1035 4057
1036 4060
1037 4056
1038 4058
1039 4056
1040 4058
1041 4057
1042 4056
1043 4057
1044 4058
1045 4056
1046 4057
1047 4058
1048 4054
1049 4055
1050 4056
1051 4058
1052 4056
1053 4057
1054 4056
1055 4058
1056 4057
1057 4056
1058 4058
1059 4054
1060 4056
1061 4058
1062 4055
1063 4056
1064 4058
1065 4056
1066 4056
1067 4056
1068 4056
1069 4058
1070 4058
1071 4059
1072 4060
1073 4057
1074 4056
1075 4058
1076 4056
1077 4056
1078 4058
1079 4054
1080 4058
1081 4059
1082 4058
1083 4060
1084 4058
1085 4054
1086 4054
1087 4058
1088 4052
1089 4058
1090 4058
1091 4056
1092 4056
1093 4060
1094 4056
1095 4057
1096 4058
1097 4057
1098 4058
1099 4056
1100 4060
1101 4059
1102 4057
1103 4056
1104 4054
1105 4060
1106 4056
1107 4058
1108 4058
1109 4060
1110 4058
1111 4058
1112 4057
1113 4058
1114 4052
1115 4058
1116 4058
1117 4058
1118 4058
1119 4060
1120 4057
1121 4056
1122 4057
1123 4059
1124 4056
1125 4057
1126 4057
1127 4056
1128 4057
1129 4057
1130 4059
1131 4060
1132 4054
1133 4057
1134 4058
1135 4060
1136 4056
1137 4057
1138 4056
1139 4059
1140 4058
1141 4058
1142 4058
1143 4058
1144 4056
1145 4058
1146 4056
1147 4058
1148 4055
1149 4054
1150 4058
1151 4061
1152 4054
1153 4058
1154 4055
1155 4058
1156 4056
1157 4056
1158 4058
1159 4058
1160 4055
1161 4059
1162 4056
1163 4056
1164 4054
1165 4057
1166 4057
1167 4056
1168 4058
1169 4059
1170 4058
1171 4059
1172 4056
1173 4060
1174 4058
1175 4060
1176 4059
1177 4056
1178 4054
1179 4059
1180 4059
1181 4060
1182 4059
1183 4060
1184 4054
1185 4056
1186 4057
1187 4060
1188 4056
1189 4060
1190 4054
1191 4058
1192 4056
1193 4056
1194 4058
1195 4056
1196 4055
1197 4056
1198 4058
1199 4056
1200 4060
1201 4060
1202 4056
1203 4059
1204 4058
1205 4058
1206 4058
1207 4058
1208 4060
1209 4058
1210 4058
1211 4059
1212 4058
1213 4060
1214 4058
1215 4060
1216 4060
1217 4056
1218 4059
1219 4056
1220 4057
1221 4057
1222 4058
1223 4061
1224 4053
1225 4058
1226 4056
1227 4058
1228 4060
1229 4058
1230 4058
1231 4060
1232 4058
1233 4058
1234 4056
1235 4060
1236 4058
1237 4057
1238 4058
1239 4056
1240 4056
1241 4058
1242 4060
1243 4060
1244 4056
1245 4060
1246 4056
1247 4058
1248 4056
1249 4059
1250 4062
1251 4060
1252 4054
1253 4060
1254 4060
1255 4058
1256 4056
1257 4058
1258 4055
1259 4056
1260 4057
1261 4060
1262 4057
1263 4057
1264 4057
1265 4058
1266 4054
1267 4058
1268 4058
1269 4056
1270 4060
1271 4056
1272 4056
1273 4058
1274 4056
1275 4057
1276 4059
1277 4058
1278 4058
1279 4056
1280 4061
1281 4056
1282 4054
1283 4062
1284 4056
1285 4061
1286 4056
1287 4057
1288 4057
1289 4058
1290 4055
1291 4058
1292 4058
1293 4058
1294 4058
1295 4060
1296 4060
1297 4058
1298 4058
1299 4056
1300 4058
1301 4063
1302 4056
1303 4058
1304 4056
1305 4058
1306 4056
1307 4058
1308 4061
1309 4058
1310 4058
1311 4058
1312 4060
1313 4057
1314 4056
1315 4060
1316 4057
1317 4057
1318 4056
1319 4060
1320 4061
1321 4060
1322 4058
1323 4052
1324 4060
1325 4058
1326 4056
1327 4060
1328 4055
1329 4058
1330 4058
1331 4056
1332 4056
1333 4060
1334 4058
1335 4058
1336 4058
1337 4058
1338 4057
1339 4058
1340 4058
1341 4057
1342 4057
1343 4059
1344 4056
1345 4058
1346 4058
1347 4061
1348 4057
1349 4058
1350 4056
1351 4056
1352 4056
1353 4058
1354 4058
1355 4054
1356 4058
1357 4055
1358 4059
1359 4058
1360 4054
1361 4059
1362 4056
1363 4057
1364 4056
1365 4057
1366 4056
1367 4056
1368 4058
1369 4062
1370 4056
1371 4060
1372 4058
1373 4063
1374 4060
1375 4060
1376 4056
1377 4054
1378 4058
1379 4056
1380 4056
1381 4056
1382 4058
1383 4060
1384 4056
1385 4057
1386 4058
1387 4057
1388 4056
1389 4060
1390 4060
1391 4057
1392 4059
1393 4058
1394 4056
1395 4057
1396 4059
1397 4058
1398 4057
1399 4058
1400 4060
1401 4063
1402 4056
1403 4056
1404 4059
1405 4057
1406 4059
1407 4058
1408 4058
1409 4053
1410 4058
1411 4060
1412 4058
1413 4059
1414 4060
1415 4058
1416 4056
1417 4058
1418 4060
1419 4057
1420 4060
1421 4058
1422 4060
1423 4057
1424 4057
1425 4059
1426 4058
1427 4057
1428 4060
1429 4056
1430 4056
1431 4058
1432 4058
1433 4058
1434 4058
1435 4058
1436 4060
1437 4058
1438 4058
1439 4060
1440 4060
1441 4059
1442 4060
1443 4053
1444 4060
1445 4058
1446 4056
1447 4058
1448 4057
1449 4060
1450 4058
1451 4061
1452 4056
1453 4060
1454 4056
1455 4058
1456 4058
1457 4059
1458 4056
1459 4059
1460 4057
1461 4060
1462 4058
1463 4058
1464 4060
1465 4060
1466 4058
1467 4058
1468 4056
1469 4059
1470 4057
1471 4056
1472 4058
1473 4057
1474 4056
1475 4060
1476 4060
1477 4058
1478 4059
1479 4058
1480 4058
1481 4060
1482 4058
1483 4058
1484 4057
1485 4060
1486 4059
1487 4058
1488 4055
1489 4058
1490 4058
1491 4058
1492 4060
1493 4060
1494 4059
1495 4060
1496 4060
1497 4057
1498 4058
1499 4056
1500 4056
1501 4061
1502 4054
1503 4058
1504 4058
1505 4059
1506 4058
1507 4060
1508 4057
1509 4058
1510 4062
1511 4058
1512 4056
1513 4058
1514 4058
1515 4060
1516 4058
1517 4056
1518 4056
1519 4057
1520 4056
1521 4058
1522 4060
1523 4056
1524 4056
1525 4058
1526 4060
1527 4058
1528 4057
1529 4059
1530 4058
1531 4061
1532 4057
1533 4058
1534 4058
1535 4059
1536 4060
1537 4060
1538 4058
1539 4058
1540 4061
1541 4060
1542 4058
1543 4060
1544 4060
1545 4057
1546 4060
1547 4059
1548 4058
1549 4058
1550 4057
1551 4060
1552 4056
1553 4060
1554 4058
1555 4057
1556 4058
1557 4058
1558 4060
1559 4059
1560 4058
1561 4060
1562 4060
1563 4058
1564 4057
1565 4063
1566 4054
1567 4058
1568 4058
1569 4056
1570 4056
1571 4059
1572 4060
1573 4056
1574 4058
1575 4060
1576 4061
1577 4056
1578 4058
1579 4058
1580 4062
1581 4056
1582 4059
1583 4057
1584 4057
1585 4061
1586 4060
1587 4058
1588 4058
1589 4060
1590 4058
1591 4056
1592 4060
1593 4058
1594 4058
1595 4055
1596 4058
1597 4060
1598 4058
1599 4060
1600 4058
1601 4060
1602 4054
1603 4062
1604 4058
1605 4058
1606 4058
1607 4058
1608 4056
1609 4059
1610 4058
1611 4060
1612 4058
1613 4059
1614 4060
1615 4058
1616 4058
1617 4058
1618 4056
1619 4060
1620 4058
1621 4060
1622 4058
1623 4058
1624 4059
1625 4060
1626 4058
1627 4057
1628 4058
1629 4058
1630 4058
1631 4056
1632 4058
1633 4058
1634 4060
1635 4058
1636 4057
1637 4059
1638 4054
1639 4057
1640 4056
1641 4059
1642 4060
1643 4060
1644 4057
1645 4058
1646 4060
1647 4058
1648 4056
1649 4059
1650 4058
1651 4060
1652 4054
1653 4059
1654 4058
1655 4060
1656 4062
1657 4058
1658 4059
1659 4056
1660 4058
1661 4058
1662 4057
1663 4060
1664 4056
1665 4061
1666 4057
1667 4057
1668 4054
1669 4059
1670 4060
1671 4058
1672 4058
1673 4058
1674 4060
1675 4058
1676 4059
1677 4060
1678 4058
1679 4057
1680 4058
1681 4057
1682 4060
1683 4060
1684 4058
1685 4059
1686 4058
1687 4060
1688 4058
1689 4054
1690 4062
1691 4058
1692 4058
1693 4060
1694 4057
1695 4060
1696 4058
1697 4061
1698 4056
1699 4057
1700 4058
1701 4060
1702 4057
1703 4060
1704 4060
1705 4059
1706 4056
1707 4060
1708 4058
1709 4060
1710 4057
1711 4062
1712 4057
1713 4060
1714 4058
1715 4062
1716 4058
1717 4058
1718 4059
1719 4054
1720 4058
1721 4059
1722 4060
1723 4057
1724 4055
1725 4060
1726 4060
1727 4060
1728 4058
1729 4058
1730 4060
1731 4057
1732 4060
1733 4058
1734 4061
1735 4058
1736 4058
1737 4060
1738 4056
1739 4057
1740 4058
1741 4060
1742 4058
1743 4057
1744 4057
1745 4058
1746 4057
1747 4056
1748 4058
1749 4060
1750 4056
1751 4058
1752 4058
1753 4059
1754 4060
1755 4060
1756 4058
1757 4060
1758 4058
1759 4060
1760 4058
1761 4060
1762 4056
1763 4058
1764 4056
1765 4062
1766 4058
1767 4060
1768 4057
1769 4059
1770 4058
1771 4058
1772 4056
1773 4060
1774 4058
1775 4060
1776 4058
1777 4056
1778 4059
1779 4056
1780 4056
1781 4056
1782 4058
1783 4058
1784 4058
1785 4060
1786 4060
1787 4062
1788 4061
1789 4059
1790 4060
1791 4056
1792 4060
1793 4056
1794 4060
1795 4057
1796 4056
1797 4056
1798 4058
1799 4058
1800 4056
1801 4060
1802 4057
1803 4060
1804 4060
1805 4058
1806 4060
1807 4058
1808 4060
1809 4054
1810 4061
1811 4060
1812 4058
1813 4058
1814 4057
1815 4059
1816 4057
1817 4058
1818 4058
1819 4061
1820 4056
1821 4058
1822 4060
1823 4059
1824 4059
1825 4056
1826 4055
1827 4058
1828 4058
1829 4059
1830 4057
1831 4060
1832 4058
1833 4059
1834 4058
1835 4061
1836 4056
1837 4056
1838 4058
1839 4061
1840 4060
1841 4055
1842 4060
1843 4056
1844 4058
1845 4057
1846 4056
1847 4060
1848 4057
1849 4060
1850 4056
1851 4059
1852 4056
1853 4058
1854 4058
1855 4058
1856 4058
1857 4056
1858 4061
1859 4058
1860 4060
1861 4058
1862 4058
1863 4060
1864 4058
1865 4058
1866 4056
1867 4056
1868 4058
1869 4058
1870 4056
1871 4056
1872 4058
1873 4061
1874 4060
1875 4059
1876 4057
1877 4058
1878 4059
1879 4058
1880 4058
1881 4060
1882 4057
1883 4060
1884 4056
1885 4060
1886 4060
1887 4058
1888 4056
1889 4057
1890 4060
1891 4058
1892 4056
1893 4057
1894 4060
1895 4058
1896 4059
1897 4057
1898 4058
1899 4061
1900 4060
1901 4060
1902 4054
1903 4056
1904 4057
1905 4058
1906 4062
1907 4056
1908 4056
1909 4058
1910 4058
1911 4058
1912 4058
1913 4060
1914 4058
1915 4059
1916 4058
1917 4057
1918 4058
1919 4056
1920 4056
1921 4056
1922 4056
1923 4054
1924 4056
1925 4062
1926 4058
1927 4060
1928 4060
1929 4058
1930 4057
1931 4059
1932 4057
1933 4058
1934 4054
1935 4055
1936 4058
1937 4059
1938 4059
1939 4055
1940 4058
1941 4060
1942 4058
1943 4059
1944 4058
1945 4057
1946 4056
1947 4058
1948 4056
1949 4058
1950 4058
1951 4060
1952 4055
1953 4058
1954 4057
1955 4056
1956 4060
1957 4059
1958 4058
1959 4057
1960 4058
1961 4058
1962 4060
1963 4059
1964 4057
1965 4062
1966 4059
1967 4056
1968 4060
1969 4056
1970 4057
1971 4057
1972 4058
1973 4058
1974 4058
1975 4060
1976 4058
1977 4058
1978 4058
1979 4060
1980 4058
1981 4057
1982 4058
1983 4060
1984 4057
1985 4060
1986 4060
1987 4056
1988 4058
1989 4058
1990 4060
1991 4056
1992 4057
1993 4058
1994 4058
1995 4056
1996 4058
1997 4058
1998 4058
1999 4058
2000 4056
2001 4060
2002 4054
2003 4060
2004 4060
2005 4054
2006 4056
2007 4060
2008 4058
2009 4058
2010 4058
2011 4060
2012 4059
2013 4060
2014 4058
2015 4056
2016 4058
2017 4060
2018 4056
2019 4056
2020 4058
2021 4058
2022 4058
2023 4058
2024 4058
2025 4060
2026 4058
2027 4058
2028 4057
2029 4058
2030 4059
2031 4059
2032 4057
2033 4056
2034 4058
2035 4060
2036 4058
2037 4060
2038 4062
2039 4057
2040 4062
2041 4056
2042 4056
2043 4060
2044 4058
2045 4058
2046 4060
2047 4057
2048 4058
2049 4058
2050 4056
2051 4058
2052 4057
2053 4058
2054 4056
2055 4060
2056 4058
2057 4058
2058 4061
2059 4058
2060 4056
2061 4058
2062 4057
2063 4056
2064 4056
2065 4060
2066 4058
2067 4058
2068 4058
2069 4060
2070 4056
2071 4057
2072 4056
2073 4060
2074 4056
2075 4058
2076 4058
2077 4056
2078 4057
2079 4060
2080 4056
2081 4058
2082 4057
2083 4057
2084 4054
2085 4058
2086 4057
2087 4058
2088 4056
2089 4056
2090 4060
2091 4058
2092 4058
2093 4059
2094 4060
2095 4054
2096 4057
2097 4058
2098 4058
2099 4058
2100 4058
2101 4062
2102 4056
2103 4060
2104 4057
2105 4056
2106 4058
2107 4056
2108 4057
2109 4056
2110 4059
2111 4059
2112 4057
2113 4058
2114 4059
2115 4060
2116 4059
2117 4059
2118 4058
2119 4054
2120 4058
2121 4058
2122 4056
2123 4058
2124 4056
2125 4060
2126 4058
2127 4056
2128 4058
2129 4058
2130 4056
2131 4059
2132 4058
2133 4058
2134 4056
2135 4059
2136 4058
2137 4056
2138 4057
2139 4057
2140 4058
2141 4058
2142 4057
2143 4060
2144 4056
2145 4058
2146 4056
2147 4058
2148 4058
2149 4058
2150 4056
2151 4059
2152 4054
2153 4058
2154 4056
2155 4059
2156 4057
2157 4058
2158 4056
2159 4060
2160 4057
2161 4058
2162 4057
2163 4056
2164 4058
2165 4058
2166 4057
2167 4060
2168 4056
2169 4057
2170 4054
2171 4060
2172 4058
2173 4057
2174 4056
2175 4056
2176 4056
2177 4060
2178 4058
2179 4061
2180 4057
2181 4057
2182 4056
2183 4060
2184 4059
2185 4062
2186 4058
2187 4059
2188 4058
2189 4058
2190 4057
2191 4056
2192 4056
2193 4060
2194 4058
2195 4061
2196 4060
2197 4056
2198 4058
2199 4060
2200 4059
2201 4058
2202 4056
2203 4059
2204 4058
2205 4056
2206 4060
2207 4058
2208 4059
2209 4058
2210 4058
2211 4057
2212 4056
2213 4058
2214 4056
2215 4058
2216 4057
2217 4056
2218 4058
2219 4059
2220 4056
2221 4060
2222 4055
2223 4056
2224 4061
2225 4057
2226 4060
2227 4056
2228 4058
2229 4060
2230 4058
2231 4060
2232 4058
2233 4058
2234 4058
2235 4058
2236 4057
2237 4060
2238 4058
2239 4062
2240 4056
2241 4056
2242 4058
2243 4060
2244 4059
2245 4058
2246 4060
2247 4058
2248 4056
2249 4058
2250 4060
2251 4058
2252 4056
2253 4058
2254 4060
2255 4056
2256 4057
2257 4060
2258 4058
2259 4059
2260 4058
2261 4059
2262 4059
2263 4060
2264 4061
2265 4060
2266 4056
2267 4058
2268 4058
2269 4060
2270 4057
2271 4057
2272 4060
2273 4060
2274 4056
2275 4063
2276 4060
2277 4058
2278 4060
2279 4058
2280 4057
2281 4060
2282 4058
2283 4060
2284 4057
2285 4057
2286 4058
2287 4060
2288 4058
2289 4056
2290 4058
2291 4060
2292 4059
2293 4058
2294 4055
2295 4060
2296 4057
2297 4057
2298 4053
2299 4062
2300 4058
2301 4062
2302 4056
2303 4058
2304 4058
2305 4062
2306 4060
2307 4058
2308 4056
2309 4058
2310 4056
2311 4060
2312 4060
2313 4059
2314 4057
2315 4061
2316 4056
2317 4059
2318 4058
2319 4058
2320 4060
2321 4061
2322 4058
2323 4056
2324 4058
2325 4058
2326 4057
2327 4061
2328 4058
2329 4057
2330 4058
2331 4059
2332 4060
2333 4062
2334 4058
2335 4060
2336 4056
2337 4056
2338 4058
2339 4057
2340 4058
2341 4057
2342 4058
2343 4056
2344 4056
2345 4056
2346 4058
2347 4058
2348 4059
2349 4058
2350 4057
2351 4058
2352 4054
2353 4058
2354 4060
2355 4058
2356 4057
2357 4056
2358 4058
2359 4056
2360 4056
2361 4060
2362 4058
2363 4058
2364 4060
2365 4058
2366 4056
2367 4056
2368 4057
2369 4058
2370 4060
2371 4058
2372 4058
2373 4059
2374 4058
2375 4057
2376 4056
2377 4060
2378 4056
2379 4060
2380 4058
2381 4058
2382 4060
2383 4058
2384 4058
2385 4056
2386 4058
2387 4057
2388 4056
2389 4058
2390 4060
2391 4058
2392 4058
2393 4058
2394 4056
2395 4057
2396 4056
2397 4057
2398 4060
2399 4056
2400 4058
2401 4062
2402 4056
2403 4060
2404 4058
2405 4060
2406 4062
2407 4058
2408 4058
2409 4057
2410 4058
2411 4058
2412 4058
2413 4060
2414 4058
2415 4060
2416 4056
2417 4058
2418 4058
2419 4056
2420 4057
2421 4058
2422 4056
2423 4060
2424 4058
2425 4060
2426 4060
2427 4056
2428 4057
2429 4058
2430 4060
2431 4060
2432 4059
2433 4058
2434 4058
2435 4058
2436 4058
2437 4055
2438 4057
2439 4058
2440 4058
2441 4058
2442 4056
2443 4058
2444 4058
2445 4058
2446 4056
2447 4060
2448 4058
2449 4058
2450 4057
2451 4058
2452 4055
2453 4059
2454 4058
2455 4060
2456 4060
2457 4058
2458 4061
2459 4056
2460 4056
2461 4060
2462 4056
2463 4058
2464 4060
2465 4060
2466 4058
2467 4057
2468 4060
2469 4060
2470 4057
2471 4057
2472 4058
2473 4059
2474 4061
2475 4061
2476 4058
2477 4058
2478 4058
2479 4058
2480 4058
2481 4058
2482 4060
2483 4058
2484 4058
2485 4056
2486 4057
2487 4058
2488 4058
2489 4056
2490 4059
2491 4058
2492 4059
2493 4060
2494 4058
2495 4060
2496 4060
2497 4058
2498 4060
2499 4058
2500 4058
2501 4060
2502 4060
2503 4060
2504 4055
2505 4058
2506 4058
2507 4058
2508 4058
2509 4056
2510 4058
2511 4060
2512 4057
2513 4060
2514 4060
2515 4058
2516 4059
2517 4058
2518 4058
2519 4060
2520 4058
2521 4060
2522 4060
2523 4056
2524 4057
2525 4060
2526 4056
2527 4060
2528 4058
2529 4060
2530 4058
2531 4058
2532 4058
2533 4060
2534 4058
2535 4060
2536 4058
2537 4056
2538 4060
2539 4058
2540 4058
2541 4058
2542 4060
2543 4060
2544 4059
2545 4060
2546 4056
2547 4058
2548 4059
2549 4058
2550 4057
2551 4060
2552 4058
2553 4060
2554 4057
2555 4061
2556 4058
2557 4059
2558 4056
2559 4060
2560 4060
2561 4056
2562 4056
2563 4058
2564 4054
2565 4056
2566 4056
2567 4060
2568 4057
2569 4061
2570 4060
2571 4058
2572 4058
2573 4058
2574 4056
2575 4062
2576 4058
2577 4058
2578 4058
2579 4060
2580 4061
2581 4058
2582 4058
2583 4060
2584 4058
2585 4056
2586 4060
2587 4057
2588 4059
2589 4057
2590 4058
2591 4058
2592 4058
2593 4057
2594 4060
2595 4060
2596 4058
2597 4061
2598 4058
2599 4060
2600 4060
2601 4061
2602 4056
2603 4056
2604 4061
2605 4058
2606 4058
2607 4060
2608 4060
2609 4058
2610 4060
2611 4061
2612 4058
2613 4060
2614 4054
2615 4058
2616 4056
2617 4058
2618 4059
2619 4058
2620 4056
2621 4056
2622 4056
2623 4060
2624 4058
2625 4056
2626 4058
2627 4056
2628 4056
2629 4062
2630 4058
2631 4061
2632 4059
2633 4058
2634 4059
2635 4060
2636 4056
2637 4060
2638 4056
2639 4058
2640 4059
2641 4059
2642 4060
2643 4060
2644 4061
2645 4058
2646 4059
2647 4060
2648 4058
2649 4058
2650 4060
2651 4062
2652 4055
2653 4056
2654 4059
2655 4058
2656 4060
2657 4058
2658 4058
2659 4060
2660 4060
2661 4060
2662 4061
2663 4062
2664 4060
2665 4058
2666 4055
2667 4058
2668 4060
2669 4056
2670 4057
2671 4058
2672 4058
2673 4058
2674 4058
2675 4058
2676 4060
2677 4058
2678 4058
2679 4060
2680 4055
2681 4058
2682 4058
2683 4059
2684 4058
2685 4061
2686 4058
2687 4062
2688 4059
2689 4060
2690 4058
2691 4061
2692 4058
2693 4058
2694 4058
2695 4062
2696 4060
2697 4060
2698 4060
2699 4058
2700 4058
2701 4058
2702 4057
2703 4058
2704 4062
2705 4058
2706 4057
2707 4058
2708 4058
2709 4056
2710 4056
2711 4059
2712 4058
2713 4056
2714 4058
2715 4058
2716 4057
2717 4058
2718 4056
2719 4057
2720 4060
2721 4058
2722 4058
2723 4058
2724 4058
2725 4060
2726 4059
2727 4058
2728 4058
2729 4057
2730 4058
2731 4059
2732 4058
2733 4060
2734 4058
2735 4058
2736 4056
2737 4060
2738 4057
2739 4058
2740 4058
2741 4058
2742 4058
2743 4057
2744 4058
2745 4060
2746 4058
2747 4055
2748 4056
2749 4060
2750 4059
2751 4063
2752 4058
2753 4060
2754 4059
2755 4057
2756 4060
2757 4059
2758 4056
2759 4060
2760 4058
2761 4059
2762 4060
2763 4058
2764 4058
2765 4058
2766 4058
2767 4056
2768 4058
2769 4056
2770 4056
2771 4054
2772 4059
2773 4059
2774 4060
2775 4058
2776 4060
2777 4060
2778 4058
2779 4059
2780 4057
2781 4059
2782 4060
2783 4060
2784 4058
2785 4060
2786 4061
2787 4058
2788 4061
2789 4057
2790 4061
2791 4060
2792 4056
2793 4056
2794 4056
2795 4058
2796 4057
2797 4056
2798 4057
2799 4058
2800 4060
2801 4062
2802 4052
2803 4058
2804 4058
2805 4058
2806 4057
2807 4058
2808 4060
2809 4060
2810 4058
2811 4058
2812 4055
2813 4060
2814 4056
2815 4060
2816 4057
2817 4058
2818 4056
2819 4056
2820 4057
2821 4060
2822 4056
2823 4054
2824 4060
2825 4056
2826 4059
2827 4058
2828 4060
2829 4058
2830 4056
2831 4061
2832 4056
2833 4058
2834 4056
2835 4058
2836 4056
2837 4058
2838 4057
2839 4058
2840 4060
2841 4060
2842 4058
2843 4056
2844 4058
2845 4060
2846 4060
2847 4056
2848 4058
2849 4057
2850 4056
2851 4058
2852 4060
2853 4060
2854 4056
2855 4061
2856 4060
2857 4058
2858 4057
2859 4056
2860 4060
2861 4058
2862 4058
2863 4056
2864 4060
2865 4058
2866 4057
2867 4058
2868 4056
2869 4062
2870 4057
2871 4060
2872 4056
2873 4059
2874 4058
2875 4060
2876 4058
2877 4058
2878 4056
2879 4058
2880 4061
2881 4057
2882 4059
2883 4058
2884 4056
2885 4060
2886 4060
2887 4056
2888 4058
2889 4058
2890 4056
2891 4056
2892 4058
2893 4058
2894 4060
2895 4060
2896 4058
2897 4058
2898 4058
2899 4060
2900 4056
2901 4060
2902 4054
2903 4057
2904 4055
2905 4058
2906 4062
2907 4060
2908 4058
2909 4058
2910 4056
2911 4060
2912 4058
2913 4058
2914 4059
2915 4060
2916 4058
2917 4057
2918 4058
2919 4056
2920 4060
2921 4058
2922 4058
2923 4060
2924 4058
2925 4059
2926 4056
2927 4062
2928 4058
2929 4058
2930 4058
2931 4059
2932 4058
2933 4057
2934 4058
2935 4058
2936 4060
2937 4062
2938 4058
2939 4058
2940 4060
2941 4058
2942 4056
2943 4058
2944 4058
2945 4060
2946 4056
2947 4056
2948 4060
2949 4058
2950 4060
2951 4060
2952 4054
2953 4056
2954 4058
2955 4056
2956 4058
2957 4060
2958 4059
2959 4060
2960 4058
2961 4058
2962 4058
2963 4058
2964 4057
2965 4056
2966 4058
2967 4059
2968 4060
2969 4058
2970 4056
2971 4055
2972 4060
2973 4056
2974 4057
2975 4056
2976 4060
2977 4058
2978 4059
2979 4058
2980 4058
2981 4058
2982 4060
2983 4060
2984 4056
2985 4059
2986 4058
2987 4058
2988 4057
2989 4058
2990 4060
2991 4056
2992 4058
2993 4058
2994 4058
2995 4058
2996 4060
2997 4058
2998 4058
2999 4059
3000 4056
3001 4060
3002 4054
3003 4056
3004 4060
3005 4058
3006 4056
3007 4061
3008 4056
3009 4058
3010 4062
3011 4058
3012 4059
3013 4062
3014 4054
3015 4056
3016 4056
3017 4058
3018 4056
3019 4060
3020 4056
3021 4057
3022 4058
3023 4058
3024 4056
3025 4056
3026 4058
3027 4060
3028 4056
3029 4060
3030 4060
3031 4060
3032 4056
3033 4056
3034 4059
3035 4059
3036 4058
3037 4058
3038 4058
3039 4058
3040 4059
3041 4060
3042 4058
3043 4058
3044 4060
3045 4059
3046 4058
3047 4056
3048 4057
3049 4057
3050 4058
3051 4060
3052 4056
3053 4059
3054 4056
3055 4057
3056 4060
3057 4056
3058 4060
3059 4057
3060 4058
3061 4062
3062 4057
3063 4058
3064 4058
3065 4058
3066 4056
3067 4058
3068 4058
3069 4056
3070 4060
3071 4057
3072 4060
3073 4058
3074 4057
3075 4060
3076 4058
3077 4056
3078 4059
3079 4058
3080 4058
3081 4056
3082 4058
3083 4060
3084 4060
3085 4056
3086 4056
3087 4057
3088 4056
3089 4058
3090 4057
3091 4060
3092 4060
3093 4058
3094 4057
3095 4057
3096 4056
3097 4058
3098 4057
3099 4060
3100 4058
3101 4060
3102 4056
3103 4058
3104 4058
3105 4057
3106 4056
3107 4058
3108 4058
3109 4058
3110 4058
3111 4056
3112 4060
3113 4056
3114 4060
3115 4060
3116 4060
3117 4058
3118 4057
3119 4059
3120 4060
3121 4060
3122 4054
3123 4059
3124 4060
3125 4060
3126 4060
3127 4060
3128 4060
3129 4059
3130 4058
3131 4057
3132 4061
3133 4058
3134 4056
3135 4057
3136 4060
3137 4060
3138 4058
3139 4059
3140 4061
3141 4056
3142 4060
3143 4056
3144 4058
3145 4055
3146 4060
3147 4058
3148 4056
3149 4056
3150 4059
3151 4061
3152 4056
3153 4057
3154 4058
3155 4060
3156 4058
3157 4058
3158 4060
3159 4059
3160 4059
3161 4056
3162 4058
3163 4058
3164 4056
3165 4058
3166 4055
3167 4060
3168 4058
3169 4056
3170 4055
3171 4056
3172 4060
3173 4059
3174 4058
3175 4058
3176 4057
3177 4057
3178 4060
3179 4058
3180 4060
3181 4060
3182 4058
3183 4056
3184 4060
3185 4058
3186 4060
3187 4058
3188 4058
3189 4060
3190 4058
3191 4058
3192 4058
3193 4058
3194 4058
3195 4060
3196 4056
3197 4060
3198 4060
3199 4058
3200 4058
3201 4062
3202 4058
3203 4060
3204 4060
3205 4058
3206 4058
3207 4060
3208 4060
3209 4059
3210 4056
3211 4060
3212 4056
3213 4057
3214 4056
3215 4059
3216 4057
3217 4060
3218 4060
3219 4058
3220 4058
3221 4058
3222 4056
3223 4062
3224 4058
3225 4058
3226 4058
3227 4057
3228 4061
3229 4059
3230 4058
3231 4056
3232 4056
3233 4055
3234 4060
3235 4060
3236 4058
3237 4058
3238 4060
3239 4056
3240 4060
3241 4060
3242 4058
3243 4058
3244 4056
3245 4060
3246 4056
3247 4060
3248 4060
3249 4058
3250 4058
3251 4058
3252 4057
3253 4060
3254 4057
3255 4058
3256 4058
3257 4057
3258 4058
3259 4058
3260 4058
3261 4056
3262 4058
3263 4058
3264 4060
3265 4060
3266 4060
3267 4056
3268 4058
3269 4058
3270 4058
3271 4058
3272 4058
3273 4056
3274 4060
3275 4057
3276 4060
3277 4059
3278 4056
3279 4059
3280 4058
3281 4060
3282 4058
3283 4060
3284 4056
3285 4060
3286 4062
3287 4060
3288 4054
3289 4058
3290 4060
3291 4060
3292 4060
3293 4062
3294 4056
3295 4058
3296 4057
3297 4060
3298 4057
3299 4060
3300 4056
3301 4061
3302 4052
3303 4060
3304 4058
3305 4057
3306 4058
3307 4057
3308 4062
3309 4057
3310 4058
3311 4054
3312 4059
3313 4058
3314 4058
3315 4058
3316 4057
3317 4055
3318 4058
3319 4058
3320 4058
3321 4057
3322 4058
3323 4060
3324 4059
3325 4058
3326 4056
3327 4056
3328 4058
3329 4060
3330 4061
3331 4057
3332 4058
3333 4060
3334 4058
3335 4060
3336 4058
3337 4057
3338 4058
3339 4060
3340 4058
3341 4055
3342 4060
3343 4063
3344 4056
3345 4062
3346 4054
3347 4058
3348 4059
3349 4058
3350 4060
3351 4057
3352 4056
3353 4057
3354 4057
3355 4058
3356 4058
3357 4054
3358 4056
3359 4057
3360 4058
3361 4058
3362 4060
3363 4057
3364 4058
3365 4060
3366 4061
3367 4059
3368 4058
3369 4056
3370 4058
3371 4059
3372 4061
3373 4057
3374 4060
3375 4058
3376 4060
3377 4060
3378 4060
3379 4060
3380 4059
3381 4058
3382 4057
3383 4059
3384 4056
3385 4058
3386 4059
3387 4062
3388 4058
3389 4058
3390 4058
3391 4060
3392 4058
3393 4056
3394 4056
3395 4058
3396 4060
3397 4058
3398 4060
3399 4061
3400 4058
3401 4060
3402 4057
3403 4056
3404 4058
3405 4060
3406 4057
3407 4060
3408 4060
3409 4059
3410 4060
3411 4060
3412 4060
3413 4058
3414 4056
3415 4060
3416 4057
3417 4060
3418 4059
3419 4058
3420 4060
3421 4056
3422 4059
3423 4058
3424 4060
3425 4056
3426 4056
3427 4058
3428 4059
3429 4060
3430 4061
3431 4058
3432 4060
3433 4060
3434 4057
3435 4058
3436 4059
3437 4057
3438 4058
3439 4061
3440 4059
3441 4060
3442 4056
3443 4062
3444 4058
3445 4060
3446 4056
3447 4055
3448 4056
3449 4056
3450 4058
3451 4060
3452 4054
3453 4060
3454 4057
3455 4060
3456 4058
3457 4054
3458 4058
3459 4060
3460 4058
3461 4059
3462 4057
3463 4058
3464 4060
3465 4058
3466 4056
3467 4062
3468 4060
3469 4060
3470 4057
3471 4056
3472 4060
3473 4057
3474 4060
3475 4058
3476 4060
3477 4058
3478 4059
3479 4058
3480 4058
3481 4060
3482 4059
3483 4058
3484 4058
3485 4058
3486 4060
3487 4054
3488 4060
3489 4056
3490 4061
3491 4056
3492 4058
3493 4056
3494 4058
3495 4056
3496 4059
3497 4060
3498 4058
3499 4058
3500 4059
3501 4060
3502 4056
3503 4060
3504 4057
3505 4056
3506 4058
3507 4060
3508 4058
3509 4060
3510 4058
3511 4060
3512 4058
3513 4061
3514 4057
3515 4058
3516 4060
3517 4058
3518 4060
3519 4061
3520 4056
3521 4060
3522 4058
3523 4055
3524 4058
3525 4058
3526 4060
3527 4060
3528 4058
3529 4056
3530 4057
3531 4060
3532 4059
3533 4058
3534 4060
3535 4059
3536 4060
3537 4061
3538 4058
3539 4056
3540 4057
3541 4060
3542 4057
3543 4058
3544 4056
3545 4057
3546 4060
3547 4058
3548 4060
3549 4058
3550 4060
3551 4058
3552 4056
3553 4058
3554 4056
3555 4057
3556 4056
3557 4060
3558 4056
3559 4057
3560 4056
3561 4059
3562 4058
3563 4060
3564 4056
3565 4056
3566 4060
3567 4057
3568 4058
3569 4062
3570 4058
3571 4058
3572 4059
3573 4057
3574 4060
3575 4059
3576 4058
3577 4058
3578 4060
3579 4056
3580 4059
3581 4058
3582 4054
3583 4061
3584 4053
3585 4061
3586 4058
3587 4062
3588 4060
3589 4058
3590 4060
3591 4059
3592 4056
3593 4056
3594 4060
3595 4060
3596 4058
3597 4058
3598 4058
3599 4057
3600 4058
3601 4062
3602 4058
3603 4060
3604 4058
3605 4058
3606 4058
3607 4054
3608 4056
3609 4062
3610 4058
3611 4060
3612 4056
3613 4060
3614 4058
3615 4060
3616 4058
3617 4058
3618 4058
3619 4059
3620 4058
3621 4058
3622 4060
3623 4060
3624 4060
3625 4057
3626 4056
3627 4058
3628 4057
3629 4057
3630 4056
3631 4060
3632 4058
3633 4059
3634 4058
3635 4059
3636 4054
3637 4058
3638 4057
3639 4058
3640 4060
3641 4060
3642 4055
3643 4058
3644 4056
3645 4056
3646 4058
3647 4060
3648 4058
3649 4059
3650 4054
3651 4062
3652 4054
3653 4058
3654 4056
3655 4060
3656 4060
3657 4059
3658 4060
3659 4057
3660 4058
3661 4058
3662 4061
3663 4058
3664 4057
3665 4059
3666 4057
3667 4060
3668 4060
3669 4060
3670 4056
3671 4058
3672 4062
3673 4058
3674 4058
3675 4059
3676 4060
3677 4054
3678 4059
3679 4059
3680 4058
3681 4056
3682 4057
3683 4056
3684 4058
3685 4058
3686 4058
3687 4058
3688 4056
3689 4056
3690 4058
3691 4057
3692 4059
3693 4058
3694 4057
