#Data from the TCD1304 linear CCD
#column 1 = pixelnumber , column 2 = pixelvalue
#Pixel 1-32 and 3679-3694 and are dummy pixels
#SH-period: 200    ICG-period: 100000    Integration time: 100.0 us
2 4046
3 4046
4 4066
5 4063
6 4060
7 4062
8 4063
9 4063
10 4063
11 4062
12 4063
13 4066
14 4063
15 4062
16 4060
17 4066
18 4063
19 4062
20 4063
21 4065
22 4063
23 4065
24 4063
25 4062
26 4062
27 4063
28 4063
29 4063
30 4062
31 4063
32 4062
34 4062
35 4060
36 4062
37 4060
38 4063
39 4062
40 4061
41 4063
42 4062
43 4063
44 4062
45 4063
46 4062
47 4062
48 4063
49 4063
50 4062
51 4062
52 4060
53 4062
54 4062
55 4063
56 4063
57 4062
58 4063
59 4065
60 4060
61 4062
62 4063
63 4062
64 4062
65 4060
66 4066
67 4060
68 4062
69 4061
70 4061
71 4062
72 4063
73 4063
74 4063
75 4063
76 4060
77 4063
78 4062
79 4063
80 4063
81 4063
82 4062
83 4062
84 4063
85 4060
86 4062
87 4066
88 4063
89 4062
90 4062
91 4063
92 4062
93 4062
94 4066
95 4063
96 4062
97 4063
98 4062
99 4063
100 4061
101 4063
102 4060
103 4062
104 4063
105 4060
106 4062
107 4063
108 4061
109 4063
110 4062
111 4062
112 4066
113 4060
114 4061
115 4063
116 4061
117 4063
118 4060
119 4061
120 4065
121 4066
122 4060
123 4062
124 4062
125 4062
126 4062
127 4063
128 4061
129 4061
130 4062
131 4062
132 4063
133 4063
134 4062
135 4062
136 4063
137 4066
138 4062
139 4062
140 4060
141 4058
142 4060
143 4060
144 4063
145 4063
146 4062
147 4060
148 4062
149 4063
150 4063
151 4063
152 4063
153 4062
154 4062
155 4062
156 4059
157 4066
158 4063
159 4061
160 4058
161 4063
162 4062
163 4058
164 4061
165 4062
166 4063
167 4062
168 4063
169 4062
170 4062
171 4061
172 4063
173 4060
174 4062
175 4061
176 4062
177 4062
178 4062
179 4066
180 4063
181 4063
182 4062
183 4063
184 4063
185 4062
186 4063
187 4063
188 4060
189 4060
190 4060
191 4066
192 4060
193 4062
194 4060
195 4059
196 4060
197 4064
198 4063
199 4060
200 4063
201 4067
202 4058
203 4061
204 4062
205 4060
206 4063
207 4060
208 4060
209 4063
210 4059
211 4060
212 4061
213 4063
214 4062
215 4062
216 4066
217 4063
218 4061
219 4063
220 4060
221 4063
222 4065
223 4062
224 4063
225 4060
226 4060
227 4066
228 4061
229 4062
230 4061
231 4062
232 4060
233 4062
234 4066
235 4063
236 4062
237 4063
238 4062
239 4060
240 4063
241 4063
242 4063
243 4062
244 4063
245 4061
246 4062
247 4060
248 4063
249 4063
250 4060
251 4063
252 4059
253 4062
254 4061
255 4061
256 4062
257 4061
258 4061
259 4062
260 4060
261 4062
262 4063
263 4063
264 4059
265 4062
266 4061
267 4062
268 4062
269 4060
270 4063
271 4066
272 4063
273 4058
274 4060
275 4063
276 4061
277 4063
278 4063
279 4063
280 4062
281 4063
282 4062
283 4062
284 4061
285 4063
286 4060
287 4060
288 4062
289 4062
290 4063
291 4062
292 4061
293 4063
294 4059
295 4060
296 4063
297 4062
298 4063
299 4061
300 4062
301 4063
302 4062
303 4063
304 4063
305 4062
306 4062
307 4063
308 4063
309 4062
310 4060
311 4063
312 4067
313 4061
314 4061
315 4062
316 4062
317 4063
318 4063
319 4062
320 4062
321 4066
322 4062
323 4061
324 4062
325 4060
326 4062
327 4063
328 4063
329 4062
330 4062
331 4063
332 4063
333 4063
334 4062
335 4065
336 4060
337 4062
338 4064
339 4066
340 4063
341 4060
342 4060
343 4062
344 4060
345 4062
346 4063
347 4062
348 4060
349 4062
350 4060
351 4066
352 4061
353 4061
354 4063
355 4066
356 4061
357 4063
358 4062
359 4062
360 4061
361 4060
362 4062
363 4063
364 4060
365 4063
366 4063
367 4063
368 4062
369 4062
370 4058
371 4062
372 4063
373 4060
374 4063
375 4062
376 4062
377 4062
378 4063
379 4063
380 4056
381 4061
382 4062
383 4060
384 4062
385 4061
386 4062
387 4063
388 4063
389 4063
390 4062
391 4063
392 4063
393 4063
394 4060
395 4063
396 4063
397 4063
398 4063
399 4062
400 4062
401 4063
402 4060
403 4063
404 4063
405 4062
406 4060
407 4060
408 4065
409 4063
410 4062
411 4063
412 4063
413 4062
414 4061
415 4063
416 4065
417 4062
418 4062
419 4060
420 4062
421 4062
422 4062
423 4063
424 4063
425 4063
426 4060
427 4062
428 4062
429 4062
430 4060
431 4062
432 4066
433 4063
434 4062
435 4062
436 4060
437 4063
438 4063
439 4062
440 4062
441 4063
442 4060
443 4062
444 4062
445 4062
446 4066
447 4062
448 4063
449 4063
450 4062
451 4066
452 4060
453 4062
454 4062
455 4063
456 4062
457 4061
458 4060
459 4063
460 4060
461 4062
462 4063
463 4063
464 4062
465 4062
466 4063
467 4063
468 4060
469 4062
470 4061
471 4062
472 4063
473 4063
474 4060
475 4062
476 4060
477 4063
478 4060
479 4063
480 4063
481 4060
482 4062
483 4065
484 4060
485 4060
486 4062
487 4060
488 4060
489 4063
490 4062
491 4063
492 4060
493 4063
494 4062
495 4062
496 4063
497 4062
498 4062
499 4060
500 4063
501 4063
502 4058
503 4060
504 4066
505 4062
506 4062
507 4063
508 4062
509 4066
510 4062
511 4063
512 4063
513 4060
514 4060
515 4063
516 4063
517 4058
518 4062
519 4060
520 4059
521 4064
522 4062
523 4060
524 4063
525 4066
526 4061
527 4060
528 4062
529 4064
530 4062
531 4061
532 4062
533 4063
534 4060
535 4062
536 4062
537 4062
538 4060
539 4063
540 4063
541 4062
542 4060
543 4063
544 4062
545 4066
546 4062
547 4062
548 4060
549 4062
550 4063
551 4063
552 4058
553 4064
554 4062
555 4062
556 4063
557 4060
558 4066
559 4060
560 4063
561 4062
562 4062
563 4063
564 4062
565 4061
566 4061
567 4062
568 4060
569 4060
570 4063
571 4063
572 4060
573 4061
574 4061
575 4063
576 4060
577 4061
578 4062
579 4060
580 4062
581 4060
582 4060
583 4062
584 4060
585 4060
586 4060
587 4061
588 4059
589 4062
590 4063
591 4059
592 4062
593 4060
594 4063
595 4062
596 4060
597 4058
598 4058
599 4062
600 4060
601 4062
602 4057
603 4060
604 4057
605 4058
606 4058
607 4058
608 4057
609 4058
610 4054
611 4057
612 4056
613 4054
614 4054
615 4054
616 4057
617 4052
618 4051
619 4051
620 4050
621 4042
622 4042
623 4038
624 4025
625 3999
626 3983
627 3967
628 3954
629 3909
630 3833
631 3838
632 3887
633 3844
634 3759
635 3662
636 3567
637 3493
638 3535
639 3543
640 3468
641 3445
642 3396
643 3315
644 3273
645 3213
646 3140
647 3136
648 3159
649 3024
650 2876
651 2824
652 2925
653 3016
654 2933
655 2942
656 3134
657 3182
658 3077
659 3108
660 3154
661 3055
662 3066
663 3214
664 3251
665 3247
666 3304
667 3343
668 3358
669 3350
670 3349
671 3374
672 3380
673 3461
674 3562
675 3583
676 3586
677 3599
678 3660
679 3722
680 3720
681 3732
682 3750
683 3763
684 3770
685 3790
686 3812
687 3861
688 3898
689 3939
690 3966
691 3982
692 3991
693 4001
694 4004
695 3998
696 3999
697 4006
698 4015
699 4030
700 4034
701 4046
702 4045
703 4050
704 4051
705 4052
706 4054
707 4056
708 4057
709 4056
710 4060
711 4059
712 4055
713 4056
714 4059
715 4060
716 4058
717 4060
718 4056
719 4060
720 4057
721 4058
722 4058
723 4060
724 4060
725 4059
726 4058
727 4062
728 4058
729 4060
730 4059
731 4056
732 4060
733 4060
734 4059
735 4062
736 4060
737 4062
738 4060
739 4058
740 4061
741 4059
742 4060
743 4060
744 4058
745 4058
746 4058
747 4056
748 4061
749 4062
750 4060
751 4062
752 4059
753 4060
754 4062
755 4058
756 4060
757 4060
758 4061
759 4062
760 4058
761 4059
762 4063
763 4063
764 4060
765 4061
766 4061
767 4059
768 4058
769 4062
770 4060
771 4062
772 4059
773 4060
774 4062
775 4056
776 4060
777 4060
778 4060
779 4060
780 4061
781 4058
782 4062
783 4060
784 4058
785 4060
786 4058
787 4061
788 4060
789 4060
790 4060
791 4060
792 4058
793 4062
794 4058
795 4060
796 4060
797 4059
798 4061
799 4060
800 4060
801 4063
802 4058
803 4060
804 4060
805 4061
806 4062
807 4062
808 4059
809 4063
810 4060
811 4059
812 4063
813 4058
814 4060
815 4060
816 4059
817 4058
818 4060
819 4062
820 4060
821 4062
822 4061
823 4060
824 4060
825 4058
826 4060
827 4060
828 4060
829 4062
830 4061
831 4062
832 4062
833 4063
834 4062
835 4058
836 4061
837 4062
838 4059
839 4059
840 4061
841 4063
842 4062
843 4061
844 4060
845 4063
846 4062
847 4061
848 4060
849 4060
850 4061
851 4066
852 4059
853 4061
854 4060
855 4061
856 4062
857 4059
858 4062
859 4060
860 4062
861 4060
862 4060
863 4062
864 4062
865 4060
866 4063
867 4058
868 4063
869 4061
870 4060
871 4060
872 4060
873 4060
874 4060
875 4060
876 4058
877 4062
878 4063
879 4063
880 4060
881 4063
882 4060
883 4061
884 4060
885 4060
886 4062
887 4059
888 4060
889 4063
890 4062
891 4061
892 4058
893 4063
894 4060
895 4060
896 4060
897 4060
898 4063
899 4061
900 4058
901 4062
902 4056
903 4063
904 4060
905 4060
906 4062
907 4062
908 4058
909 4060
910 4062
911 4062
912 4062
913 4060
914 4059
915 4059
916 4057
917 4062
918 4059
919 4060
920 4061
921 4060
922 4060
923 4061
924 4063
925 4063
926 4059
927 4062
928 4058
929 4058
930 4060
931 4062
932 4060
933 4062
934 4060
935 4062
936 4061
937 4060
938 4060
939 4061
940 4063
941 4066
942 4060
943 4060
944 4060
945 4059
946 4060
947 4060
948 4061
949 4060
950 4057
951 4063
952 4058
953 4059
954 4062
955 4063
956 4060
957 4061
958 4062
959 4061
960 4062
961 4060
962 4061
963 4062
964 4062
965 4058
966 4062
967 4060
968 4059
969 4061
970 4060
971 4060
972 4060
973 4063
974 4060
975 4063
976 4062
977 4063
978 4060
979 4063
980 4060
981 4062
982 4060
983 4061
984 4062
985 4063
986 4058
987 4058
988 4060
989 4060
990 4062
991 4060
992 4058
993 4062
994 4058
995 4060
996 4061
997 4061
998 4061
999 4059
1000 4062
1001 4063
1002 4061
1003 4057
1004 4063
1005 4058
1006 4057
1007 4062
1008 4059
1009 4058
1010 4061
1011 4061
1012 4062
1013 4060
1014 4060
1015 4061
1016 4062
1017 4062
1018 4058
1019 4062
1020 4060
1021 4062
1022 4062
1023 4063
1024 4058
1025 4061
1026 4062
1027 4060
1028 4061
1029 4062
1030 4060
1031 4063
1032 4063
1033 4059
1034 4060
1035 4060
1036 4061
1037 4063
1038 4060
1039 4060
1040 4062
1041 4060
1042 4062
1043 4062
1044 4063
1045 4061
1046 4059
1047 4060
1048 4060
1049 4062
1050 4062
1051 4066
1052 4057
1053 4062
1054 4060
1055 4058
1056 4061
1057 4060
1058 4058
1059 4058
1060 4060
1061 4061
1062 4060
1063 4060
1064 4062
1065 4058
1066 4062
1067 4063
1068 4062
1069 4063
1070 4061
1071 4063
1072 4062
1073 4060
1074 4062
1075 4058
1076 4062
1077 4063
1078 4057
1079 4062
1080 4063
1081 4062
1082 4062
1083 4060
1084 4060
1085 4060
1086 4063
1087 4057
1088 4058
1089 4062
1090 4062
1091 4063
1092 4061
1093 4058
1094 4060
1095 4062
1096 4058
1097 4060
1098 4059
1099 4062
1100 4060
1101 4062
1102 4057
1103 4063
1104 4062
1105 4062
1106 4060
1107 4063
1108 4060
1109 4061
1110 4060
1111 4062
1112 4058
1113 4062
1114 4062
1115 4061
1116 4063
1117 4062
1118 4062
1119 4061
1120 4062
1121 4063
1122 4062
1123 4063
1124 4062
1125 4058
1126 4061
1127 4062
1128 4056
1129 4060
1130 4062
1131 4060
1132 4062
1133 4062
1134 4060
1135 4060
1136 4058
1137 4063
1138 4060
1139 4063
1140 4060
1141 4063
1142 4062
1143 4062
1144 4059
1145 4060
1146 4060
1147 4059
1148 4060
1149 4060
1150 4058
1151 4062
1152 4061
1153 4059
1154 4060
1155 4063
1156 4058
1157 4059
1158 4062
1159 4061
1160 4062
1161 4059
1162 4058
1163 4062
1164 4059
1165 4063
1166 4062
1167 4061
1168 4063
1169 4060
1170 4060
1171 4060
1172 4058
1173 4061
1174 4060
1175 4060
1176 4061
1177 4062
1178 4058
1179 4063
1180 4061
1181 4062
1182 4061
1183 4062
1184 4059
1185 4062
1186 4063
1187 4060
1188 4063
1189 4062
1190 4060
1191 4058
1192 4056
1193 4060
1194 4059
1195 4060
1196 4065
1197 4059
1198 4062
1199 4059
1200 4059
1201 4067
1202 4060
1203 4063
1204 4060
1205 4062
1206 4062
1207 4061
1208 4060
1209 4062
1210 4062
1211 4063
1212 4062
1213 4061
1214 4062
1215 4062
1216 4061
1217 4060
1218 4061
1219 4060
1220 4062
1221 4058
1222 4060
1223 4062
1224 4062
1225 4062
1226 4062
1227 4060
1228 4059
1229 4062
1230 4060
1231 4059
1232 4059
1233 4060
1234 4060
1235 4063
1236 4060
1237 4063
1238 4062
1239 4062
1240 4060
1241 4062
1242 4060
1243 4060
1244 4060
1245 4062
1246 4062
1247 4060
1248 4062
1249 4061
1250 4060
1251 4063
1252 4058
1253 4060
1254 4063
1255 4062
1256 4060
1257 4062
1258 4062
1259 4062
1260 4059
1261 4060
1262 4061
1263 4061
1264 4062
1265 4063
1266 4060
1267 4060
1268 4063
1269 4060
1270 4062
1271 4063
1272 4059
1273 4061
1274 4062
1275 4061
1276 4063
1277 4061
1278 4062
1279 4063
1280 4063
1281 4061
1282 4061
1283 4060
1284 4062
1285 4063
1286 4063
1287 4059
1288 4063
1289 4060
1290 4062
1291 4062
1292 4063
1293 4060
1294 4060
1295 4062
1296 4063
1297 4062
1298 4060
1299 4062
1300 4062
1301 4063
1302 4059
1303 4061
1304 4060
1305 4063
1306 4062
1307 4063
1308 4060
1309 4060
1310 4062
1311 4062
1312 4062
1313 4060
1314 4062
1315 4059
1316 4062
1317 4062
1318 4060
1319 4063
1320 4060
1321 4060
1322 4061
1323 4060
1324 4060
1325 4060
1326 4062
1327 4062
1328 4063
1329 4062
1330 4060
1331 4062
1332 4063
1333 4061
1334 4060
1335 4060
1336 4058
1337 4063
1338 4061
1339 4062
1340 4062
1341 4060
1342 4060
1343 4061
1344 4062
1345 4060
1346 4060
1347 4061
1348 4062
1349 4060
1350 4063
1351 4063
1352 4060
1353 4057
1354 4062
1355 4060
1356 4060
1357 4062
1358 4061
1359 4062
1360 4062
1361 4062
1362 4063
1363 4061
1364 4062
1365 4060
1366 4063
1367 4062
1368 4062
1369 4060
1370 4060
1371 4061
1372 4063
1373 4060
1374 4063
1375 4062
1376 4063
1377 4062
1378 4062
1379 4063
1380 4060
1381 4060
1382 4060
1383 4060
1384 4063
1385 4062
1386 4062
1387 4062
1388 4060
1389 4062
1390 4060
1391 4063
1392 4062
1393 4063
1394 4062
1395 4063
1396 4062
1397 4065
1398 4063
1399 4063
1400 4062
1401 4063
1402 4058
1403 4062
1404 4063
1405 4063
1406 4061
1407 4062
1408 4062
1409 4062
1410 4060
1411 4062
1412 4060
1413 4062
1414 4059
1415 4063
1416 4063
1417 4062
1418 4062
1419 4063
1420 4060
1421 4062
1422 4061
1423 4061
1424 4060
1425 4064
1426 4058
1427 4063
1428 4061
1429 4062
1430 4058
1431 4060
1432 4060
1433 4060
1434 4062
1435 4062
1436 4066
1437 4061
1438 4060
1439 4063
1440 4059
1441 4061
1442 4062
1443 4060
1444 4061
1445 4061
1446 4061
1447 4063
1448 4059
1449 4061
1450 4062
1451 4063
1452 4060
1453 4062
1454 4062
1455 4058
1456 4060
1457 4063
1458 4058
1459 4060
1460 4061
1461 4063
1462 4058
1463 4063
1464 4063
1465 4063
1466 4061
1467 4058
1468 4062
1469 4063
1470 4059
1471 4063
1472 4060
1473 4062
1474 4062
1475 4062
1476 4060
1477 4059
1478 4062
1479 4062
1480 4057
1481 4062
1482 4062
1483 4062
1484 4060
1485 4062
1486 4060
1487 4063
1488 4063
1489 4062
1490 4061
1491 4058
1492 4062
1493 4063
1494 4060
1495 4062
1496 4062
1497 4065
1498 4058
1499 4062
1500 4061
1501 4063
1502 4061
1503 4062
1504 4063
1505 4060
1506 4060
1507 4062
1508 4059
1509 4060
1510 4061
1511 4062
1512 4058
1513 4062
1514 4060
1515 4062
1516 4063
1517 4060
1518 4061
1519 4063
1520 4060
1521 4060
1522 4060
1523 4062
1524 4060
1525 4060
1526 4062
1527 4062
1528 4062
1529 4060
1530 4066
1531 4060
1532 4060
1533 4063
1534 4058
1535 4062
1536 4061
1537 4060
1538 4060
1539 4062
1540 4060
1541 4062
1542 4063
1543 4063
1544 4062
1545 4058
1546 4059
1547 4059
1548 4062
1549 4063
1550 4058
1551 4060
1552 4058
1553 4060
1554 4060
1555 4060
1556 4062
1557 4060
1558 4063
1559 4058
1560 4062
1561 4065
1562 4059
1563 4062
1564 4062
1565 4058
1566 4062
1567 4060
1568 4060
1569 4059
1570 4060
1571 4063
1572 4061
1573 4060
1574 4060
1575 4060
1576 4061
1577 4061
1578 4063
1579 4061
1580 4060
1581 4060
1582 4062
1583 4061
1584 4060
1585 4059
1586 4062
1587 4063
1588 4060
1589 4062
1590 4061
1591 4062
1592 4058
1593 4060
1594 4060
1595 4060
1596 4062
1597 4059
1598 4060
1599 4063
1600 4062
1601 4062
1602 4060
1603 4062
1604 4063
1605 4066
1606 4058
1607 4062
1608 4060
1609 4062
1610 4059
1611 4058
1612 4063
1613 4060
1614 4060
1615 4060
1616 4060
1617 4060
1618 4060
1619 4060
1620 4062
1621 4062
1622 4060
1623 4060
1624 4063
1625 4059
1626 4061
1627 4061
1628 4061
1629 4061
1630 4063
1631 4062
1632 4060
1633 4061
1634 4061
1635 4060
1636 4061
1637 4062
1638 4062
1639 4062
1640 4062
1641 4062
1642 4062
1643 4060
1644 4060
1645 4061
1646 4058
1647 4060
1648 4060
1649 4060
1650 4059
1651 4060
1652 4058
1653 4058
1654 4058
1655 4060
1656 4063
1657 4062
1658 4060
1659 4063
1660 4059
1661 4062
1662 4060
1663 4060
1664 4060
1665 4061
1666 4060
1667 4060
1668 4060
1669 4063
1670 4056
1671 4061
1672 4060
1673 4063
1674 4062
1675 4062
1676 4066
1677 4060
1678 4060
1679 4063
1680 4062
1681 4060
1682 4060
1683 4060
1684 4058
1685 4060
1686 4060
1687 4061
1688 4060
1689 4063
1690 4061
1691 4059
1692 4062
1693 4063
1694 4060
1695 4062
1696 4063
1697 4063
1698 4063
1699 4062
1700 4059
1701 4063
1702 4060
1703 4058
1704 4063
1705 4062
1706 4062
1707 4061
1708 4059
1709 4062
1710 4062
1711 4061
1712 4060
1713 4061
1714 4058
1715 4060
1716 4060
1717 4062
1718 4061
1719 4061
1720 4063
1721 4058
1722 4060
1723 4063
1724 4062
1725 4060
1726 4062
1727 4062
1728 4062
1729 4062
1730 4063
1731 4063
1732 4063
1733 4068
1734 4060
1735 4061
1736 4060
1737 4062
1738 4062
1739 4062
1740 4060
1741 4063
1742 4060
1743 4060
1744 4062
1745 4060
1746 4060
1747 4062
1748 4060
1749 4063
1750 4060
1751 4062
1752 4059
1753 4060
1754 4062
1755 4062
1756 4061
1757 4063
1758 4061
1759 4063
1760 4063
1761 4060
1762 4059
1763 4058
1764 4062
1765 4062
1766 4063
1767 4060
1768 4061
1769 4060
1770 4062
1771 4058
1772 4060
1773 4063
1774 4060
1775 4065
1776 4063
1777 4060
1778 4062
1779 4060
1780 4062
1781 4060
1782 4062
1783 4058
1784 4058
1785 4061
1786 4063
1787 4062
1788 4068
1789 4062
1790 4060
1791 4063
1792 4061
1793 4060
1794 4060
1795 4061
1796 4062
1797 4062
1798 4062
1799 4060
1800 4060
1801 4063
1802 4061
1803 4058
1804 4066
1805 4060
1806 4060
1807 4065
1808 4061
1809 4062
1810 4063
1811 4062
1812 4058
1813 4061
1814 4062
1815 4062
1816 4063
1817 4060
1818 4060
1819 4062
1820 4063
1821 4063
1822 4062
1823 4062
1824 4061
1825 4063
1826 4062
1827 4060
1828 4058
1829 4062
1830 4060
1831 4066
1832 4061
1833 4059
1834 4062
1835 4063
1836 4060
1837 4060
1838 4058
1839 4063
1840 4061
1841 4063
1842 4059
1843 4060
1844 4061
1845 4060
1846 4060
1847 4061
1848 4066
1849 4063
1850 4061
1851 4065
1852 4058
1853 4061
1854 4061
1855 4060
1856 4060
1857 4062
1858 4062
1859 4062
1860 4062
1861 4062
1862 4062
1863 4062
1864 4063
1865 4062
1866 4062
1867 4060
1868 4060
1869 4063
1870 4062
1871 4063
1872 4062
1873 4062
1874 4058
1875 4063
1876 4062
1877 4062
1878 4060
1879 4061
1880 4062
1881 4060
1882 4063
1883 4062
1884 4060
1885 4060
1886 4062
1887 4062
1888 4060
1889 4061
1890 4062
1891 4063
1892 4060
1893 4063
1894 4061
1895 4062
1896 4062
1897 4060
1898 4063
1899 4062
1900 4063
1901 4062
1902 4060
1903 4063
1904 4058
1905 4060
1906 4058
1907 4062
1908 4063
1909 4061
1910 4060
1911 4061
1912 4062
1913 4066
1914 4061
1915 4063
1916 4058
1917 4063
1918 4063
1919 4063
1920 4060
1921 4061
1922 4058
1923 4060
1924 4060
1925 4062
1926 4062
1927 4062
1928 4060
1929 4063
1930 4062
1931 4062
1932 4061
1933 4062
1934 4063
1935 4060
1936 4062
1937 4060
1938 4062
1939 4060
1940 4062
1941 4062
1942 4066
1943 4060
1944 4062
1945 4060
1946 4060
1947 4062
1948 4062
1949 4062
1950 4062
1951 4063
1952 4059
1953 4062
1954 4062
1955 4061
1956 4061
1957 4061
1958 4060
1959 4062
1960 4062
1961 4061
1962 4060
1963 4062
1964 4060
1965 4062
1966 4063
1967 4062
1968 4058
1969 4062
1970 4060
1971 4062
1972 4060
1973 4063
1974 4060
1975 4062
1976 4060
1977 4063
1978 4062
1979 4062
1980 4060
1981 4059
1982 4062
1983 4062
1984 4061
1985 4063
1986 4063
1987 4063
1988 4062
1989 4060
1990 4060
1991 4062
1992 4065
1993 4060
1994 4060
1995 4061
1996 4061
1997 4062
1998 4063
1999 4061
2000 4060
2001 4063
2002 4058
2003 4062
2004 4060
2005 4060
2006 4061
2007 4059
2008 4062
2009 4062
2010 4063
2011 4057
2012 4059
2013 4063
2014 4062
2015 4060
2016 4062
2017 4062
2018 4062
2019 4063
2020 4062
2021 4060
2022 4060
2023 4061
2024 4062
2025 4065
2026 4060
2027 4061
2028 4060
2029 4062
2030 4062
2031 4062
2032 4062
2033 4062
2034 4063
2035 4063
2036 4063
2037 4060
2038 4060
2039 4060
2040 4060
2041 4063
2042 4062
2043 4062
2044 4062
2045 4062
2046 4058
2047 4060
2048 4066
2049 4062
2050 4063
2051 4061
2052 4057
2053 4062
2054 4060
2055 4063
2056 4062
2057 4062
2058 4062
2059 4063
2060 4060
2061 4060
2062 4060
2063 4062
2064 4063
2065 4063
2066 4063
2067 4063
2068 4062
2069 4060
2070 4061
2071 4062
2072 4062
2073 4062
2074 4060
2075 4061
2076 4061
2077 4060
2078 4062
2079 4062
2080 4060
2081 4059
2082 4063
2083 4062
2084 4060
2085 4063
2086 4060
2087 4059
2088 4062
2089 4064
2090 4060
2091 4062
2092 4063
2093 4061
2094 4058
2095 4060
2096 4062
2097 4060
2098 4060
2099 4062
2100 4059
2101 4062
2102 4059
2103 4062
2104 4063
2105 4063
2106 4061
2107 4063
2108 4060
2109 4063
2110 4060
2111 4063
2112 4062
2113 4062
2114 4059
2115 4060
2116 4063
2117 4061
2118 4063
2119 4062
2120 4061
2121 4060
2122 4061
2123 4061
2124 4060
2125 4064
2126 4060
2127 4063
2128 4060
2129 4062
2130 4062
2131 4063
2132 4062
2133 4060
2134 4060
2135 4059
2136 4061
2137 4060
2138 4060
2139 4063
2140 4062
2141 4062
2142 4062
2143 4059
2144 4062
2145 4062
2146 4060
2147 4062
2148 4062
2149 4062
2150 4063
2151 4062
2152 4060
2153 4058
2154 4058
2155 4062
2156 4060
2157 4060
2158 4060
2159 4060
2160 4060
2161 4062
2162 4062
2163 4063
2164 4062
2165 4062
2166 4060
2167 4060
2168 4058
2169 4062
2170 4063
2171 4058
2172 4061
2173 4063
2174 4063
2175 4063
2176 4062
2177 4062
2178 4060
2179 4060
2180 4060
2181 4062
2182 4060
2183 4060
2184 4058
2185 4063
2186 4063
2187 4062
2188 4063
2189 4060
2190 4058
2191 4061
2192 4062
2193 4063
2194 4062
2195 4060
2196 4062
2197 4062
2198 4061
2199 4063
2200 4063
2201 4065
2202 4058
2203 4063
2204 4058
2205 4061
2206 4060
2207 4063
2208 4061
2209 4058
2210 4062
2211 4058
2212 4062
2213 4061
2214 4058
2215 4062
2216 4062
2217 4063
2218 4060
2219 4063
2220 4062
2221 4066
2222 4063
2223 4061
2224 4060
2225 4061
2226 4062
2227 4066
2228 4060
2229 4061
2230 4063
2231 4062
2232 4062
2233 4058
2234 4058
2235 4062
2236 4063
2237 4062
2238 4062
2239 4061
2240 4063
2241 4063
2242 4063
2243 4059
2244 4062
2245 4061
2246 4058
2247 4063
2248 4060
2249 4060
2250 4060
2251 4066
2252 4058
2253 4059
2254 4062
2255 4063
2256 4060
2257 4062
2258 4062
2259 4062
2260 4060
2261 4063
2262 4059
2263 4059
2264 4063
2265 4060
2266 4058
2267 4060
2268 4062
2269 4062
2270 4060
2271 4060
2272 4058
2273 4062
2274 4062
2275 4061
2276 4060
2277 4062
2278 4064
2279 4062
2280 4062
2281 4062
2282 4060
2283 4063
2284 4062
2285 4063
2286 4062
2287 4062
2288 4062
2289 4062
2290 4063
2291 4062
2292 4060
2293 4062
2294 4062
2295 4063
2296 4062
2297 4060
2298 4063
2299 4060
2300 4060
2301 4063
2302 4060
2303 4060
2304 4060
2305 4063
2306 4062
2307 4062
2308 4060
2309 4063
2310 4062
2311 4063
2312 4060
2313 4062
2314 4062
2315 4062
2316 4062
2317 4060
2318 4060
2319 4061
2320 4062
2321 4062
2322 4057
2323 4059
2324 4063
2325 4060
2326 4062
2327 4059
2328 4061
2329 4060
2330 4063
2331 4062
2332 4062
2333 4062
2334 4062
2335 4063
2336 4060
2337 4062
2338 4058
2339 4065
2340 4060
2341 4063
2342 4061
2343 4060
2344 4063
2345 4065
2346 4063
2347 4061
2348 4061
2349 4060
2350 4063
2351 4063
2352 4060
2353 4060
2354 4061
2355 4060
2356 4063
2357 4058
2358 4062
2359 4066
2360 4062
2361 4060
2362 4062
2363 4062
2364 4061
2365 4059
2366 4062
2367 4060
2368 4062
2369 4060
2370 4062
2371 4062
2372 4062
2373 4060
2374 4062
2375 4060
2376 4061
2377 4060
2378 4060
2379 4062
2380 4060
2381 4063
2382 4061
2383 4059
2384 4060
2385 4058
2386 4063
2387 4065
2388 4062
2389 4058
2390 4060
2391 4061
2392 4057
2393 4061
2394 4060
2395 4062
2396 4060
2397 4061
2398 4059
2399 4060
2400 4061
2401 4062
2402 4056
2403 4057
2404 4067
2405 4062
2406 4061
2407 4062
2408 4060
2409 4062
2410 4062
2411 4062
2412 4063
2413 4062
2414 4062
2415 4060
2416 4062
2417 4060
2418 4063
2419 4063
2420 4062
2421 4063
2422 4059
2423 4058
2424 4060
2425 4062
2426 4063
2427 4062
2428 4062
2429 4061
2430 4062
2431 4060
2432 4059
2433 4060
2434 4061
2435 4066
2436 4062
2437 4061
2438 4062
2439 4062
2440 4065
2441 4063
2442 4060
2443 4058
2444 4060
2445 4060
2446 4061
2447 4066
2448 4062
2449 4063
2450 4062
2451 4061
2452 4058
2453 4061
2454 4063
2455 4062
2456 4058
2457 4062
2458 4060
2459 4062
2460 4063
2461 4060
2462 4060
2463 4062
2464 4061
2465 4062
2466 4060
2467 4063
2468 4062
2469 4060
2470 4060
2471 4060
2472 4060
2473 4063
2474 4061
2475 4058
2476 4061
2477 4062
2478 4060
2479 4063
2480 4060
2481 4060
2482 4060
2483 4063
2484 4062
2485 4061
2486 4066
2487 4059
2488 4060
2489 4056
2490 4062
2491 4062
2492 4060
2493 4062
2494 4062
2495 4063
2496 4062
2497 4060
2498 4059
2499 4062
2500 4062
2501 4063
2502 4062
2503 4058
2504 4060
2505 4062
2506 4063
2507 4062
2508 4060
2509 4063
2510 4062
2511 4062
2512 4062
2513 4062
2514 4062
2515 4058
2516 4061
2517 4061
2518 4060
2519 4060
2520 4060
2521 4058
2522 4062
2523 4063
2524 4060
2525 4063
2526 4061
2527 4060
2528 4061
2529 4062
2530 4062
2531 4062
2532 4062
2533 4060
2534 4060
2535 4058
2536 4062
2537 4061
2538 4060
2539 4060
2540 4061
2541 4060
2542 4060
2543 4060
2544 4060
2545 4060
2546 4061
2547 4063
2548 4062
2549 4060
2550 4058
2551 4063
2552 4057
2553 4060
2554 4059
2555 4060
2556 4058
2557 4063
2558 4061
2559 4063
2560 4062
2561 4058
2562 4058
2563 4060
2564 4060
2565 4059
2566 4062
2567 4058
2568 4062
2569 4060
2570 4060
2571 4060
2572 4063
2573 4060
2574 4060
2575 4061
2576 4060
2577 4056
2578 4058
2579 4059
2580 4060
2581 4060
2582 4062
2583 4062
2584 4060
2585 4061
2586 4060
2587 4060
2588 4060
2589 4060
2590 4060
2591 4060
2592 4060
2593 4062
2594 4062
2595 4062
2596 4060
2597 4061
2598 4060
2599 4060
2600 4062
2601 4062
2602 4059
2603 4059
2604 4061
2605 4060
2606 4059
2607 4063
2608 4061
2609 4063
2610 4062
2611 4061
2612 4062
2613 4063
2614 4059
2615 4060
2616 4060
2617 4061
2618 4059
2619 4060
2620 4062
2621 4061
2622 4062
2623 4062
2624 4058
2625 4060
2626 4064
2627 4061
2628 4059
2629 4061
2630 4062
2631 4060
2632 4063
2633 4061
2634 4060
2635 4063
2636 4060
2637 4060
2638 4061
2639 4058
2640 4060
2641 4060
2642 4060
2643 4060
2644 4060
2645 4059
2646 4061
2647 4058
2648 4061
2649 4061
2650 4058
2651 4060
2652 4058
2653 4061
2654 4062
2655 4060
2656 4061
2657 4062
2658 4060
2659 4063
2660 4062
2661 4060
2662 4061
2663 4062
2664 4062
2665 4062
2666 4062
2667 4061
2668 4062
2669 4062
2670 4063
2671 4062
2672 4058
2673 4062
2674 4060
2675 4058
2676 4059
2677 4062
2678 4062
2679 4061
2680 4060
2681 4060
2682 4060
2683 4059
2684 4063
2685 4060
2686 4062
2687 4061
2688 4060
2689 4060
2690 4060
2691 4060
2692 4063
2693 4060
2694 4063
2695 4062
2696 4063
2697 4062
2698 4060
2699 4060
2700 4061
2701 4062
2702 4060
2703 4056
2704 4063
2705 4063
2706 4062
2707 4062
2708 4062
2709 4062
2710 4060
2711 4062
2712 4060
2713 4063
2714 4060
2715 4063
2716 4063
2717 4060
2718 4062
2719 4062
2720 4062
2721 4060
2722 4062
2723 4059
2724 4060
2725 4060
2726 4060
2727 4062
2728 4058
2729 4058
2730 4062
2731 4062
2732 4062
2733 4063
2734 4063
2735 4063
2736 4060
2737 4062
2738 4062
2739 4060
2740 4060
2741 4062
2742 4061
2743 4062
2744 4060
2745 4063
2746 4062
2747 4062
2748 4062
2749 4063
2750 4060
2751 4062
2752 4056
2753 4062
2754 4060
2755 4062
2756 4060
2757 4060
2758 4062
2759 4059
2760 4061
2761 4063
2762 4058
2763 4066
2764 4063
2765 4060
2766 4060
2767 4060
2768 4060
2769 4060
2770 4060
2771 4058
2772 4062
2773 4062
2774 4060
2775 4061
2776 4063
2777 4063
2778 4058
2779 4063
2780 4063
2781 4059
2782 4060
2783 4060
2784 4066
2785 4063
2786 4062
2787 4058
2788 4062
2789 4060
2790 4060
2791 4059
2792 4062
2793 4060
2794 4060
2795 4062
2796 4062
2797 4063
2798 4063
2799 4060
2800 4061
2801 4062
2802 4060
2803 4062
2804 4062
2805 4063
2806 4063
2807 4062
2808 4062
2809 4062
2810 4062
2811 4062
2812 4058
2813 4062
2814 4062
2815 4062
2816 4062
2817 4060
2818 4060
2819 4062
2820 4059
2821 4062
2822 4063
2823 4062
2824 4062
2825 4063
2826 4062
2827 4062
2828 4058
2829 4060
2830 4060
2831 4058
2832 4062
2833 4058
2834 4060
2835 4058
2836 4060
2837 4060
2838 4061
2839 4061
2840 4062
2841 4063
2842 4059
2843 4060
2844 4061
2845 4058
2846 4061
2847 4060
2848 4062
2849 4060
2850 4060
2851 4066
2852 4058
2853 4063
2854 4062
2855 4059
2856 4059
2857 4061
2858 4062
2859 4060
2860 4060
2861 4060
2862 4059
2863 4061
2864 4061
2865 4059
2866 4062
2867 4062
2868 4060
2869 4060
2870 4060
2871 4059
2872 4062
2873 4061
2874 4062
2875 4062
2876 4060
2877 4061
2878 4061
2879 4061
2880 4062
2881 4060
2882 4060
2883 4062
2884 4062
2885 4062
2886 4063
2887 4063
2888 4060
2889 4061
2890 4063
2891 4061
2892 4058
2893 4060
2894 4060
2895 4060
2896 4060
2897 4062
2898 4062
2899 4062
2900 4062
2901 4063
2902 4055
2903 4059
2904 4060
2905 4062
2906 4062
2907 4062
2908 4061
2909 4062
2910 4063
2911 4062
2912 4062
2913 4062
2914 4062
2915 4061
2916 4061
2917 4062
2918 4061
2919 4063
2920 4060
2921 4062
2922 4062
2923 4063
2924 4063
2925 4063
2926 4060
2927 4063
2928 4060
2929 4063
2930 4058
2931 4060
2932 4060
2933 4063
2934 4062
2935 4062
2936 4060
2937 4063
2938 4060
2939 4061
2940 4060
2941 4062
2942 4060
2943 4062
2944 4062
2945 4063
2946 4059
2947 4063
2948 4060
2949 4062
2950 4063
2951 4062
2952 4060
2953 4059
2954 4059
2955 4062
2956 4060
2957 4062
2958 4060
2959 4060
2960 4062
2961 4061
2962 4061
2963 4063
2964 4062
2965 4063
2966 4063
2967 4062
2968 4062
2969 4063
2970 4063
2971 4062
2972 4062
2973 4061
2974 4062
2975 4062
2976 4063
2977 4062
2978 4062
2979 4062
2980 4062
2981 4059
2982 4062
2983 4062
2984 4063
2985 4062
2986 4063
2987 4062
2988 4060
2989 4062
2990 4060
2991 4060
2992 4061
2993 4060
2994 4063
2995 4063
2996 4061
2997 4062
2998 4061
2999 4062
3000 4060
3001 4063
3002 4059
3003 4060
3004 4063
3005 4065
3006 4063
3007 4063
3008 4060
3009 4063
3010 4062
3011 4063
3012 4062
3013 4060
3014 4062
3015 4066
3016 4062
3017 4060
3018 4062
3019 4062
3020 4063
3021 4061
3022 4062
3023 4062
3024 4061
3025 4063
3026 4061
3027 4062
3028 4058
3029 4062
3030 4060
3031 4061
3032 4060
3033 4065
3034 4062
3035 4062
3036 4063
3037 4063
3038 4060
3039 4062
3040 4062
3041 4065
3042 4062
3043 4066
3044 4060
3045 4063
3046 4061
3047 4063
3048 4060
3049 4062
3050 4062
3051 4066
3052 4060
3053 4061
3054 4060
3055 4063
3056 4063
3057 4062
3058 4063
3059 4062
3060 4060
3061 4063
3062 4061
3063 4062
3064 4062
3065 4063
3066 4063
3067 4060
3068 4062
3069 4068
3070 4063
3071 4063
3072 4061
3073 4063
3074 4061
3075 4063
3076 4062
3077 4060
3078 4062
3079 4062
3080 4061
3081 4062
3082 4059
3083 4063
3084 4061
3085 4062
3086 4062
3087 4066
3088 4061
3089 4062
3090 4062
3091 4063
3092 4058
3093 4062
3094 4063
3095 4062
3096 4062
3097 4063
3098 4063
3099 4063
3100 4061
3101 4062
3102 4062
3103 4061
3104 4062
3105 4060
3106 4061
3107 4063
3108 4062
3109 4063
3110 4063
3111 4063
3112 4062
3113 4062
3114 4063
3115 4063
3116 4063
3117 4063
3118 4063
3119 4062
3120 4063
3121 4062
3122 4063
3123 4062
3124 4063
3125 4062
3126 4062
3127 4060
3128 4063
3129 4063
3130 4062
3131 4060
3132 4062
3133 4062
3134 4062
3135 4063
3136 4063
3137 4063
3138 4068
3139 4065
3140 4066
3141 4062
3142 4060
3143 4068
3144 4065
3145 4062
3146 4061
3147 4065
3148 4063
3149 4060
3150 4062
3151 4068
3152 4059
3153 4062
3154 4063
3155 4062
3156 4062
3157 4063
3158 4062
3159 4065
3160 4062
3161 4063
3162 4063
3163 4062
3164 4060
3165 4062
3166 4062
3167 4062
3168 4060
3169 4066
3170 4060
3171 4063
3172 4062
3173 4062
3174 4063
3175 4064
3176 4060
3177 4063
3178 4062
3179 4063
3180 4062
3181 4061
3182 4063
3183 4063
3184 4063
3185 4062
3186 4062
3187 4060
3188 4062
3189 4063
3190 4062
3191 4063
3192 4058
3193 4063
3194 4062
3195 4062
3196 4062
3197 4062
3198 4062
3199 4062
3200 4063
3201 4063
3202 4061
3203 4062
3204 4063
3205 4063
3206 4063
3207 4066
3208 4066
3209 4062
3210 4061
3211 4061
3212 4061
3213 4062
3214 4063
3215 4060
3216 4061
3217 4062
3218 4063
3219 4063
3220 4063
3221 4062
3222 4062
3223 4063
3224 4063
3225 4062
3226 4062
3227 4063
3228 4062
3229 4062
3230 4063
3231 4063
3232 4062
3233 4063
3234 4063
3235 4062
3236 4063
3237 4062
3238 4063
3239 4068
3240 4066
3241 4063
3242 4060
3243 4062
3244 4060
3245 4066
3246 4062
3247 4066
3248 4061
3249 4062
3250 4060
3251 4066
3252 4062
3253 4060
3254 4063
3255 4063
3256 4062
3257 4062
3258 4063
3259 4063
3260 4066
3261 4063
3262 4062
3263 4063
3264 4062
3265 4063
3266 4063
3267 4062
3268 4066
3269 4060
3270 4063
3271 4060
3272 4061
3273 4063
3274 4063
3275 4063
3276 4062
3277 4063
3278 4062
3279 4063
3280 4062
3281 4063
3282 4060
3283 4062
3284 4063
3285 4063
3286 4061
3287 4063
3288 4063
3289 4063
3290 4062
3291 4066
3292 4061
3293 4066
3294 4062
3295 4063
3296 4062
3297 4062
3298 4062
3299 4062
3300 4063
3301 4066
3302 4060
3303 4063
3304 4061
3305 4060
3306 4062
3307 4062
3308 4063
3309 4063
3310 4062
3311 4062
3312 4063
3313 4061
3314 4063
3315 4063
3316 4063
3317 4062
3318 4061
3319 4062
3320 4062
3321 4063
3322 4062
3323 4063
3324 4062
3325 4062
3326 4062
3327 4062
3328 4063
3329 4063
3330 4061
3331 4062
3332 4063
3333 4063
3334 4062
3335 4062
3336 4063
3337 4060
3338 4062
3339 4063
3340 4062
3341 4063
3342 4063
3343 4063
3344 4060
3345 4063
3346 4062
3347 4063
3348 4060
3349 4062
3350 4063
3351 4062
3352 4063
3353 4062
3354 4062
3355 4062
3356 4060
3357 4063
3358 4062
3359 4063
3360 4060
3361 4061
3362 4060
3363 4060
3364 4062
3365 4066
3366 4063
3367 4062
3368 4060
3369 4063
3370 4060
3371 4058
3372 4063
3373 4062
3374 4063
3375 4060
3376 4064
3377 4062
3378 4060
3379 4060
3380 4060
3381 4062
3382 4065
3383 4063
3384 4062
3385 4061
3386 4062
3387 4060
3388 4063
3389 4063
3390 4066
3391 4063
3392 4060
3393 4062
3394 4062
3395 4062
3396 4062
3397 4061
3398 4065
3399 4059
3400 4062
3401 4063
3402 4058
3403 4062
3404 4059
3405 4061
3406 4060
3407 4063
3408 4061
3409 4066
3410 4063
3411 4063
3412 4063
3413 4063
3414 4062
3415 4062
3416 4062
3417 4065
3418 4060
3419 4062
3420 4062
3421 4060
3422 4062
3423 4063
3424 4062
3425 4063
3426 4061
3427 4062
3428 4063
3429 4062
3430 4065
3431 4060
3432 4060
3433 4060
3434 4063
3435 4062
3436 4060
3437 4063
3438 4063
3439 4063
3440 4063
3441 4062
3442 4062
3443 4062
3444 4063
3445 4061
3446 4065
3447 4063
3448 4061
3449 4063
3450 4062
3451 4062
3452 4060
3453 4060
3454 4062
3455 4063
3456 4062
3457 4063
3458 4063
3459 4062
3460 4060
3461 4062
3462 4058
3463 4060
3464 4062
3465 4062
3466 4063
3467 4059
3468 4060
3469 4063
3470 4063
3471 4060
3472 4061
3473 4065
3474 4062
3475 4063
3476 4062
3477 4062
3478 4058
3479 4063
3480 4062
3481 4063
3482 4062
3483 4060
3484 4062
3485 4063
3486 4060
3487 4062
3488 4063
3489 4063
3490 4063
3491 4063
3492 4060
3493 4062
3494 4062
3495 4062
3496 4062
3497 4062
3498 4063
3499 4060
3500 4060
3501 4066
3502 4062
3503 4062
3504 4060
3505 4062
3506 4060
3507 4061
3508 4060
3509 4062
3510 4063
3511 4065
3512 4060
3513 4063
3514 4063
3515 4062
3516 4063
3517 4061
3518 4060
3519 4061
3520 4063
3521 4058
3522 4062
3523 4065
3524 4061
3525 4066
3526 4065
3527 4063
3528 4059
3529 4063
3530 4059
3531 4062
3532 4062
3533 4063
3534 4063
3535 4059
3536 4062
3537 4062
3538 4062
3539 4062
3540 4060
3541 4062
3542 4060
3543 4062
3544 4060
3545 4063
3546 4062
3547 4063
3548 4063
3549 4063
3550 4062
3551 4067
3552 4062
3553 4063
3554 4062
3555 4061
3556 4060
3557 4062
3558 4062
3559 4062
3560 4060
3561 4060
3562 4063
3563 4061
3564 4062
3565 4062
3566 4063
3567 4062
3568 4063
3569 4060
3570 4060
3571 4063
3572 4061
3573 4062
3574 4061
3575 4063
3576 4062
3577 4062
3578 4060
3579 4066
3580 4060
3581 4063
3582 4060
3583 4063
3584 4060
3585 4062
3586 4062
3587 4061
3588 4062
3589 4059
3590 4062
3591 4063
3592 4060
3593 4063
3594 4066
3595 4063
3596 4060
3597 4062
3598 4062
3599 4063
3600 4062
3601 4063
3602 4062
3603 4062
3604 4063
3605 4063
3606 4062
3607 4062
3608 4065
3609 4061
3610 4063
3611 4063
3612 4063
3613 4063
3614 4062
3615 4063
3616 4062
3617 4065
3618 4063
3619 4066
3620 4063
3621 4062
3622 4063
3623 4063
3624 4062
3625 4061
3626 4061
3627 4061
3628 4060
3629 4061
3630 4062
3631 4063
3632 4063
3633 4059
3634 4062
3635 4062
3636 4063
3637 4062
3638 4063
3639 4062
3640 4065
3641 4060
3642 4060
3643 4063
3644 4060
3645 4062
3646 4063
3647 4061
3648 4062
3649 4063
3650 4063
3651 4066
3652 4058
3653 4062
3654 4063
3655 4059
3656 4060
3657 4062
3658 4060
3659 4063
3660 4062
3661 4063
3662 4062
3663 4066
3664 4060
3665 4062
3666 4062
3667 4062
3668 4062
3669 4062
3670 4062
3671 4063
3672 4063
3673 4063
3674 4062
3675 4065
3676 4062
3677 4060
3678 4062
3679 4062
3680 4063
3681 4062
3682 4063
3683 4063
3684 4063
3685 4063
3686 4060
3687 4062
3688 4062
3689 4062
3690 4064
3691 4063
3692 4062
3693 4063
3694 4062
