#Data from the TCD1304 linear CCD
#column 1 = pixelnumber , column 2 = pixelvalue
#Pixel 1-32 and 3679-3694 and are dummy pixels
#SH-period: 200    ICG-period: 100000    Integration time: 100.0 us
2 4042
3 4045
4 4060
5 4059
6 4061
7 4058
8 4061
9 4058
10 4059
11 4058
12 4056
13 4059
14 4062
15 4060
16 4060
17 4060
18 4058
19 4061
20 4058
21 4060
22 4060
23 4060
24 4058
25 4057
26 4060
27 4063
28 4062
29 4058
30 4060
31 4060
32 4060
34 4062
35 4059
36 4062
37 4060
38 4056
39 4059
40 4060
41 4061
42 4060
43 4062
44 4062
45 4061
46 4061
47 4062
48 4058
49 4063
50 4058
51 4061
52 4059
53 4062
54 4058
55 4062
56 4060
57 4060
58 4060
59 4060
60 4058
61 4060
62 4057
63 4060
64 4063
65 4060
66 4063
67 4062
68 4062
69 4059
70 4057
71 4060
72 4062
73 4062
74 4060
75 4061
76 4058
77 4063
78 4061
79 4060
80 4058
81 4063
82 4059
83 4062
84 4060
85 4061
86 4060
87 4059
88 4060
89 4060
90 4059
91 4060
92 4061
93 4058
94 4057
95 4058
96 4060
97 4063
98 4059
99 4060
100 4060
101 4063
102 4059
103 4058
104 4061
105 4057
106 4058
107 4063
108 4060
109 4062
110 4060
111 4062
112 4059
113 4060
114 4061
115 4061
116 4060
117 4060
118 4060
119 4059
120 4063
121 4060
122 4060
123 4062
124 4058
125 4060
126 4062
127 4061
128 4061
129 4060
130 4060
131 4062
132 4056
133 4060
134 4059
135 4060
136 4061
137 4060
138 4062
139 4058
140 4060
141 4062
142 4061
143 4058
144 4061
145 4060
146 4060
147 4058
148 4060
149 4059
150 4060
151 4062
152 4058
153 4060
154 4060
155 4061
156 4063
157 4062
158 4062
159 4060
160 4061
161 4063
162 4059
163 4057
164 4062
165 4062
166 4058
167 4060
168 4060
169 4060
170 4058
171 4062
172 4062
173 4062
174 4058
175 4061
176 4058
177 4058
178 4060
179 4063
180 4062
181 4056
182 4058
183 4060
184 4058
185 4058
186 4060
187 4060
188 4058
189 4060
190 4061
191 4060
192 4060
193 4060
194 4058
195 4061
196 4061
197 4058
198 4060
199 4058
200 4060
201 4062
202 4061
203 4060
204 4060
205 4060
206 4060
207 4058
208 4058
209 4061
210 4060
211 4058
212 4060
213 4059
214 4060
215 4060
216 4061
217 4059
218 4062
219 4063
220 4058
221 4062
222 4058
223 4061
224 4059
225 4061
226 4058
227 4062
228 4062
229 4062
230 4058
231 4060
232 4060
233 4060
234 4063
235 4060
236 4060
237 4062
238 4060
239 4060
240 4060
241 4063
242 4060
243 4062
244 4062
245 4061
246 4059
247 4060
248 4058
249 4060
250 4062
251 4057
252 4056
253 4060
254 4061
255 4059
256 4061
257 4062
258 4061
259 4061
260 4060
261 4063
262 4059
263 4062
264 4058
265 4061
266 4060
267 4058
268 4060
269 4062
270 4062
271 4062
272 4062
273 4059
274 4062
275 4061
276 4061
277 4060
278 4058
279 4058
280 4058
281 4058
282 4062
283 4062
284 4061
285 4060
286 4058
287 4062
288 4058
289 4062
290 4061
291 4063
292 4059
293 4058
294 4060
295 4060
296 4058
297 4060
298 4060
299 4058
300 4061
301 4062
302 4058
303 4059
304 4061
305 4060
306 4060
307 4063
308 4061
309 4062
310 4058
311 4060
312 4060
313 4060
314 4061
315 4060
316 4062
317 4057
318 4060
319 4065
320 4058
321 4058
322 4060
323 4058
324 4060
325 4060
326 4063
327 4060
328 4058
329 4058
330 4058
331 4059
332 4060
333 4062
334 4060
335 4062
336 4058
337 4059
338 4060
339 4058
340 4062
341 4060
342 4059
343 4060
344 4062
345 4061
346 4060
347 4062
348 4061
349 4060
350 4058
351 4060
352 4060
353 4063
354 4061
355 4056
356 4058
357 4059
358 4060
359 4060
360 4060
361 4057
362 4058
363 4062
364 4061
365 4062
366 4060
367 4060
368 4060
369 4059
370 4061
371 4060
372 4058
373 4058
374 4060
375 4061
376 4058
377 4060
378 4060
379 4062
380 4059
381 4058
382 4060
383 4062
384 4060
385 4056
386 4058
387 4060
388 4058
389 4059
390 4058
391 4060
392 4060
393 4062
394 4057
395 4062
396 4060
397 4062
398 4060
399 4060
400 4060
401 4060
402 4056
403 4060
404 4060
405 4059
406 4062
407 4060
408 4060
409 4061
410 4062
411 4061
412 4058
413 4060
414 4056
415 4060
416 4059
417 4062
418 4058
419 4058
420 4060
421 4060
422 4060
423 4060
424 4060
425 4060
426 4057
427 4060
428 4060
429 4060
430 4060
431 4058
432 4062
433 4060
434 4061
435 4060
436 4060
437 4060
438 4063
439 4060
440 4058
441 4060
442 4061
443 4060
444 4062
445 4063
446 4061
447 4061
448 4056
449 4061
450 4062
451 4061
452 4058
453 4060
454 4059
455 4063
456 4061
457 4061
458 4059
459 4060
460 4063
461 4062
462 4056
463 4061
464 4058
465 4057
466 4060
467 4060
468 4062
469 4060
470 4063
471 4060
472 4061
473 4062
474 4059
475 4060
476 4062
477 4060
478 4058
479 4058
480 4062
481 4063
482 4062
483 4059
484 4058
485 4058
486 4061
487 4060
488 4060
489 4063
490 4057
491 4059
492 4057
493 4060
494 4060
495 4061
496 4060
497 4060
498 4060
499 4060
500 4061
501 4058
502 4058
503 4060
504 4060
505 4058
506 4060
507 4058
508 4060
509 4060
510 4060
511 4058
512 4062
513 4060
514 4057
515 4058
516 4056
517 4060
518 4062
519 4060
520 4062
521 4060
522 4060
523 4058
524 4060
525 4060
526 4057
527 4060
528 4058
529 4058
530 4055
531 4058
532 4057
533 4062
534 4060
535 4060
536 4058
537 4060
538 4061
539 4060
540 4058
541 4058
542 4060
543 4058
544 4058
545 4062
546 4061
547 4058
548 4060
549 4060
550 4060
551 4058
552 4058
553 4058
554 4059
555 4058
556 4059
557 4058
558 4062
559 4057
560 4054
561 4058
562 4060
563 4060
564 4060
565 4058
566 4056
567 4058
568 4060
569 4058
570 4058
571 4062
572 4058
573 4060
574 4059
575 4058
576 4059
577 4056
578 4062
579 4056
580 4057
581 4059
582 4056
583 4056
584 4058
585 4058
586 4054
587 4059
588 4055
589 4056
590 4054
591 4059
592 4054
593 4052
594 4053
595 4056
596 4056
597 4056
598 4054
599 4053
600 4054
601 4056
602 4056
603 4053
604 4050
605 4051
606 4050
607 4050
608 4048
609 4050
610 4050
611 4044
612 4046
613 4045
614 4047
615 4040
616 4038
617 4028
618 4026
619 4015
620 4004
621 3982
622 3974
623 3944
624 3924
625 3842
626 3764
627 3774
628 3774
629 3728
630 3681
631 3598
632 3508
633 3458
634 3395
635 3256
636 3033
637 2840
638 2644
639 2702
640 2743
641 2045
642 1669
643 1642
644 1615
645 1624
646 1647
647 1597
648 1630
649 1770
650 1967
651 1657
652 1594
653 1600
654 1664
655 2127
656 2384
657 2510
658 2754
659 2555
660 1985
661 1758
662 1814
663 1857
664 1768
665 2026
666 2739
667 3268
668 3383
669 3405
670 3446
671 3525
672 3590
673 3652
674 3693
675 3765
676 3791
677 3823
678 3860
679 3896
680 3913
681 3933
682 3945
683 3964
684 3970
685 3983
686 3988
687 3999
688 3998
689 4001
690 4004
691 4015
692 4020
693 4022
694 4026
695 4031
696 4036
697 4042
698 4040
699 4044
700 4047
701 4042
702 4038
703 4045
704 4042
705 4051
706 4047
707 4043
708 4046
709 4050
710 4050
711 4050
712 4048
713 4053
714 4054
715 4054
716 4050
717 4055
718 4052
719 4052
720 4052
721 4056
722 4053
723 4052
724 4054
725 4053
726 4052
727 4054
728 4055
729 4054
730 4052
731 4055
732 4055
733 4056
734 4055
735 4054
736 4056
737 4054
738 4054
739 4056
740 4053
741 4056
742 4056
743 4056
744 4052
745 4057
746 4058
747 4053
748 4054
749 4056
750 4056
751 4054
752 4054
753 4056
754 4056
755 4056
756 4056
757 4057
758 4052
759 4056
760 4058
761 4054
762 4058
763 4058
764 4057
765 4053
766 4058
767 4059
768 4058
769 4056
770 4057
771 4054
772 4058
773 4058
774 4058
775 4054
776 4054
777 4055
778 4056
779 4054
780 4058
781 4059
782 4058
783 4058
784 4056
785 4057
786 4056
787 4058
788 4059
789 4058
790 4058
791 4056
792 4057
793 4059
794 4056
795 4059
796 4054
797 4059
798 4057
799 4056
800 4058
801 4062
802 4054
803 4059
804 4058
805 4060
806 4056
807 4056
808 4056
809 4058
810 4054
811 4058
812 4057
813 4061
814 4054
815 4058
816 4059
817 4058
818 4054
819 4058
820 4056
821 4058
822 4056
823 4057
824 4056
825 4058
826 4056
827 4057
828 4054
829 4060
830 4056
831 4054
832 4058
833 4056
834 4060
835 4060
836 4057
837 4060
838 4058
839 4056
840 4058
841 4056
842 4056
843 4058
844 4061
845 4060
846 4056
847 4059
848 4058
849 4058
850 4059
851 4060
852 4055
853 4060
854 4058
855 4060
856 4054
857 4056
858 4058
859 4058
860 4058
861 4060
862 4058
863 4058
864 4058
865 4058
866 4056
867 4056
868 4056
869 4060
870 4058
871 4056
872 4057
873 4060
874 4052
875 4058
876 4058
877 4061
878 4057
879 4059
880 4054
881 4056
882 4058
883 4056
884 4058
885 4061
886 4054
887 4056
888 4058
889 4056
890 4059
891 4057
892 4057
893 4057
894 4057
895 4058
896 4058
897 4054
898 4056
899 4059
900 4058
901 4060
902 4054
903 4060
904 4058
905 4062
906 4056
907 4060
908 4058
909 4056
910 4058
911 4056
912 4056
913 4058
914 4056
915 4059
916 4058
917 4056
918 4058
919 4061
920 4060
921 4060
922 4055
923 4058
924 4060
925 4058
926 4058
927 4058
928 4056
929 4060
930 4056
931 4058
932 4056
933 4060
934 4058
935 4060
936 4058
937 4061
938 4059
939 4058
940 4056
941 4057
942 4052
943 4056
944 4059
945 4057
946 4060
947 4056
948 4055
949 4059
950 4060
951 4059
952 4059
953 4058
954 4057
955 4058
956 4056
957 4057
958 4056
959 4060
960 4057
961 4059
962 4060
963 4058
964 4058
965 4056
966 4062
967 4060
968 4055
969 4060
970 4059
971 4056
972 4058
973 4056
974 4060
975 4058
976 4056
977 4060
978 4056
979 4058
980 4054
981 4060
982 4058
983 4061
984 4058
985 4060
986 4058
987 4060
988 4058
989 4060
990 4060
991 4058
992 4056
993 4058
994 4056
995 4060
996 4060
997 4057
998 4057
999 4060
1000 4056
1001 4058
1002 4058
1003 4057
1004 4056
1005 4057
1006 4058
1007 4058
1008 4058
1009 4058
1010 4055
1011 4058
1012 4060
1013 4058
1014 4058
1015 4057
1016 4057
1017 4061
1018 4056
1019 4060
1020 4057
1021 4060
1022 4057
1023 4058
1024 4058
1025 4058
1026 4056
1027 4058
1028 4058
1029 4056
1030 4056
1031 4060
1032 4057
1033 4057
1034 4058
1035 4058
1036 4058
1037 4056
1038 4057
1039 4058
1040 4054
1041 4057
1042 4058
1043 4060
1044 4057
1045 4060
1046 4062
1047 4054
1048 4056
1049 4057
1050 4058
1051 4060
1052 4060
1053 4061
1054 4056
1055 4060
1056 4059
1057 4058
1058 4060
1059 4061
1060 4058
1061 4060
1062 4058
1063 4058
1064 4058
1065 4060
1066 4056
1067 4056
1068 4058
1069 4058
1070 4060
1071 4058
1072 4056
1073 4060
1074 4058
1075 4058
1076 4056
1077 4063
1078 4056
1079 4054
1080 4058
1081 4058
1082 4058
1083 4060
1084 4058
1085 4056
1086 4058
1087 4060
1088 4060
1089 4056
1090 4061
1091 4058
1092 4056
1093 4057
1094 4056
1095 4056
1096 4056
1097 4056
1098 4056
1099 4061
1100 4057
1101 4060
1102 4056
1103 4060
1104 4056
1105 4058
1106 4057
1107 4057
1108 4059
1109 4059
1110 4054
1111 4058
1112 4058
1113 4058
1114 4058
1115 4057
1116 4060
1117 4058
1118 4055
1119 4056
1120 4058
1121 4058
1122 4058
1123 4058
1124 4058
1125 4058
1126 4059
1127 4059
1128 4058
1129 4056
1130 4058
1131 4057
1132 4057
1133 4058
1134 4060
1135 4058
1136 4063
1137 4058
1138 4057
1139 4058
1140 4058
1141 4058
1142 4057
1143 4056
1144 4057
1145 4058
1146 4058
1147 4060
1148 4061
1149 4060
1150 4060
1151 4060
1152 4060
1153 4059
1154 4058
1155 4059
1156 4061
1157 4063
1158 4059
1159 4058
1160 4060
1161 4059
1162 4060
1163 4059
1164 4057
1165 4059
1166 4060
1167 4062
1168 4060
1169 4056
1170 4058
1171 4058
1172 4060
1173 4059
1174 4059
1175 4060
1176 4060
1177 4060
1178 4059
1179 4058
1180 4060
1181 4059
1182 4056
1183 4058
1184 4056
1185 4060
1186 4058
1187 4060
1188 4060
1189 4056
1190 4056
1191 4060
1192 4058
1193 4058
1194 4060
1195 4060
1196 4058
1197 4058
1198 4058
1199 4057
1200 4058
1201 4059
1202 4055
1203 4060
1204 4056
1205 4060
1206 4060
1207 4060
1208 4061
1209 4058
1210 4057
1211 4060
1212 4060
1213 4056
1214 4059
1215 4058
1216 4059
1217 4060
1218 4056
1219 4060
1220 4060
1221 4056
1222 4061
1223 4057
1224 4060
1225 4057
1226 4058
1227 4058
1228 4061
1229 4060
1230 4057
1231 4058
1232 4062
1233 4063
1234 4058
1235 4056
1236 4060
1237 4056
1238 4059
1239 4058
1240 4058
1241 4056
1242 4056
1243 4058
1244 4056
1245 4056
1246 4060
1247 4058
1248 4058
1249 4058
1250 4056
1251 4060
1252 4056
1253 4062
1254 4060
1255 4058
1256 4060
1257 4060
1258 4058
1259 4060
1260 4058
1261 4058
1262 4059
1263 4059
1264 4060
1265 4060
1266 4056
1267 4061
1268 4055
1269 4060
1270 4058
1271 4062
1272 4056
1273 4058
1274 4058
1275 4057
1276 4060
1277 4060
1278 4058
1279 4062
1280 4062
1281 4058
1282 4061
1283 4060
1284 4057
1285 4060
1286 4060
1287 4058
1288 4059
1289 4060
1290 4060
1291 4059
1292 4058
1293 4056
1294 4059
1295 4056
1296 4060
1297 4060
1298 4058
1299 4056
1300 4058
1301 4060
1302 4055
1303 4058
1304 4059
1305 4057
1306 4060
1307 4058
1308 4056
1309 4058
1310 4056
1311 4057
1312 4057
1313 4060
1314 4060
1315 4057
1316 4056
1317 4060
1318 4061
1319 4058
1320 4058
1321 4058
1322 4058
1323 4058
1324 4058
1325 4060
1326 4057
1327 4061
1328 4056
1329 4058
1330 4057
1331 4058
1332 4062
1333 4057
1334 4059
1335 4056
1336 4059
1337 4059
1338 4056
1339 4060
1340 4056
1341 4058
1342 4058
1343 4058
1344 4059
1345 4060
1346 4057
1347 4060
1348 4060
1349 4058
1350 4059
1351 4058
1352 4054
1353 4058
1354 4059
1355 4058
1356 4061
1357 4059
1358 4055
1359 4060
1360 4062
1361 4059
1362 4056
1363 4058
1364 4059
1365 4062
1366 4058
1367 4058
1368 4060
1369 4060
1370 4058
1371 4058
1372 4056
1373 4058
1374 4058
1375 4060
1376 4058
1377 4062
1378 4057
1379 4060
1380 4060
1381 4058
1382 4056
1383 4060
1384 4058
1385 4057
1386 4058
1387 4060
1388 4060
1389 4057
1390 4059
1391 4058
1392 4058
1393 4060
1394 4058
1395 4056
1396 4059
1397 4058
1398 4060
1399 4058
1400 4058
1401 4058
1402 4058
1403 4060
1404 4059
1405 4058
1406 4058
1407 4059
1408 4056
1409 4060
1410 4060
1411 4059
1412 4058
1413 4058
1414 4060
1415 4056
1416 4056
1417 4058
1418 4062
1419 4062
1420 4056
1421 4060
1422 4060
1423 4058
1424 4058
1425 4058
1426 4057
1427 4060
1428 4058
1429 4058
1430 4058
1431 4060
1432 4058
1433 4060
1434 4058
1435 4060
1436 4060
1437 4060
1438 4058
1439 4060
1440 4056
1441 4060
1442 4058
1443 4059
1444 4061
1445 4059
1446 4061
1447 4058
1448 4056
1449 4058
1450 4059
1451 4061
1452 4054
1453 4058
1454 4059
1455 4058
1456 4060
1457 4058
1458 4058
1459 4058
1460 4058
1461 4060
1462 4060
1463 4058
1464 4060
1465 4059
1466 4057
1467 4061
1468 4059
1469 4058
1470 4060
1471 4058
1472 4059
1473 4058
1474 4060
1475 4058
1476 4056
1477 4061
1478 4057
1479 4057
1480 4058
1481 4060
1482 4058
1483 4058
1484 4059
1485 4054
1486 4058
1487 4060
1488 4058
1489 4059
1490 4061
1491 4060
1492 4058
1493 4060
1494 4058
1495 4060
1496 4058
1497 4058
1498 4059
1499 4058
1500 4060
1501 4061
1502 4058
1503 4058
1504 4059
1505 4058
1506 4060
1507 4060
1508 4058
1509 4058
1510 4056
1511 4062
1512 4058
1513 4059
1514 4062
1515 4056
1516 4060
1517 4058
1518 4061
1519 4058
1520 4058
1521 4061
1522 4059
1523 4060
1524 4060
1525 4061
1526 4057
1527 4063
1528 4060
1529 4058
1530 4058
1531 4062
1532 4058
1533 4061
1534 4058
1535 4058
1536 4058
1537 4058
1538 4058
1539 4056
1540 4060
1541 4057
1542 4058
1543 4058
1544 4058
1545 4060
1546 4058
1547 4058
1548 4056
1549 4062
1550 4058
1551 4061
1552 4056
1553 4060
1554 4061
1555 4060
1556 4057
1557 4055
1558 4055
1559 4060
1560 4058
1561 4062
1562 4056
1563 4057
1564 4062
1565 4058
1566 4060
1567 4060
1568 4060
1569 4060
1570 4060
1571 4060
1572 4056
1573 4058
1574 4059
1575 4057
1576 4058
1577 4060
1578 4060
1579 4058
1580 4060
1581 4058
1582 4061
1583 4060
1584 4057
1585 4061
1586 4058
1587 4060
1588 4060
1589 4061
1590 4056
1591 4059
1592 4060
1593 4060
1594 4062
1595 4059
1596 4059
1597 4060
1598 4056
1599 4061
1600 4058
1601 4060
1602 4056
1603 4060
1604 4057
1605 4058
1606 4059
1607 4058
1608 4058
1609 4059
1610 4057
1611 4058
1612 4055
1613 4057
1614 4058
1615 4058
1616 4060
1617 4059
1618 4057
1619 4058
1620 4058
1621 4060
1622 4060
1623 4058
1624 4058
1625 4058
1626 4057
1627 4058
1628 4058
1629 4060
1630 4060
1631 4060
1632 4058
1633 4058
1634 4056
1635 4060
1636 4060
1637 4061
1638 4058
1639 4059
1640 4058
1641 4058
1642 4060
1643 4058
1644 4058
1645 4060
1646 4060
1647 4059
1648 4059
1649 4056
1650 4056
1651 4058
1652 4060
1653 4056
1654 4058
1655 4060
1656 4058
1657 4056
1658 4059
1659 4058
1660 4061
1661 4058
1662 4061
1663 4060
1664 4058
1665 4061
1666 4058
1667 4060
1668 4060
1669 4060
1670 4058
1671 4062
1672 4058
1673 4058
1674 4058
1675 4059
1676 4056
1677 4056
1678 4058
1679 4061
1680 4055
1681 4058
1682 4060
1683 4062
1684 4057
1685 4054
1686 4058
1687 4056
1688 4060
1689 4061
1690 4056
1691 4058
1692 4058
1693 4056
1694 4057
1695 4058
1696 4060
1697 4060
1698 4058
1699 4060
1700 4060
1701 4059
1702 4060
1703 4056
1704 4059
1705 4058
1706 4058
1707 4058
1708 4056
1709 4059
1710 4058
1711 4060
1712 4060
1713 4058
1714 4058
1715 4058
1716 4058
1717 4058
1718 4058
1719 4061
1720 4058
1721 4061
1722 4058
1723 4060
1724 4058
1725 4061
1726 4060
1727 4056
1728 4056
1729 4060
1730 4057
1731 4060
1732 4057
1733 4062
1734 4057
1735 4058
1736 4059
1737 4060
1738 4058
1739 4059
1740 4058
1741 4060
1742 4060
1743 4062
1744 4058
1745 4056
1746 4059
1747 4062
1748 4062
1749 4056
1750 4061
1751 4061
1752 4061
1753 4058
1754 4057
1755 4062
1756 4060
1757 4058
1758 4060
1759 4058
1760 4058
1761 4056
1762 4056
1763 4060
1764 4060
1765 4059
1766 4060
1767 4059
1768 4060
1769 4060
1770 4062
1771 4060
1772 4061
1773 4060
1774 4059
1775 4061
1776 4058
1777 4062
1778 4060
1779 4061
1780 4060
1781 4060
1782 4060
1783 4060
1784 4061
1785 4061
1786 4058
1787 4058
1788 4059
1789 4058
1790 4056
1791 4062
1792 4058
1793 4058
1794 4058
1795 4056
1796 4062
1797 4060
1798 4058
1799 4057
1800 4060
1801 4063
1802 4058
1803 4060
1804 4060
1805 4057
1806 4061
1807 4056
1808 4060
1809 4058
1810 4060
1811 4060
1812 4057
1813 4060
1814 4061
1815 4058
1816 4060
1817 4061
1818 4060
1819 4059
1820 4062
1821 4061
1822 4056
1823 4058
1824 4058
1825 4058
1826 4058
1827 4059
1828 4056
1829 4060
1830 4059
1831 4058
1832 4056
1833 4060
1834 4059
1835 4058
1836 4058
1837 4061
1838 4058
1839 4058
1840 4058
1841 4058
1842 4060
1843 4058
1844 4060
1845 4060
1846 4058
1847 4061
1848 4058
1849 4060
1850 4058
1851 4060
1852 4058
1853 4058
1854 4060
1855 4058
1856 4060
1857 4060
1858 4060
1859 4058
1860 4058
1861 4056
1862 4060
1863 4060
1864 4060
1865 4060
1866 4060
1867 4058
1868 4060
1869 4060
1870 4060
1871 4058
1872 4059
1873 4058
1874 4058
1875 4058
1876 4058
1877 4062
1878 4058
1879 4059
1880 4056
1881 4058
1882 4059
1883 4058
1884 4058
1885 4060
1886 4058
1887 4054
1888 4058
1889 4061
1890 4059
1891 4060
1892 4057
1893 4060
1894 4059
1895 4056
1896 4058
1897 4060
1898 4060
1899 4062
1900 4060
1901 4061
1902 4056
1903 4058
1904 4058
1905 4056
1906 4056
1907 4058
1908 4056
1909 4058
1910 4060
1911 4060
1912 4056
1913 4060
1914 4060
1915 4057
1916 4060
1917 4056
1918 4060
1919 4061
1920 4060
1921 4062
1922 4058
1923 4060
1924 4056
1925 4060
1926 4060
1927 4060
1928 4057
1929 4058
1930 4060
1931 4061
1932 4060
1933 4058
1934 4056
1935 4060
1936 4060
1937 4059
1938 4060
1939 4060
1940 4058
1941 4060
1942 4058
1943 4060
1944 4056
1945 4058
1946 4059
1947 4057
1948 4056
1949 4057
1950 4059
1951 4062
1952 4056
1953 4059
1954 4058
1955 4057
1956 4059
1957 4058
1958 4060
1959 4060
1960 4060
1961 4060
1962 4058
1963 4058
1964 4058
1965 4054
1966 4059
1967 4060
1968 4057
1969 4058
1970 4060
1971 4060
1972 4058
1973 4062
1974 4058
1975 4060
1976 4059
1977 4059
1978 4054
1979 4062
1980 4060
1981 4060
1982 4059
1983 4060
1984 4059
1985 4058
1986 4058
1987 4060
1988 4058
1989 4060
1990 4060
1991 4059
1992 4058
1993 4058
1994 4056
1995 4056
1996 4057
1997 4058
1998 4060
1999 4060
2000 4058
2001 4062
2002 4059
2003 4058
2004 4056
2005 4060
2006 4058
2007 4058
2008 4057
2009 4058
2010 4058
2011 4060
2012 4059
2013 4056
2014 4058
2015 4058
2016 4058
2017 4056
2018 4060
2019 4057
2020 4058
2021 4059
2022 4059
2023 4057
2024 4060
2025 4060
2026 4058
2027 4062
2028 4057
2029 4058
2030 4061
2031 4056
2032 4056
2033 4058
2034 4058
2035 4056
2036 4058
2037 4058
2038 4056
2039 4062
2040 4060
2041 4056
2042 4058
2043 4058
2044 4060
2045 4063
2046 4060
2047 4060
2048 4061
2049 4060
2050 4061
2051 4057
2052 4054
2053 4056
2054 4060
2055 4060
2056 4057
2057 4059
2058 4060
2059 4058
2060 4059
2061 4056
2062 4060
2063 4058
2064 4058
2065 4060
2066 4056
2067 4058
2068 4058
2069 4061
2070 4060
2071 4059
2072 4059
2073 4060
2074 4058
2075 4060
2076 4062
2077 4058
2078 4060
2079 4058
2080 4058
2081 4060
2082 4058
2083 4059
2084 4058
2085 4062
2086 4060
2087 4060
2088 4062
2089 4061
2090 4059
2091 4060
2092 4061
2093 4060
2094 4060
2095 4059
2096 4060
2097 4058
2098 4058
2099 4057
2100 4058
2101 4060
2102 4060
2103 4059
2104 4060
2105 4061
2106 4056
2107 4063
2108 4058
2109 4056
2110 4060
2111 4060
2112 4059
2113 4058
2114 4059
2115 4057
2116 4058
2117 4058
2118 4058
2119 4058
2120 4054
2121 4062
2122 4057
2123 4060
2124 4059
2125 4058
2126 4058
2127 4060
2128 4056
2129 4060
2130 4058
2131 4057
2132 4061
2133 4061
2134 4060
2135 4055
2136 4058
2137 4059
2138 4059
2139 4058
2140 4058
2141 4058
2142 4056
2143 4060
2144 4058
2145 4060
2146 4059
2147 4056
2148 4059
2149 4058
2150 4057
2151 4058
2152 4058
2153 4058
2154 4058
2155 4058
2156 4058
2157 4060
2158 4058
2159 4058
2160 4056
2161 4056
2162 4058
2163 4058
2164 4060
2165 4059
2166 4059
2167 4060
2168 4060
2169 4060
2170 4060
2171 4060
2172 4058
2173 4059
2174 4060
2175 4060
2176 4056
2177 4058
2178 4060
2179 4058
2180 4058
2181 4058
2182 4058
2183 4060
2184 4060
2185 4057
2186 4058
2187 4058
2188 4060
2189 4058
2190 4062
2191 4056
2192 4060
2193 4058
2194 4058
2195 4060
2196 4060
2197 4060
2198 4058
2199 4063
2200 4057
2201 4062
2202 4058
2203 4058
2204 4060
2205 4057
2206 4058
2207 4060
2208 4059
2209 4060
2210 4056
2211 4060
2212 4056
2213 4058
2214 4058
2215 4058
2216 4058
2217 4059
2218 4063
2219 4059
2220 4060
2221 4060
2222 4062
2223 4056
2224 4060
2225 4060
2226 4059
2227 4061
2228 4058
2229 4057
2230 4058
2231 4058
2232 4060
2233 4060
2234 4060
2235 4060
2236 4061
2237 4060
2238 4058
2239 4059
2240 4057
2241 4058
2242 4056
2243 4060
2244 4059
2245 4058
2246 4060
2247 4060
2248 4058
2249 4062
2250 4060
2251 4060
2252 4057
2253 4058
2254 4058
2255 4058
2256 4059
2257 4059
2258 4060
2259 4062
2260 4060
2261 4058
2262 4058
2263 4060
2264 4060
2265 4059
2266 4060
2267 4058
2268 4058
2269 4060
2270 4062
2271 4058
2272 4058
2273 4056
2274 4056
2275 4060
2276 4056
2277 4062
2278 4060
2279 4059
2280 4058
2281 4058
2282 4062
2283 4058
2284 4056
2285 4060
2286 4060
2287 4059
2288 4060
2289 4060
2290 4056
2291 4058
2292 4059
2293 4060
2294 4056
2295 4058
2296 4062
2297 4062
2298 4060
2299 4059
2300 4060
2301 4060
2302 4058
2303 4061
2304 4059
2305 4060
2306 4057
2307 4062
2308 4061
2309 4058
2310 4057
2311 4058
2312 4058
2313 4059
2314 4056
2315 4058
2316 4058
2317 4062
2318 4060
2319 4060
2320 4060
2321 4056
2322 4058
2323 4058
2324 4058
2325 4060
2326 4060
2327 4060
2328 4058
2329 4060
2330 4056
2331 4058
2332 4058
2333 4060
2334 4056
2335 4062
2336 4056
2337 4058
2338 4060
2339 4060
2340 4058
2341 4060
2342 4060
2343 4062
2344 4058
2345 4058
2346 4058
2347 4058
2348 4056
2349 4057
2350 4056
2351 4062
2352 4056
2353 4056
2354 4059
2355 4060
2356 4060
2357 4056
2358 4059
2359 4058
2360 4059
2361 4058
2362 4061
2363 4058
2364 4058
2365 4060
2366 4059
2367 4058
2368 4056
2369 4059
2370 4058
2371 4059
2372 4058
2373 4060
2374 4058
2375 4058
2376 4056
2377 4057
2378 4057
2379 4062
2380 4057
2381 4058
2382 4060
2383 4060
2384 4059
2385 4058
2386 4058
2387 4058
2388 4058
2389 4058
2390 4058
2391 4059
2392 4060
2393 4059
2394 4060
2395 4061
2396 4058
2397 4058
2398 4062
2399 4062
2400 4060
2401 4060
2402 4054
2403 4057
2404 4060
2405 4058
2406 4058
2407 4060
2408 4058
2409 4061
2410 4060
2411 4059
2412 4060
2413 4056
2414 4057
2415 4058
2416 4060
2417 4060
2418 4056
2419 4060
2420 4057
2421 4058
2422 4059
2423 4060
2424 4060
2425 4058
2426 4060
2427 4060
2428 4058
2429 4056
2430 4058
2431 4061
2432 4060
2433 4060
2434 4060
2435 4058
2436 4058
2437 4060
2438 4057
2439 4059
2440 4060
2441 4059
2442 4062
2443 4058
2444 4060
2445 4060
2446 4060
2447 4060
2448 4058
2449 4058
2450 4056
2451 4060
2452 4057
2453 4060
2454 4060
2455 4058
2456 4062
2457 4062
2458 4057
2459 4058
2460 4060
2461 4060
2462 4056
2463 4058
2464 4058
2465 4060
2466 4057
2467 4062
2468 4057
2469 4056
2470 4058
2471 4058
2472 4058
2473 4058
2474 4056
2475 4060
2476 4056
2477 4058
2478 4062
2479 4061
2480 4056
2481 4057
2482 4058
2483 4060
2484 4060
2485 4058
2486 4062
2487 4058
2488 4060
2489 4060
2490 4058
2491 4058
2492 4060
2493 4056
2494 4056
2495 4057
2496 4060
2497 4057
2498 4059
2499 4056
2500 4058
2501 4060
2502 4056
2503 4060
2504 4060
2505 4061
2506 4056
2507 4060
2508 4056
2509 4055
2510 4060
2511 4056
2512 4058
2513 4058
2514 4060
2515 4057
2516 4060
2517 4058
2518 4056
2519 4058
2520 4056
2521 4058
2522 4058
2523 4060
2524 4060
2525 4056
2526 4059
2527 4059
2528 4056
2529 4060
2530 4058
2531 4056
2532 4057
2533 4061
2534 4058
2535 4058
2536 4058
2537 4058
2538 4060
2539 4058
2540 4058
2541 4056
2542 4060
2543 4058
2544 4058
2545 4060
2546 4059
2547 4060
2548 4059
2549 4060
2550 4059
2551 4060
2552 4056
2553 4060
2554 4059
2555 4059
2556 4058
2557 4060
2558 4060
2559 4060
2560 4058
2561 4060
2562 4059
2563 4063
2564 4058
2565 4059
2566 4056
2567 4062
2568 4059
2569 4060
2570 4060
2571 4057
2572 4060
2573 4058
2574 4060
2575 4060
2576 4060
2577 4060
2578 4059
2579 4058
2580 4059
2581 4058
2582 4060
2583 4060
2584 4058
2585 4058
2586 4058
2587 4060
2588 4054
2589 4060
2590 4058
2591 4057
2592 4058
2593 4060
2594 4058
2595 4058
2596 4060
2597 4060
2598 4058
2599 4058
2600 4060
2601 4060
2602 4056
2603 4060
2604 4060
2605 4060
2606 4058
2607 4061
2608 4058
2609 4056
2610 4058
2611 4060
2612 4058
2613 4057
2614 4060
2615 4058
2616 4059
2617 4059
2618 4056
2619 4060
2620 4056
2621 4060
2622 4058
2623 4059
2624 4058
2625 4060
2626 4058
2627 4059
2628 4058
2629 4060
2630 4057
2631 4061
2632 4060
2633 4060
2634 4056
2635 4058
2636 4061
2637 4058
2638 4056
2639 4060
2640 4054
2641 4055
2642 4058
2643 4056
2644 4057
2645 4058
2646 4058
2647 4058
2648 4057
2649 4060
2650 4058
2651 4062
2652 4056
2653 4060
2654 4058
2655 4056
2656 4061
2657 4060
2658 4061
2659 4057
2660 4058
2661 4060
2662 4060
2663 4060
2664 4060
2665 4059
2666 4057
2667 4060
2668 4057
2669 4057
2670 4054
2671 4060
2672 4058
2673 4062
2674 4058
2675 4058
2676 4059
2677 4058
2678 4060
2679 4060
2680 4058
2681 4060
2682 4056
2683 4058
2684 4057
2685 4060
2686 4058
2687 4060
2688 4060
2689 4060
2690 4058
2691 4059
2692 4060
2693 4058
2694 4060
2695 4060
2696 4060
2697 4058
2698 4056
2699 4060
2700 4060
2701 4060
2702 4056
2703 4058
2704 4058
2705 4058
2706 4056
2707 4060
2708 4058
2709 4058
2710 4057
2711 4058
2712 4060
2713 4060
2714 4058
2715 4058
2716 4056
2717 4060
2718 4057
2719 4058
2720 4056
2721 4058
2722 4056
2723 4058
2724 4058
2725 4058
2726 4060
2727 4057
2728 4058
2729 4056
2730 4060
2731 4056
2732 4060
2733 4062
2734 4060
2735 4060
2736 4056
2737 4058
2738 4060
2739 4057
2740 4057
2741 4058
2742 4058
2743 4057
2744 4058
2745 4060
2746 4058
2747 4057
2748 4058
2749 4058
2750 4057
2751 4060
2752 4056
2753 4054
2754 4061
2755 4061
2756 4059
2757 4058
2758 4058
2759 4062
2760 4060
2761 4063
2762 4059
2763 4059
2764 4058
2765 4058
2766 4056
2767 4057
2768 4057
2769 4058
2770 4060
2771 4057
2772 4055
2773 4060
2774 4056
2775 4060
2776 4061
2777 4060
2778 4058
2779 4060
2780 4057
2781 4059
2782 4058
2783 4057
2784 4060
2785 4059
2786 4058
2787 4060
2788 4060
2789 4060
2790 4061
2791 4060
2792 4059
2793 4054
2794 4058
2795 4060
2796 4062
2797 4057
2798 4061
2799 4058
2800 4056
2801 4063
2802 4056
2803 4059
2804 4060
2805 4057
2806 4057
2807 4060
2808 4056
2809 4059
2810 4058
2811 4056
2812 4060
2813 4060
2814 4056
2815 4060
2816 4057
2817 4062
2818 4056
2819 4060
2820 4061
2821 4060
2822 4057
2823 4058
2824 4060
2825 4058
2826 4058
2827 4060
2828 4060
2829 4061
2830 4056
2831 4058
2832 4062
2833 4059
2834 4059
2835 4059
2836 4056
2837 4058
2838 4058
2839 4060
2840 4058
2841 4061
2842 4060
2843 4056
2844 4058
2845 4059
2846 4058
2847 4063
2848 4058
2849 4057
2850 4060
2851 4062
2852 4056
2853 4058
2854 4060
2855 4059
2856 4060
2857 4058
2858 4058
2859 4057
2860 4061
2861 4062
2862 4058
2863 4058
2864 4060
2865 4058
2866 4057
2867 4060
2868 4058
2869 4059
2870 4058
2871 4060
2872 4060
2873 4058
2874 4060
2875 4058
2876 4060
2877 4058
2878 4059
2879 4058
2880 4058
2881 4056
2882 4060
2883 4058
2884 4058
2885 4058
2886 4060
2887 4060
2888 4058
2889 4058
2890 4057
2891 4057
2892 4056
2893 4062
2894 4061
2895 4056
2896 4058
2897 4057
2898 4059
2899 4058
2900 4056
2901 4061
2902 4054
2903 4058
2904 4058
2905 4058
2906 4058
2907 4058
2908 4058
2909 4058
2910 4058
2911 4060
2912 4059
2913 4060
2914 4058
2915 4056
2916 4060
2917 4060
2918 4060
2919 4058
2920 4058
2921 4058
2922 4058
2923 4060
2924 4058
2925 4060
2926 4057
2927 4058
2928 4060
2929 4060
2930 4058
2931 4061
2932 4058
2933 4060
2934 4057
2935 4058
2936 4060
2937 4060
2938 4058
2939 4056
2940 4058
2941 4058
2942 4058
2943 4060
2944 4060
2945 4059
2946 4061
2947 4062
2948 4056
2949 4060
2950 4060
2951 4063
2952 4058
2953 4060
2954 4060
2955 4060
2956 4060
2957 4059
2958 4058
2959 4060
2960 4062
2961 4057
2962 4060
2963 4060
2964 4061
2965 4061
2966 4058
2967 4062
2968 4060
2969 4060
2970 4058
2971 4059
2972 4060
2973 4057
2974 4059
2975 4060
2976 4060
2977 4061
2978 4059
2979 4058
2980 4056
2981 4062
2982 4061
2983 4062
2984 4058
2985 4060
2986 4058
2987 4060
2988 4063
2989 4060
2990 4058
2991 4060
2992 4058
2993 4062
2994 4062
2995 4060
2996 4058
2997 4058
2998 4060
2999 4060
3000 4061
3001 4060
3002 4057
3003 4061
3004 4058
3005 4063
3006 4058
3007 4060
3008 4060
3009 4059
3010 4060
3011 4061
3012 4060
3013 4061
3014 4060
3015 4060
3016 4060
3017 4062
3018 4060
3019 4059
3020 4061
3021 4060
3022 4061
3023 4060
3024 4060
3025 4062
3026 4060
3027 4062
3028 4058
3029 4060
3030 4060
3031 4061
3032 4060
3033 4060
3034 4060
3035 4061
3036 4061
3037 4060
3038 4062
3039 4061
3040 4058
3041 4061
3042 4062
3043 4063
3044 4060
3045 4062
3046 4062
3047 4058
3048 4062
3049 4059
3050 4060
3051 4061
3052 4060
3053 4060
3054 4062
3055 4062
3056 4062
3057 4063
3058 4060
3059 4062
3060 4058
3061 4060
3062 4060
3063 4060
3064 4061
3065 4060
3066 4061
3067 4060
3068 4058
3069 4062
3070 4057
3071 4060
3072 4060
3073 4062
3074 4058
3075 4060
3076 4063
3077 4063
3078 4060
3079 4062
3080 4061
3081 4060
3082 4058
3083 4063
3084 4062
3085 4060
3086 4062
3087 4061
3088 4059
3089 4060
3090 4060
3091 4062
3092 4060
3093 4062
3094 4060
3095 4058
3096 4058
3097 4060
3098 4062
3099 4058
3100 4058
3101 4063
3102 4056
3103 4058
3104 4060
3105 4060
3106 4058
3107 4062
3108 4060
3109 4060
3110 4060
3111 4063
3112 4060
3113 4060
3114 4061
3115 4060
3116 4060
3117 4058
3118 4060
3119 4062
3120 4060
3121 4060
3122 4058
3123 4062
3124 4058
3125 4061
3126 4058
3127 4058
3128 4060
3129 4060
3130 4060
3131 4062
3132 4062
3133 4062
3134 4060
3135 4062
3136 4059
3137 4060
3138 4060
3139 4063
3140 4062
3141 4058
3142 4058
3143 4061
3144 4060
3145 4062
3146 4061
3147 4060
3148 4058
3149 4060
3150 4062
3151 4058
3152 4057
3153 4060
3154 4060
3155 4062
3156 4057
3157 4061
3158 4062
3159 4060
3160 4061
3161 4062
3162 4061
3163 4060
3164 4062
3165 4060
3166 4060
3167 4060
3168 4058
3169 4061
3170 4060
3171 4062
3172 4058
3173 4060
3174 4061
3175 4062
3176 4060
3177 4063
3178 4059
3179 4062
3180 4060
3181 4060
3182 4060
3183 4061
3184 4062
3185 4060
3186 4060
3187 4059
3188 4061
3189 4061
3190 4056
3191 4062
3192 4059
3193 4062
3194 4060
3195 4058
3196 4057
3197 4060
3198 4060
3199 4062
3200 4061
3201 4062
3202 4058
3203 4060
3204 4062
3205 4061
3206 4060
3207 4060
3208 4060
3209 4062
3210 4063
3211 4060
3212 4058
3213 4062
3214 4070
3215 4060
3216 4057
3217 4062
3218 4062
3219 4058
3220 4062
3221 4060
3222 4062
3223 4060
3224 4060
3225 4062
3226 4063
3227 4059
3228 4060
3229 4060
3230 4061
3231 4058
3232 4062
3233 4060
3234 4058
3235 4059
3236 4062
3237 4060
3238 4059
3239 4062
3240 4062
3241 4060
3242 4062
3243 4060
3244 4061
3245 4062
3246 4060
3247 4062
3248 4060
3249 4060
3250 4063
3251 4063
3252 4058
3253 4060
3254 4059
3255 4063
3256 4063
3257 4058
3258 4060
3259 4063
3260 4060
3261 4062
3262 4058
3263 4063
3264 4056
3265 4062
3266 4058
3267 4060
3268 4058
3269 4060
3270 4060
3271 4062
3272 4063
3273 4066
3274 4062
3275 4060
3276 4060
3277 4062
3278 4060
3279 4062
3280 4058
3281 4059
3282 4063
3283 4058
3284 4058
3285 4060
3286 4062
3287 4061
3288 4060
3289 4060
3290 4061
3291 4061
3292 4060
3293 4060
3294 4060
3295 4060
3296 4058
3297 4062
3298 4060
3299 4062
3300 4062
3301 4062
3302 4060
3303 4058
3304 4060
3305 4063
3306 4060
3307 4060
3308 4063
3309 4060
3310 4060
3311 4061
3312 4060
3313 4056
3314 4061
3315 4060
3316 4061
3317 4061
3318 4060
3319 4060
3320 4061
3321 4062
3322 4060
3323 4061
3324 4062
3325 4060
3326 4059
3327 4062
3328 4060
3329 4061
3330 4058
3331 4061
3332 4060
3333 4060
3334 4060
3335 4062
3336 4059
3337 4063
3338 4058
3339 4062
3340 4062
3341 4060
3342 4062
3343 4060
3344 4061
3345 4062
3346 4060
3347 4058
3348 4059
3349 4062
3350 4058
3351 4057
3352 4060
3353 4058
3354 4058
3355 4060
3356 4059
3357 4062
3358 4058
3359 4058
3360 4060
3361 4061
3362 4060
3363 4062
3364 4060
3365 4061
3366 4059
3367 4062
3368 4060
3369 4060
3370 4061
3371 4060
3372 4060
3373 4060
3374 4060
3375 4056
3376 4061
3377 4062
3378 4058
3379 4060
3380 4063
3381 4056
3382 4062
3383 4058
3384 4057
3385 4062
3386 4058
3387 4060
3388 4061
3389 4060
3390 4060
3391 4060
3392 4060
3393 4060
3394 4060
3395 4061
3396 4061
3397 4060
3398 4063
3399 4060
3400 4062
3401 4063
3402 4058
3403 4060
3404 4059
3405 4058
3406 4062
3407 4060
3408 4059
3409 4060
3410 4060
3411 4060
3412 4060
3413 4063
3414 4062
3415 4060
3416 4058
3417 4060
3418 4058
3419 4062
3420 4060
3421 4062
3422 4061
3423 4060
3424 4060
3425 4060
3426 4058
3427 4063
3428 4055
3429 4060
3430 4058
3431 4062
3432 4059
3433 4058
3434 4061
3435 4060
3436 4062
3437 4063
3438 4060
3439 4063
3440 4058
3441 4062
3442 4058
3443 4060
3444 4058
3445 4060
3446 4060
3447 4060
3448 4060
3449 4058
3450 4060
3451 4062
3452 4056
3453 4060
3454 4059
3455 4060
3456 4060
3457 4062
3458 4063
3459 4062
3460 4060
3461 4058
3462 4060
3463 4060
3464 4062
3465 4058
3466 4063
3467 4058
3468 4062
3469 4062
3470 4062
3471 4061
3472 4062
3473 4062
3474 4061
3475 4060
3476 4056
3477 4061
3478 4059
3479 4061
3480 4056
3481 4062
3482 4063
3483 4062
3484 4060
3485 4061
3486 4060
3487 4058
3488 4062
3489 4063
3490 4061
3491 4062
3492 4062
3493 4061
3494 4060
3495 4060
3496 4062
3497 4061
3498 4060
3499 4063
3500 4059
3501 4063
3502 4056
3503 4062
3504 4060
3505 4063
3506 4060
3507 4060
3508 4060
3509 4063
3510 4060
3511 4060
3512 4061
3513 4062
3514 4062
3515 4062
3516 4060
3517 4063
3518 4060
3519 4062
3520 4060
3521 4062
3522 4060
3523 4060
3524 4058
3525 4059
3526 4056
3527 4062
3528 4060
3529 4060
3530 4061
3531 4060
3532 4060
3533 4060
3534 4058
3535 4059
3536 4061
3537 4059
3538 4058
3539 4060
3540 4061
3541 4059
3542 4062
3543 4060
3544 4063
3545 4061
3546 4060
3547 4061
3548 4058
3549 4060
3550 4062
3551 4062
3552 4057
3553 4058
3554 4058
3555 4060
3556 4060
3557 4060
3558 4060
3559 4060
3560 4060
3561 4060
3562 4063
3563 4061
3564 4061
3565 4058
3566 4059
3567 4061
3568 4060
3569 4060
3570 4060
3571 4060
3572 4060
3573 4058
3574 4059
3575 4060
3576 4062
3577 4060
3578 4058
3579 4061
3580 4059
3581 4062
3582 4060
3583 4062
3584 4061
3585 4060
3586 4062
3587 4060
3588 4062
3589 4058
3590 4058
3591 4062
3592 4058
3593 4062
3594 4060
3595 4058
3596 4062
3597 4062
3598 4058
3599 4060
3600 4058
3601 4059
3602 4062
3603 4060
3604 4063
3605 4061
3606 4060
3607 4062
3608 4060
3609 4060
3610 4060
3611 4060
3612 4058
3613 4060
3614 4060
3615 4060
3616 4060
3617 4060
3618 4060
3619 4059
3620 4060
3621 4059
3622 4058
3623 4062
3624 4059
3625 4061
3626 4058
3627 4061
3628 4058
3629 4062
3630 4060
3631 4060
3632 4060
3633 4063
3634 4058
3635 4061
3636 4058
3637 4059
3638 4059
3639 4062
3640 4060
3641 4060
3642 4062
3643 4062
3644 4061
3645 4062
3646 4058
3647 4061
3648 4062
3649 4060
3650 4061
3651 4062
3652 4057
3653 4058
3654 4061
3655 4060
3656 4060
3657 4063
3658 4058
3659 4062
3660 4060
3661 4060
3662 4058
3663 4060
3664 4063
3665 4060
3666 4060
3667 4063
3668 4058
3669 4062
3670 4062
3671 4059
3672 4062
3673 4063
3674 4062
3675 4060
3676 4061
3677 4061
3678 4058
3679 4060
3680 4060
3681 4063
3682 4060
3683 4061
3684 4058
3685 4058
3686 4062
3687 4062
3688 4060
3689 4061
3690 4060
3691 4058
3692 4062
3693 4062
3694 4060
