#Data from the TCD1304 linear CCD
#column 1 = pixelnumber , column 2 = pixelvalue
#Pixel 1-32 and 3679-3694 and are dummy pixels
#SH-period: 200    ICG-period: 100000    Integration time: 100.0 us
2 4042
3 4045
4 4058
5 4060
6 4062
7 4058
8 4060
9 4061
10 4062
11 4062
12 4057
13 4062
14 4060
15 4059
16 4060
17 4061
18 4062
19 4060
20 4062
21 4060
22 4058
23 4062
24 4060
25 4061
26 4060
27 4060
28 4060
29 4060
30 4062
31 4059
32 4058
34 4063
35 4061
36 4056
37 4060
38 4058
39 4061
40 4058
41 4061
42 4058
43 4060
44 4063
45 4059
46 4060
47 4058
48 4059
49 4060
50 4058
51 4063
52 4057
53 4058
54 4062
55 4062
56 4058
57 4060
58 4062
59 4060
60 4057
61 4059
62 4059
63 4062
64 4059
65 4062
66 4061
67 4062
68 4063
69 4058
70 4060
71 4059
72 4058
73 4062
74 4059
75 4056
76 4060
77 4061
78 4061
79 4058
80 4058
81 4062
82 4060
83 4058
84 4061
85 4058
86 4060
87 4061
88 4060
89 4058
90 4058
91 4060
92 4062
93 4058
94 4062
95 4060
96 4058
97 4058
98 4061
99 4063
100 4058
101 4063
102 4058
103 4060
104 4060
105 4060
106 4060
107 4060
108 4060
109 4060
110 4057
111 4060
112 4058
113 4061
114 4060
115 4059
116 4057
117 4059
118 4061
119 4060
120 4060
121 4059
122 4058
123 4060
124 4060
125 4058
126 4058
127 4058
128 4058
129 4058
130 4060
131 4058
132 4062
133 4058
134 4059
135 4060
136 4060
137 4060
138 4058
139 4056
140 4058
141 4056
142 4056
143 4060
144 4059
145 4058
146 4057
147 4061
148 4056
149 4057
150 4058
151 4060
152 4054
153 4059
154 4060
155 4058
156 4061
157 4057
158 4057
159 4056
160 4056
161 4058
162 4060
163 4056
164 4058
165 4060
166 4056
167 4058
168 4058
169 4058
170 4058
171 4059
172 4062
173 4056
174 4054
175 4060
176 4057
177 4060
178 4059
179 4058
180 4056
181 4056
182 4056
183 4057
184 4058
185 4058
186 4058
187 4060
188 4058
189 4054
190 4056
191 4058
192 4058
193 4060
194 4056
195 4058
196 4058
197 4063
198 4058
199 4056
200 4059
201 4060
202 4056
203 4060
204 4056
205 4058
206 4058
207 4056
208 4056
209 4060
210 4057
211 4057
212 4056
213 4054
214 4060
215 4056
216 4058
217 4055
218 4060
219 4060
220 4057
221 4056
222 4058
223 4057
224 4057
225 4060
226 4055
227 4056
228 4059
229 4058
230 4060
231 4059
232 4057
233 4059
234 4057
235 4058
236 4058
237 4054
238 4062
239 4058
240 4056
241 4062
242 4056
243 4058
244 4059
245 4056
246 4056
247 4056
248 4058
249 4058
250 4060
251 4058
252 4056
253 4058
254 4058
255 4057
256 4056
257 4059
258 4060
259 4060
260 4054
261 4058
262 4059
263 4061
264 4058
265 4056
266 4059
267 4056
268 4059
269 4056
270 4058
271 4056
272 4056
273 4056
274 4060
275 4059
276 4056
277 4056
278 4056
279 4059
280 4055
281 4055
282 4058
283 4059
284 4061
285 4056
286 4060
287 4057
288 4058
289 4057
290 4058
291 4057
292 4055
293 4058
294 4058
295 4058
296 4056
297 4060
298 4059
299 4056
300 4058
301 4060
302 4057
303 4059
304 4056
305 4058
306 4058
307 4057
308 4058
309 4058
310 4056
311 4059
312 4058
313 4056
314 4056
315 4058
316 4057
317 4058
318 4062
319 4058
320 4053
321 4057
322 4058
323 4058
324 4054
325 4060
326 4062
327 4057
328 4057
329 4058
330 4058
331 4058
332 4056
333 4054
334 4061
335 4054
336 4056
337 4057
338 4056
339 4059
340 4058
341 4056
342 4056
343 4057
344 4054
345 4057
346 4056
347 4054
348 4056
349 4058
350 4056
351 4060
352 4052
353 4057
354 4056
355 4058
356 4060
357 4058
358 4054
359 4056
360 4056
361 4060
362 4058
363 4058
364 4056
365 4056
366 4058
367 4058
368 4057
369 4056
370 4058
371 4056
372 4058
373 4058
374 4058
375 4060
376 4058
377 4058
378 4058
379 4058
380 4058
381 4058
382 4058
383 4056
384 4057
385 4051
386 4056
387 4058
388 4056
389 4055
390 4058
391 4058
392 4060
393 4058
394 4058
395 4055
396 4056
397 4054
398 4057
399 4057
400 4056
401 4059
402 4052
403 4057
404 4056
405 4056
406 4054
407 4058
408 4056
409 4058
410 4056
411 4058
412 4056
413 4057
414 4054
415 4053
416 4054
417 4056
418 4058
419 4056
420 4057
421 4058
422 4055
423 4058
424 4054
425 4057
426 4056
427 4058
428 4056
429 4056
430 4056
431 4058
432 4055
433 4056
434 4057
435 4054
436 4056
437 4056
438 4057
439 4058
440 4052
441 4058
442 4054
443 4058
444 4056
445 4058
446 4056
447 4058
448 4057
449 4060
450 4056
451 4059
452 4053
453 4054
454 4058
455 4056
456 4057
457 4054
458 4060
459 4059
460 4056
461 4058
462 4056
463 4056
464 4056
465 4058
466 4056
467 4056
468 4054
469 4056
470 4058
471 4058
472 4053
473 4059
474 4056
475 4056
476 4056
477 4056
478 4056
479 4058
480 4061
481 4056
482 4056
483 4057
484 4055
485 4056
486 4056
487 4058
488 4056
489 4056
490 4056
491 4057
492 4060
493 4057
494 4056
495 4058
496 4056
497 4058
498 4054
499 4058
500 4056
501 4057
502 4052
503 4058
504 4057
505 4057
506 4056
507 4058
508 4056
509 4058
510 4054
511 4056
512 4057
513 4058
514 4056
515 4057
516 4060
517 4058
518 4059
519 4058
520 4056
521 4054
522 4059
523 4054
524 4055
525 4056
526 4055
527 4058
528 4056
529 4058
530 4058
531 4057
532 4058
533 4052
534 4054
535 4057
536 4058
537 4058
538 4056
539 4058
540 4053
541 4055
542 4056
543 4053
544 4056
545 4058
546 4056
547 4054
548 4054
549 4058
550 4058
551 4056
552 4053
553 4058
554 4054
555 4058
556 4056
557 4057
558 4056
559 4059
560 4056
561 4054
562 4056
563 4056
564 4052
565 4060
566 4058
567 4056
568 4054
569 4056
570 4056
571 4054
572 4058
573 4056
574 4056
575 4054
576 4052
577 4057
578 4058
579 4058
580 4053
581 4056
582 4058
583 4052
584 4056
585 4056
586 4054
587 4057
588 4054
589 4056
590 4052
591 4056
592 4056
593 4056
594 4055
595 4056
596 4056
597 4055
598 4056
599 4054
600 4052
601 4057
602 4047
603 4053
604 4050
605 4052
606 4052
607 4054
608 4052
609 4052
610 4047
611 4052
612 4050
613 4055
614 4050
615 4052
616 4048
617 4049
618 4046
619 4047
620 4047
621 4046
622 4044
623 4046
624 4040
625 4041
626 4038
627 4038
628 4031
629 4022
630 4020
631 4012
632 4012
633 3994
634 3969
635 3942
636 3937
637 3897
638 3834
639 3806
640 3782
641 3747
642 3733
643 3675
644 3692
645 3561
646 3369
647 3307
648 3268
649 3201
650 3073
651 3020
652 2915
653 2793
654 2995
655 2902
656 2672
657 2557
658 2737
659 2783
660 2556
661 2653
662 2952
663 2869
664 2793
665 2807
666 2852
667 3013
668 3076
669 2947
670 2974
671 3123
672 3152
673 3274
674 3402
675 3451
676 3535
677 3634
678 3659
679 3677
680 3717
681 3775
682 3826
683 3864
684 3905
685 3932
686 3958
687 3972
688 3983
689 3985
690 3989
691 3990
692 3994
693 3996
694 3998
695 3996
696 3996
697 3998
698 4008
699 4015
700 4024
701 4024
702 4020
703 4024
704 4034
705 4037
706 4031
707 4034
708 4040
709 4040
710 4038
711 4036
712 4031
713 4038
714 4042
715 4044
716 4047
717 4044
718 4047
719 4047
720 4047
721 4051
722 4047
723 4052
724 4054
725 4054
726 4050
727 4052
728 4052
729 4052
730 4052
731 4052
732 4052
733 4052
734 4053
735 4049
736 4047
737 4054
738 4056
739 4058
740 4052
741 4055
742 4053
743 4054
744 4053
745 4056
746 4052
747 4056
748 4052
749 4052
750 4054
751 4056
752 4052
753 4054
754 4052
755 4056
756 4052
757 4050
758 4050
759 4055
760 4053
761 4050
762 4053
763 4056
764 4052
765 4057
766 4054
767 4056
768 4054
769 4052
770 4055
771 4055
772 4052
773 4053
774 4054
775 4055
776 4053
777 4055
778 4054
779 4052
780 4052
781 4054
782 4054
783 4053
784 4056
785 4052
786 4052
787 4054
788 4052
789 4052
790 4054
791 4052
792 4051
793 4054
794 4052
795 4054
796 4054
797 4054
798 4052
799 4053
800 4054
801 4054
802 4054
803 4050
804 4054
805 4055
806 4052
807 4053
808 4052
809 4054
810 4054
811 4056
812 4052
813 4054
814 4054
815 4055
816 4056
817 4056
818 4052
819 4049
820 4052
821 4054
822 4054
823 4056
824 4052
825 4054
826 4054
827 4054
828 4053
829 4056
830 4056
831 4053
832 4053
833 4052
834 4054
835 4054
836 4055
837 4053
838 4052
839 4056
840 4052
841 4054
842 4050
843 4054
844 4056
845 4055
846 4055
847 4056
848 4052
849 4056
850 4059
851 4056
852 4052
853 4057
854 4053
855 4053
856 4052
857 4054
858 4052
859 4052
860 4054
861 4054
862 4052
863 4052
864 4051
865 4052
866 4054
867 4052
868 4056
869 4056
870 4055
871 4051
872 4054
873 4052
874 4054
875 4053
876 4055
877 4052
878 4053
879 4053
880 4052
881 4052
882 4052
883 4055
884 4055
885 4051
886 4055
887 4054
888 4054
889 4056
890 4052
891 4054
892 4054
893 4056
894 4056
895 4054
896 4054
897 4052
898 4052
899 4053
900 4056
901 4056
902 4052
903 4050
904 4054
905 4054
906 4054
907 4053
908 4054
909 4054
910 4050
911 4052
912 4053
913 4056
914 4055
915 4054
916 4052
917 4054
918 4051
919 4054
920 4054
921 4058
922 4052
923 4055
924 4053
925 4053
926 4053
927 4053
928 4053
929 4053
930 4054
931 4052
932 4052
933 4054
934 4056
935 4052
936 4056
937 4052
938 4054
939 4056
940 4057
941 4053
942 4055
943 4055
944 4054
945 4050
946 4050
947 4056
948 4052
949 4054
950 4051
951 4055
952 4047
953 4053
954 4054
955 4055
956 4052
957 4053
958 4050
959 4054
960 4052
961 4052
962 4051
963 4053
964 4054
965 4055
966 4050
967 4054
968 4054
969 4051
970 4056
971 4054
972 4054
973 4053
974 4050
975 4052
976 4052
977 4057
978 4048
979 4053
980 4054
981 4054
982 4052
983 4050
984 4052
985 4054
986 4050
987 4052
988 4053
989 4052
990 4053
991 4052
992 4054
993 4054
994 4050
995 4052
996 4052
997 4053
998 4052
999 4052
1000 4052
1001 4054
1002 4052
1003 4052
1004 4053
1005 4053
1006 4050
1007 4052
1008 4052
1009 4056
1010 4054
1011 4051
1012 4050
1013 4052
1014 4050
1015 4053
1016 4055
1017 4052
1018 4053
1019 4048
1020 4052
1021 4054
1022 4050
1023 4050
1024 4052
1025 4051
1026 4054
1027 4054
1028 4052
1029 4051
1030 4052
1031 4054
1032 4053
1033 4052
1034 4048
1035 4053
1036 4050
1037 4052
1038 4050
1039 4052
1040 4054
1041 4047
1042 4050
1043 4053
1044 4052
1045 4050
1046 4052
1047 4052
1048 4052
1049 4054
1050 4052
1051 4054
1052 4050
1053 4053
1054 4052
1055 4054
1056 4054
1057 4052
1058 4052
1059 4056
1060 4052
1061 4052
1062 4050
1063 4054
1064 4052
1065 4053
1066 4047
1067 4052
1068 4052
1069 4054
1070 4052
1071 4052
1072 4052
1073 4053
1074 4052
1075 4052
1076 4051
1077 4050
1078 4052
1079 4047
1080 4052
1081 4052
1082 4052
1083 4053
1084 4054
1085 4052
1086 4051
1087 4052
1088 4052
1089 4052
1090 4050
1091 4052
1092 4052
1093 4052
1094 4051
1095 4051
1096 4054
1097 4054
1098 4052
1099 4052
1100 4050
1101 4054
1102 4050
1103 4048
1104 4050
1105 4052
1106 4052
1107 4054
1108 4050
1109 4052
1110 4050
1111 4049
1112 4052
1113 4052
1114 4054
1115 4052
1116 4052
1117 4056
1118 4053
1119 4052
1120 4052
1121 4052
1122 4050
1123 4053
1124 4052
1125 4047
1126 4052
1127 4054
1128 4052
1129 4050
1130 4052
1131 4053
1132 4049
1133 4052
1134 4053
1135 4052
1136 4050
1137 4052
1138 4050
1139 4050
1140 4053
1141 4052
1142 4047
1143 4052
1144 4051
1145 4052
1146 4052
1147 4050
1148 4050
1149 4052
1150 4053
1151 4055
1152 4054
1153 4052
1154 4052
1155 4050
1156 4050
1157 4050
1158 4051
1159 4054
1160 4050
1161 4049
1162 4052
1163 4053
1164 4054
1165 4052
1166 4049
1167 4052
1168 4050
1169 4050
1170 4051
1171 4052
1172 4052
1173 4052
1174 4049
1175 4050
1176 4050
1177 4054
1178 4052
1179 4054
1180 4052
1181 4052
1182 4051
1183 4051
1184 4053
1185 4053
1186 4050
1187 4050
1188 4049
1189 4050
1190 4050
1191 4053
1192 4049
1193 4050
1194 4052
1195 4047
1196 4049
1197 4050
1198 4049
1199 4048
1200 4050
1201 4054
1202 4051
1203 4054
1204 4048
1205 4052
1206 4050
1207 4047
1208 4050
1209 4050
1210 4047
1211 4053
1212 4050
1213 4051
1214 4052
1215 4051
1216 4047
1217 4052
1218 4048
1219 4050
1220 4052
1221 4052
1222 4046
1223 4046
1224 4050
1225 4050
1226 4047
1227 4046
1228 4051
1229 4050
1230 4054
1231 4050
1232 4050
1233 4048
1234 4050
1235 4050
1236 4049
1237 4050
1238 4049
1239 4045
1240 4050
1241 4053
1242 4052
1243 4048
1244 4050
1245 4051
1246 4049
1247 4047
1248 4050
1249 4050
1250 4050
1251 4054
1252 4049
1253 4050
1254 4046
1255 4046
1256 4050
1257 4054
1258 4048
1259 4050
1260 4048
1261 4047
1262 4050
1263 4050
1264 4052
1265 4046
1266 4047
1267 4052
1268 4054
1269 4048
1270 4052
1271 4047
1272 4049
1273 4051
1274 4050
1275 4052
1276 4050
1277 4047
1278 4049
1279 4052
1280 4050
1281 4052
1282 4047
1283 4052
1284 4050
1285 4052
1286 4049
1287 4047
1288 4051
1289 4050
1290 4048
1291 4051
1292 4048
1293 4046
1294 4050
1295 4047
1296 4046
1297 4054
1298 4049
1299 4051
1300 4047
1301 4054
1302 4049
1303 4049
1304 4047
1305 4051
1306 4051
1307 4049
1308 4052
1309 4052
1310 4046
1311 4054
1312 4047
1313 4052
1314 4047
1315 4047
1316 4048
1317 4052
1318 4053
1319 4049
1320 4050
1321 4052
1322 4050
1323 4050
1324 4050
1325 4050
1326 4051
1327 4054
1328 4050
1329 4050
1330 4052
1331 4049
1332 4049
1333 4050
1334 4054
1335 4052
1336 4050
1337 4052
1338 4052
1339 4050
1340 4049
1341 4054
1342 4050
1343 4052
1344 4050
1345 4050
1346 4052
1347 4050
1348 4050
1349 4053
1350 4052
1351 4051
1352 4050
1353 4049
1354 4049
1355 4050
1356 4051
1357 4050
1358 4049
1359 4052
1360 4046
1361 4050
1362 4049
1363 4047
1364 4050
1365 4053
1366 4050
1367 4050
1368 4047
1369 4047
1370 4051
1371 4051
1372 4052
1373 4052
1374 4049
1375 4052
1376 4050
1377 4053
1378 4054
1379 4050
1380 4047
1381 4047
1382 4048
1383 4054
1384 4050
1385 4046
1386 4050
1387 4052
1388 4052
1389 4051
1390 4053
1391 4047
1392 4052
1393 4052
1394 4050
1395 4052
1396 4054
1397 4053
1398 4048
1399 4050
1400 4048
1401 4054
1402 4052
1403 4051
1404 4050
1405 4050
1406 4051
1407 4050
1408 4052
1409 4050
1410 4053
1411 4049
1412 4049
1413 4050
1414 4050
1415 4050
1416 4050
1417 4050
1418 4052
1419 4052
1420 4054
1421 4052
1422 4047
1423 4050
1424 4049
1425 4048
1426 4050
1427 4050
1428 4051
1429 4050
1430 4050
1431 4050
1432 4049
1433 4052
1434 4051
1435 4052
1436 4050
1437 4049
1438 4051
1439 4047
1440 4047
1441 4051
1442 4048
1443 4050
1444 4051
1445 4052
1446 4052
1447 4052
1448 4051
1449 4054
1450 4051
1451 4051
1452 4047
1453 4050
1454 4047
1455 4047
1456 4049
1457 4046
1458 4049
1459 4050
1460 4052
1461 4052
1462 4046
1463 4049
1464 4046
1465 4050
1466 4047
1467 4050
1468 4047
1469 4051
1470 4047
1471 4047
1472 4050
1473 4049
1474 4050
1475 4050
1476 4052
1477 4048
1478 4050
1479 4050
1480 4049
1481 4048
1482 4050
1483 4047
1484 4052
1485 4047
1486 4047
1487 4047
1488 4050
1489 4047
1490 4047
1491 4050
1492 4050
1493 4051
1494 4050
1495 4049
1496 4046
1497 4050
1498 4049
1499 4051
1500 4050
1501 4053
1502 4047
1503 4052
1504 4047
1505 4050
1506 4048
1507 4051
1508 4046
1509 4053
1510 4052
1511 4051
1512 4048
1513 4050
1514 4052
1515 4046
1516 4052
1517 4052
1518 4051
1519 4049
1520 4050
1521 4047
1522 4047
1523 4048
1524 4047
1525 4048
1526 4048
1527 4047
1528 4052
1529 4050
1530 4044
1531 4052
1532 4050
1533 4049
1534 4046
1535 4046
1536 4046
1537 4050
1538 4047
1539 4050
1540 4047
1541 4050
1542 4046
1543 4048
1544 4046
1545 4047
1546 4046
1547 4046
1548 4046
1549 4046
1550 4047
1551 4052
1552 4042
1553 4043
1554 4045
1555 4047
1556 4044
1557 4045
1558 4046
1559 4047
1560 4046
1561 4042
1562 4045
1563 4044
1564 4045
1565 4044
1566 4043
1567 4044
1568 4045
1569 4046
1570 4044
1571 4044
1572 4044
1573 4047
1574 4041
1575 4047
1576 4045
1577 4045
1578 4046
1579 4044
1580 4044
1581 4050
1582 4044
1583 4046
1584 4044
1585 4044
1586 4044
1587 4044
1588 4046
1589 4043
1590 4043
1591 4043
1592 4045
1593 4044
1594 4046
1595 4046
1596 4045
1597 4042
1598 4042
1599 4046
1600 4046
1601 4044
1602 4044
1603 4047
1604 4044
1605 4047
1606 4044
1607 4042
1608 4046
1609 4045
1610 4042
1611 4042
1612 4042
1613 4044
1614 4046
1615 4044
1616 4041
1617 4045
1618 4041
1619 4046
1620 4042
1621 4044
1622 4046
1623 4046
1624 4045
1625 4046
1626 4044
1627 4047
1628 4042
1629 4044
1630 4046
1631 4044
1632 4042
1633 4040
1634 4043
1635 4042
1636 4042
1637 4044
1638 4040
1639 4044
1640 4044
1641 4046
1642 4047
1643 4046
1644 4041
1645 4044
1646 4044
1647 4042
1648 4045
1649 4045
1650 4042
1651 4043
1652 4040
1653 4044
1654 4044
1655 4044
1656 4046
1657 4042
1658 4038
1659 4045
1660 4042
1661 4041
1662 4044
1663 4044
1664 4044
1665 4046
1666 4044
1667 4040
1668 4046
1669 4044
1670 4040
1671 4040
1672 4046
1673 4040
1674 4042
1675 4042
1676 4044
1677 4043
1678 4042
1679 4041
1680 4046
1681 4041
1682 4042
1683 4047
1684 4042
1685 4041
1686 4045
1687 4042
1688 4044
1689 4042
1690 4041
1691 4041
1692 4044
1693 4044
1694 4044
1695 4044
1696 4044
1697 4046
1698 4044
1699 4044
1700 4044
1701 4048
1702 4043
1703 4040
1704 4047
1705 4044
1706 4046
1707 4046
1708 4044
1709 4047
1710 4048
1711 4047
1712 4049
1713 4047
1714 4046
1715 4046
1716 4050
1717 4049
1718 4047
1719 4047
1720 4048
1721 4046
1722 4050
1723 4047
1724 4050
1725 4046
1726 4046
1727 4048
1728 4047
1729 4046
1730 4047
1731 4046
1732 4049
1733 4047
1734 4050
1735 4047
1736 4049
1737 4048
1738 4050
1739 4050
1740 4050
1741 4046
1742 4046
1743 4049
1744 4049
1745 4047
1746 4046
1747 4052
1748 4047
1749 4050
1750 4052
1751 4054
1752 4046
1753 4047
1754 4050
1755 4050
1756 4049
1757 4047
1758 4047
1759 4048
1760 4045
1761 4052
1762 4044
1763 4047
1764 4047
1765 4049
1766 4046
1767 4051
1768 4050
1769 4047
1770 4051
1771 4049
1772 4048
1773 4048
1774 4047
1775 4051
1776 4047
1777 4047
1778 4050
1779 4047
1780 4047
1781 4048
1782 4052
1783 4047
1784 4049
1785 4052
1786 4050
1787 4047
1788 4046
1789 4050
1790 4049
1791 4047
1792 4047
1793 4046
1794 4047
1795 4050
1796 4050
1797 4046
1798 4043
1799 4050
1800 4047
1801 4050
1802 4047
1803 4049
1804 4047
1805 4050
1806 4045
1807 4046
1808 4046
1809 4053
1810 4051
1811 4047
1812 4043
1813 4046
1814 4050
1815 4047
1816 4046
1817 4049
1818 4046
1819 4048
1820 4049
1821 4048
1822 4046
1823 4050
1824 4047
1825 4050
1826 4051
1827 4050
1828 4052
1829 4049
1830 4044
1831 4052
1832 4047
1833 4049
1834 4050
1835 4044
1836 4046
1837 4046
1838 4050
1839 4047
1840 4048
1841 4050
1842 4046
1843 4047
1844 4046
1845 4052
1846 4046
1847 4050
1848 4047
1849 4045
1850 4050
1851 4051
1852 4046
1853 4047
1854 4049
1855 4050
1856 4047
1857 4047
1858 4047
1859 4046
1860 4046
1861 4046
1862 4047
1863 4050
1864 4049
1865 4047
1866 4047
1867 4047
1868 4049
1869 4047
1870 4047
1871 4046
1872 4050
1873 4050
1874 4047
1875 4046
1876 4046
1877 4052
1878 4046
1879 4048
1880 4046
1881 4050
1882 4045
1883 4047
1884 4048
1885 4046
1886 4047
1887 4047
1888 4052
1889 4051
1890 4047
1891 4046
1892 4050
1893 4052
1894 4047
1895 4050
1896 4046
1897 4049
1898 4050
1899 4047
1900 4048
1901 4049
1902 4044
1903 4046
1904 4044
1905 4044
1906 4047
1907 4048
1908 4046
1909 4052
1910 4046
1911 4046
1912 4049
1913 4049
1914 4051
1915 4045
1916 4045
1917 4046
1918 4047
1919 4052
1920 4050
1921 4048
1922 4046
1923 4046
1924 4050
1925 4050
1926 4047
1927 4047
1928 4044
1929 4053
1930 4047
1931 4052
1932 4046
1933 4047
1934 4047
1935 4050
1936 4047
1937 4047
1938 4047
1939 4047
1940 4048
1941 4047
1942 4047
1943 4050
1944 4045
1945 4045
1946 4046
1947 4048
1948 4046
1949 4051
1950 4047
1951 4050
1952 4046
1953 4046
1954 4047
1955 4051
1956 4050
1957 4052
1958 4047
1959 4049
1960 4044
1961 4046
1962 4047
1963 4049
1964 4045
1965 4046
1966 4050
1967 4050
1968 4048
1969 4047
1970 4050
1971 4045
1972 4044
1973 4047
1974 4049
1975 4044
1976 4046
1977 4046
1978 4046
1979 4046
1980 4044
1981 4047
1982 4050
1983 4046
1984 4045
1985 4050
1986 4047
1987 4047
1988 4050
1989 4046
1990 4047
1991 4047
1992 4047
1993 4049
1994 4046
1995 4048
1996 4049
1997 4046
1998 4047
1999 4047
2000 4048
2001 4047
2002 4042
2003 4049
2004 4045
2005 4047
2006 4045
2007 4047
2008 4046
2009 4047
2010 4044
2011 4047
2012 4046
2013 4050
2014 4047
2015 4050
2016 4046
2017 4048
2018 4045
2019 4049
2020 4052
2021 4046
2022 4044
2023 4046
2024 4047
2025 4046
2026 4045
2027 4050
2028 4046
2029 4047
2030 4050
2031 4047
2032 4047
2033 4047
2034 4048
2035 4046
2036 4047
2037 4045
2038 4047
2039 4047
2040 4045
2041 4047
2042 4046
2043 4047
2044 4047
2045 4051
2046 4046
2047 4048
2048 4047
2049 4046
2050 4047
2051 4052
2052 4045
2053 4046
2054 4046
2055 4047
2056 4046
2057 4050
2058 4050
2059 4046
2060 4046
2061 4045
2062 4047
2063 4047
2064 4047
2065 4046
2066 4046
2067 4050
2068 4044
2069 4047
2070 4047
2071 4047
2072 4046
2073 4049
2074 4044
2075 4049
2076 4047
2077 4047
2078 4046
2079 4046
2080 4046
2081 4044
2082 4044
2083 4050
2084 4044
2085 4047
2086 4046
2087 4046
2088 4042
2089 4047
2090 4048
2091 4046
2092 4047
2093 4047
2094 4049
2095 4050
2096 4042
2097 4047
2098 4050
2099 4048
2100 4046
2101 4049
2102 4046
2103 4045
2104 4046
2105 4047
2106 4047
2107 4047
2108 4050
2109 4046
2110 4045
2111 4047
2112 4046
2113 4046
2114 4047
2115 4047
2116 4047
2117 4047
2118 4047
2119 4047
2120 4045
2121 4045
2122 4045
2123 4047
2124 4047
2125 4046
2126 4047
2127 4046
2128 4052
2129 4046
2130 4047
2131 4047
2132 4050
2133 4047
2134 4046
2135 4044
2136 4046
2137 4044
2138 4044
2139 4049
2140 4047
2141 4046
2142 4041
2143 4046
2144 4049
2145 4050
2146 4046
2147 4049
2148 4047
2149 4047
2150 4046
2151 4049
2152 4044
2153 4047
2154 4046
2155 4046
2156 4045
2157 4046
2158 4047
2159 4047
2160 4047
2161 4046
2162 4044
2163 4045
2164 4050
2165 4049
2166 4049
2167 4047
2168 4050
2169 4047
2170 4046
2171 4046
2172 4046
2173 4050
2174 4048
2175 4046
2176 4046
2177 4046
2178 4044
2179 4048
2180 4047
2181 4046
2182 4047
2183 4046
2184 4047
2185 4046
2186 4051
2187 4045
2188 4046
2189 4046
2190 4050
2191 4045
2192 4047
2193 4047
2194 4045
2195 4046
2196 4046
2197 4045
2198 4049
2199 4046
2200 4046
2201 4049
2202 4046
2203 4046
2204 4047
2205 4046
2206 4047
2207 4047
2208 4044
2209 4046
2210 4046
2211 4047
2212 4045
2213 4044
2214 4044
2215 4050
2216 4047
2217 4047
2218 4046
2219 4049
2220 4049
2221 4047
2222 4050
2223 4046
2224 4042
2225 4052
2226 4050
2227 4044
2228 4047
2229 4047
2230 4045
2231 4044
2232 4045
2233 4047
2234 4047
2235 4045
2236 4044
2237 4047
2238 4046
2239 4047
2240 4045
2241 4048
2242 4047
2243 4045
2244 4043
2245 4044
2246 4042
2247 4046
2248 4046
2249 4047
2250 4043
2251 4048
2252 4042
2253 4050
2254 4047
2255 4047
2256 4047
2257 4046
2258 4045
2259 4046
2260 4046
2261 4047
2262 4044
2263 4044
2264 4047
2265 4048
2266 4047
2267 4044
2268 4047
2269 4048
2270 4044
2271 4045
2272 4046
2273 4044
2274 4047
2275 4046
2276 4046
2277 4048
2278 4047
2279 4049
2280 4046
2281 4050
2282 4046
2283 4044
2284 4046
2285 4047
2286 4045
2287 4044
2288 4047
2289 4046
2290 4045
2291 4046
2292 4047
2293 4047
2294 4044
2295 4047
2296 4047
2297 4046
2298 4047
2299 4047
2300 4047
2301 4047
2302 4047
2303 4045
2304 4042
2305 4042
2306 4042
2307 4044
2308 4046
2309 4047
2310 4046
2311 4047
2312 4047
2313 4047
2314 4044
2315 4047
2316 4046
2317 4045
2318 4052
2319 4050
2320 4046
2321 4046
2322 4046
2323 4047
2324 4047
2325 4044
2326 4045
2327 4047
2328 4042
2329 4046
2330 4043
2331 4044
2332 4044
2333 4046
2334 4047
2335 4046
2336 4043
2337 4044
2338 4045
2339 4046
2340 4044
2341 4046
2342 4046
2343 4047
2344 4046
2345 4046
2346 4046
2347 4050
2348 4042
2349 4050
2350 4046
2351 4049
2352 4044
2353 4050
2354 4047
2355 4044
2356 4050
2357 4044
2358 4046
2359 4046
2360 4046
2361 4044
2362 4049
2363 4046
2364 4046
2365 4044
2366 4046
2367 4042
2368 4050
2369 4046
2370 4046
2371 4044
2372 4042
2373 4044
2374 4043
2375 4049
2376 4047
2377 4045
2378 4044
2379 4045
2380 4044
2381 4045
2382 4046
2383 4044
2384 4044
2385 4046
2386 4045
2387 4043
2388 4041
2389 4047
2390 4050
2391 4047
2392 4044
2393 4042
2394 4047
2395 4044
2396 4045
2397 4046
2398 4047
2399 4042
2400 4044
2401 4047
2402 4042
2403 4042
2404 4044
2405 4047
2406 4044
2407 4044
2408 4045
2409 4042
2410 4045
2411 4045
2412 4043
2413 4043
2414 4044
2415 4045
2416 4044
2417 4045
2418 4043
2419 4047
2420 4040
2421 4044
2422 4047
2423 4044
2424 4044
2425 4045
2426 4045
2427 4047
2428 4046
2429 4044
2430 4047
2431 4044
2432 4044
2433 4040
2434 4047
2435 4046
2436 4046
2437 4044
2438 4047
2439 4047
2440 4044
2441 4047
2442 4042
2443 4044
2444 4045
2445 4047
2446 4046
2447 4045
2448 4044
2449 4046
2450 4046
2451 4052
2452 4042
2453 4047
2454 4042
2455 4046
2456 4045
2457 4045
2458 4046
2459 4046
2460 4045
2461 4046
2462 4042
2463 4044
2464 4042
2465 4046
2466 4042
2467 4046
2468 4044
2469 4040
2470 4045
2471 4047
2472 4042
2473 4046
2474 4045
2475 4047
2476 4046
2477 4047
2478 4044
2479 4046
2480 4042
2481 4047
2482 4047
2483 4046
2484 4046
2485 4042
2486 4044
2487 4046
2488 4044
2489 4042
2490 4045
2491 4044
2492 4046
2493 4042
2494 4046
2495 4046
2496 4044
2497 4042
2498 4044
2499 4046
2500 4046
2501 4044
2502 4041
2503 4044
2504 4042
2505 4041
2506 4042
2507 4040
2508 4043
2509 4045
2510 4044
2511 4045
2512 4044
2513 4044
2514 4044
2515 4044
2516 4046
2517 4046
2518 4044
2519 4042
2520 4041
2521 4046
2522 4042
2523 4043
2524 4046
2525 4044
2526 4045
2527 4044
2528 4042
2529 4042
2530 4045
2531 4044
2532 4044
2533 4044
2534 4042
2535 4042
2536 4042
2537 4049
2538 4046
2539 4046
2540 4046
2541 4046
2542 4042
2543 4044
2544 4047
2545 4046
2546 4044
2547 4042
2548 4046
2549 4044
2550 4044
2551 4045
2552 4040
2553 4044
2554 4044
2555 4043
2556 4044
2557 4041
2558 4043
2559 4044
2560 4042
2561 4044
2562 4046
2563 4042
2564 4038
2565 4042
2566 4044
2567 4044
2568 4036
2569 4044
2570 4044
2571 4044
2572 4042
2573 4047
2574 4043
2575 4040
2576 4042
2577 4040
2578 4042
2579 4044
2580 4044
2581 4046
2582 4045
2583 4042
2584 4040
2585 4044
2586 4044
2587 4047
2588 4042
2589 4040
2590 4043
2591 4044
2592 4046
2593 4044
2594 4045
2595 4046
2596 4044
2597 4042
2598 4044
2599 4044
2600 4042
2601 4046
2602 4044
2603 4045
2604 4040
2605 4044
2606 4043
2607 4044
2608 4044
2609 4042
2610 4046
2611 4044
2612 4042
2613 4046
2614 4044
2615 4044
2616 4044
2617 4044
2618 4044
2619 4048
2620 4047
2621 4044
2622 4046
2623 4042
2624 4046
2625 4045
2626 4044
2627 4042
2628 4045
2629 4046
2630 4044
2631 4041
2632 4044
2633 4045
2634 4046
2635 4047
2636 4040
2637 4042
2638 4042
2639 4040
2640 4040
2641 4044
2642 4042
2643 4044
2644 4042
2645 4042
2646 4044
2647 4042
2648 4040
2649 4040
2650 4041
2651 4046
2652 4041
2653 4042
2654 4044
2655 4044
2656 4042
2657 4046
2658 4042
2659 4046
2660 4047
2661 4042
2662 4044
2663 4044
2664 4047
2665 4045
2666 4046
2667 4044
2668 4046
2669 4044
2670 4046
2671 4044
2672 4046
2673 4046
2674 4040
2675 4044
2676 4044
2677 4042
2678 4047
2679 4042
2680 4042
2681 4044
2682 4044
2683 4045
2684 4044
2685 4042
2686 4046
2687 4044
2688 4043
2689 4047
2690 4042
2691 4047
2692 4044
2693 4042
2694 4040
2695 4045
2696 4044
2697 4042
2698 4045
2699 4042
2700 4044
2701 4046
2702 4042
2703 4041
2704 4039
2705 4045
2706 4048
2707 4042
2708 4044
2709 4040
2710 4046
2711 4040
2712 4044
2713 4040
2714 4046
2715 4043
2716 4041
2717 4043
2718 4044
2719 4045
2720 4047
2721 4047
2722 4046
2723 4045
2724 4044
2725 4041
2726 4045
2727 4046
2728 4043
2729 4047
2730 4044
2731 4045
2732 4042
2733 4045
2734 4042
2735 4044
2736 4042
2737 4042
2738 4044
2739 4044
2740 4044
2741 4044
2742 4044
2743 4046
2744 4042
2745 4046
2746 4046
2747 4046
2748 4046
2749 4044
2750 4044
2751 4049
2752 4044
2753 4040
2754 4045
2755 4044
2756 4042
2757 4047
2758 4046
2759 4044
2760 4044
2761 4044
2762 4046
2763 4045
2764 4044
2765 4043
2766 4047
2767 4043
2768 4045
2769 4045
2770 4046
2771 4044
2772 4042
2773 4046
2774 4047
2775 4041
2776 4044
2777 4046
2778 4047
2779 4044
2780 4046
2781 4044
2782 4045
2783 4043
2784 4044
2785 4044
2786 4044
2787 4046
2788 4044
2789 4042
2790 4046
2791 4047
2792 4042
2793 4044
2794 4042
2795 4042
2796 4045
2797 4045
2798 4044
2799 4042
2800 4047
2801 4044
2802 4042
2803 4046
2804 4046
2805 4039
2806 4046
2807 4046
2808 4046
2809 4044
2810 4047
2811 4046
2812 4044
2813 4047
2814 4046
2815 4046
2816 4045
2817 4045
2818 4044
2819 4044
2820 4042
2821 4044
2822 4039
2823 4044
2824 4047
2825 4047
2826 4046
2827 4047
2828 4044
2829 4043
2830 4045
2831 4047
2832 4046
2833 4042
2834 4046
2835 4048
2836 4044
2837 4044
2838 4047
2839 4044
2840 4046
2841 4049
2842 4043
2843 4046
2844 4046
2845 4046
2846 4047
2847 4046
2848 4045
2849 4046
2850 4046
2851 4046
2852 4044
2853 4044
2854 4046
2855 4046
2856 4044
2857 4042
2858 4042
2859 4042
2860 4044
2861 4044
2862 4044
2863 4047
2864 4041
2865 4042
2866 4047
2867 4043
2868 4044
2869 4045
2870 4044
2871 4046
2872 4045
2873 4046
2874 4044
2875 4044
2876 4048
2877 4046
2878 4042
2879 4040
2880 4044
2881 4046
2882 4044
2883 4044
2884 4044
2885 4042
2886 4044
2887 4046
2888 4042
2889 4044
2890 4044
2891 4044
2892 4046
2893 4044
2894 4046
2895 4042
2896 4045
2897 4044
2898 4046
2899 4044
2900 4047
2901 4047
2902 4038
2903 4042
2904 4043
2905 4045
2906 4045
2907 4046
2908 4042
2909 4046
2910 4046
2911 4040
2912 4042
2913 4046
2914 4045
2915 4044
2916 4047
2917 4044
2918 4042
2919 4044
2920 4045
2921 4047
2922 4044
2923 4046
2924 4046
2925 4044
2926 4046
2927 4050
2928 4044
2929 4044
2930 4046
2931 4045
2932 4047
2933 4045
2934 4046
2935 4042
2936 4046
2937 4046
2938 4042
2939 4045
2940 4046
2941 4044
2942 4044
2943 4047
2944 4050
2945 4045
2946 4046
2947 4048
2948 4046
2949 4046
2950 4047
2951 4046
2952 4044
2953 4044
2954 4046
2955 4044
2956 4044
2957 4049
2958 4046
2959 4046
2960 4046
2961 4046
2962 4047
2963 4047
2964 4046
2965 4049
2966 4050
2967 4050
2968 4046
2969 4044
2970 4047
2971 4050
2972 4052
2973 4047
2974 4050
2975 4049
2976 4051
2977 4049
2978 4050
2979 4048
2980 4047
2981 4048
2982 4050
2983 4050
2984 4050
2985 4050
2986 4050
2987 4052
2988 4052
2989 4054
2990 4047
2991 4049
2992 4052
2993 4052
2994 4050
2995 4052
2996 4050
2997 4053
2998 4046
2999 4052
3000 4054
3001 4054
3002 4049
3003 4050
3004 4054
3005 4052
3006 4052
3007 4054
3008 4054
3009 4054
3010 4056
3011 4055
3012 4053
3013 4054
3014 4057
3015 4056
3016 4055
3017 4056
3018 4056
3019 4056
3020 4058
3021 4057
3022 4056
3023 4058
3024 4057
3025 4056
3026 4058
3027 4058
3028 4058
3029 4058
3030 4060
3031 4058
3032 4057
3033 4055
3034 4056
3035 4062
3036 4058
3037 4059
3038 4058
3039 4061
3040 4059
3041 4060
3042 4060
3043 4058
3044 4059
3045 4062
3046 4060
3047 4060
3048 4058
3049 4060
3050 4062
3051 4062
3052 4060
3053 4061
3054 4061
3055 4060
3056 4060
3057 4058
3058 4060
3059 4062
3060 4060
3061 4061
3062 4059
3063 4062
3064 4059
3065 4060
3066 4062
3067 4062
3068 4057
3069 4062
3070 4060
3071 4059
3072 4060
3073 4060
3074 4058
3075 4059
3076 4058
3077 4063
3078 4062
3079 4059
3080 4062
3081 4061
3082 4060
3083 4062
3084 4063
3085 4062
3086 4059
3087 4058
3088 4060
3089 4058
3090 4058
3091 4061
3092 4061
3093 4062
3094 4059
3095 4060
3096 4059
3097 4061
3098 4063
3099 4060
3100 4058
3101 4063
3102 4058
3103 4060
3104 4058
3105 4061
3106 4060
3107 4062
3108 4060
3109 4062
3110 4058
3111 4058
3112 4059
3113 4055
3114 4061
3115 4060
3116 4060
3117 4060
3118 4060
3119 4060
3120 4060
3121 4062
3122 4058
3123 4063
3124 4061
3125 4060
3126 4062
3127 4062
3128 4062
3129 4060
3130 4062
3131 4063
3132 4060
3133 4060
3134 4061
3135 4062
3136 4061
3137 4062
3138 4059
3139 4059
3140 4060
3141 4060
3142 4060
3143 4056
3144 4062
3145 4061
3146 4058
3147 4061
3148 4058
3149 4060
3150 4057
3151 4063
3152 4054
3153 4061
3154 4058
3155 4058
3156 4062
3157 4063
3158 4063
3159 4058
3160 4062
3161 4060
3162 4059
3163 4062
3164 4058
3165 4060
3166 4062
3167 4060
3168 4060
3169 4062
3170 4063
3171 4060
3172 4060
3173 4060
3174 4063
3175 4060
3176 4060
3177 4063
3178 4061
3179 4062
3180 4058
3181 4062
3182 4060
3183 4058
3184 4058
3185 4060
3186 4057
3187 4061
3188 4058
3189 4060
3190 4058
3191 4060
3192 4060
3193 4062
3194 4063
3195 4062
3196 4060
3197 4058
3198 4060
3199 4060
3200 4060
3201 4061
3202 4056
3203 4060
3204 4061
3205 4056
3206 4058
3207 4058
3208 4058
3209 4063
3210 4062
3211 4058
3212 4062
3213 4060
3214 4060
3215 4062
3216 4057
3217 4060
3218 4062
3219 4062
3220 4060
3221 4058
3222 4058
3223 4058
3224 4060
3225 4060
3226 4060
3227 4057
3228 4058
3229 4062
3230 4059
3231 4062
3232 4058
3233 4060
3234 4062
3235 4062
3236 4058
3237 4062
3238 4060
3239 4061
3240 4060
3241 4060
3242 4060
3243 4063
3244 4057
3245 4060
3246 4062
3247 4063
3248 4058
3249 4058
3250 4060
3251 4065
3252 4059
3253 4058
3254 4060
3255 4060
3256 4060
3257 4060
3258 4059
3259 4061
3260 4059
3261 4060
3262 4060
3263 4058
3264 4062
3265 4063
3266 4058
3267 4060
3268 4061
3269 4060
3270 4062
3271 4062
3272 4059
3273 4062
3274 4060
3275 4061
3276 4059
3277 4062
3278 4060
3279 4061
3280 4062
3281 4060
3282 4060
3283 4060
3284 4061
3285 4059
3286 4060
3287 4061
3288 4060
3289 4061
3290 4062
3291 4060
3292 4062
3293 4060
3294 4062
3295 4059
3296 4061
3297 4059
3298 4066
3299 4062
3300 4059
3301 4063
3302 4060
3303 4058
3304 4061
3305 4058
3306 4060
3307 4062
3308 4059
3309 4060
3310 4060
3311 4060
3312 4061
3313 4063
3314 4060
3315 4060
3316 4063
3317 4058
3318 4060
3319 4060
3320 4060
3321 4060
3322 4060
3323 4058
3324 4060
3325 4060
3326 4062
3327 4059
3328 4060
3329 4061
3330 4062
3331 4058
3332 4062
3333 4058
3334 4063
3335 4062
3336 4062
3337 4062
3338 4060
3339 4061
3340 4060
3341 4062
3342 4058
3343 4062
3344 4063
3345 4059
3346 4063
3347 4060
3348 4060
3349 4061
3350 4060
3351 4062
3352 4056
3353 4062
3354 4059
3355 4059
3356 4060
3357 4058
3358 4063
3359 4060
3360 4058
3361 4062
3362 4058
3363 4060
3364 4063
3365 4058
3366 4060
3367 4061
3368 4060
3369 4061
3370 4060
3371 4062
3372 4061
3373 4060
3374 4058
3375 4063
3376 4061
3377 4058
3378 4057
3379 4059
3380 4062
3381 4063
3382 4062
3383 4063
3384 4061
3385 4060
3386 4060
3387 4060
3388 4060
3389 4061
3390 4062
3391 4061
3392 4062
3393 4060
3394 4057
3395 4060
3396 4062
3397 4060
3398 4060
3399 4058
3400 4058
3401 4063
3402 4062
3403 4060
3404 4059
3405 4063
3406 4062
3407 4060
3408 4063
3409 4061
3410 4058
3411 4062
3412 4060
3413 4060
3414 4061
3415 4059
3416 4060
3417 4062
3418 4060
3419 4062
3420 4060
3421 4056
3422 4060
3423 4063
3424 4058
3425 4060
3426 4062
3427 4060
3428 4061
3429 4063
3430 4060
3431 4060
3432 4060
3433 4060
3434 4060
3435 4060
3436 4058
3437 4060
3438 4062
3439 4062
3440 4060
3441 4062
3442 4061
3443 4061
3444 4057
3445 4060
3446 4060
3447 4060
3448 4058
3449 4060
3450 4060
3451 4062
3452 4058
3453 4062
3454 4061
3455 4060
3456 4062
3457 4062
3458 4062
3459 4061
3460 4056
3461 4059
3462 4062
3463 4060
3464 4058
3465 4059
3466 4060
3467 4060
3468 4060
3469 4058
3470 4061
3471 4062
3472 4061
3473 4060
3474 4060
3475 4061
3476 4062
3477 4061
3478 4063
3479 4060
3480 4060
3481 4060
3482 4060
3483 4060
3484 4062
3485 4060
3486 4060
3487 4063
3488 4061
3489 4060
3490 4060
3491 4058
3492 4059
3493 4060
3494 4058
3495 4058
3496 4059
3497 4064
3498 4058
3499 4058
3500 4058
3501 4062
3502 4054
3503 4061
3504 4061
3505 4062
3506 4060
3507 4059
3508 4058
3509 4063
3510 4062
3511 4060
3512 4058
3513 4060
3514 4058
3515 4060
3516 4061
3517 4061
3518 4058
3519 4061
3520 4059
3521 4059
3522 4059
3523 4057
3524 4060
3525 4062
3526 4062
3527 4058
3528 4059
3529 4062
3530 4059
3531 4061
3532 4063
3533 4062
3534 4062
3535 4062
3536 4058
3537 4060
3538 4060
3539 4061
3540 4062
3541 4062
3542 4061
3543 4060
3544 4060
3545 4063
3546 4061
3547 4058
3548 4060
3549 4060
3550 4061
3551 4066
3552 4060
3553 4061
3554 4062
3555 4060
3556 4058
3557 4060
3558 4060
3559 4061
3560 4063
3561 4055
3562 4059
3563 4060
3564 4058
3565 4058
3566 4061
3567 4060
3568 4063
3569 4060
3570 4061
3571 4062
3572 4060
3573 4062
3574 4060
3575 4058
3576 4062
3577 4058
3578 4060
3579 4060
3580 4062
3581 4058
3582 4060
3583 4063
3584 4061
3585 4060
3586 4058
3587 4060
3588 4060
3589 4059
3590 4061
3591 4060
3592 4060
3593 4060
3594 4060
3595 4062
3596 4059
3597 4060
3598 4060
3599 4058
3600 4058
3601 4062
3602 4060
3603 4062
3604 4060
3605 4060
3606 4060
3607 4060
3608 4058
3609 4062
3610 4062
3611 4060
3612 4057
3613 4060
3614 4063
3615 4061
3616 4060
3617 4060
3618 4060
3619 4061
3620 4057
3621 4061
3622 4062
3623 4060
3624 4061
3625 4060
3626 4058
3627 4060
3628 4060
3629 4062
3630 4059
3631 4060
3632 4060
3633 4062
3634 4062
3635 4058
3636 4062
3637 4062
3638 4062
3639 4058
3640 4060
3641 4063
3642 4060
3643 4060
3644 4058
3645 4062
3646 4059
3647 4059
3648 4060
3649 4059
3650 4060
3651 4062
3652 4057
3653 4060
3654 4058
3655 4060
3656 4060
3657 4060
3658 4058
3659 4062
3660 4059
3661 4061
3662 4058
3663 4061
3664 4059
3665 4058
3666 4060
3667 4059
3668 4060
3669 4062
3670 4060
3671 4061
3672 4061
3673 4056
3674 4062
3675 4062
3676 4060
3677 4062
3678 4060
3679 4060
3680 4056
3681 4062
3682 4062
3683 4059
3684 4062
3685 4063
3686 4058
3687 4060
3688 4058
3689 4062
3690 4058
3691 4059
3692 4059
3693 4060
3694 4060
