#Data from the TCD1304 linear CCD
#column 1 = pixelnumber , column 2 = pixelvalue
#Pixel 1-32 and 3679-3694 and are dummy pixels
#SH-period: 200    ICG-period: 100000    Integration time: 100.0 us
2 4039
3 4041
4 4062
5 4061
6 4061
7 4062
8 4061
9 4062
10 4062
11 4063
12 4062
13 4063
14 4062
15 4060
16 4060
17 4062
18 4062
19 4063
20 4063
21 4066
22 4063
23 4063
24 4066
25 4066
26 4060
27 4063
28 4063
29 4060
30 4062
31 4063
32 4063
34 4061
35 4062
36 4058
37 4063
38 4063
39 4062
40 4061
41 4060
42 4063
43 4061
44 4060
45 4063
46 4062
47 4062
48 4062
49 4060
50 4061
51 4063
52 4060
53 4063
54 4060
55 4063
56 4057
57 4061
58 4063
59 4060
60 4062
61 4060
62 4063
63 4063
64 4062
65 4061
66 4063
67 4062
68 4060
69 4063
70 4063
71 4063
72 4060
73 4063
74 4060
75 4062
76 4063
77 4063
78 4063
79 4063
80 4062
81 4062
82 4063
83 4062
84 4060
85 4066
86 4059
87 4063
88 4063
89 4063
90 4062
91 4061
92 4061
93 4062
94 4062
95 4062
96 4062
97 4061
98 4061
99 4060
100 4060
101 4066
102 4060
103 4063
104 4061
105 4061
106 4060
107 4062
108 4062
109 4062
110 4062
111 4062
112 4059
113 4061
114 4062
115 4063
116 4060
117 4062
118 4060
119 4062
120 4059
121 4060
122 4061
123 4060
124 4063
125 4061
126 4062
127 4060
128 4062
129 4063
130 4063
131 4062
132 4062
133 4062
134 4062
135 4063
136 4063
137 4065
138 4062
139 4062
140 4062
141 4063
142 4062
143 4062
144 4062
145 4062
146 4061
147 4063
148 4063
149 4061
150 4063
151 4062
152 4056
153 4063
154 4061
155 4062
156 4060
157 4063
158 4063
159 4062
160 4062
161 4062
162 4063
163 4062
164 4062
165 4063
166 4059
167 4063
168 4059
169 4062
170 4062
171 4063
172 4062
173 4063
174 4062
175 4062
176 4060
177 4062
178 4063
179 4061
180 4062
181 4063
182 4062
183 4062
184 4062
185 4060
186 4062
187 4060
188 4062
189 4062
190 4063
191 4059
192 4063
193 4063
194 4062
195 4062
196 4060
197 4060
198 4061
199 4062
200 4063
201 4063
202 4058
203 4061
204 4062
205 4058
206 4062
207 4063
208 4062
209 4062
210 4063
211 4062
212 4058
213 4062
214 4061
215 4061
216 4063
217 4063
218 4062
219 4063
220 4062
221 4062
222 4062
223 4062
224 4063
225 4065
226 4061
227 4063
228 4058
229 4060
230 4059
231 4062
232 4063
233 4062
234 4063
235 4062
236 4066
237 4062
238 4063
239 4066
240 4060
241 4062
242 4061
243 4059
244 4059
245 4063
246 4060
247 4062
248 4060
249 4062
250 4062
251 4063
252 4058
253 4062
254 4058
255 4062
256 4063
257 4062
258 4060
259 4065
260 4062
261 4061
262 4061
263 4063
264 4057
265 4060
266 4063
267 4063
268 4060
269 4062
270 4062
271 4063
272 4062
273 4063
274 4062
275 4062
276 4063
277 4062
278 4062
279 4062
280 4060
281 4060
282 4062
283 4062
284 4063
285 4062
286 4062
287 4061
288 4060
289 4061
290 4063
291 4062
292 4060
293 4063
294 4063
295 4061
296 4060
297 4061
298 4063
299 4061
300 4062
301 4066
302 4059
303 4062
304 4063
305 4061
306 4062
307 4062
308 4062
309 4062
310 4063
311 4062
312 4063
313 4063
314 4060
315 4062
316 4060
317 4062
318 4063
319 4062
320 4062
321 4063
322 4060
323 4061
324 4058
325 4062
326 4063
327 4062
328 4063
329 4062
330 4063
331 4062
332 4063
333 4063
334 4062
335 4059
336 4061
337 4059
338 4063
339 4061
340 4063
341 4062
342 4062
343 4062
344 4066
345 4062
346 4063
347 4063
348 4063
349 4061
350 4060
351 4062
352 4059
353 4061
354 4062
355 4062
356 4061
357 4063
358 4060
359 4062
360 4063
361 4062
362 4060
363 4062
364 4058
365 4060
366 4060
367 4059
368 4063
369 4060
370 4063
371 4061
372 4060
373 4060
374 4063
375 4068
376 4063
377 4062
378 4062
379 4062
380 4062
381 4063
382 4063
383 4063
384 4060
385 4061
386 4061
387 4060
388 4063
389 4063
390 4059
391 4062
392 4062
393 4066
394 4063
395 4060
396 4062
397 4063
398 4066
399 4060
400 4062
401 4066
402 4062
403 4066
404 4063
405 4063
406 4061
407 4063
408 4062
409 4063
410 4062
411 4060
412 4061
413 4060
414 4060
415 4062
416 4063
417 4061
418 4061
419 4062
420 4060
421 4063
422 4062
423 4062
424 4060
425 4062
426 4060
427 4063
428 4066
429 4062
430 4063
431 4059
432 4062
433 4063
434 4061
435 4062
436 4062
437 4062
438 4063
439 4059
440 4061
441 4058
442 4060
443 4062
444 4063
445 4062
446 4063
447 4060
448 4061
449 4058
450 4058
451 4063
452 4060
453 4066
454 4062
455 4062
456 4063
457 4063
458 4059
459 4060
460 4062
461 4063
462 4060
463 4062
464 4061
465 4060
466 4062
467 4060
468 4062
469 4060
470 4060
471 4060
472 4062
473 4063
474 4068
475 4063
476 4060
477 4060
478 4062
479 4062
480 4062
481 4063
482 4063
483 4058
484 4065
485 4062
486 4063
487 4062
488 4060
489 4063
490 4062
491 4060
492 4062
493 4061
494 4062
495 4062
496 4063
497 4063
498 4060
499 4063
500 4062
501 4060
502 4060
503 4063
504 4062
505 4065
506 4060
507 4061
508 4062
509 4063
510 4062
511 4063
512 4063
513 4062
514 4061
515 4060
516 4061
517 4061
518 4061
519 4060
520 4062
521 4060
522 4061
523 4063
524 4060
525 4063
526 4060
527 4061
528 4066
529 4063
530 4062
531 4062
532 4060
533 4061
534 4062
535 4062
536 4063
537 4062
538 4062
539 4060
540 4060
541 4063
542 4062
543 4063
544 4060
545 4063
546 4063
547 4059
548 4060
549 4062
550 4066
551 4063
552 4060
553 4060
554 4061
555 4061
556 4060
557 4062
558 4060
559 4062
560 4063
561 4060
562 4062
563 4063
564 4062
565 4061
566 4062
567 4063
568 4062
569 4063
570 4061
571 4062
572 4061
573 4063
574 4060
575 4059
576 4060
577 4063
578 4063
579 4062
580 4062
581 4062
582 4060
583 4058
584 4060
585 4062
586 4060
587 4062
588 4059
589 4062
590 4062
591 4063
592 4060
593 4059
594 4060
595 4063
596 4062
597 4062
598 4060
599 4062
600 4058
601 4061
602 4057
603 4058
604 4062
605 4060
606 4061
607 4062
608 4060
609 4060
610 4060
611 4058
612 4058
613 4058
614 4054
615 4057
616 4060
617 4058
618 4058
619 4058
620 4056
621 4056
622 4056
623 4060
624 4056
625 4058
626 4057
627 4056
628 4052
629 4056
630 4054
631 4054
632 4054
633 4050
634 4050
635 4052
636 4050
637 4050
638 4047
639 4044
640 4043
641 4036
642 4023
643 4018
644 4014
645 3999
646 3983
647 3953
648 3921
649 3866
650 3785
651 3723
652 3682
653 3654
654 3589
655 3410
656 3138
657 3033
658 3050
659 2979
660 2943
661 2886
662 2638
663 2578
664 2791
665 2734
666 2362
667 2334
668 2274
669 2372
670 2505
671 2504
672 2568
673 2824
674 2985
675 3045
676 2969
677 3080
678 3103
679 3105
680 3132
681 3069
682 3110
683 3181
684 3387
685 3539
686 3589
687 3617
688 3684
689 3752
690 3803
691 3844
692 3885
693 3917
694 3941
695 3964
696 3975
697 3987
698 3992
699 3999
700 3994
701 3983
702 3978
703 3992
704 3988
705 3978
706 3993
707 4005
708 4011
709 4002
710 3996
711 4001
712 4005
713 4002
714 4004
715 4009
716 4015
717 4028
718 4035
719 4036
720 4040
721 4043
722 4040
723 4046
724 4047
725 4052
726 4050
727 4055
728 4054
729 4054
730 4058
731 4059
732 4056
733 4060
734 4058
735 4060
736 4060
737 4056
738 4057
739 4063
740 4062
741 4061
742 4062
743 4060
744 4056
745 4059
746 4060
747 4060
748 4060
749 4060
750 4058
751 4060
752 4055
753 4062
754 4059
755 4058
756 4058
757 4060
758 4060
759 4058
760 4058
761 4060
762 4058
763 4060
764 4060
765 4060
766 4062
767 4060
768 4060
769 4058
770 4060
771 4058
772 4056
773 4062
774 4059
775 4058
776 4063
777 4060
778 4059
779 4058
780 4057
781 4058
782 4058
783 4058
784 4058
785 4063
786 4060
787 4058
788 4058
789 4060
790 4062
791 4062
792 4058
793 4060
794 4060
795 4060
796 4061
797 4062
798 4059
799 4059
800 4058
801 4063
802 4058
803 4060
804 4060
805 4060
806 4060
807 4058
808 4062
809 4060
810 4062
811 4063
812 4060
813 4062
814 4061
815 4058
816 4063
817 4058
818 4058
819 4063
820 4062
821 4062
822 4062
823 4062
824 4056
825 4059
826 4060
827 4060
828 4063
829 4059
830 4062
831 4062
832 4063
833 4058
834 4058
835 4060
836 4062
837 4063
838 4059
839 4060
840 4060
841 4061
842 4062
843 4060
844 4062
845 4060
846 4063
847 4061
848 4058
849 4062
850 4058
851 4062
852 4057
853 4061
854 4060
855 4062
856 4058
857 4061
858 4060
859 4060
860 4059
861 4062
862 4061
863 4066
864 4060
865 4060
866 4058
867 4060
868 4060
869 4058
870 4061
871 4061
872 4058
873 4060
874 4062
875 4062
876 4062
877 4062
878 4061
879 4058
880 4060
881 4060
882 4057
883 4060
884 4063
885 4062
886 4059
887 4062
888 4059
889 4058
890 4060
891 4060
892 4058
893 4063
894 4060
895 4061
896 4062
897 4059
898 4062
899 4060
900 4062
901 4062
902 4057
903 4062
904 4060
905 4056
906 4060
907 4060
908 4062
909 4060
910 4060
911 4060
912 4062
913 4058
914 4058
915 4058
916 4061
917 4063
918 4058
919 4062
920 4058
921 4060
922 4060
923 4060
924 4063
925 4062
926 4058
927 4060
928 4060
929 4060
930 4060
931 4056
932 4060
933 4061
934 4061
935 4062
936 4062
937 4062
938 4058
939 4060
940 4062
941 4062
942 4060
943 4060
944 4058
945 4060
946 4061
947 4060
948 4062
949 4060
950 4060
951 4063
952 4056
953 4063
954 4061
955 4062
956 4060
957 4062
958 4058
959 4062
960 4058
961 4062
962 4060
963 4060
964 4060
965 4062
966 4062
967 4060
968 4059
969 4061
970 4060
971 4061
972 4062
973 4062
974 4060
975 4060
976 4063
977 4062
978 4058
979 4060
980 4060
981 4062
982 4060
983 4060
984 4058
985 4061
986 4062
987 4061
988 4056
989 4058
990 4061
991 4063
992 4060
993 4063
994 4060
995 4058
996 4060
997 4060
998 4062
999 4062
1000 4060
1001 4062
1002 4058
1003 4062
1004 4060
1005 4062
1006 4062
1007 4060
1008 4060
1009 4058
1010 4060
1011 4061
1012 4063
1013 4060
1014 4061
1015 4062
1016 4060
1017 4058
1018 4062
1019 4061
1020 4060
1021 4061
1022 4061
1023 4060
1024 4058
1025 4063
1026 4060
1027 4059
1028 4059
1029 4059
1030 4060
1031 4062
1032 4063
1033 4062
1034 4058
1035 4058
1036 4059
1037 4060
1038 4058
1039 4060
1040 4058
1041 4061
1042 4060
1043 4058
1044 4062
1045 4060
1046 4061
1047 4060
1048 4060
1049 4060
1050 4062
1051 4063
1052 4058
1053 4063
1054 4060
1055 4058
1056 4060
1057 4058
1058 4063
1059 4060
1060 4058
1061 4063
1062 4063
1063 4062
1064 4059
1065 4060
1066 4060
1067 4063
1068 4059
1069 4062
1070 4063
1071 4061
1072 4059
1073 4063
1074 4062
1075 4062
1076 4061
1077 4063
1078 4061
1079 4066
1080 4062
1081 4063
1082 4058
1083 4061
1084 4060
1085 4060
1086 4060
1087 4062
1088 4060
1089 4061
1090 4060
1091 4060
1092 4061
1093 4058
1094 4060
1095 4062
1096 4060
1097 4060
1098 4061
1099 4060
1100 4060
1101 4066
1102 4060
1103 4062
1104 4060
1105 4062
1106 4063
1107 4063
1108 4060
1109 4060
1110 4063
1111 4061
1112 4061
1113 4061
1114 4060
1115 4062
1116 4063
1117 4062
1118 4061
1119 4060
1120 4059
1121 4062
1122 4060
1123 4062
1124 4060
1125 4061
1126 4060
1127 4061
1128 4062
1129 4060
1130 4057
1131 4058
1132 4060
1133 4062
1134 4062
1135 4062
1136 4060
1137 4059
1138 4063
1139 4062
1140 4063
1141 4062
1142 4062
1143 4062
1144 4061
1145 4062
1146 4060
1147 4060
1148 4061
1149 4060
1150 4062
1151 4063
1152 4060
1153 4061
1154 4062
1155 4059
1156 4062
1157 4060
1158 4062
1159 4061
1160 4062
1161 4059
1162 4060
1163 4059
1164 4061
1165 4058
1166 4066
1167 4060
1168 4063
1169 4060
1170 4063
1171 4063
1172 4060
1173 4062
1174 4063
1175 4062
1176 4060
1177 4062
1178 4063
1179 4061
1180 4061
1181 4060
1182 4062
1183 4062
1184 4062
1185 4062
1186 4061
1187 4062
1188 4062
1189 4060
1190 4060
1191 4063
1192 4061
1193 4061
1194 4062
1195 4063
1196 4059
1197 4063
1198 4060
1199 4061
1200 4062
1201 4063
1202 4056
1203 4062
1204 4061
1205 4060
1206 4061
1207 4061
1208 4063
1209 4064
1210 4060
1211 4060
1212 4061
1213 4062
1214 4062
1215 4061
1216 4063
1217 4062
1218 4060
1219 4063
1220 4060
1221 4062
1222 4062
1223 4062
1224 4061
1225 4062
1226 4063
1227 4063
1228 4061
1229 4063
1230 4060
1231 4062
1232 4063
1233 4061
1234 4062
1235 4062
1236 4060
1237 4062
1238 4058
1239 4059
1240 4059
1241 4060
1242 4058
1243 4063
1244 4063
1245 4063
1246 4062
1247 4062
1248 4063
1249 4062
1250 4062
1251 4068
1252 4055
1253 4063
1254 4060
1255 4065
1256 4061
1257 4062
1258 4060
1259 4063
1260 4063
1261 4062
1262 4063
1263 4063
1264 4062
1265 4062
1266 4061
1267 4062
1268 4063
1269 4062
1270 4062
1271 4063
1272 4061
1273 4060
1274 4063
1275 4062
1276 4058
1277 4061
1278 4063
1279 4062
1280 4061
1281 4062
1282 4060
1283 4062
1284 4063
1285 4062
1286 4060
1287 4063
1288 4062
1289 4061
1290 4061
1291 4063
1292 4060
1293 4060
1294 4062
1295 4062
1296 4061
1297 4059
1298 4061
1299 4058
1300 4062
1301 4063
1302 4060
1303 4062
1304 4058
1305 4063
1306 4060
1307 4060
1308 4060
1309 4060
1310 4063
1311 4061
1312 4060
1313 4061
1314 4062
1315 4060
1316 4062
1317 4058
1318 4062
1319 4060
1320 4066
1321 4062
1322 4063
1323 4063
1324 4058
1325 4062
1326 4060
1327 4063
1328 4062
1329 4062
1330 4062
1331 4060
1332 4063
1333 4063
1334 4062
1335 4062
1336 4062
1337 4063
1338 4059
1339 4062
1340 4062
1341 4060
1342 4060
1343 4063
1344 4063
1345 4063
1346 4060
1347 4062
1348 4061
1349 4060
1350 4062
1351 4063
1352 4060
1353 4062
1354 4062
1355 4061
1356 4063
1357 4063
1358 4060
1359 4062
1360 4062
1361 4061
1362 4061
1363 4058
1364 4061
1365 4063
1366 4061
1367 4061
1368 4061
1369 4061
1370 4058
1371 4062
1372 4061
1373 4062
1374 4062
1375 4066
1376 4060
1377 4060
1378 4062
1379 4060
1380 4063
1381 4063
1382 4062
1383 4063
1384 4060
1385 4060
1386 4060
1387 4062
1388 4058
1389 4062
1390 4061
1391 4062
1392 4060
1393 4068
1394 4061
1395 4062
1396 4060
1397 4060
1398 4060
1399 4063
1400 4060
1401 4063
1402 4058
1403 4063
1404 4061
1405 4062
1406 4062
1407 4062
1408 4062
1409 4061
1410 4062
1411 4063
1412 4063
1413 4063
1414 4062
1415 4057
1416 4061
1417 4062
1418 4060
1419 4062
1420 4063
1421 4060
1422 4063
1423 4062
1424 4063
1425 4063
1426 4062
1427 4061
1428 4062
1429 4060
1430 4060
1431 4062
1432 4060
1433 4062
1434 4062
1435 4063
1436 4062
1437 4062
1438 4063
1439 4063
1440 4063
1441 4063
1442 4063
1443 4060
1444 4063
1445 4062
1446 4060
1447 4060
1448 4058
1449 4062
1450 4060
1451 4062
1452 4058
1453 4063
1454 4063
1455 4062
1456 4062
1457 4062
1458 4060
1459 4063
1460 4060
1461 4062
1462 4060
1463 4060
1464 4060
1465 4062
1466 4063
1467 4062
1468 4063
1469 4062
1470 4062
1471 4060
1472 4063
1473 4058
1474 4061
1475 4062
1476 4061
1477 4060
1478 4063
1479 4063
1480 4062
1481 4063
1482 4063
1483 4062
1484 4061
1485 4062
1486 4062
1487 4063
1488 4062
1489 4063
1490 4063
1491 4062
1492 4060
1493 4063
1494 4061
1495 4063
1496 4060
1497 4062
1498 4062
1499 4063
1500 4063
1501 4063
1502 4060
1503 4063
1504 4060
1505 4060
1506 4060
1507 4062
1508 4061
1509 4063
1510 4063
1511 4063
1512 4061
1513 4060
1514 4062
1515 4063
1516 4063
1517 4062
1518 4060
1519 4063
1520 4062
1521 4062
1522 4062
1523 4062
1524 4063
1525 4060
1526 4063
1527 4062
1528 4060
1529 4061
1530 4059
1531 4061
1532 4061
1533 4062
1534 4066
1535 4061
1536 4061
1537 4062
1538 4061
1539 4063
1540 4063
1541 4064
1542 4063
1543 4062
1544 4066
1545 4063
1546 4060
1547 4063
1548 4062
1549 4060
1550 4063
1551 4063
1552 4061
1553 4060
1554 4063
1555 4060
1556 4060
1557 4061
1558 4062
1559 4062
1560 4061
1561 4061
1562 4062
1563 4063
1564 4062
1565 4066
1566 4063
1567 4062
1568 4062
1569 4060
1570 4060
1571 4063
1572 4062
1573 4063
1574 4066
1575 4063
1576 4062
1577 4060
1578 4063
1579 4063
1580 4062
1581 4060
1582 4063
1583 4060
1584 4063
1585 4063
1586 4062
1587 4063
1588 4063
1589 4061
1590 4063
1591 4063
1592 4060
1593 4063
1594 4060
1595 4062
1596 4062
1597 4063
1598 4063
1599 4062
1600 4063
1601 4063
1602 4058
1603 4063
1604 4062
1605 4063
1606 4063
1607 4063
1608 4063
1609 4062
1610 4062
1611 4062
1612 4063
1613 4060
1614 4061
1615 4063
1616 4062
1617 4060
1618 4060
1619 4063
1620 4061
1621 4061
1622 4061
1623 4062
1624 4063
1625 4062
1626 4058
1627 4063
1628 4061
1629 4062
1630 4062
1631 4063
1632 4060
1633 4063
1634 4063
1635 4061
1636 4063
1637 4062
1638 4063
1639 4062
1640 4062
1641 4063
1642 4062
1643 4063
1644 4062
1645 4062
1646 4063
1647 4063
1648 4063
1649 4063
1650 4060
1651 4062
1652 4060
1653 4063
1654 4060
1655 4063
1656 4063
1657 4063
1658 4063
1659 4061
1660 4062
1661 4062
1662 4061
1663 4063
1664 4063
1665 4062
1666 4062
1667 4062
1668 4063
1669 4062
1670 4060
1671 4061
1672 4062
1673 4062
1674 4062
1675 4061
1676 4060
1677 4066
1678 4062
1679 4062
1680 4063
1681 4060
1682 4062
1683 4062
1684 4063
1685 4062
1686 4063
1687 4062
1688 4063
1689 4062
1690 4063
1691 4063
1692 4060
1693 4062
1694 4062
1695 4060
1696 4062
1697 4062
1698 4062
1699 4063
1700 4061
1701 4063
1702 4058
1703 4062
1704 4059
1705 4063
1706 4062
1707 4060
1708 4059
1709 4063
1710 4063
1711 4063
1712 4062
1713 4063
1714 4062
1715 4063
1716 4060
1717 4063
1718 4061
1719 4063
1720 4061
1721 4061
1722 4060
1723 4063
1724 4063
1725 4062
1726 4062
1727 4060
1728 4061
1729 4059
1730 4066
1731 4061
1732 4065
1733 4066
1734 4063
1735 4059
1736 4063
1737 4062
1738 4061
1739 4062
1740 4063
1741 4063
1742 4061
1743 4063
1744 4063
1745 4062
1746 4059
1747 4063
1748 4062
1749 4063
1750 4063
1751 4066
1752 4058
1753 4063
1754 4063
1755 4062
1756 4060
1757 4062
1758 4062
1759 4060
1760 4063
1761 4063
1762 4063
1763 4060
1764 4062
1765 4062
1766 4061
1767 4060
1768 4062
1769 4062
1770 4061
1771 4063
1772 4063
1773 4062
1774 4063
1775 4060
1776 4063
1777 4062
1778 4063
1779 4061
1780 4059
1781 4062
1782 4061
1783 4062
1784 4062
1785 4063
1786 4060
1787 4060
1788 4062
1789 4061
1790 4061
1791 4063
1792 4062
1793 4063
1794 4062
1795 4063
1796 4063
1797 4062
1798 4063
1799 4062
1800 4060
1801 4063
1802 4058
1803 4063
1804 4062
1805 4063
1806 4063
1807 4058
1808 4060
1809 4063
1810 4066
1811 4062
1812 4063
1813 4060
1814 4062
1815 4060
1816 4063
1817 4060
1818 4063
1819 4063
1820 4062
1821 4060
1822 4063
1823 4066
1824 4061
1825 4063
1826 4060
1827 4062
1828 4068
1829 4062
1830 4063
1831 4059
1832 4062
1833 4063
1834 4062
1835 4058
1836 4062
1837 4063
1838 4062
1839 4060
1840 4062
1841 4066
1842 4062
1843 4062
1844 4062
1845 4063
1846 4062
1847 4062
1848 4061
1849 4063
1850 4058
1851 4062
1852 4060
1853 4062
1854 4063
1855 4060
1856 4063
1857 4060
1858 4063
1859 4061
1860 4062
1861 4060
1862 4062
1863 4061
1864 4062
1865 4063
1866 4062
1867 4060
1868 4061
1869 4062
1870 4063
1871 4062
1872 4063
1873 4061
1874 4058
1875 4063
1876 4063
1877 4060
1878 4062
1879 4063
1880 4061
1881 4062
1882 4062
1883 4063
1884 4062
1885 4063
1886 4062
1887 4062
1888 4062
1889 4063
1890 4062
1891 4062
1892 4063
1893 4062
1894 4061
1895 4058
1896 4060
1897 4066
1898 4060
1899 4063
1900 4062
1901 4062
1902 4060
1903 4063
1904 4063
1905 4060
1906 4062
1907 4066
1908 4060
1909 4062
1910 4063
1911 4063
1912 4062
1913 4061
1914 4059
1915 4062
1916 4063
1917 4061
1918 4063
1919 4063
1920 4062
1921 4061
1922 4063
1923 4062
1924 4061
1925 4063
1926 4061
1927 4063
1928 4060
1929 4063
1930 4060
1931 4060
1932 4061
1933 4061
1934 4058
1935 4062
1936 4062
1937 4062
1938 4060
1939 4062
1940 4063
1941 4063
1942 4062
1943 4061
1944 4062
1945 4063
1946 4060
1947 4063
1948 4062
1949 4063
1950 4063
1951 4063
1952 4060
1953 4062
1954 4060
1955 4062
1956 4063
1957 4062
1958 4060
1959 4062
1960 4060
1961 4063
1962 4060
1963 4063
1964 4062
1965 4060
1966 4063
1967 4061
1968 4062
1969 4062
1970 4062
1971 4063
1972 4063
1973 4059
1974 4061
1975 4060
1976 4060
1977 4060
1978 4063
1979 4058
1980 4061
1981 4059
1982 4060
1983 4062
1984 4060
1985 4063
1986 4063
1987 4062
1988 4061
1989 4062
1990 4060
1991 4063
1992 4062
1993 4061
1994 4063
1995 4060
1996 4063
1997 4064
1998 4060
1999 4062
2000 4061
2001 4063
2002 4056
2003 4063
2004 4065
2005 4062
2006 4062
2007 4063
2008 4062
2009 4061
2010 4061
2011 4060
2012 4062
2013 4062
2014 4063
2015 4062
2016 4063
2017 4061
2018 4061
2019 4063
2020 4058
2021 4058
2022 4062
2023 4062
2024 4063
2025 4060
2026 4063
2027 4062
2028 4060
2029 4063
2030 4060
2031 4062
2032 4063
2033 4061
2034 4063
2035 4063
2036 4062
2037 4062
2038 4062
2039 4062
2040 4062
2041 4061
2042 4063
2043 4061
2044 4061
2045 4063
2046 4063
2047 4061
2048 4063
2049 4060
2050 4062
2051 4066
2052 4060
2053 4062
2054 4063
2055 4062
2056 4061
2057 4061
2058 4063
2059 4063
2060 4058
2061 4061
2062 4062
2063 4062
2064 4063
2065 4062
2066 4060
2067 4060
2068 4061
2069 4062
2070 4060
2071 4062
2072 4063
2073 4063
2074 4063
2075 4063
2076 4062
2077 4057
2078 4066
2079 4062
2080 4062
2081 4062
2082 4062
2083 4061
2084 4063
2085 4063
2086 4062
2087 4060
2088 4062
2089 4061
2090 4060
2091 4063
2092 4060
2093 4063
2094 4063
2095 4061
2096 4061
2097 4062
2098 4061
2099 4060
2100 4063
2101 4063
2102 4059
2103 4063
2104 4063
2105 4060
2106 4060
2107 4062
2108 4060
2109 4063
2110 4065
2111 4063
2112 4062
2113 4060
2114 4058
2115 4060
2116 4063
2117 4062
2118 4063
2119 4062
2120 4063
2121 4063
2122 4063
2123 4062
2124 4062
2125 4062
2126 4063
2127 4060
2128 4062
2129 4062
2130 4058
2131 4063
2132 4062
2133 4060
2134 4063
2135 4063
2136 4060
2137 4063
2138 4062
2139 4063
2140 4060
2141 4062
2142 4062
2143 4063
2144 4061
2145 4063
2146 4062
2147 4062
2148 4062
2149 4062
2150 4063
2151 4062
2152 4059
2153 4061
2154 4063
2155 4060
2156 4062
2157 4062
2158 4062
2159 4063
2160 4066
2161 4062
2162 4058
2163 4061
2164 4062
2165 4060
2166 4063
2167 4062
2168 4062
2169 4062
2170 4063
2171 4061
2172 4060
2173 4062
2174 4062
2175 4060
2176 4063
2177 4062
2178 4060
2179 4061
2180 4060
2181 4063
2182 4063
2183 4062
2184 4062
2185 4062
2186 4058
2187 4063
2188 4062
2189 4062
2190 4060
2191 4061
2192 4062
2193 4062
2194 4063
2195 4063
2196 4060
2197 4063
2198 4062
2199 4062
2200 4062
2201 4063
2202 4058
2203 4063
2204 4062
2205 4062
2206 4063
2207 4062
2208 4063
2209 4063
2210 4062
2211 4062
2212 4063
2213 4062
2214 4063
2215 4063
2216 4063
2217 4062
2218 4061
2219 4062
2220 4057
2221 4062
2222 4063
2223 4060
2224 4062
2225 4063
2226 4061
2227 4062
2228 4061
2229 4063
2230 4062
2231 4063
2232 4063
2233 4063
2234 4062
2235 4062
2236 4060
2237 4063
2238 4061
2239 4060
2240 4062
2241 4063
2242 4058
2243 4063
2244 4062
2245 4062
2246 4062
2247 4063
2248 4062
2249 4063
2250 4060
2251 4063
2252 4059
2253 4062
2254 4060
2255 4061
2256 4062
2257 4063
2258 4063
2259 4062
2260 4062
2261 4063
2262 4060
2263 4063
2264 4062
2265 4062
2266 4062
2267 4062
2268 4060
2269 4066
2270 4061
2271 4061
2272 4063
2273 4061
2274 4062
2275 4062
2276 4058
2277 4063
2278 4063
2279 4061
2280 4058
2281 4062
2282 4062
2283 4062
2284 4060
2285 4062
2286 4062
2287 4060
2288 4063
2289 4063
2290 4058
2291 4062
2292 4063
2293 4063
2294 4062
2295 4061
2296 4059
2297 4062
2298 4062
2299 4063
2300 4063
2301 4068
2302 4058
2303 4062
2304 4060
2305 4062
2306 4063
2307 4063
2308 4058
2309 4062
2310 4060
2311 4062
2312 4060
2313 4063
2314 4059
2315 4060
2316 4062
2317 4062
2318 4062
2319 4060
2320 4061
2321 4063
2322 4063
2323 4062
2324 4066
2325 4061
2326 4060
2327 4059
2328 4062
2329 4062
2330 4062
2331 4063
2332 4062
2333 4060
2334 4063
2335 4060
2336 4060
2337 4063
2338 4061
2339 4063
2340 4058
2341 4063
2342 4062
2343 4062
2344 4062
2345 4063
2346 4063
2347 4062
2348 4063
2349 4062
2350 4062
2351 4062
2352 4060
2353 4062
2354 4060
2355 4063
2356 4060
2357 4063
2358 4063
2359 4061
2360 4063
2361 4063
2362 4062
2363 4062
2364 4060
2365 4060
2366 4061
2367 4062
2368 4062
2369 4062
2370 4063
2371 4063
2372 4062
2373 4061
2374 4062
2375 4062
2376 4063
2377 4062
2378 4062
2379 4060
2380 4063
2381 4062
2382 4063
2383 4063
2384 4063
2385 4063
2386 4062
2387 4058
2388 4063
2389 4059
2390 4058
2391 4063
2392 4066
2393 4061
2394 4063
2395 4060
2396 4063
2397 4060
2398 4063
2399 4063
2400 4062
2401 4063
2402 4060
2403 4061
2404 4061
2405 4063
2406 4063
2407 4061
2408 4061
2409 4063
2410 4060
2411 4066
2412 4060
2413 4063
2414 4061
2415 4060
2416 4058
2417 4063
2418 4059
2419 4060
2420 4060
2421 4062
2422 4060
2423 4063
2424 4063
2425 4060
2426 4063
2427 4062
2428 4063
2429 4062
2430 4060
2431 4060
2432 4062
2433 4063
2434 4062
2435 4058
2436 4063
2437 4063
2438 4060
2439 4065
2440 4060
2441 4061
2442 4062
2443 4063
2444 4061
2445 4066
2446 4062
2447 4065
2448 4062
2449 4063
2450 4062
2451 4062
2452 4061
2453 4060
2454 4062
2455 4062
2456 4063
2457 4061
2458 4061
2459 4062
2460 4063
2461 4063
2462 4062
2463 4061
2464 4063
2465 4060
2466 4063
2467 4059
2468 4061
2469 4062
2470 4060
2471 4062
2472 4063
2473 4063
2474 4063
2475 4060
2476 4062
2477 4062
2478 4063
2479 4062
2480 4060
2481 4061
2482 4062
2483 4059
2484 4063
2485 4060
2486 4060
2487 4061
2488 4063
2489 4063
2490 4060
2491 4063
2492 4063
2493 4062
2494 4062
2495 4063
2496 4062
2497 4062
2498 4062
2499 4062
2500 4062
2501 4063
2502 4058
2503 4063
2504 4062
2505 4063
2506 4060
2507 4063
2508 4062
2509 4063
2510 4063
2511 4062
2512 4058
2513 4060
2514 4063
2515 4062
2516 4065
2517 4060
2518 4062
2519 4063
2520 4062
2521 4065
2522 4063
2523 4061
2524 4062
2525 4061
2526 4062
2527 4063
2528 4063
2529 4063
2530 4063
2531 4063
2532 4061
2533 4062
2534 4060
2535 4063
2536 4063
2537 4062
2538 4063
2539 4060
2540 4058
2541 4063
2542 4061
2543 4063
2544 4063
2545 4063
2546 4062
2547 4061
2548 4062
2549 4062
2550 4063
2551 4063
2552 4060
2553 4062
2554 4062
2555 4060
2556 4062
2557 4062
2558 4063
2559 4060
2560 4062
2561 4062
2562 4060
2563 4061
2564 4062
2565 4063
2566 4062
2567 4061
2568 4063
2569 4062
2570 4062
2571 4062
2572 4061
2573 4063
2574 4060
2575 4062
2576 4061
2577 4061
2578 4060
2579 4063
2580 4063
2581 4063
2582 4060
2583 4063
2584 4060
2585 4062
2586 4062
2587 4062
2588 4060
2589 4061
2590 4061
2591 4063
2592 4060
2593 4062
2594 4061
2595 4063
2596 4062
2597 4060
2598 4060
2599 4060
2600 4062
2601 4063
2602 4060
2603 4062
2604 4063
2605 4062
2606 4062
2607 4060
2608 4066
2609 4062
2610 4063
2611 4063
2612 4061
2613 4060
2614 4062
2615 4062
2616 4063
2617 4060
2618 4062
2619 4063
2620 4062
2621 4063
2622 4062
2623 4060
2624 4060
2625 4063
2626 4063
2627 4062
2628 4063
2629 4063
2630 4062
2631 4060
2632 4063
2633 4063
2634 4062
2635 4063
2636 4063
2637 4060
2638 4062
2639 4060
2640 4060
2641 4062
2642 4061
2643 4062
2644 4060
2645 4062
2646 4063
2647 4060
2648 4062
2649 4062
2650 4062
2651 4062
2652 4061
2653 4062
2654 4060
2655 4062
2656 4063
2657 4063
2658 4063
2659 4061
2660 4062
2661 4060
2662 4063
2663 4061
2664 4061
2665 4060
2666 4063
2667 4060
2668 4058
2669 4063
2670 4062
2671 4062
2672 4060
2673 4063
2674 4060
2675 4060
2676 4063
2677 4062
2678 4063
2679 4063
2680 4063
2681 4063
2682 4062
2683 4060
2684 4065
2685 4063
2686 4062
2687 4060
2688 4061
2689 4062
2690 4063
2691 4062
2692 4063
2693 4062
2694 4062
2695 4062
2696 4059
2697 4065
2698 4063
2699 4063
2700 4066
2701 4066
2702 4060
2703 4063
2704 4062
2705 4061
2706 4062
2707 4061
2708 4059
2709 4060
2710 4062
2711 4061
2712 4063
2713 4062
2714 4061
2715 4061
2716 4062
2717 4062
2718 4060
2719 4062
2720 4062
2721 4063
2722 4061
2723 4062
2724 4060
2725 4062
2726 4062
2727 4062
2728 4063
2729 4062
2730 4060
2731 4063
2732 4062
2733 4059
2734 4062
2735 4063
2736 4062
2737 4060
2738 4063
2739 4062
2740 4062
2741 4066
2742 4060
2743 4062
2744 4062
2745 4062
2746 4063
2747 4066
2748 4063
2749 4063
2750 4060
2751 4062
2752 4058
2753 4063
2754 4060
2755 4062
2756 4063
2757 4062
2758 4063
2759 4063
2760 4063
2761 4063
2762 4060
2763 4058
2764 4060
2765 4060
2766 4060
2767 4062
2768 4062
2769 4063
2770 4063
2771 4063
2772 4062
2773 4061
2774 4063
2775 4062
2776 4060
2777 4063
2778 4063
2779 4062
2780 4062
2781 4061
2782 4060
2783 4060
2784 4062
2785 4062
2786 4063
2787 4069
2788 4060
2789 4063
2790 4060
2791 4061
2792 4063
2793 4062
2794 4062
2795 4062
2796 4062
2797 4063
2798 4060
2799 4063
2800 4062
2801 4063
2802 4057
2803 4065
2804 4063
2805 4060
2806 4063
2807 4061
2808 4058
2809 4066
2810 4060
2811 4062
2812 4062
2813 4062
2814 4061
2815 4062
2816 4061
2817 4060
2818 4060
2819 4063
2820 4060
2821 4062
2822 4063
2823 4056
2824 4063
2825 4066
2826 4062
2827 4062
2828 4063
2829 4059
2830 4060
2831 4060
2832 4061
2833 4063
2834 4060
2835 4062
2836 4059
2837 4062
2838 4062
2839 4063
2840 4062
2841 4060
2842 4061
2843 4063
2844 4060
2845 4062
2846 4063
2847 4063
2848 4062
2849 4061
2850 4063
2851 4063
2852 4057
2853 4062
2854 4063
2855 4060
2856 4063
2857 4063
2858 4060
2859 4063
2860 4062
2861 4063
2862 4062
2863 4062
2864 4062
2865 4062
2866 4062
2867 4062
2868 4062
2869 4063
2870 4063
2871 4063
2872 4062
2873 4063
2874 4063
2875 4062
2876 4060
2877 4063
2878 4061
2879 4060
2880 4061
2881 4063
2882 4060
2883 4063
2884 4063
2885 4060
2886 4060
2887 4063
2888 4061
2889 4062
2890 4061
2891 4058
2892 4062
2893 4063
2894 4063
2895 4061
2896 4062
2897 4063
2898 4061
2899 4060
2900 4062
2901 4062
2902 4060
2903 4066
2904 4062
2905 4063
2906 4062
2907 4063
2908 4063
2909 4062
2910 4063
2911 4062
2912 4060
2913 4063
2914 4062
2915 4062
2916 4065
2917 4060
2918 4061
2919 4063
2920 4063
2921 4063
2922 4062
2923 4062
2924 4062
2925 4066
2926 4063
2927 4060
2928 4061
2929 4063
2930 4062
2931 4062
2932 4063
2933 4062
2934 4060
2935 4063
2936 4060
2937 4063
2938 4061
2939 4060
2940 4061
2941 4060
2942 4060
2943 4066
2944 4062
2945 4060
2946 4062
2947 4063
2948 4059
2949 4058
2950 4062
2951 4063
2952 4058
2953 4062
2954 4062
2955 4062
2956 4062
2957 4061
2958 4062
2959 4062
2960 4062
2961 4063
2962 4063
2963 4060
2964 4061
2965 4062
2966 4060
2967 4062
2968 4062
2969 4061
2970 4063
2971 4062
2972 4060
2973 4063
2974 4062
2975 4063
2976 4063
2977 4061
2978 4062
2979 4062
2980 4060
2981 4063
2982 4066
2983 4060
2984 4060
2985 4061
2986 4062
2987 4063
2988 4063
2989 4062
2990 4062
2991 4063
2992 4062
2993 4060
2994 4061
2995 4062
2996 4062
2997 4063
2998 4062
2999 4060
3000 4063
3001 4060
3002 4059
3003 4063
3004 4061
3005 4060
3006 4058
3007 4062
3008 4062
3009 4063
3010 4059
3011 4062
3012 4063
3013 4062
3014 4062
3015 4062
3016 4061
3017 4063
3018 4062
3019 4060
3020 4062
3021 4066
3022 4062
3023 4062
3024 4061
3025 4063
3026 4060
3027 4063
3028 4060
3029 4060
3030 4062
3031 4062
3032 4061
3033 4062
3034 4061
3035 4062
3036 4063
3037 4063
3038 4062
3039 4060
3040 4060
3041 4063
3042 4062
3043 4065
3044 4062
3045 4063
3046 4063
3047 4063
3048 4060
3049 4062
3050 4060
3051 4063
3052 4060
3053 4063
3054 4060
3055 4062
3056 4060
3057 4063
3058 4062
3059 4060
3060 4060
3061 4063
3062 4061
3063 4063
3064 4062
3065 4063
3066 4061
3067 4062
3068 4060
3069 4061
3070 4060
3071 4063
3072 4063
3073 4061
3074 4062
3075 4066
3076 4063
3077 4061
3078 4063
3079 4062
3080 4060
3081 4063
3082 4062
3083 4060
3084 4061
3085 4062
3086 4060
3087 4063
3088 4063
3089 4063
3090 4061
3091 4061
3092 4062
3093 4063
3094 4063
3095 4065
3096 4062
3097 4063
3098 4062
3099 4060
3100 4060
3101 4061
3102 4060
3103 4063
3104 4060
3105 4063
3106 4062
3107 4063
3108 4062
3109 4066
3110 4061
3111 4062
3112 4062
3113 4061
3114 4063
3115 4063
3116 4062
3117 4062
3118 4065
3119 4063
3120 4062
3121 4063
3122 4063
3123 4060
3124 4062
3125 4063
3126 4063
3127 4062
3128 4063
3129 4063
3130 4058
3131 4060
3132 4063
3133 4063
3134 4061
3135 4060
3136 4060
3137 4062
3138 4060
3139 4060
3140 4062
3141 4063
3142 4058
3143 4063
3144 4062
3145 4061
3146 4065
3147 4063
3148 4058
3149 4060
3150 4063
3151 4063
3152 4060
3153 4062
3154 4063
3155 4062
3156 4066
3157 4063
3158 4061
3159 4060
3160 4062
3161 4063
3162 4061
3163 4062
3164 4062
3165 4063
3166 4060
3167 4060
3168 4062
3169 4060
3170 4062
3171 4063
3172 4060
3173 4063
3174 4062
3175 4063
3176 4060
3177 4062
3178 4063
3179 4058
3180 4060
3181 4063
3182 4058
3183 4062
3184 4062
3185 4063
3186 4062
3187 4063
3188 4062
3189 4062
3190 4063
3191 4062
3192 4060
3193 4063
3194 4060
3195 4062
3196 4060
3197 4062
3198 4062
3199 4059
3200 4060
3201 4066
3202 4061
3203 4068
3204 4063
3205 4063
3206 4063
3207 4063
3208 4061
3209 4060
3210 4063
3211 4059
3212 4063
3213 4058
3214 4062
3215 4062
3216 4062
3217 4062
3218 4060
3219 4063
3220 4060
3221 4061
3222 4066
3223 4063
3224 4059
3225 4062
3226 4063
3227 4063
3228 4063
3229 4062
3230 4062
3231 4062
3232 4061
3233 4062
3234 4063
3235 4060
3236 4063
3237 4063
3238 4062
3239 4061
3240 4061
3241 4063
3242 4060
3243 4063
3244 4063
3245 4060
3246 4061
3247 4063
3248 4063
3249 4060
3250 4063
3251 4063
3252 4062
3253 4063
3254 4062
3255 4062
3256 4063
3257 4062
3258 4061
3259 4061
3260 4060
3261 4060
3262 4062
3263 4061
3264 4057
3265 4063
3266 4063
3267 4062
3268 4063
3269 4061
3270 4060
3271 4062
3272 4063
3273 4063
3274 4061
3275 4059
3276 4061
3277 4062
3278 4062
3279 4060
3280 4062
3281 4060
3282 4063
3283 4060
3284 4063
3285 4060
3286 4060
3287 4063
3288 4061
3289 4062
3290 4063
3291 4062
3292 4063
3293 4063
3294 4062
3295 4063
3296 4063
3297 4062
3298 4062
3299 4060
3300 4063
3301 4061
3302 4062
3303 4063
3304 4062
3305 4063
3306 4063
3307 4063
3308 4063
3309 4063
3310 4062
3311 4062
3312 4063
3313 4062
3314 4063
3315 4062
3316 4063
3317 4062
3318 4060
3319 4060
3320 4063
3321 4061
3322 4063
3323 4063
3324 4062
3325 4062
3326 4062
3327 4063
3328 4062
3329 4062
3330 4062
3331 4063
3332 4061
3333 4061
3334 4063
3335 4063
3336 4060
3337 4062
3338 4060
3339 4062
3340 4060
3341 4060
3342 4061
3343 4063
3344 4063
3345 4062
3346 4063
3347 4061
3348 4066
3349 4063
3350 4063
3351 4063
3352 4060
3353 4062
3354 4059
3355 4060
3356 4060
3357 4062
3358 4060
3359 4063
3360 4062
3361 4062
3362 4060
3363 4063
3364 4062
3365 4062
3366 4062
3367 4061
3368 4063
3369 4066
3370 4060
3371 4060
3372 4058
3373 4062
3374 4060
3375 4061
3376 4061
3377 4061
3378 4062
3379 4063
3380 4060
3381 4060
3382 4062
3383 4060
3384 4063
3385 4063
3386 4063
3387 4060
3388 4063
3389 4060
3390 4063
3391 4063
3392 4061
3393 4060
3394 4063
3395 4063
3396 4062
3397 4061
3398 4062
3399 4063
3400 4061
3401 4063
3402 4060
3403 4061
3404 4062
3405 4061
3406 4062
3407 4062
3408 4063
3409 4066
3410 4057
3411 4061
3412 4061
3413 4060
3414 4060
3415 4060
3416 4060
3417 4063
3418 4066
3419 4063
3420 4062
3421 4063
3422 4062
3423 4063
3424 4063
3425 4060
3426 4063
3427 4061
3428 4063
3429 4060
3430 4061
3431 4065
3432 4062
3433 4061
3434 4063
3435 4062
3436 4062
3437 4063
3438 4063
3439 4060
3440 4060
3441 4064
3442 4060
3443 4063
3444 4059
3445 4060
3446 4060
3447 4061
3448 4063
3449 4062
3450 4062
3451 4063
3452 4060
3453 4063
3454 4062
3455 4060
3456 4060
3457 4062
3458 4062
3459 4062
3460 4058
3461 4062
3462 4060
3463 4062
3464 4062
3465 4062
3466 4062
3467 4063
3468 4063
3469 4063
3470 4060
3471 4063
3472 4061
3473 4063
3474 4062
3475 4062
3476 4062
3477 4062
3478 4061
3479 4058
3480 4061
3481 4061
3482 4061
3483 4063
3484 4062
3485 4062
3486 4063
3487 4062
3488 4062
3489 4063
3490 4060
3491 4063
3492 4063
3493 4063
3494 4060
3495 4063
3496 4063
3497 4062
3498 4060
3499 4063
3500 4062
3501 4063
3502 4060
3503 4063
3504 4062
3505 4067
3506 4060
3507 4059
3508 4062
3509 4062
3510 4063
3511 4061
3512 4063
3513 4060
3514 4063
3515 4062
3516 4062
3517 4063
3518 4063
3519 4062
3520 4062
3521 4063
3522 4063
3523 4062
3524 4059
3525 4060
3526 4062
3527 4063
3528 4062
3529 4060
3530 4061
3531 4062
3532 4063
3533 4060
3534 4062
3535 4060
3536 4060
3537 4063
3538 4060
3539 4060
3540 4062
3541 4060
3542 4062
3543 4063
3544 4063
3545 4063
3546 4063
3547 4060
3548 4062
3549 4061
3550 4062
3551 4063
3552 4059
3553 4063
3554 4063
3555 4059
3556 4062
3557 4060
3558 4060
3559 4062
3560 4062
3561 4061
3562 4063
3563 4063
3564 4061
3565 4063
3566 4066
3567 4060
3568 4062
3569 4061
3570 4063
3571 4062
3572 4063
3573 4059
3574 4062
3575 4063
3576 4060
3577 4063
3578 4063
3579 4062
3580 4060
3581 4063
3582 4063
3583 4062
3584 4063
3585 4061
3586 4063
3587 4062
3588 4062
3589 4063
3590 4062
3591 4061
3592 4060
3593 4063
3594 4067
3595 4062
3596 4060
3597 4063
3598 4062
3599 4058
3600 4063
3601 4062
3602 4061
3603 4062
3604 4058
3605 4062
3606 4060
3607 4061
3608 4063
3609 4062
3610 4063
3611 4060
3612 4062
3613 4061
3614 4062
3615 4063
3616 4060
3617 4061
3618 4062
3619 4061
3620 4062
3621 4062
3622 4062
3623 4061
3624 4060
3625 4063
3626 4062
3627 4060
3628 4060
3629 4063
3630 4062
3631 4062
3632 4062
3633 4062
3634 4065
3635 4062
3636 4062
3637 4063
3638 4062
3639 4063
3640 4063
3641 4068
3642 4062
3643 4063
3644 4062
3645 4060
3646 4063
3647 4063
3648 4061
3649 4060
3650 4062
3651 4068
3652 4059
3653 4062
3654 4062
3655 4060
3656 4061
3657 4063
3658 4063
3659 4063
3660 4060
3661 4065
3662 4060
3663 4061
3664 4061
3665 4063
3666 4062
3667 4063
3668 4063
3669 4066
3670 4060
3671 4063
3672 4060
3673 4062
3674 4063
3675 4062
3676 4063
3677 4063
3678 4066
3679 4060
3680 4061
3681 4060
3682 4062
3683 4062
3684 4061
3685 4063
3686 4060
3687 4063
3688 4059
3689 4063
3690 4062
3691 4063
3692 4063
3693 4063
3694 4060
