#Data from the TCD1304 linear CCD
#column 1 = pixelnumber , column 2 = pixelvalue
#Pixel 1-32 and 3679-3694 and are dummy pixels
#SH-period: 200    ICG-period: 100000    Integration time: 100.0 us
2 4040
3 4041
4 4058
5 4057
6 4055
7 4056
8 4056
9 4057
10 4060
11 4057
12 4058
13 4058
14 4059
15 4056
16 4058
17 4062
18 4058
19 4058
20 4056
21 4056
22 4060
23 4056
24 4056
25 4056
26 4054
27 4058
28 4057
29 4056
30 4057
31 4060
32 4057
34 4061
35 4061
36 4060
37 4056
38 4055
39 4057
40 4054
41 4056
42 4056
43 4056
44 4056
45 4060
46 4058
47 4058
48 4060
49 4058
50 4056
51 4058
52 4056
53 4060
54 4058
55 4056
56 4058
57 4056
58 4061
59 4058
60 4056
61 4058
62 4058
63 4058
64 4055
65 4058
66 4054
67 4056
68 4056
69 4058
70 4055
71 4058
72 4057
73 4060
74 4057
75 4056
76 4058
77 4058
78 4060
79 4060
80 4060
81 4059
82 4058
83 4060
84 4056
85 4058
86 4060
87 4058
88 4054
89 4058
90 4056
91 4060
92 4056
93 4057
94 4060
95 4060
96 4056
97 4060
98 4057
99 4056
100 4054
101 4058
102 4053
103 4058
104 4053
105 4058
106 4060
107 4057
108 4059
109 4060
110 4061
111 4060
112 4060
113 4059
114 4055
115 4059
116 4056
117 4054
118 4057
119 4060
120 4060
121 4059
122 4057
123 4057
124 4060
125 4058
126 4058
127 4060
128 4056
129 4060
130 4058
131 4058
132 4060
133 4060
134 4056
135 4057
136 4058
137 4056
138 4056
139 4055
140 4058
141 4060
142 4054
143 4058
144 4060
145 4059
146 4059
147 4060
148 4055
149 4056
150 4059
151 4058
152 4058
153 4056
154 4058
155 4057
156 4055
157 4056
158 4056
159 4058
160 4061
161 4060
162 4058
163 4060
164 4057
165 4060
166 4060
167 4060
168 4058
169 4056
170 4054
171 4057
172 4056
173 4060
174 4062
175 4060
176 4056
177 4062
178 4060
179 4062
180 4058
181 4059
182 4056
183 4056
184 4056
185 4058
186 4056
187 4056
188 4054
189 4057
190 4058
191 4060
192 4060
193 4058
194 4056
195 4058
196 4056
197 4056
198 4056
199 4060
200 4056
201 4060
202 4056
203 4060
204 4057
205 4060
206 4056
207 4056
208 4056
209 4058
210 4056
211 4058
212 4058
213 4056
214 4056
215 4056
216 4056
217 4058
218 4054
219 4060
220 4060
221 4055
222 4054
223 4058
224 4059
225 4058
226 4056
227 4060
228 4058
229 4058
230 4060
231 4060
232 4054
233 4057
234 4056
235 4058
236 4058
237 4061
238 4054
239 4060
240 4060
241 4056
242 4056
243 4056
244 4057
245 4056
246 4060
247 4058
248 4058
249 4062
250 4062
251 4062
252 4055
253 4060
254 4060
255 4058
256 4058
257 4056
258 4055
259 4060
260 4057
261 4060
262 4060
263 4061
264 4058
265 4056
266 4061
267 4062
268 4060
269 4059
270 4056
271 4058
272 4055
273 4058
274 4058
275 4062
276 4054
277 4059
278 4054
279 4058
280 4060
281 4058
282 4060
283 4058
284 4056
285 4058
286 4054
287 4058
288 4056
289 4055
290 4060
291 4058
292 4057
293 4056
294 4058
295 4057
296 4056
297 4056
298 4058
299 4059
300 4056
301 4061
302 4054
303 4058
304 4056
305 4056
306 4055
307 4058
308 4057
309 4060
310 4060
311 4058
312 4056
313 4060
314 4059
315 4060
316 4060
317 4063
318 4061
319 4060
320 4056
321 4058
322 4058
323 4054
324 4056
325 4058
326 4058
327 4058
328 4055
329 4056
330 4056
331 4061
332 4056
333 4056
334 4060
335 4060
336 4059
337 4057
338 4057
339 4058
340 4056
341 4055
342 4054
343 4053
344 4056
345 4058
346 4059
347 4058
348 4056
349 4056
350 4058
351 4062
352 4056
353 4060
354 4060
355 4062
356 4060
357 4061
358 4059
359 4060
360 4056
361 4056
362 4056
363 4056
364 4059
365 4058
366 4056
367 4059
368 4058
369 4061
370 4056
371 4058
372 4054
373 4055
374 4056
375 4056
376 4056
377 4054
378 4061
379 4058
380 4060
381 4058
382 4058
383 4056
384 4060
385 4058
386 4062
387 4059
388 4060
389 4060
390 4060
391 4056
392 4057
393 4059
394 4058
395 4058
396 4058
397 4060
398 4056
399 4062
400 4058
401 4060
402 4054
403 4056
404 4056
405 4060
406 4058
407 4060
408 4060
409 4057
410 4058
411 4059
412 4060
413 4054
414 4058
415 4062
416 4057
417 4056
418 4058
419 4056
420 4058
421 4056
422 4057
423 4060
424 4060
425 4058
426 4058
427 4057
428 4054
429 4058
430 4056
431 4059
432 4058
433 4056
434 4058
435 4056
436 4059
437 4058
438 4056
439 4056
440 4060
441 4057
442 4056
443 4062
444 4056
445 4056
446 4058
447 4059
448 4058
449 4058
450 4054
451 4058
452 4054
453 4058
454 4054
455 4056
456 4056
457 4060
458 4058
459 4058
460 4060
461 4058
462 4060
463 4055
464 4060
465 4059
466 4058
467 4058
468 4057
469 4058
470 4056
471 4058
472 4058
473 4058
474 4060
475 4056
476 4057
477 4056
478 4061
479 4058
480 4057
481 4056
482 4054
483 4056
484 4058
485 4056
486 4060
487 4058
488 4054
489 4054
490 4059
491 4060
492 4059
493 4058
494 4059
495 4055
496 4058
497 4057
498 4060
499 4060
500 4056
501 4063
502 4056
503 4062
504 4056
505 4056
506 4058
507 4061
508 4058
509 4056
510 4056
511 4059
512 4060
513 4059
514 4056
515 4058
516 4056
517 4058
518 4055
519 4054
520 4055
521 4057
522 4060
523 4055
524 4058
525 4060
526 4056
527 4058
528 4058
529 4062
530 4057
531 4058
532 4056
533 4058
534 4055
535 4056
536 4054
537 4058
538 4057
539 4057
540 4058
541 4056
542 4055
543 4056
544 4056
545 4060
546 4058
547 4062
548 4060
549 4059
550 4054
551 4060
552 4056
553 4058
554 4056
555 4055
556 4053
557 4058
558 4058
559 4058
560 4056
561 4056
562 4056
563 4056
564 4059
565 4056
566 4058
567 4057
568 4058
569 4058
570 4056
571 4053
572 4058
573 4054
574 4056
575 4052
576 4056
577 4060
578 4056
579 4054
580 4056
581 4056
582 4057
583 4062
584 4056
585 4058
586 4056
587 4056
588 4058
589 4058
590 4056
591 4054
592 4054
593 4057
594 4053
595 4058
596 4056
597 4054
598 4056
599 4056
600 4056
601 4058
602 4052
603 4054
604 4053
605 4052
606 4052
607 4054
608 4054
609 4053
610 4048
611 4052
612 4053
613 4052
614 4050
615 4052
616 4052
617 4050
618 4047
619 4047
620 4046
621 4044
622 4044
623 4046
624 4046
625 4044
626 4048
627 4046
628 4044
629 4041
630 4042
631 4040
632 4038
633 4030
634 4031
635 4026
636 4020
637 4015
638 4007
639 3992
640 3978
641 3944
642 3890
643 3823
644 3773
645 3610
646 3414
647 3381
648 3484
649 3432
650 3160
651 2927
652 2713
653 2434
654 2199
655 2144
656 2079
657 1886
658 1829
659 1814
660 1788
661 1730
662 1624
663 1659
664 1736
665 1650
666 1600
667 1752
668 2233
669 2218
670 1993
671 1953
672 1901
673 2238
674 2609
675 2692
676 2742
677 2978
678 3027
679 3024
680 3202
681 3455
682 3499
683 3582
684 3698
685 3763
686 3816
687 3857
688 3894
689 3924
690 3953
691 3970
692 3977
693 3983
694 3990
695 3994
696 4005
697 4006
698 4010
699 4018
700 4020
701 4019
702 4014
703 4025
704 4028
705 4029
706 4031
707 4031
708 4037
709 4041
710 4040
711 4040
712 4041
713 4041
714 4045
715 4044
716 4047
717 4049
718 4046
719 4050
720 4050
721 4052
722 4051
723 4054
724 4050
725 4050
726 4050
727 4053
728 4050
729 4052
730 4054
731 4048
732 4052
733 4050
734 4051
735 4052
736 4056
737 4053
738 4052
739 4050
740 4054
741 4056
742 4054
743 4054
744 4054
745 4056
746 4056
747 4052
748 4056
749 4053
750 4052
751 4054
752 4052
753 4052
754 4054
755 4054
756 4052
757 4052
758 4050
759 4054
760 4052
761 4056
762 4053
763 4053
764 4054
765 4056
766 4052
767 4058
768 4054
769 4052
770 4054
771 4056
772 4054
773 4056
774 4054
775 4054
776 4056
777 4055
778 4056
779 4058
780 4056
781 4057
782 4058
783 4058
784 4056
785 4058
786 4052
787 4054
788 4056
789 4058
790 4052
791 4056
792 4056
793 4054
794 4053
795 4054
796 4054
797 4052
798 4054
799 4057
800 4052
801 4056
802 4052
803 4058
804 4056
805 4057
806 4059
807 4054
808 4056
809 4058
810 4053
811 4057
812 4058
813 4056
814 4054
815 4056
816 4058
817 4052
818 4053
819 4056
820 4054
821 4058
822 4058
823 4056
824 4058
825 4056
826 4056
827 4057
828 4058
829 4056
830 4056
831 4056
832 4052
833 4054
834 4054
835 4058
836 4056
837 4056
838 4054
839 4054
840 4054
841 4054
842 4054
843 4056
844 4053
845 4055
846 4058
847 4056
848 4056
849 4062
850 4057
851 4060
852 4054
853 4056
854 4054
855 4060
856 4054
857 4054
858 4057
859 4055
860 4054
861 4058
862 4054
863 4058
864 4056
865 4056
866 4060
867 4059
868 4058
869 4059
870 4058
871 4057
872 4049
873 4052
874 4054
875 4052
876 4056
877 4056
878 4057
879 4054
880 4056
881 4056
882 4056
883 4059
884 4054
885 4060
886 4060
887 4056
888 4058
889 4056
890 4059
891 4056
892 4059
893 4057
894 4056
895 4059
896 4053
897 4056
898 4058
899 4058
900 4055
901 4058
902 4050
903 4054
904 4054
905 4058
906 4054
907 4054
908 4056
909 4060
910 4058
911 4056
912 4056
913 4056
914 4058
915 4054
916 4052
917 4058
918 4054
919 4055
920 4054
921 4056
922 4058
923 4054
924 4055
925 4057
926 4056
927 4056
928 4057
929 4058
930 4056
931 4056
932 4058
933 4056
934 4054
935 4056
936 4058
937 4056
938 4054
939 4056
940 4054
941 4058
942 4057
943 4055
944 4056
945 4054
946 4054
947 4058
948 4057
949 4061
950 4052
951 4061
952 4054
953 4057
954 4057
955 4058
956 4057
957 4056
958 4056
959 4058
960 4054
961 4057
962 4057
963 4061
964 4058
965 4060
966 4059
967 4052
968 4056
969 4056
970 4054
971 4060
972 4055
973 4056
974 4056
975 4056
976 4058
977 4055
978 4056
979 4058
980 4055
981 4057
982 4058
983 4057
984 4057
985 4056
986 4058
987 4058
988 4056
989 4060
990 4056
991 4058
992 4055
993 4054
994 4054
995 4058
996 4054
997 4054
998 4054
999 4060
1000 4060
1001 4060
1002 4056
1003 4060
1004 4059
1005 4058
1006 4053
1007 4054
1008 4052
1009 4056
1010 4057
1011 4058
1012 4058
1013 4058
1014 4060
1015 4057
1016 4056
1017 4056
1018 4057
1019 4056
1020 4056
1021 4054
1022 4056
1023 4056
1024 4056
1025 4056
1026 4056
1027 4058
1028 4056
1029 4054
1030 4056
1031 4056
1032 4056
1033 4060
1034 4057
1035 4058
1036 4056
1037 4056
1038 4058
1039 4058
1040 4057
1041 4055
1042 4056
1043 4056
1044 4055
1045 4056
1046 4056
1047 4054
1048 4054
1049 4057
1050 4058
1051 4057
1052 4054
1053 4057
1054 4060
1055 4058
1056 4058
1057 4057
1058 4052
1059 4058
1060 4056
1061 4056
1062 4054
1063 4056
1064 4056
1065 4056
1066 4056
1067 4057
1068 4057
1069 4056
1070 4056
1071 4057
1072 4054
1073 4055
1074 4054
1075 4055
1076 4054
1077 4060
1078 4060
1079 4053
1080 4056
1081 4055
1082 4054
1083 4056
1084 4060
1085 4055
1086 4056
1087 4056
1088 4058
1089 4056
1090 4058
1091 4060
1092 4054
1093 4057
1094 4058
1095 4053
1096 4060
1097 4055
1098 4053
1099 4056
1100 4054
1101 4062
1102 4053
1103 4060
1104 4054
1105 4057
1106 4058
1107 4055
1108 4058
1109 4059
1110 4058
1111 4058
1112 4058
1113 4054
1114 4052
1115 4059
1116 4055
1117 4060
1118 4058
1119 4059
1120 4054
1121 4052
1122 4056
1123 4056
1124 4057
1125 4054
1126 4055
1127 4057
1128 4054
1129 4054
1130 4055
1131 4054
1132 4054
1133 4059
1134 4056
1135 4058
1136 4058
1137 4060
1138 4060
1139 4060
1140 4053
1141 4052
1142 4054
1143 4054
1144 4054
1145 4054
1146 4054
1147 4056
1148 4056
1149 4060
1150 4055
1151 4060
1152 4058
1153 4058
1154 4056
1155 4057
1156 4052
1157 4058
1158 4058
1159 4057
1160 4056
1161 4056
1162 4054
1163 4058
1164 4056
1165 4056
1166 4058
1167 4056
1168 4056
1169 4056
1170 4057
1171 4058
1172 4057
1173 4056
1174 4058
1175 4056
1176 4054
1177 4056
1178 4056
1179 4056
1180 4057
1181 4057
1182 4059
1183 4056
1184 4058
1185 4056
1186 4056
1187 4058
1188 4054
1189 4056
1190 4056
1191 4055
1192 4058
1193 4056
1194 4058
1195 4058
1196 4058
1197 4056
1198 4054
1199 4057
1200 4057
1201 4058
1202 4054
1203 4060
1204 4056
1205 4058
1206 4056
1207 4057
1208 4056
1209 4057
1210 4053
1211 4058
1212 4056
1213 4056
1214 4057
1215 4060
1216 4055
1217 4058
1218 4058
1219 4058
1220 4054
1221 4055
1222 4057
1223 4056
1224 4058
1225 4056
1226 4056
1227 4058
1228 4062
1229 4058
1230 4056
1231 4058
1232 4056
1233 4057
1234 4058
1235 4056
1236 4056
1237 4057
1238 4057
1239 4058
1240 4058
1241 4058
1242 4054
1243 4058
1244 4057
1245 4056
1246 4056
1247 4056
1248 4056
1249 4056
1250 4056
1251 4056
1252 4052
1253 4056
1254 4056
1255 4054
1256 4056
1257 4058
1258 4056
1259 4058
1260 4059
1261 4059
1262 4056
1263 4054
1264 4058
1265 4058
1266 4058
1267 4058
1268 4057
1269 4060
1270 4056
1271 4060
1272 4062
1273 4057
1274 4062
1275 4058
1276 4058
1277 4056
1278 4058
1279 4060
1280 4058
1281 4062
1282 4056
1283 4057
1284 4056
1285 4060
1286 4056
1287 4059
1288 4058
1289 4057
1290 4054
1291 4057
1292 4057
1293 4052
1294 4057
1295 4056
1296 4058
1297 4059
1298 4055
1299 4060
1300 4058
1301 4060
1302 4055
1303 4057
1304 4056
1305 4053
1306 4056
1307 4054
1308 4056
1309 4054
1310 4057
1311 4058
1312 4059
1313 4058
1314 4058
1315 4056
1316 4061
1317 4060
1318 4062
1319 4060
1320 4058
1321 4058
1322 4056
1323 4058
1324 4062
1325 4056
1326 4058
1327 4056
1328 4055
1329 4054
1330 4056
1331 4058
1332 4059
1333 4058
1334 4060
1335 4054
1336 4056
1337 4057
1338 4057
1339 4056
1340 4057
1341 4058
1342 4056
1343 4060
1344 4058
1345 4056
1346 4054
1347 4058
1348 4057
1349 4059
1350 4054
1351 4060
1352 4056
1353 4054
1354 4060
1355 4056
1356 4062
1357 4057
1358 4052
1359 4058
1360 4060
1361 4058
1362 4060
1363 4056
1364 4058
1365 4058
1366 4058
1367 4058
1368 4057
1369 4060
1370 4056
1371 4058
1372 4054
1373 4054
1374 4061
1375 4056
1376 4054
1377 4056
1378 4057
1379 4057
1380 4056
1381 4058
1382 4058
1383 4057
1384 4058
1385 4058
1386 4055
1387 4060
1388 4056
1389 4056
1390 4060
1391 4056
1392 4054
1393 4057
1394 4056
1395 4056
1396 4058
1397 4061
1398 4057
1399 4059
1400 4058
1401 4058
1402 4053
1403 4056
1404 4056
1405 4056
1406 4056
1407 4056
1408 4056
1409 4053
1410 4056
1411 4060
1412 4056
1413 4058
1414 4058
1415 4057
1416 4060
1417 4060
1418 4058
1419 4059
1420 4058
1421 4057
1422 4057
1423 4056
1424 4058
1425 4058
1426 4057
1427 4056
1428 4056
1429 4054
1430 4058
1431 4061
1432 4059
1433 4058
1434 4058
1435 4058
1436 4060
1437 4059
1438 4060
1439 4058
1440 4058
1441 4056
1442 4056
1443 4059
1444 4053
1445 4060
1446 4058
1447 4059
1448 4054
1449 4056
1450 4054
1451 4058
1452 4056
1453 4059
1454 4056
1455 4059
1456 4057
1457 4056
1458 4056
1459 4054
1460 4056
1461 4057
1462 4053
1463 4056
1464 4054
1465 4060
1466 4056
1467 4058
1468 4058
1469 4060
1470 4058
1471 4054
1472 4060
1473 4061
1474 4060
1475 4053
1476 4057
1477 4059
1478 4058
1479 4058
1480 4057
1481 4060
1482 4057
1483 4056
1484 4060
1485 4058
1486 4060
1487 4056
1488 4058
1489 4056
1490 4058
1491 4060
1492 4054
1493 4058
1494 4053
1495 4058
1496 4057
1497 4058
1498 4056
1499 4060
1500 4057
1501 4060
1502 4053
1503 4058
1504 4054
1505 4057
1506 4056
1507 4058
1508 4060
1509 4059
1510 4058
1511 4056
1512 4054
1513 4054
1514 4056
1515 4059
1516 4057
1517 4063
1518 4060
1519 4058
1520 4060
1521 4058
1522 4058
1523 4056
1524 4055
1525 4056
1526 4053
1527 4055
1528 4058
1529 4059
1530 4058
1531 4060
1532 4057
1533 4054
1534 4058
1535 4059
1536 4060
1537 4056
1538 4058
1539 4057
1540 4058
1541 4058
1542 4054
1543 4056
1544 4058
1545 4058
1546 4058
1547 4056
1548 4056
1549 4057
1550 4056
1551 4062
1552 4052
1553 4056
1554 4057
1555 4054
1556 4054
1557 4059
1558 4058
1559 4060
1560 4058
1561 4058
1562 4058
1563 4059
1564 4057
1565 4057
1566 4058
1567 4058
1568 4056
1569 4058
1570 4056
1571 4058
1572 4056
1573 4058
1574 4056
1575 4058
1576 4056
1577 4054
1578 4056
1579 4056
1580 4058
1581 4058
1582 4058
1583 4056
1584 4060
1585 4057
1586 4060
1587 4056
1588 4058
1589 4059
1590 4060
1591 4062
1592 4054
1593 4058
1594 4058
1595 4060
1596 4060
1597 4056
1598 4056
1599 4057
1600 4056
1601 4059
1602 4054
1603 4060
1604 4059
1605 4055
1606 4058
1607 4056
1608 4055
1609 4058
1610 4059
1611 4058
1612 4056
1613 4057
1614 4056
1615 4058
1616 4059
1617 4058
1618 4062
1619 4058
1620 4057
1621 4056
1622 4055
1623 4058
1624 4059
1625 4058
1626 4060
1627 4060
1628 4058
1629 4058
1630 4057
1631 4054
1632 4054
1633 4056
1634 4056
1635 4058
1636 4058
1637 4059
1638 4060
1639 4059
1640 4056
1641 4054
1642 4058
1643 4057
1644 4058
1645 4057
1646 4058
1647 4060
1648 4056
1649 4057
1650 4058
1651 4063
1652 4058
1653 4058
1654 4058
1655 4054
1656 4056
1657 4057
1658 4056
1659 4055
1660 4058
1661 4060
1662 4058
1663 4058
1664 4055
1665 4062
1666 4059
1667 4058
1668 4058
1669 4061
1670 4058
1671 4058
1672 4056
1673 4059
1674 4058
1675 4056
1676 4054
1677 4054
1678 4060
1679 4054
1680 4058
1681 4058
1682 4056
1683 4058
1684 4058
1685 4056
1686 4056
1687 4053
1688 4056
1689 4060
1690 4058
1691 4055
1692 4060
1693 4056
1694 4058
1695 4058
1696 4056
1697 4058
1698 4056
1699 4058
1700 4062
1701 4058
1702 4056
1703 4056
1704 4056
1705 4058
1706 4054
1707 4060
1708 4056
1709 4057
1710 4056
1711 4058
1712 4058
1713 4058
1714 4058
1715 4060
1716 4058
1717 4058
1718 4056
1719 4057
1720 4058
1721 4062
1722 4056
1723 4058
1724 4060
1725 4062
1726 4057
1727 4060
1728 4062
1729 4060
1730 4056
1731 4056
1732 4055
1733 4060
1734 4056
1735 4056
1736 4054
1737 4056
1738 4056
1739 4060
1740 4058
1741 4062
1742 4056
1743 4056
1744 4060
1745 4058
1746 4056
1747 4057
1748 4058
1749 4057
1750 4057
1751 4058
1752 4054
1753 4056
1754 4056
1755 4056
1756 4058
1757 4060
1758 4060
1759 4059
1760 4060
1761 4060
1762 4060
1763 4056
1764 4056
1765 4056
1766 4055
1767 4058
1768 4056
1769 4056
1770 4054
1771 4057
1772 4058
1773 4058
1774 4055
1775 4056
1776 4058
1777 4054
1778 4058
1779 4058
1780 4058
1781 4056
1782 4056
1783 4058
1784 4058
1785 4060
1786 4056
1787 4059
1788 4056
1789 4056
1790 4056
1791 4060
1792 4058
1793 4056
1794 4058
1795 4057
1796 4056
1797 4056
1798 4058
1799 4056
1800 4060
1801 4062
1802 4054
1803 4057
1804 4060
1805 4060
1806 4058
1807 4057
1808 4056
1809 4058
1810 4054
1811 4058
1812 4056
1813 4058
1814 4058
1815 4058
1816 4058
1817 4060
1818 4062
1819 4056
1820 4058
1821 4057
1822 4058
1823 4057
1824 4058
1825 4058
1826 4056
1827 4061
1828 4056
1829 4059
1830 4055
1831 4056
1832 4054
1833 4056
1834 4055
1835 4058
1836 4058
1837 4057
1838 4058
1839 4055
1840 4054
1841 4058
1842 4056
1843 4056
1844 4058
1845 4056
1846 4058
1847 4058
1848 4055
1849 4056
1850 4054
1851 4057
1852 4056
1853 4060
1854 4054
1855 4058
1856 4060
1857 4060
1858 4059
1859 4056
1860 4056
1861 4060
1862 4058
1863 4060
1864 4055
1865 4057
1866 4056
1867 4059
1868 4058
1869 4062
1870 4054
1871 4058
1872 4060
1873 4058
1874 4060
1875 4062
1876 4059
1877 4058
1878 4054
1879 4056
1880 4056
1881 4054
1882 4058
1883 4060
1884 4060
1885 4054
1886 4060
1887 4060
1888 4058
1889 4058
1890 4060
1891 4058
1892 4060
1893 4058
1894 4056
1895 4058
1896 4056
1897 4056
1898 4056
1899 4054
1900 4057
1901 4059
1902 4058
1903 4058
1904 4058
1905 4056
1906 4058
1907 4060
1908 4058
1909 4054
1910 4057
1911 4061
1912 4058
1913 4058
1914 4058
1915 4058
1916 4058
1917 4056
1918 4056
1919 4058
1920 4055
1921 4055
1922 4056
1923 4056
1924 4058
1925 4058
1926 4056
1927 4058
1928 4059
1929 4058
1930 4056
1931 4060
1932 4058
1933 4058
1934 4060
1935 4058
1936 4058
1937 4061
1938 4058
1939 4056
1940 4056
1941 4056
1942 4054
1943 4057
1944 4056
1945 4058
1946 4058
1947 4056
1948 4057
1949 4062
1950 4058
1951 4056
1952 4054
1953 4056
1954 4055
1955 4059
1956 4058
1957 4060
1958 4059
1959 4060
1960 4055
1961 4056
1962 4056
1963 4057
1964 4056
1965 4056
1966 4058
1967 4059
1968 4056
1969 4060
1970 4058
1971 4056
1972 4058
1973 4058
1974 4060
1975 4060
1976 4057
1977 4059
1978 4058
1979 4054
1980 4056
1981 4054
1982 4056
1983 4058
1984 4062
1985 4058
1986 4057
1987 4057
1988 4060
1989 4056
1990 4060
1991 4058
1992 4056
1993 4056
1994 4056
1995 4057
1996 4054
1997 4060
1998 4057
1999 4058
2000 4054
2001 4060
2002 4054
2003 4056
2004 4058
2005 4058
2006 4056
2007 4060
2008 4056
2009 4056
2010 4060
2011 4056
2012 4056
2013 4056
2014 4058
2015 4058
2016 4058
2017 4058
2018 4053
2019 4062
2020 4059
2021 4054
2022 4053
2023 4055
2024 4060
2025 4056
2026 4058
2027 4058
2028 4062
2029 4060
2030 4058
2031 4058
2032 4056
2033 4056
2034 4056
2035 4059
2036 4056
2037 4059
2038 4059
2039 4060
2040 4056
2041 4056
2042 4058
2043 4058
2044 4058
2045 4057
2046 4056
2047 4057
2048 4056
2049 4058
2050 4057
2051 4056
2052 4056
2053 4060
2054 4059
2055 4056
2056 4059
2057 4058
2058 4058
2059 4060
2060 4056
2061 4061
2062 4058
2063 4056
2064 4056
2065 4058
2066 4054
2067 4058
2068 4060
2069 4057
2070 4058
2071 4058
2072 4054
2073 4057
2074 4060
2075 4058
2076 4056
2077 4058
2078 4056
2079 4058
2080 4060
2081 4058
2082 4059
2083 4058
2084 4056
2085 4058
2086 4057
2087 4055
2088 4058
2089 4060
2090 4056
2091 4058
2092 4055
2093 4058
2094 4057
2095 4058
2096 4058
2097 4061
2098 4058
2099 4059
2100 4058
2101 4060
2102 4054
2103 4060
2104 4058
2105 4057
2106 4060
2107 4057
2108 4056
2109 4058
2110 4056
2111 4058
2112 4063
2113 4058
2114 4058
2115 4058
2116 4055
2117 4058
2118 4056
2119 4054
2120 4056
2121 4057
2122 4060
2123 4059
2124 4059
2125 4056
2126 4058
2127 4056
2128 4057
2129 4058
2130 4056
2131 4056
2132 4056
2133 4055
2134 4052
2135 4057
2136 4056
2137 4056
2138 4060
2139 4058
2140 4059
2141 4060
2142 4057
2143 4058
2144 4056
2145 4057
2146 4058
2147 4057
2148 4059
2149 4058
2150 4058
2151 4062
2152 4055
2153 4060
2154 4054
2155 4058
2156 4056
2157 4058
2158 4056
2159 4058
2160 4058
2161 4053
2162 4058
2163 4058
2164 4056
2165 4057
2166 4057
2167 4056
2168 4056
2169 4056
2170 4060
2171 4060
2172 4058
2173 4056
2174 4056
2175 4056
2176 4060
2177 4062
2178 4058
2179 4058
2180 4062
2181 4058
2182 4054
2183 4057
2184 4060
2185 4059
2186 4058
2187 4057
2188 4057
2189 4056
2190 4056
2191 4060
2192 4056
2193 4060
2194 4062
2195 4058
2196 4060
2197 4058
2198 4056
2199 4056
2200 4057
2201 4060
2202 4053
2203 4058
2204 4055
2205 4054
2206 4056
2207 4058
2208 4058
2209 4061
2210 4057
2211 4059
2212 4055
2213 4056
2214 4058
2215 4060
2216 4058
2217 4057
2218 4058
2219 4063
2220 4054
2221 4057
2222 4060
2223 4057
2224 4058
2225 4058
2226 4059
2227 4058
2228 4060
2229 4059
2230 4058
2231 4057
2232 4057
2233 4057
2234 4060
2235 4060
2236 4059
2237 4056
2238 4058
2239 4056
2240 4060
2241 4058
2242 4058
2243 4059
2244 4056
2245 4056
2246 4058
2247 4058
2248 4060
2249 4060
2250 4060
2251 4061
2252 4056
2253 4058
2254 4058
2255 4057
2256 4056
2257 4058
2258 4058
2259 4057
2260 4058
2261 4057
2262 4056
2263 4060
2264 4061
2265 4058
2266 4063
2267 4057
2268 4060
2269 4056
2270 4056
2271 4059
2272 4058
2273 4059
2274 4058
2275 4058
2276 4061
2277 4061
2278 4059
2279 4058
2280 4055
2281 4056
2282 4058
2283 4058
2284 4055
2285 4057
2286 4056
2287 4056
2288 4056
2289 4059
2290 4056
2291 4062
2292 4058
2293 4060
2294 4062
2295 4056
2296 4054
2297 4060
2298 4058
2299 4060
2300 4060
2301 4063
2302 4057
2303 4062
2304 4060
2305 4060
2306 4054
2307 4057
2308 4054
2309 4056
2310 4056
2311 4058
2312 4056
2313 4062
2314 4057
2315 4057
2316 4058
2317 4058
2318 4056
2319 4056
2320 4059
2321 4056
2322 4058
2323 4058
2324 4058
2325 4056
2326 4058
2327 4062
2328 4058
2329 4061
2330 4058
2331 4060
2332 4054
2333 4056
2334 4056
2335 4058
2336 4056
2337 4056
2338 4058
2339 4058
2340 4054
2341 4057
2342 4056
2343 4058
2344 4056
2345 4059
2346 4058
2347 4058
2348 4056
2349 4060
2350 4062
2351 4059
2352 4056
2353 4060
2354 4058
2355 4058
2356 4054
2357 4055
2358 4056
2359 4054
2360 4056
2361 4060
2362 4060
2363 4059
2364 4058
2365 4055
2366 4056
2367 4056
2368 4056
2369 4056
2370 4060
2371 4060
2372 4058
2373 4060
2374 4059
2375 4056
2376 4056
2377 4058
2378 4054
2379 4058
2380 4056
2381 4058
2382 4056
2383 4057
2384 4056
2385 4058
2386 4060
2387 4056
2388 4056
2389 4058
2390 4058
2391 4058
2392 4058
2393 4058
2394 4056
2395 4058
2396 4058
2397 4058
2398 4056
2399 4059
2400 4054
2401 4061
2402 4054
2403 4060
2404 4059
2405 4058
2406 4056
2407 4054
2408 4056
2409 4056
2410 4058
2411 4058
2412 4059
2413 4056
2414 4056
2415 4059
2416 4056
2417 4058
2418 4060
2419 4060
2420 4056
2421 4055
2422 4056
2423 4056
2424 4055
2425 4055
2426 4058
2427 4058
2428 4060
2429 4061
2430 4060
2431 4060
2432 4060
2433 4060
2434 4058
2435 4058
2436 4058
2437 4052
2438 4057
2439 4056
2440 4056
2441 4058
2442 4060
2443 4058
2444 4056
2445 4058
2446 4062
2447 4062
2448 4054
2449 4060
2450 4059
2451 4058
2452 4052
2453 4057
2454 4058
2455 4056
2456 4055
2457 4060
2458 4058
2459 4058
2460 4056
2461 4056
2462 4057
2463 4054
2464 4058
2465 4058
2466 4056
2467 4057
2468 4057
2469 4055
2470 4056
2471 4062
2472 4056
2473 4057
2474 4056
2475 4055
2476 4060
2477 4056
2478 4057
2479 4057
2480 4054
2481 4057
2482 4058
2483 4055
2484 4058
2485 4054
2486 4057
2487 4057
2488 4059
2489 4056
2490 4060
2491 4056
2492 4058
2493 4057
2494 4058
2495 4058
2496 4058
2497 4062
2498 4056
2499 4055
2500 4056
2501 4056
2502 4054
2503 4059
2504 4056
2505 4058
2506 4058
2507 4058
2508 4057
2509 4062
2510 4056
2511 4060
2512 4056
2513 4060
2514 4058
2515 4060
2516 4056
2517 4056
2518 4056
2519 4058
2520 4057
2521 4058
2522 4056
2523 4056
2524 4060
2525 4058
2526 4058
2527 4061
2528 4056
2529 4058
2530 4059
2531 4058
2532 4053
2533 4056
2534 4060
2535 4060
2536 4058
2537 4059
2538 4058
2539 4055
2540 4059
2541 4058
2542 4058
2543 4060
2544 4056
2545 4056
2546 4056
2547 4059
2548 4058
2549 4058
2550 4058
2551 4061
2552 4054
2553 4056
2554 4058
2555 4058
2556 4060
2557 4055
2558 4054
2559 4061
2560 4056
2561 4061
2562 4058
2563 4058
2564 4056
2565 4056
2566 4060
2567 4058
2568 4058
2569 4058
2570 4058
2571 4060
2572 4060
2573 4058
2574 4060
2575 4055
2576 4058
2577 4058
2578 4056
2579 4056
2580 4058
2581 4058
2582 4056
2583 4056
2584 4058
2585 4058
2586 4058
2587 4060
2588 4058
2589 4056
2590 4056
2591 4052
2592 4058
2593 4058
2594 4057
2595 4062
2596 4057
2597 4062
2598 4058
2599 4062
2600 4059
2601 4061
2602 4054
2603 4059
2604 4058
2605 4056
2606 4058
2607 4059
2608 4058
2609 4057
2610 4058
2611 4058
2612 4058
2613 4058
2614 4058
2615 4058
2616 4056
2617 4056
2618 4056
2619 4056
2620 4060
2621 4056
2622 4060
2623 4056
2624 4058
2625 4058
2626 4056
2627 4058
2628 4061
2629 4058
2630 4058
2631 4058
2632 4058
2633 4054
2634 4060
2635 4058
2636 4058
2637 4056
2638 4056
2639 4060
2640 4060
2641 4061
2642 4058
2643 4058
2644 4059
2645 4054
2646 4056
2647 4056
2648 4054
2649 4056
2650 4058
2651 4061
2652 4054
2653 4058
2654 4056
2655 4058
2656 4057
2657 4053
2658 4058
2659 4058
2660 4058
2661 4058
2662 4060
2663 4059
2664 4058
2665 4058
2666 4056
2667 4056
2668 4056
2669 4060
2670 4056
2671 4054
2672 4060
2673 4058
2674 4056
2675 4060
2676 4058
2677 4056
2678 4056
2679 4056
2680 4058
2681 4059
2682 4058
2683 4056
2684 4056
2685 4056
2686 4056
2687 4058
2688 4057
2689 4058
2690 4058
2691 4059
2692 4060
2693 4057
2694 4060
2695 4060
2696 4056
2697 4061
2698 4058
2699 4058
2700 4058
2701 4059
2702 4056
2703 4058
2704 4056
2705 4056
2706 4057
2707 4056
2708 4056
2709 4058
2710 4055
2711 4057
2712 4057
2713 4060
2714 4058
2715 4059
2716 4058
2717 4058
2718 4059
2719 4060
2720 4058
2721 4061
2722 4059
2723 4058
2724 4058
2725 4058
2726 4057
2727 4057
2728 4054
2729 4056
2730 4058
2731 4058
2732 4058
2733 4055
2734 4055
2735 4056
2736 4056
2737 4059
2738 4054
2739 4059
2740 4056
2741 4060
2742 4056
2743 4060
2744 4058
2745 4054
2746 4058
2747 4058
2748 4056
2749 4055
2750 4057
2751 4061
2752 4054
2753 4060
2754 4058
2755 4062
2756 4060
2757 4056
2758 4054
2759 4056
2760 4056
2761 4056
2762 4057
2763 4058
2764 4060
2765 4058
2766 4060
2767 4060
2768 4058
2769 4057
2770 4058
2771 4060
2772 4060
2773 4056
2774 4062
2775 4058
2776 4060
2777 4058
2778 4056
2779 4056
2780 4058
2781 4056
2782 4058
2783 4059
2784 4060
2785 4057
2786 4055
2787 4056
2788 4056
2789 4058
2790 4057
2791 4054
2792 4057
2793 4054
2794 4054
2795 4055
2796 4060
2797 4057
2798 4057
2799 4058
2800 4056
2801 4058
2802 4056
2803 4056
2804 4055
2805 4059
2806 4056
2807 4057
2808 4056
2809 4058
2810 4057
2811 4058
2812 4056
2813 4058
2814 4059
2815 4058
2816 4061
2817 4058
2818 4056
2819 4056
2820 4058
2821 4057
2822 4057
2823 4058
2824 4058
2825 4056
2826 4058
2827 4056
2828 4054
2829 4054
2830 4056
2831 4054
2832 4056
2833 4058
2834 4060
2835 4060
2836 4057
2837 4060
2838 4057
2839 4058
2840 4056
2841 4058
2842 4060
2843 4060
2844 4056
2845 4056
2846 4060
2847 4058
2848 4058
2849 4056
2850 4056
2851 4056
2852 4052
2853 4058
2854 4060
2855 4057
2856 4056
2857 4060
2858 4056
2859 4059
2860 4058
2861 4060
2862 4060
2863 4058
2864 4058
2865 4059
2866 4058
2867 4060
2868 4056
2869 4056
2870 4060
2871 4058
2872 4057
2873 4057
2874 4060
2875 4060
2876 4058
2877 4056
2878 4056
2879 4058
2880 4056
2881 4058
2882 4058
2883 4060
2884 4060
2885 4056
2886 4056
2887 4056
2888 4061
2889 4058
2890 4056
2891 4056
2892 4056
2893 4056
2894 4056
2895 4058
2896 4056
2897 4056
2898 4056
2899 4060
2900 4056
2901 4059
2902 4054
2903 4058
2904 4059
2905 4056
2906 4059
2907 4056
2908 4060
2909 4056
2910 4058
2911 4058
2912 4058
2913 4058
2914 4058
2915 4058
2916 4054
2917 4056
2918 4059
2919 4056
2920 4060
2921 4060
2922 4060
2923 4056
2924 4057
2925 4056
2926 4059
2927 4058
2928 4060
2929 4060
2930 4060
2931 4056
2932 4054
2933 4056
2934 4056
2935 4058
2936 4056
2937 4060
2938 4058
2939 4055
2940 4054
2941 4058
2942 4055
2943 4057
2944 4060
2945 4056
2946 4056
2947 4056
2948 4056
2949 4060
2950 4059
2951 4062
2952 4055
2953 4056
2954 4059
2955 4056
2956 4056
2957 4054
2958 4058
2959 4056
2960 4059
2961 4058
2962 4058
2963 4056
2964 4057
2965 4056
2966 4056
2967 4060
2968 4060
2969 4060
2970 4058
2971 4058
2972 4060
2973 4055
2974 4058
2975 4054
2976 4056
2977 4056
2978 4053
2979 4056
2980 4055
2981 4056
2982 4056
2983 4060
2984 4058
2985 4060
2986 4061
2987 4058
2988 4055
2989 4058
2990 4056
2991 4056
2992 4057
2993 4058
2994 4053
2995 4056
2996 4058
2997 4056
2998 4056
2999 4058
3000 4060
3001 4060
3002 4054
3003 4056
3004 4056
3005 4057
3006 4060
3007 4058
3008 4056
3009 4056
3010 4055
3011 4058
3012 4057
3013 4057
3014 4058
3015 4056
3016 4058
3017 4056
3018 4057
3019 4060
3020 4059
3021 4059
3022 4059
3023 4056
3024 4058
3025 4058
3026 4052
3027 4056
3028 4060
3029 4060
3030 4060
3031 4059
3032 4058
3033 4057
3034 4058
3035 4058
3036 4060
3037 4060
3038 4057
3039 4057
3040 4058
3041 4058
3042 4056
3043 4058
3044 4059
3045 4056
3046 4056
3047 4059
3048 4056
3049 4060
3050 4060
3051 4059
3052 4056
3053 4056
3054 4061
3055 4058
3056 4058
3057 4056
3058 4056
3059 4057
3060 4057
3061 4056
3062 4057
3063 4056
3064 4055
3065 4054
3066 4060
3067 4055
3068 4056
3069 4057
3070 4060
3071 4058
3072 4059
3073 4056
3074 4062
3075 4057
3076 4060
3077 4058
3078 4060
3079 4059
3080 4056
3081 4056
3082 4056
3083 4058
3084 4057
3085 4054
3086 4058
3087 4058
3088 4060
3089 4060
3090 4055
3091 4063
3092 4058
3093 4058
3094 4060
3095 4058
3096 4058
3097 4058
3098 4057
3099 4059
3100 4056
3101 4060
3102 4053
3103 4060
3104 4057
3105 4058
3106 4058
3107 4062
3108 4060
3109 4062
3110 4060
3111 4058
3112 4060
3113 4062
3114 4056
3115 4057
3116 4054
3117 4056
3118 4057
3119 4056
3120 4056
3121 4057
3122 4056
3123 4060
3124 4059
3125 4062
3126 4060
3127 4058
3128 4059
3129 4058
3130 4060
3131 4056
3132 4059
3133 4057
3134 4054
3135 4059
3136 4056
3137 4056
3138 4054
3139 4060
3140 4053
3141 4058
3142 4060
3143 4056
3144 4058
3145 4056
3146 4055
3147 4058
3148 4056
3149 4060
3150 4056
3151 4063
3152 4054
3153 4056
3154 4056
3155 4054
3156 4058
3157 4063
3158 4062
3159 4056
3160 4060
3161 4056
3162 4056
3163 4060
3164 4054
3165 4058
3166 4054
3167 4056
3168 4056
3169 4056
3170 4057
3171 4058
3172 4058
3173 4060
3174 4058
3175 4060
3176 4057
3177 4058
3178 4056
3179 4058
3180 4060
3181 4058
3182 4056
3183 4057
3184 4053
3185 4054
3186 4057
3187 4058
3188 4057
3189 4060
3190 4056
3191 4060
3192 4060
3193 4060
3194 4062
3195 4058
3196 4060
3197 4057
3198 4054
3199 4058
3200 4056
3201 4060
3202 4056
3203 4060
3204 4058
3205 4058
3206 4057
3207 4058
3208 4058
3209 4056
3210 4054
3211 4060
3212 4058
3213 4059
3214 4056
3215 4060
3216 4056
3217 4058
3218 4056
3219 4061
3220 4056
3221 4060
3222 4058
3223 4056
3224 4057
3225 4058
3226 4058
3227 4057
3228 4056
3229 4056
3230 4058
3231 4054
3232 4056
3233 4059
3234 4055
3235 4057
3236 4058
3237 4058
3238 4056
3239 4056
3240 4058
3241 4060
3242 4057
3243 4060
3244 4057
3245 4058
3246 4056
3247 4056
3248 4053
3249 4058
3250 4056
3251 4060
3252 4055
3253 4060
3254 4058
3255 4058
3256 4057
3257 4055
3258 4054
3259 4058
3260 4060
3261 4059
3262 4056
3263 4056
3264 4057
3265 4056
3266 4057
3267 4056
3268 4058
3269 4062
3270 4060
3271 4060
3272 4059
3273 4058
3274 4058
3275 4055
3276 4056
3277 4054
3278 4058
3279 4060
3280 4061
3281 4061
3282 4057
3283 4056
3284 4055
3285 4058
3286 4062
3287 4060
3288 4062
3289 4058
3290 4060
3291 4059
3292 4058
3293 4060
3294 4056
3295 4060
3296 4054
3297 4054
3298 4056
3299 4057
3300 4056
3301 4060
3302 4056
3303 4058
3304 4057
3305 4060
3306 4057
3307 4057
3308 4060
3309 4057
3310 4059
3311 4056
3312 4058
3313 4060
3314 4054
3315 4060
3316 4056
3317 4057
3318 4057
3319 4056
3320 4058
3321 4058
3322 4058
3323 4062
3324 4056
3325 4059
3326 4058
3327 4058
3328 4058
3329 4060
3330 4059
3331 4058
3332 4060
3333 4058
3334 4058
3335 4056
3336 4056
3337 4056
3338 4056
3339 4058
3340 4054
3341 4060
3342 4058
3343 4060
3344 4055
3345 4058
3346 4058
3347 4059
3348 4057
3349 4054
3350 4056
3351 4060
3352 4056
3353 4063
3354 4059
3355 4062
3356 4059
3357 4060
3358 4055
3359 4060
3360 4058
3361 4058
3362 4057
3363 4058
3364 4058
3365 4058
3366 4058
3367 4057
3368 4056
3369 4056
3370 4056
3371 4058
3372 4058
3373 4060
3374 4056
3375 4056
3376 4058
3377 4057
3378 4058
3379 4058
3380 4056
3381 4057
3382 4056
3383 4054
3384 4060
3385 4056
3386 4056
3387 4056
3388 4058
3389 4057
3390 4054
3391 4060
3392 4059
3393 4058
3394 4056
3395 4058
3396 4057
3397 4060
3398 4059
3399 4060
3400 4056
3401 4058
3402 4057
3403 4054
3404 4060
3405 4058
3406 4058
3407 4056
3408 4056
3409 4057
3410 4056
3411 4056
3412 4059
3413 4059
3414 4062
3415 4058
3416 4060
3417 4058
3418 4062
3419 4058
3420 4057
3421 4058
3422 4055
3423 4056
3424 4056
3425 4056
3426 4057
3427 4060
3428 4062
3429 4058
3430 4058
3431 4060
3432 4060
3433 4056
3434 4054
3435 4056
3436 4054
3437 4055
3438 4058
3439 4057
3440 4058
3441 4060
3442 4060
3443 4056
3444 4056
3445 4061
3446 4060
3447 4061
3448 4056
3449 4060
3450 4057
3451 4060
3452 4056
3453 4058
3454 4056
3455 4060
3456 4057
3457 4060
3458 4060
3459 4056
3460 4058
3461 4056
3462 4058
3463 4057
3464 4056
3465 4058
3466 4059
3467 4058
3468 4057
3469 4058
3470 4058
3471 4060
3472 4056
3473 4058
3474 4062
3475 4060
3476 4056
3477 4056
3478 4054
3479 4060
3480 4057
3481 4058
3482 4056
3483 4060
3484 4058
3485 4059
3486 4059
3487 4056
3488 4058
3489 4057
3490 4058
3491 4056
3492 4055
3493 4058
3494 4057
3495 4056
3496 4059
3497 4059
3498 4055
3499 4054
3500 4056
3501 4060
3502 4055
3503 4058
3504 4058
3505 4058
3506 4052
3507 4056
3508 4059
3509 4056
3510 4060
3511 4058
3512 4058
3513 4057
3514 4056
3515 4057
3516 4058
3517 4061
3518 4058
3519 4056
3520 4056
3521 4058
3522 4052
3523 4054
3524 4058
3525 4056
3526 4058
3527 4056
3528 4058
3529 4056
3530 4056
3531 4060
3532 4060
3533 4056
3534 4054
3535 4058
3536 4056
3537 4055
3538 4057
3539 4058
3540 4056
3541 4058
3542 4056
3543 4060
3544 4058
3545 4060
3546 4060
3547 4058
3548 4057
3549 4057
3550 4058
3551 4062
3552 4056
3553 4060
3554 4056
3555 4060
3556 4057
3557 4057
3558 4058
3559 4054
3560 4058
3561 4058
3562 4058
3563 4057
3564 4057
3565 4058
3566 4055
3567 4062
3568 4059
3569 4057
3570 4056
3571 4058
3572 4056
3573 4060
3574 4060
3575 4058
3576 4058
3577 4059
3578 4056
3579 4060
3580 4060
3581 4058
3582 4057
3583 4058
3584 4061
3585 4054
3586 4056
3587 4056
3588 4056
3589 4056
3590 4057
3591 4054
3592 4058
3593 4058
3594 4057
3595 4058
3596 4056
3597 4059
3598 4056
3599 4058
3600 4060
3601 4060
3602 4058
3603 4058
3604 4061
3605 4056
3606 4059
3607 4056
3608 4057
3609 4056
3610 4057
3611 4058
3612 4057
3613 4058
3614 4059
3615 4060
3616 4054
3617 4055
3618 4058
3619 4056
3620 4056
3621 4058
3622 4058
3623 4056
3624 4058
3625 4059
3626 4058
3627 4057
3628 4060
3629 4056
3630 4060
3631 4059
3632 4058
3633 4062
3634 4054
3635 4058
3636 4057
3637 4057
3638 4058
3639 4058
3640 4058
3641 4060
3642 4058
3643 4056
3644 4058
3645 4056
3646 4057
3647 4058
3648 4054
3649 4058
3650 4056
3651 4058
3652 4054
3653 4060
3654 4060
3655 4058
3656 4060
3657 4061
3658 4058
3659 4060
3660 4058
3661 4056
3662 4056
3663 4057
3664 4061
3665 4060
3666 4057
3667 4061
3668 4060
3669 4058
3670 4057
3671 4056
3672 4056
3673 4056
3674 4059
3675 4056
3676 4058
3677 4058
3678 4058
3679 4058
3680 4057
3681 4054
3682 4056
3683 4056
3684 4056
3685 4056
3686 4062
3687 4058
3688 4060
3689 4058
3690 4056
3691 4054
3692 4056
3693 4058
3694 4056
