#Data from the TCD1304 linear CCD
#column 1 = pixelnumber , column 2 = pixelvalue
#Pixel 1-32 and 3679-3694 and are dummy pixels
#SH-period: 200    ICG-period: 100000    Integration time: 100.0 us
2 4046
3 4047
4 4063
5 4066
6 4060
7 4062
8 4063
9 4063
10 4063
11 4063
12 4062
13 4063
14 4063
15 4060
16 4063
17 4063
18 4062
19 4062
20 4062
21 4063
22 4065
23 4063
24 4063
25 4062
26 4063
27 4063
28 4062
29 4065
30 4063
31 4063
32 4062
34 4062
35 4063
36 4065
37 4061
38 4063
39 4062
40 4062
41 4062
42 4062
43 4063
44 4063
45 4063
46 4061
47 4062
48 4063
49 4062
50 4062
51 4065
52 4060
53 4068
54 4063
55 4063
56 4063
57 4062
58 4060
59 4063
60 4062
61 4062
62 4066
63 4063
64 4063
65 4061
66 4062
67 4063
68 4063
69 4062
70 4062
71 4063
72 4061
73 4063
74 4062
75 4062
76 4063
77 4062
78 4063
79 4062
80 4062
81 4066
82 4063
83 4060
84 4063
85 4062
86 4061
87 4062
88 4061
89 4063
90 4062
91 4062
92 4062
93 4063
94 4063
95 4063
96 4063
97 4062
98 4065
99 4062
100 4060
101 4063
102 4058
103 4062
104 4063
105 4066
106 4062
107 4063
108 4062
109 4063
110 4062
111 4062
112 4063
113 4062
114 4062
115 4068
116 4062
117 4060
118 4063
119 4063
120 4062
121 4063
122 4063
123 4061
124 4063
125 4068
126 4063
127 4064
128 4063
129 4064
130 4063
131 4062
132 4063
133 4061
134 4060
135 4060
136 4062
137 4063
138 4060
139 4062
140 4063
141 4060
142 4060
143 4062
144 4065
145 4060
146 4063
147 4063
148 4062
149 4066
150 4062
151 4066
152 4062
153 4063
154 4062
155 4062
156 4063
157 4063
158 4063
159 4062
160 4062
161 4063
162 4063
163 4060
164 4063
165 4063
166 4063
167 4063
168 4063
169 4062
170 4060
171 4066
172 4060
173 4063
174 4063
175 4061
176 4061
177 4063
178 4063
179 4063
180 4062
181 4063
182 4065
183 4062
184 4062
185 4066
186 4064
187 4063
188 4061
189 4063
190 4060
191 4062
192 4066
193 4062
194 4062
195 4062
196 4061
197 4062
198 4061
199 4066
200 4062
201 4063
202 4060
203 4063
204 4063
205 4063
206 4060
207 4061
208 4062
209 4062
210 4061
211 4063
212 4062
213 4063
214 4063
215 4063
216 4062
217 4063
218 4062
219 4062
220 4063
221 4062
222 4070
223 4062
224 4063
225 4062
226 4063
227 4062
228 4065
229 4062
230 4062
231 4063
232 4062
233 4063
234 4062
235 4061
236 4063
237 4063
238 4063
239 4063
240 4063
241 4062
242 4063
243 4063
244 4060
245 4060
246 4062
247 4063
248 4063
249 4062
250 4058
251 4063
252 4061
253 4066
254 4063
255 4062
256 4063
257 4062
258 4063
259 4065
260 4063
261 4062
262 4063
263 4062
264 4062
265 4062
266 4066
267 4066
268 4062
269 4065
270 4064
271 4060
272 4066
273 4063
274 4062
275 4063
276 4063
277 4063
278 4061
279 4063
280 4062
281 4062
282 4063
283 4063
284 4062
285 4063
286 4063
287 4065
288 4062
289 4063
290 4063
291 4060
292 4062
293 4063
294 4062
295 4063
296 4063
297 4062
298 4062
299 4063
300 4060
301 4065
302 4062
303 4063
304 4061
305 4063
306 4059
307 4063
308 4062
309 4060
310 4061
311 4062
312 4062
313 4063
314 4063
315 4062
316 4062
317 4062
318 4062
319 4063
320 4060
321 4062
322 4063
323 4063
324 4060
325 4063
326 4064
327 4061
328 4062
329 4062
330 4063
331 4063
332 4061
333 4066
334 4063
335 4063
336 4060
337 4062
338 4061
339 4063
340 4062
341 4062
342 4066
343 4063
344 4060
345 4063
346 4062
347 4063
348 4062
349 4063
350 4062
351 4065
352 4061
353 4065
354 4063
355 4066
356 4062
357 4063
358 4060
359 4067
360 4063
361 4065
362 4062
363 4062
364 4063
365 4062
366 4061
367 4062
368 4060
369 4062
370 4062
371 4063
372 4063
373 4061
374 4063
375 4063
376 4062
377 4066
378 4061
379 4062
380 4066
381 4063
382 4063
383 4063
384 4063
385 4061
386 4063
387 4062
388 4061
389 4066
390 4063
391 4063
392 4063
393 4062
394 4062
395 4062
396 4063
397 4063
398 4062
399 4063
400 4062
401 4066
402 4060
403 4063
404 4063
405 4063
406 4063
407 4061
408 4063
409 4063
410 4062
411 4063
412 4062
413 4063
414 4063
415 4062
416 4063
417 4063
418 4061
419 4066
420 4066
421 4062
422 4063
423 4063
424 4062
425 4062
426 4062
427 4062
428 4062
429 4063
430 4062
431 4064
432 4062
433 4063
434 4061
435 4064
436 4062
437 4063
438 4062
439 4068
440 4063
441 4062
442 4062
443 4063
444 4066
445 4060
446 4062
447 4061
448 4063
449 4062
450 4062
451 4063
452 4061
453 4062
454 4063
455 4063
456 4062
457 4062
458 4063
459 4062
460 4062
461 4061
462 4065
463 4060
464 4062
465 4062
466 4062
467 4063
468 4061
469 4062
470 4063
471 4065
472 4061
473 4063
474 4066
475 4064
476 4062
477 4065
478 4062
479 4064
480 4063
481 4063
482 4062
483 4063
484 4062
485 4063
486 4063
487 4063
488 4058
489 4062
490 4063
491 4066
492 4062
493 4063
494 4062
495 4066
496 4060
497 4063
498 4063
499 4066
500 4063
501 4063
502 4058
503 4063
504 4063
505 4062
506 4063
507 4063
508 4063
509 4065
510 4063
511 4062
512 4060
513 4060
514 4063
515 4063
516 4060
517 4062
518 4063
519 4063
520 4062
521 4060
522 4063
523 4063
524 4062
525 4063
526 4062
527 4062
528 4062
529 4063
530 4063
531 4063
532 4063
533 4062
534 4062
535 4062
536 4063
537 4062
538 4062
539 4063
540 4060
541 4063
542 4063
543 4063
544 4062
545 4063
546 4062
547 4063
548 4060
549 4062
550 4062
551 4066
552 4062
553 4064
554 4063
555 4059
556 4060
557 4064
558 4066
559 4065
560 4062
561 4063
562 4061
563 4066
564 4062
565 4063
566 4063
567 4060
568 4063
569 4062
570 4063
571 4062
572 4066
573 4062
574 4062
575 4063
576 4060
577 4064
578 4063
579 4060
580 4062
581 4059
582 4062
583 4063
584 4063
585 4066
586 4060
587 4062
588 4062
589 4062
590 4061
591 4063
592 4062
593 4060
594 4060
595 4062
596 4062
597 4063
598 4062
599 4065
600 4062
601 4063
602 4060
603 4060
604 4062
605 4060
606 4060
607 4058
608 4060
609 4058
610 4056
611 4058
612 4062
613 4057
614 4058
615 4059
616 4058
617 4060
618 4054
619 4057
620 4056
621 4056
622 4056
623 4056
624 4054
625 4052
626 4052
627 4051
628 4052
629 4052
630 4045
631 4046
632 4039
633 4038
634 4031
635 4018
636 4013
637 3986
638 3951
639 3889
640 3832
641 3832
642 3797
643 3737
644 3681
645 3651
646 3560
647 3427
648 3364
649 3190
650 2960
651 3011
652 3147
653 3039
654 2937
655 2908
656 3023
657 3098
658 2969
659 2902
660 3068
661 3035
662 2753
663 2436
664 2743
665 3064
666 2907
667 2994
668 3138
669 3189
670 3284
671 3402
672 3441
673 3484
674 3532
675 3570
676 3594
677 3654
678 3725
679 3764
680 3784
681 3797
682 3817
683 3838
684 3854
685 3881
686 3879
687 3874
688 3884
689 3917
690 3931
691 3947
692 3963
693 3976
694 3982
695 3982
696 3991
697 4007
698 4002
699 3995
700 3993
701 4014
702 4025
703 4020
704 4011
705 4011
706 4015
707 4027
708 4036
709 4039
710 4039
711 4044
712 4045
713 4046
714 4055
715 4055
716 4057
717 4055
718 4056
719 4056
720 4058
721 4060
722 4058
723 4062
724 4063
725 4060
726 4056
727 4062
728 4058
729 4062
730 4060
731 4061
732 4059
733 4059
734 4061
735 4058
736 4062
737 4062
738 4061
739 4062
740 4063
741 4060
742 4063
743 4060
744 4060
745 4062
746 4060
747 4060
748 4061
749 4058
750 4060
751 4062
752 4059
753 4061
754 4060
755 4062
756 4060
757 4058
758 4061
759 4060
760 4060
761 4060
762 4060
763 4061
764 4060
765 4062
766 4058
767 4063
768 4058
769 4063
770 4061
771 4062
772 4060
773 4060
774 4063
775 4058
776 4061
777 4057
778 4060
779 4061
780 4062
781 4059
782 4060
783 4060
784 4060
785 4063
786 4062
787 4062
788 4063
789 4062
790 4055
791 4063
792 4058
793 4060
794 4063
795 4062
796 4063
797 4059
798 4060
799 4062
800 4063
801 4063
802 4060
803 4063
804 4062
805 4062
806 4062
807 4062
808 4060
809 4062
810 4058
811 4061
812 4062
813 4062
814 4058
815 4061
816 4060
817 4062
818 4062
819 4060
820 4062
821 4063
822 4062
823 4063
824 4060
825 4062
826 4065
827 4062
828 4062
829 4059
830 4058
831 4061
832 4062
833 4063
834 4060
835 4062
836 4062
837 4059
838 4059
839 4062
840 4060
841 4062
842 4062
843 4062
844 4060
845 4062
846 4059
847 4062
848 4062
849 4063
850 4061
851 4063
852 4061
853 4062
854 4060
855 4063
856 4061
857 4061
858 4058
859 4062
860 4061
861 4062
862 4063
863 4063
864 4061
865 4065
866 4062
867 4062
868 4060
869 4063
870 4063
871 4062
872 4062
873 4062
874 4063
875 4061
876 4062
877 4062
878 4060
879 4058
880 4065
881 4063
882 4060
883 4063
884 4062
885 4063
886 4061
887 4060
888 4063
889 4061
890 4062
891 4062
892 4062
893 4062
894 4062
895 4063
896 4060
897 4063
898 4063
899 4063
900 4062
901 4057
902 4058
903 4062
904 4060
905 4060
906 4063
907 4063
908 4060
909 4058
910 4061
911 4062
912 4061
913 4063
914 4061
915 4062
916 4063
917 4060
918 4062
919 4063
920 4063
921 4062
922 4062
923 4063
924 4062
925 4062
926 4059
927 4065
928 4061
929 4062
930 4062
931 4063
932 4061
933 4060
934 4063
935 4062
936 4060
937 4062
938 4060
939 4063
940 4063
941 4066
942 4063
943 4060
944 4063
945 4062
946 4060
947 4063
948 4060
949 4060
950 4062
951 4063
952 4058
953 4062
954 4060
955 4058
956 4062
957 4062
958 4062
959 4063
960 4062
961 4063
962 4063
963 4060
964 4062
965 4063
966 4060
967 4062
968 4058
969 4062
970 4062
971 4060
972 4059
973 4061
974 4061
975 4061
976 4062
977 4066
978 4060
979 4062
980 4062
981 4063
982 4058
983 4061
984 4060
985 4060
986 4058
987 4062
988 4060
989 4058
990 4060
991 4060
992 4062
993 4063
994 4062
995 4062
996 4058
997 4063
998 4060
999 4062
1000 4060
1001 4062
1002 4057
1003 4060
1004 4063
1005 4063
1006 4062
1007 4063
1008 4061
1009 4062
1010 4061
1011 4061
1012 4063
1013 4058
1014 4060
1015 4061
1016 4060
1017 4062
1018 4063
1019 4062
1020 4063
1021 4062
1022 4060
1023 4062
1024 4063
1025 4063
1026 4062
1027 4063
1028 4058
1029 4062
1030 4060
1031 4061
1032 4062
1033 4065
1034 4062
1035 4060
1036 4062
1037 4063
1038 4060
1039 4065
1040 4062
1041 4063
1042 4056
1043 4061
1044 4062
1045 4060
1046 4063
1047 4063
1048 4060
1049 4061
1050 4060
1051 4065
1052 4060
1053 4063
1054 4061
1055 4062
1056 4062
1057 4062
1058 4062
1059 4063
1060 4061
1061 4063
1062 4062
1063 4062
1064 4062
1065 4063
1066 4062
1067 4063
1068 4060
1069 4063
1070 4062
1071 4063
1072 4062
1073 4062
1074 4058
1075 4061
1076 4061
1077 4061
1078 4063
1079 4063
1080 4062
1081 4062
1082 4062
1083 4060
1084 4063
1085 4058
1086 4061
1087 4063
1088 4060
1089 4062
1090 4060
1091 4063
1092 4063
1093 4065
1094 4062
1095 4063
1096 4062
1097 4063
1098 4061
1099 4061
1100 4060
1101 4063
1102 4058
1103 4061
1104 4062
1105 4062
1106 4063
1107 4061
1108 4060
1109 4062
1110 4063
1111 4062
1112 4062
1113 4061
1114 4058
1115 4063
1116 4059
1117 4063
1118 4060
1119 4062
1120 4062
1121 4065
1122 4068
1123 4061
1124 4062
1125 4062
1126 4061
1127 4061
1128 4062
1129 4062
1130 4061
1131 4062
1132 4062
1133 4060
1134 4062
1135 4063
1136 4060
1137 4062
1138 4061
1139 4062
1140 4062
1141 4062
1142 4060
1143 4063
1144 4062
1145 4060
1146 4060
1147 4060
1148 4059
1149 4062
1150 4063
1151 4063
1152 4058
1153 4063
1154 4063
1155 4062
1156 4062
1157 4062
1158 4063
1159 4061
1160 4058
1161 4058
1162 4063
1163 4060
1164 4062
1165 4061
1166 4062
1167 4062
1168 4063
1169 4062
1170 4060
1171 4062
1172 4061
1173 4060
1174 4062
1175 4062
1176 4063
1177 4063
1178 4060
1179 4061
1180 4061
1181 4062
1182 4060
1183 4062
1184 4061
1185 4062
1186 4062
1187 4062
1188 4063
1189 4063
1190 4060
1191 4062
1192 4063
1193 4062
1194 4062
1195 4063
1196 4063
1197 4061
1198 4063
1199 4060
1200 4059
1201 4063
1202 4062
1203 4062
1204 4061
1205 4063
1206 4063
1207 4062
1208 4063
1209 4063
1210 4060
1211 4063
1212 4062
1213 4064
1214 4063
1215 4063
1216 4060
1217 4062
1218 4060
1219 4063
1220 4062
1221 4063
1222 4063
1223 4062
1224 4062
1225 4062
1226 4065
1227 4063
1228 4062
1229 4063
1230 4060
1231 4062
1232 4062
1233 4063
1234 4063
1235 4062
1236 4060
1237 4060
1238 4061
1239 4063
1240 4065
1241 4062
1242 4060
1243 4063
1244 4063
1245 4063
1246 4063
1247 4064
1248 4064
1249 4062
1250 4062
1251 4066
1252 4063
1253 4060
1254 4060
1255 4063
1256 4062
1257 4063
1258 4063
1259 4066
1260 4061
1261 4063
1262 4061
1263 4062
1264 4062
1265 4063
1266 4060
1267 4063
1268 4060
1269 4063
1270 4063
1271 4062
1272 4062
1273 4062
1274 4063
1275 4063
1276 4061
1277 4063
1278 4063
1279 4063
1280 4060
1281 4060
1282 4062
1283 4063
1284 4062
1285 4063
1286 4063
1287 4063
1288 4063
1289 4062
1290 4063
1291 4066
1292 4066
1293 4062
1294 4063
1295 4060
1296 4062
1297 4062
1298 4063
1299 4063
1300 4062
1301 4063
1302 4058
1303 4062
1304 4062
1305 4066
1306 4064
1307 4062
1308 4063
1309 4060
1310 4063
1311 4063
1312 4063
1313 4063
1314 4062
1315 4062
1316 4060
1317 4066
1318 4062
1319 4064
1320 4062
1321 4062
1322 4063
1323 4066
1324 4060
1325 4063
1326 4063
1327 4061
1328 4062
1329 4066
1330 4060
1331 4060
1332 4064
1333 4063
1334 4063
1335 4063
1336 4062
1337 4063
1338 4059
1339 4063
1340 4062
1341 4060
1342 4062
1343 4062
1344 4061
1345 4062
1346 4062
1347 4060
1348 4063
1349 4061
1350 4062
1351 4066
1352 4061
1353 4063
1354 4063
1355 4063
1356 4062
1357 4060
1358 4065
1359 4060
1360 4061
1361 4063
1362 4062
1363 4062
1364 4062
1365 4061
1366 4061
1367 4063
1368 4062
1369 4062
1370 4063
1371 4062
1372 4061
1373 4060
1374 4061
1375 4063
1376 4063
1377 4061
1378 4060
1379 4063
1380 4058
1381 4061
1382 4063
1383 4063
1384 4062
1385 4062
1386 4062
1387 4063
1388 4066
1389 4063
1390 4062
1391 4062
1392 4062
1393 4063
1394 4062
1395 4062
1396 4063
1397 4060
1398 4062
1399 4066
1400 4063
1401 4074
1402 4058
1403 4063
1404 4063
1405 4063
1406 4062
1407 4063
1408 4065
1409 4063
1410 4060
1411 4066
1412 4066
1413 4062
1414 4063
1415 4062
1416 4063
1417 4063
1418 4063
1419 4063
1420 4062
1421 4062
1422 4063
1423 4062
1424 4062
1425 4063
1426 4063
1427 4063
1428 4061
1429 4064
1430 4063
1431 4065
1432 4064
1433 4062
1434 4063
1435 4063
1436 4061
1437 4064
1438 4062
1439 4063
1440 4064
1441 4062
1442 4062
1443 4062
1444 4065
1445 4060
1446 4063
1447 4063
1448 4063
1449 4063
1450 4063
1451 4065
1452 4060
1453 4063
1454 4065
1455 4062
1456 4060
1457 4063
1458 4062
1459 4065
1460 4062
1461 4063
1462 4061
1463 4060
1464 4063
1465 4063
1466 4063
1467 4062
1468 4060
1469 4060
1470 4063
1471 4066
1472 4062
1473 4063
1474 4062
1475 4063
1476 4063
1477 4062
1478 4066
1479 4066
1480 4063
1481 4066
1482 4063
1483 4062
1484 4063
1485 4066
1486 4062
1487 4062
1488 4066
1489 4061
1490 4063
1491 4061
1492 4062
1493 4061
1494 4063
1495 4063
1496 4060
1497 4067
1498 4063
1499 4064
1500 4062
1501 4065
1502 4063
1503 4063
1504 4062
1505 4062
1506 4062
1507 4063
1508 4063
1509 4063
1510 4062
1511 4063
1512 4062
1513 4062
1514 4062
1515 4063
1516 4062
1517 4062
1518 4063
1519 4062
1520 4062
1521 4063
1522 4063
1523 4065
1524 4062
1525 4062
1526 4063
1527 4065
1528 4062
1529 4062
1530 4063
1531 4062
1532 4063
1533 4063
1534 4063
1535 4063
1536 4062
1537 4063
1538 4062
1539 4063
1540 4065
1541 4065
1542 4063
1543 4063
1544 4063
1545 4060
1546 4063
1547 4062
1548 4062
1549 4060
1550 4062
1551 4063
1552 4056
1553 4063
1554 4060
1555 4062
1556 4062
1557 4065
1558 4062
1559 4062
1560 4065
1561 4062
1562 4063
1563 4063
1564 4063
1565 4062
1566 4066
1567 4062
1568 4060
1569 4063
1570 4062
1571 4065
1572 4063
1573 4063
1574 4063
1575 4061
1576 4063
1577 4062
1578 4059
1579 4062
1580 4060
1581 4062
1582 4062
1583 4058
1584 4063
1585 4061
1586 4062
1587 4063
1588 4060
1589 4061
1590 4063
1591 4062
1592 4063
1593 4063
1594 4062
1595 4062
1596 4063
1597 4063
1598 4063
1599 4062
1600 4064
1601 4063
1602 4060
1603 4061
1604 4063
1605 4062
1606 4062
1607 4062
1608 4061
1609 4066
1610 4065
1611 4063
1612 4062
1613 4063
1614 4061
1615 4066
1616 4062
1617 4062
1618 4059
1619 4062
1620 4066
1621 4063
1622 4062
1623 4065
1624 4062
1625 4062
1626 4061
1627 4063
1628 4061
1629 4063
1630 4063
1631 4060
1632 4066
1633 4061
1634 4062
1635 4063
1636 4063
1637 4062
1638 4062
1639 4063
1640 4061
1641 4066
1642 4062
1643 4062
1644 4063
1645 4060
1646 4060
1647 4062
1648 4062
1649 4063
1650 4062
1651 4062
1652 4062
1653 4063
1654 4062
1655 4063
1656 4063
1657 4060
1658 4063
1659 4063
1660 4062
1661 4060
1662 4062
1663 4063
1664 4065
1665 4062
1666 4060
1667 4062
1668 4062
1669 4062
1670 4060
1671 4062
1672 4060
1673 4063
1674 4060
1675 4064
1676 4063
1677 4062
1678 4062
1679 4063
1680 4061
1681 4063
1682 4062
1683 4063
1684 4062
1685 4062
1686 4060
1687 4062
1688 4063
1689 4061
1690 4061
1691 4063
1692 4061
1693 4063
1694 4060
1695 4066
1696 4062
1697 4065
1698 4062
1699 4062
1700 4063
1701 4066
1702 4058
1703 4062
1704 4062
1705 4063
1706 4062
1707 4063
1708 4063
1709 4063
1710 4063
1711 4061
1712 4060
1713 4062
1714 4063
1715 4063
1716 4063
1717 4062
1718 4063
1719 4066
1720 4063
1721 4062
1722 4062
1723 4062
1724 4065
1725 4063
1726 4062
1727 4060
1728 4066
1729 4059
1730 4063
1731 4062
1732 4062
1733 4063
1734 4062
1735 4061
1736 4062
1737 4060
1738 4062
1739 4066
1740 4062
1741 4063
1742 4060
1743 4062
1744 4063
1745 4062
1746 4063
1747 4066
1748 4063
1749 4063
1750 4060
1751 4068
1752 4060
1753 4063
1754 4062
1755 4063
1756 4063
1757 4063
1758 4063
1759 4063
1760 4063
1761 4060
1762 4063
1763 4063
1764 4062
1765 4063
1766 4063
1767 4066
1768 4063
1769 4063
1770 4065
1771 4062
1772 4060
1773 4058
1774 4063
1775 4063
1776 4063
1777 4063
1778 4063
1779 4063
1780 4062
1781 4063
1782 4062
1783 4063
1784 4063
1785 4062
1786 4065
1787 4063
1788 4063
1789 4062
1790 4063
1791 4062
1792 4061
1793 4063
1794 4062
1795 4061
1796 4062
1797 4061
1798 4062
1799 4065
1800 4062
1801 4066
1802 4060
1803 4063
1804 4061
1805 4063
1806 4063
1807 4064
1808 4063
1809 4062
1810 4062
1811 4063
1812 4063
1813 4062
1814 4062
1815 4063
1816 4063
1817 4063
1818 4062
1819 4063
1820 4063
1821 4062
1822 4060
1823 4067
1824 4063
1825 4063
1826 4063
1827 4062
1828 4063
1829 4063
1830 4062
1831 4066
1832 4062
1833 4063
1834 4061
1835 4062
1836 4062
1837 4064
1838 4060
1839 4063
1840 4061
1841 4061
1842 4062
1843 4066
1844 4060
1845 4062
1846 4062
1847 4063
1848 4061
1849 4060
1850 4062
1851 4063
1852 4059
1853 4061
1854 4061
1855 4063
1856 4063
1857 4060
1858 4067
1859 4062
1860 4062
1861 4063
1862 4063
1863 4062
1864 4063
1865 4062
1866 4063
1867 4061
1868 4063
1869 4061
1870 4064
1871 4064
1872 4065
1873 4062
1874 4060
1875 4062
1876 4063
1877 4063
1878 4063
1879 4062
1880 4061
1881 4063
1882 4063
1883 4060
1884 4060
1885 4060
1886 4062
1887 4062
1888 4063
1889 4062
1890 4063
1891 4063
1892 4066
1893 4063
1894 4062
1895 4063
1896 4060
1897 4063
1898 4064
1899 4062
1900 4064
1901 4066
1902 4060
1903 4063
1904 4066
1905 4063
1906 4060
1907 4062
1908 4060
1909 4060
1910 4062
1911 4062
1912 4062
1913 4062
1914 4063
1915 4060
1916 4061
1917 4061
1918 4063
1919 4063
1920 4063
1921 4062
1922 4061
1923 4063
1924 4063
1925 4061
1926 4063
1927 4061
1928 4061
1929 4062
1930 4062
1931 4065
1932 4062
1933 4062
1934 4062
1935 4062
1936 4062
1937 4063
1938 4062
1939 4062
1940 4062
1941 4062
1942 4062
1943 4066
1944 4060
1945 4066
1946 4062
1947 4063
1948 4065
1949 4065
1950 4063
1951 4063
1952 4060
1953 4061
1954 4062
1955 4066
1956 4063
1957 4060
1958 4063
1959 4063
1960 4062
1961 4063
1962 4062
1963 4062
1964 4065
1965 4062
1966 4062
1967 4061
1968 4063
1969 4063
1970 4063
1971 4062
1972 4062
1973 4062
1974 4063
1975 4063
1976 4062
1977 4063
1978 4063
1979 4062
1980 4063
1981 4063
1982 4063
1983 4060
1984 4063
1985 4063
1986 4062
1987 4061
1988 4065
1989 4063
1990 4062
1991 4065
1992 4062
1993 4066
1994 4063
1995 4063
1996 4062
1997 4062
1998 4063
1999 4064
2000 4060
2001 4063
2002 4060
2003 4061
2004 4060
2005 4062
2006 4063
2007 4063
2008 4063
2009 4062
2010 4063
2011 4067
2012 4061
2013 4060
2014 4062
2015 4062
2016 4063
2017 4063
2018 4060
2019 4062
2020 4068
2021 4062
2022 4062
2023 4066
2024 4062
2025 4062
2026 4067
2027 4063
2028 4060
2029 4063
2030 4063
2031 4063
2032 4062
2033 4065
2034 4063
2035 4063
2036 4063
2037 4063
2038 4062
2039 4063
2040 4062
2041 4066
2042 4063
2043 4063
2044 4062
2045 4063
2046 4062
2047 4063
2048 4060
2049 4062
2050 4063
2051 4070
2052 4060
2053 4063
2054 4062
2055 4063
2056 4062
2057 4063
2058 4063
2059 4063
2060 4062
2061 4063
2062 4062
2063 4066
2064 4061
2065 4060
2066 4061
2067 4061
2068 4063
2069 4062
2070 4060
2071 4062
2072 4063
2073 4063
2074 4062
2075 4066
2076 4062
2077 4062
2078 4063
2079 4062
2080 4066
2081 4063
2082 4063
2083 4063
2084 4062
2085 4061
2086 4062
2087 4063
2088 4060
2089 4065
2090 4060
2091 4063
2092 4060
2093 4062
2094 4062
2095 4061
2096 4062
2097 4063
2098 4063
2099 4063
2100 4062
2101 4063
2102 4060
2103 4061
2104 4063
2105 4063
2106 4063
2107 4062
2108 4063
2109 4060
2110 4065
2111 4063
2112 4060
2113 4062
2114 4062
2115 4063
2116 4062
2117 4061
2118 4061
2119 4060
2120 4062
2121 4062
2122 4066
2123 4062
2124 4063
2125 4060
2126 4062
2127 4063
2128 4061
2129 4063
2130 4060
2131 4063
2132 4063
2133 4063
2134 4063
2135 4062
2136 4063
2137 4061
2138 4062
2139 4063
2140 4063
2141 4066
2142 4060
2143 4063
2144 4058
2145 4063
2146 4062
2147 4063
2148 4063
2149 4063
2150 4062
2151 4066
2152 4061
2153 4066
2154 4060
2155 4062
2156 4063
2157 4063
2158 4062
2159 4062
2160 4063
2161 4062
2162 4063
2163 4062
2164 4063
2165 4063
2166 4062
2167 4062
2168 4059
2169 4067
2170 4062
2171 4063
2172 4062
2173 4063
2174 4062
2175 4060
2176 4063
2177 4060
2178 4060
2179 4063
2180 4062
2181 4065
2182 4062
2183 4063
2184 4063
2185 4063
2186 4062
2187 4066
2188 4063
2189 4062
2190 4063
2191 4063
2192 4062
2193 4064
2194 4063
2195 4062
2196 4063
2197 4065
2198 4058
2199 4064
2200 4061
2201 4066
2202 4061
2203 4062
2204 4063
2205 4063
2206 4063
2207 4066
2208 4063
2209 4063
2210 4063
2211 4065
2212 4062
2213 4061
2214 4062
2215 4063
2216 4060
2217 4062
2218 4060
2219 4062
2220 4062
2221 4062
2222 4063
2223 4066
2224 4063
2225 4063
2226 4063
2227 4062
2228 4062
2229 4063
2230 4060
2231 4061
2232 4063
2233 4063
2234 4066
2235 4062
2236 4063
2237 4061
2238 4062
2239 4063
2240 4063
2241 4065
2242 4063
2243 4063
2244 4060
2245 4060
2246 4063
2247 4065
2248 4060
2249 4063
2250 4060
2251 4066
2252 4060
2253 4063
2254 4062
2255 4062
2256 4062
2257 4063
2258 4065
2259 4065
2260 4061
2261 4064
2262 4063
2263 4068
2264 4063
2265 4062
2266 4060
2267 4063
2268 4063
2269 4062
2270 4062
2271 4064
2272 4062
2273 4063
2274 4062
2275 4063
2276 4065
2277 4063
2278 4061
2279 4062
2280 4062
2281 4065
2282 4063
2283 4063
2284 4061
2285 4062
2286 4063
2287 4062
2288 4062
2289 4060
2290 4063
2291 4062
2292 4063
2293 4063
2294 4062
2295 4063
2296 4061
2297 4062
2298 4063
2299 4062
2300 4063
2301 4066
2302 4059
2303 4062
2304 4062
2305 4059
2306 4063
2307 4063
2308 4062
2309 4062
2310 4062
2311 4062
2312 4062
2313 4063
2314 4064
2315 4063
2316 4060
2317 4063
2318 4062
2319 4063
2320 4062
2321 4061
2322 4062
2323 4059
2324 4058
2325 4062
2326 4062
2327 4062
2328 4062
2329 4060
2330 4062
2331 4063
2332 4062
2333 4062
2334 4063
2335 4062
2336 4059
2337 4063
2338 4060
2339 4062
2340 4061
2341 4061
2342 4062
2343 4063
2344 4063
2345 4063
2346 4061
2347 4062
2348 4060
2349 4064
2350 4061
2351 4066
2352 4057
2353 4062
2354 4060
2355 4063
2356 4060
2357 4063
2358 4062
2359 4063
2360 4062
2361 4061
2362 4063
2363 4064
2364 4061
2365 4062
2366 4062
2367 4063
2368 4058
2369 4062
2370 4063
2371 4062
2372 4062
2373 4060
2374 4062
2375 4063
2376 4062
2377 4063
2378 4063
2379 4062
2380 4060
2381 4063
2382 4063
2383 4062
2384 4063
2385 4062
2386 4066
2387 4060
2388 4063
2389 4062
2390 4063
2391 4066
2392 4058
2393 4063
2394 4062
2395 4062
2396 4060
2397 4062
2398 4063
2399 4062
2400 4065
2401 4067
2402 4060
2403 4063
2404 4063
2405 4062
2406 4062
2407 4063
2408 4062
2409 4062
2410 4062
2411 4066
2412 4063
2413 4066
2414 4062
2415 4062
2416 4062
2417 4063
2418 4063
2419 4062
2420 4062
2421 4060
2422 4063
2423 4062
2424 4062
2425 4065
2426 4065
2427 4063
2428 4062
2429 4062
2430 4062
2431 4063
2432 4062
2433 4063
2434 4060
2435 4063
2436 4062
2437 4063
2438 4063
2439 4062
2440 4060
2441 4062
2442 4062
2443 4063
2444 4063
2445 4063
2446 4065
2447 4063
2448 4061
2449 4062
2450 4065
2451 4066
2452 4060
2453 4062
2454 4063
2455 4062
2456 4062
2457 4063
2458 4063
2459 4062
2460 4063
2461 4060
2462 4062
2463 4063
2464 4063
2465 4062
2466 4061
2467 4062
2468 4063
2469 4062
2470 4063
2471 4065
2472 4063
2473 4062
2474 4062
2475 4062
2476 4062
2477 4067
2478 4063
2479 4063
2480 4061
2481 4063
2482 4062
2483 4062
2484 4062
2485 4063
2486 4062
2487 4066
2488 4066
2489 4060
2490 4063
2491 4062
2492 4062
2493 4063
2494 4062
2495 4061
2496 4063
2497 4062
2498 4062
2499 4066
2500 4062
2501 4066
2502 4062
2503 4063
2504 4063
2505 4063
2506 4062
2507 4063
2508 4062
2509 4063
2510 4062
2511 4062
2512 4060
2513 4063
2514 4063
2515 4061
2516 4060
2517 4062
2518 4063
2519 4062
2520 4063
2521 4063
2522 4060
2523 4062
2524 4062
2525 4063
2526 4063
2527 4062
2528 4063
2529 4062
2530 4065
2531 4062
2532 4062
2533 4062
2534 4058
2535 4062
2536 4063
2537 4065
2538 4064
2539 4062
2540 4061
2541 4063
2542 4063
2543 4062
2544 4063
2545 4062
2546 4060
2547 4062
2548 4061
2549 4061
2550 4063
2551 4065
2552 4060
2553 4066
2554 4062
2555 4063
2556 4063
2557 4063
2558 4062
2559 4063
2560 4063
2561 4063
2562 4063
2563 4063
2564 4060
2565 4062
2566 4062
2567 4062
2568 4062
2569 4063
2570 4066
2571 4062
2572 4063
2573 4062
2574 4062
2575 4063
2576 4063
2577 4062
2578 4060
2579 4062
2580 4063
2581 4063
2582 4063
2583 4062
2584 4065
2585 4063
2586 4058
2587 4068
2588 4062
2589 4066
2590 4063
2591 4065
2592 4065
2593 4063
2594 4063
2595 4065
2596 4060
2597 4063
2598 4062
2599 4065
2600 4062
2601 4063
2602 4058
2603 4066
2604 4063
2605 4062
2606 4062
2607 4060
2608 4062
2609 4063
2610 4063
2611 4062
2612 4060
2613 4066
2614 4063
2615 4062
2616 4062
2617 4066
2618 4063
2619 4064
2620 4062
2621 4063
2622 4062
2623 4062
2624 4060
2625 4062
2626 4062
2627 4060
2628 4063
2629 4065
2630 4062
2631 4063
2632 4063
2633 4063
2634 4060
2635 4063
2636 4062
2637 4063
2638 4061
2639 4065
2640 4062
2641 4065
2642 4061
2643 4063
2644 4062
2645 4062
2646 4063
2647 4063
2648 4062
2649 4062
2650 4063
2651 4063
2652 4062
2653 4060
2654 4062
2655 4062
2656 4060
2657 4065
2658 4063
2659 4062
2660 4063
2661 4063
2662 4066
2663 4065
2664 4062
2665 4062
2666 4062
2667 4062
2668 4063
2669 4063
2670 4063
2671 4063
2672 4060
2673 4063
2674 4060
2675 4062
2676 4062
2677 4063
2678 4063
2679 4063
2680 4063
2681 4062
2682 4062
2683 4062
2684 4063
2685 4065
2686 4063
2687 4063
2688 4062
2689 4059
2690 4063
2691 4065
2692 4062
2693 4061
2694 4063
2695 4062
2696 4068
2697 4062
2698 4063
2699 4062
2700 4061
2701 4063
2702 4058
2703 4066
2704 4062
2705 4063
2706 4063
2707 4062
2708 4062
2709 4065
2710 4063
2711 4063
2712 4063
2713 4062
2714 4063
2715 4062
2716 4065
2717 4066
2718 4062
2719 4063
2720 4061
2721 4058
2722 4063
2723 4063
2724 4066
2725 4063
2726 4063
2727 4062
2728 4063
2729 4063
2730 4061
2731 4063
2732 4063
2733 4065
2734 4060
2735 4062
2736 4062
2737 4063
2738 4063
2739 4062
2740 4062
2741 4063
2742 4063
2743 4062
2744 4062
2745 4062
2746 4060
2747 4066
2748 4062
2749 4062
2750 4063
2751 4063
2752 4062
2753 4062
2754 4060
2755 4060
2756 4063
2757 4064
2758 4062
2759 4063
2760 4062
2761 4066
2762 4063
2763 4063
2764 4062
2765 4062
2766 4062
2767 4063
2768 4060
2769 4063
2770 4063
2771 4062
2772 4060
2773 4063
2774 4063
2775 4063
2776 4063
2777 4063
2778 4062
2779 4063
2780 4063
2781 4064
2782 4063
2783 4063
2784 4063
2785 4063
2786 4066
2787 4063
2788 4060
2789 4062
2790 4060
2791 4063
2792 4062
2793 4061
2794 4062
2795 4060
2796 4063
2797 4066
2798 4063
2799 4062
2800 4062
2801 4066
2802 4060
2803 4063
2804 4063
2805 4065
2806 4061
2807 4063
2808 4062
2809 4062
2810 4062
2811 4063
2812 4060
2813 4063
2814 4063
2815 4063
2816 4063
2817 4063
2818 4063
2819 4062
2820 4060
2821 4062
2822 4062
2823 4063
2824 4063
2825 4063
2826 4065
2827 4062
2828 4061
2829 4063
2830 4060
2831 4065
2832 4063
2833 4062
2834 4063
2835 4063
2836 4062
2837 4063
2838 4066
2839 4063
2840 4063
2841 4062
2842 4063
2843 4062
2844 4066
2845 4061
2846 4063
2847 4066
2848 4063
2849 4062
2850 4063
2851 4063
2852 4060
2853 4062
2854 4062
2855 4063
2856 4063
2857 4060
2858 4061
2859 4063
2860 4063
2861 4063
2862 4066
2863 4063
2864 4060
2865 4062
2866 4062
2867 4065
2868 4063
2869 4062
2870 4062
2871 4063
2872 4061
2873 4063
2874 4062
2875 4063
2876 4063
2877 4060
2878 4066
2879 4063
2880 4062
2881 4063
2882 4063
2883 4065
2884 4063
2885 4066
2886 4062
2887 4063
2888 4063
2889 4062
2890 4066
2891 4062
2892 4063
2893 4063
2894 4065
2895 4063
2896 4062
2897 4065
2898 4062
2899 4061
2900 4063
2901 4066
2902 4060
2903 4060
2904 4062
2905 4065
2906 4066
2907 4063
2908 4064
2909 4066
2910 4060
2911 4062
2912 4062
2913 4063
2914 4062
2915 4066
2916 4063
2917 4063
2918 4063
2919 4061
2920 4063
2921 4062
2922 4063
2923 4060
2924 4062
2925 4063
2926 4063
2927 4063
2928 4062
2929 4062
2930 4065
2931 4062
2932 4058
2933 4065
2934 4063
2935 4060
2936 4062
2937 4060
2938 4062
2939 4062
2940 4060
2941 4062
2942 4061
2943 4063
2944 4062
2945 4063
2946 4060
2947 4062
2948 4062
2949 4062
2950 4063
2951 4068
2952 4058
2953 4066
2954 4060
2955 4063
2956 4062
2957 4063
2958 4063
2959 4064
2960 4063
2961 4063
2962 4062
2963 4062
2964 4063
2965 4063
2966 4062
2967 4062
2968 4061
2969 4062
2970 4060
2971 4063
2972 4061
2973 4065
2974 4062
2975 4066
2976 4062
2977 4063
2978 4063
2979 4063
2980 4063
2981 4061
2982 4062
2983 4062
2984 4063
2985 4063
2986 4063
2987 4062
2988 4063
2989 4062
2990 4063
2991 4063
2992 4062
2993 4062
2994 4062
2995 4063
2996 4062
2997 4062
2998 4062
2999 4062
3000 4062
3001 4066
3002 4059
3003 4065
3004 4063
3005 4060
3006 4063
3007 4064
3008 4063
3009 4063
3010 4063
3011 4067
3012 4061
3013 4061
3014 4063
3015 4060
3016 4062
3017 4063
3018 4062
3019 4063
3020 4060
3021 4066
3022 4063
3023 4063
3024 4062
3025 4061
3026 4066
3027 4061
3028 4066
3029 4063
3030 4063
3031 4065
3032 4062
3033 4062
3034 4065
3035 4063
3036 4063
3037 4066
3038 4063
3039 4061
3040 4060
3041 4063
3042 4063
3043 4060
3044 4063
3045 4063
3046 4062
3047 4063
3048 4063
3049 4062
3050 4063
3051 4066
3052 4063
3053 4062
3054 4062
3055 4062
3056 4062
3057 4063
3058 4063
3059 4063
3060 4062
3061 4061
3062 4063
3063 4062
3064 4066
3065 4062
3066 4060
3067 4062
3068 4063
3069 4063
3070 4066
3071 4063
3072 4059
3073 4065
3074 4062
3075 4062
3076 4063
3077 4060
3078 4062
3079 4063
3080 4062
3081 4063
3082 4062
3083 4065
3084 4063
3085 4062
3086 4063
3087 4062
3088 4063
3089 4063
3090 4063
3091 4066
3092 4065
3093 4063
3094 4065
3095 4066
3096 4062
3097 4063
3098 4063
3099 4062
3100 4060
3101 4069
3102 4060
3103 4063
3104 4063
3105 4060
3106 4063
3107 4060
3108 4062
3109 4062
3110 4063
3111 4061
3112 4062
3113 4062
3114 4063
3115 4066
3116 4063
3117 4062
3118 4062
3119 4064
3120 4061
3121 4062
3122 4062
3123 4063
3124 4061
3125 4063
3126 4063
3127 4066
3128 4062
3129 4063
3130 4063
3131 4063
3132 4063
3133 4062
3134 4063
3135 4060
3136 4061
3137 4063
3138 4063
3139 4063
3140 4060
3141 4062
3142 4062
3143 4062
3144 4063
3145 4063
3146 4062
3147 4063
3148 4063
3149 4063
3150 4060
3151 4066
3152 4061
3153 4062
3154 4060
3155 4062
3156 4063
3157 4062
3158 4062
3159 4063
3160 4065
3161 4064
3162 4062
3163 4063
3164 4058
3165 4063
3166 4062
3167 4062
3168 4061
3169 4062
3170 4060
3171 4065
3172 4063
3173 4062
3174 4062
3175 4062
3176 4063
3177 4061
3178 4062
3179 4062
3180 4063
3181 4060
3182 4062
3183 4062
3184 4061
3185 4062
3186 4062
3187 4066
3188 4063
3189 4063
3190 4063
3191 4063
3192 4063
3193 4060
3194 4062
3195 4063
3196 4060
3197 4061
3198 4064
3199 4062
3200 4063
3201 4070
3202 4058
3203 4063
3204 4062
3205 4063
3206 4062
3207 4068
3208 4063
3209 4063
3210 4062
3211 4066
3212 4062
3213 4063
3214 4062
3215 4061
3216 4060
3217 4062
3218 4062
3219 4063
3220 4063
3221 4063
3222 4063
3223 4064
3224 4063
3225 4066
3226 4062
3227 4063
3228 4062
3229 4063
3230 4063
3231 4068
3232 4063
3233 4063
3234 4063
3235 4062
3236 4063
3237 4063
3238 4065
3239 4062
3240 4063
3241 4062
3242 4063
3243 4060
3244 4062
3245 4062
3246 4062
3247 4063
3248 4062
3249 4063
3250 4062
3251 4066
3252 4060
3253 4066
3254 4066
3255 4062
3256 4063
3257 4066
3258 4062
3259 4063
3260 4063
3261 4062
3262 4063
3263 4066
3264 4060
3265 4062
3266 4063
3267 4062
3268 4063
3269 4063
3270 4062
3271 4062
3272 4066
3273 4063
3274 4063
3275 4063
3276 4063
3277 4063
3278 4060
3279 4063
3280 4063
3281 4061
3282 4063
3283 4063
3284 4060
3285 4062
3286 4062
3287 4062
3288 4063
3289 4062
3290 4065
3291 4062
3292 4060
3293 4066
3294 4066
3295 4063
3296 4062
3297 4062
3298 4061
3299 4065
3300 4061
3301 4064
3302 4061
3303 4063
3304 4062
3305 4065
3306 4062
3307 4063
3308 4063
3309 4062
3310 4060
3311 4063
3312 4063
3313 4062
3314 4067
3315 4063
3316 4062
3317 4066
3318 4063
3319 4062
3320 4066
3321 4064
3322 4063
3323 4063
3324 4060
3325 4060
3326 4065
3327 4062
3328 4062
3329 4063
3330 4062
3331 4065
3332 4062
3333 4062
3334 4062
3335 4061
3336 4063
3337 4068
3338 4063
3339 4063
3340 4060
3341 4061
3342 4061
3343 4061
3344 4063
3345 4065
3346 4062
3347 4063
3348 4062
3349 4063
3350 4063
3351 4066
3352 4062
3353 4063
3354 4062
3355 4062
3356 4063
3357 4063
3358 4062
3359 4063
3360 4063
3361 4061
3362 4062
3363 4063
3364 4062
3365 4063
3366 4061
3367 4062
3368 4063
3369 4062
3370 4066
3371 4066
3372 4067
3373 4063
3374 4060
3375 4063
3376 4066
3377 4063
3378 4061
3379 4062
3380 4063
3381 4062
3382 4063
3383 4063
3384 4062
3385 4066
3386 4060
3387 4063
3388 4063
3389 4065
3390 4062
3391 4063
3392 4065
3393 4062
3394 4064
3395 4063
3396 4062
3397 4061
3398 4060
3399 4063
3400 4058
3401 4066
3402 4058
3403 4066
3404 4061
3405 4062
3406 4063
3407 4062
3408 4062
3409 4062
3410 4063
3411 4060
3412 4063
3413 4063
3414 4062
3415 4061
3416 4063
3417 4062
3418 4062
3419 4063
3420 4063
3421 4063
3422 4062
3423 4065
3424 4066
3425 4062
3426 4064
3427 4063
3428 4066
3429 4065
3430 4062
3431 4063
3432 4060
3433 4063
3434 4066
3435 4065
3436 4066
3437 4062
3438 4063
3439 4063
3440 4060
3441 4066
3442 4063
3443 4063
3444 4063
3445 4062
3446 4062
3447 4066
3448 4066
3449 4060
3450 4060
3451 4063
3452 4061
3453 4062
3454 4063
3455 4063
3456 4062
3457 4063
3458 4060
3459 4060
3460 4062
3461 4063
3462 4063
3463 4062
3464 4060
3465 4063
3466 4063
3467 4065
3468 4063
3469 4062
3470 4061
3471 4062
3472 4062
3473 4062
3474 4062
3475 4063
3476 4062
3477 4063
3478 4062
3479 4063
3480 4064
3481 4063
3482 4060
3483 4065
3484 4060
3485 4061
3486 4063
3487 4062
3488 4062
3489 4066
3490 4065
3491 4063
3492 4065
3493 4068
3494 4062
3495 4065
3496 4063
3497 4064
3498 4063
3499 4060
3500 4061
3501 4063
3502 4061
3503 4068
3504 4062
3505 4062
3506 4062
3507 4063
3508 4063
3509 4063
3510 4061
3511 4062
3512 4063
3513 4063
3514 4063
3515 4063
3516 4066
3517 4063
3518 4062
3519 4063
3520 4062
3521 4065
3522 4063
3523 4062
3524 4063
3525 4065
3526 4061
3527 4061
3528 4060
3529 4063
3530 4062
3531 4063
3532 4063
3533 4060
3534 4063
3535 4062
3536 4063
3537 4063
3538 4063
3539 4063
3540 4060
3541 4063
3542 4061
3543 4063
3544 4066
3545 4065
3546 4062
3547 4060
3548 4062
3549 4062
3550 4063
3551 4069
3552 4060
3553 4060
3554 4062
3555 4062
3556 4063
3557 4064
3558 4062
3559 4063
3560 4062
3561 4063
3562 4062
3563 4062
3564 4062
3565 4062
3566 4063
3567 4062
3568 4063
3569 4062
3570 4063
3571 4063
3572 4062
3573 4063
3574 4063
3575 4063
3576 4062
3577 4063
3578 4065
3579 4063
3580 4062
3581 4062
3582 4062
3583 4063
3584 4063
3585 4068
3586 4062
3587 4063
3588 4066
3589 4066
3590 4061
3591 4062
3592 4062
3593 4062
3594 4063
3595 4064
3596 4062
3597 4063
3598 4063
3599 4063
3600 4066
3601 4063
3602 4063
3603 4062
3604 4062
3605 4063
3606 4062
3607 4063
3608 4066
3609 4064
3610 4062
3611 4063
3612 4060
3613 4060
3614 4060
3615 4063
3616 4063
3617 4062
3618 4063
3619 4063
3620 4063
3621 4063
3622 4062
3623 4063
3624 4061
3625 4064
3626 4063
3627 4062
3628 4063
3629 4065
3630 4063
3631 4060
3632 4061
3633 4063
3634 4063
3635 4062
3636 4062
3637 4063
3638 4062
3639 4062
3640 4066
3641 4065
3642 4063
3643 4066
3644 4065
3645 4066
3646 4060
3647 4063
3648 4062
3649 4065
3650 4063
3651 4067
3652 4060
3653 4062
3654 4065
3655 4063
3656 4060
3657 4062
3658 4068
3659 4063
3660 4063
3661 4063
3662 4062
3663 4063
3664 4062
3665 4063
3666 4063
3667 4062
3668 4063
3669 4063
3670 4060
3671 4063
3672 4063
3673 4060
3674 4063
3675 4063
3676 4065
3677 4062
3678 4063
3679 4062
3680 4062
3681 4068
3682 4062
3683 4062
3684 4066
3685 4062
3686 4062
3687 4063
3688 4062
3689 4063
3690 4064
3691 4062
3692 4062
3693 4062
3694 4062
