#Data from the TCD1304 linear CCD
#column 1 = pixelnumber , column 2 = pixelvalue
#Pixel 1-32 and 3679-3694 and are dummy pixels
#SH-period: 200    ICG-period: 100000    Integration time: 100.0 us
2 4034
3 4036
4 4057
5 4054
6 4051
7 4053
8 4055
9 4054
10 4055
11 4052
12 4053
13 4057
14 4055
15 4053
16 4054
17 4053
18 4051
19 4054
20 4055
21 4057
22 4053
23 4054
24 4054
25 4051
26 4053
27 4053
28 4053
29 4050
30 4053
31 4055
32 4052
34 4053
35 4051
36 4052
37 4053
38 4053
39 4055
40 4058
41 4053
42 4057
43 4052
44 4054
45 4052
46 4057
47 4053
48 4054
49 4054
50 4054
51 4055
52 4049
53 4053
54 4056
55 4055
56 4053
57 4050
58 4052
59 4052
60 4054
61 4054
62 4051
63 4054
64 4054
65 4054
66 4053
67 4052
68 4051
69 4051
70 4054
71 4051
72 4052
73 4051
74 4052
75 4054
76 4052
77 4053
78 4053
79 4049
80 4051
81 4053
82 4050
83 4054
84 4053
85 4054
86 4052
87 4053
88 4053
89 4053
90 4054
91 4053
92 4055
93 4054
94 4051
95 4055
96 4053
97 4055
98 4049
99 4052
100 4055
101 4055
102 4050
103 4057
104 4055
105 4052
106 4057
107 4052
108 4053
109 4054
110 4053
111 4054
112 4051
113 4052
114 4052
115 4054
116 4054
117 4053
118 4053
119 4053
120 4052
121 4054
122 4053
123 4053
124 4055
125 4053
126 4053
127 4056
128 4051
129 4051
130 4051
131 4052
132 4055
133 4057
134 4054
135 4053
136 4051
137 4050
138 4051
139 4055
140 4051
141 4053
142 4051
143 4051
144 4051
145 4051
146 4057
147 4055
148 4053
149 4055
150 4051
151 4058
152 4051
153 4055
154 4055
155 4053
156 4051
157 4053
158 4051
159 4053
160 4052
161 4053
162 4052
163 4051
164 4051
165 4055
166 4054
167 4055
168 4055
169 4053
170 4052
171 4052
172 4053
173 4055
174 4053
175 4053
176 4049
177 4051
178 4051
179 4052
180 4053
181 4055
182 4053
183 4051
184 4057
185 4053
186 4053
187 4050
188 4051
189 4055
190 4057
191 4052
192 4053
193 4055
194 4054
195 4050
196 4053
197 4052
198 4052
199 4055
200 4054
201 4055
202 4052
203 4052
204 4053
205 4051
206 4053
207 4053
208 4056
209 4051
210 4052
211 4051
212 4052
213 4053
214 4054
215 4050
216 4054
217 4052
218 4053
219 4052
220 4052
221 4057
222 4055
223 4052
224 4051
225 4054
226 4052
227 4051
228 4051
229 4053
230 4053
231 4055
232 4052
233 4054
234 4056
235 4052
236 4051
237 4055
238 4054
239 4051
240 4052
241 4059
242 4050
243 4054
244 4055
245 4051
246 4055
247 4053
248 4051
249 4054
250 4050
251 4051
252 4052
253 4055
254 4052
255 4053
256 4052
257 4052
258 4051
259 4052
260 4054
261 4052
262 4055
263 4055
264 4055
265 4052
266 4052
267 4053
268 4055
269 4052
270 4049
271 4055
272 4053
273 4050
274 4053
275 4057
276 4056
277 4053
278 4052
279 4053
280 4053
281 4049
282 4053
283 4054
284 4054
285 4055
286 4052
287 4052
288 4055
289 4055
290 4053
291 4054
292 4053
293 4053
294 4057
295 4050
296 4053
297 4051
298 4053
299 4054
300 4053
301 4055
302 4053
303 4053
304 4053
305 4053
306 4053
307 4054
308 4053
309 4052
310 4049
311 4055
312 4053
313 4053
314 4051
315 4051
316 4053
317 4055
318 4055
319 4057
320 4050
321 4053
322 4054
323 4051
324 4053
325 4051
326 4052
327 4052
328 4051
329 4051
330 4051
331 4051
332 4049
333 4053
334 4055
335 4055
336 4051
337 4055
338 4052
339 4052
340 4052
341 4057
342 4053
343 4053
344 4053
345 4054
346 4055
347 4055
348 4053
349 4054
350 4051
351 4058
352 4047
353 4055
354 4054
355 4053
356 4053
357 4054
358 4052
359 4055
360 4055
361 4053
362 4054
363 4053
364 4053
365 4050
366 4051
367 4051
368 4054
369 4051
370 4053
371 4052
372 4052
373 4055
374 4053
375 4052
376 4052
377 4051
378 4053
379 4051
380 4055
381 4053
382 4052
383 4055
384 4051
385 4051
386 4059
387 4051
388 4055
389 4053
390 4053
391 4051
392 4051
393 4056
394 4051
395 4055
396 4056
397 4054
398 4053
399 4054
400 4051
401 4055
402 4055
403 4052
404 4053
405 4055
406 4049
407 4055
408 4053
409 4055
410 4051
411 4052
412 4054
413 4052
414 4053
415 4052
416 4051
417 4051
418 4053
419 4054
420 4055
421 4050
422 4052
423 4051
424 4053
425 4054
426 4053
427 4053
428 4055
429 4049
430 4053
431 4056
432 4055
433 4055
434 4053
435 4053
436 4054
437 4051
438 4054
439 4052
440 4054
441 4051
442 4052
443 4051
444 4054
445 4054
446 4051
447 4053
448 4053
449 4053
450 4053
451 4053
452 4051
453 4055
454 4053
455 4056
456 4051
457 4052
458 4054
459 4054
460 4053
461 4053
462 4051
463 4053
464 4053
465 4053
466 4053
467 4053
468 4052
469 4053
470 4049
471 4053
472 4054
473 4054
474 4053
475 4053
476 4051
477 4050
478 4053
479 4055
480 4053
481 4052
482 4050
483 4056
484 4051
485 4055
486 4053
487 4049
488 4055
489 4052
490 4055
491 4049
492 4057
493 4055
494 4051
495 4051
496 4053
497 4051
498 4054
499 4055
500 4053
501 4055
502 4051
503 4055
504 4050
505 4055
506 4052
507 4053
508 4053
509 4053
510 4055
511 4052
512 4051
513 4053
514 4051
515 4054
516 4053
517 4054
518 4049
519 4054
520 4054
521 4053
522 4053
523 4054
524 4053
525 4054
526 4048
527 4055
528 4053
529 4054
530 4050
531 4051
532 4053
533 4055
534 4053
535 4053
536 4052
537 4051
538 4055
539 4053
540 4052
541 4052
542 4053
543 4055
544 4057
545 4052
546 4055
547 4057
548 4051
549 4051
550 4054
551 4058
552 4049
553 4055
554 4053
555 4050
556 4053
557 4056
558 4053
559 4053
560 4056
561 4056
562 4051
563 4057
564 4055
565 4055
566 4055
567 4053
568 4053
569 4057
570 4052
571 4052
572 4053
573 4055
574 4055
575 4053
576 4053
577 4053
578 4054
579 4051
580 4054
581 4050
582 4051
583 4055
584 4055
585 4055
586 4051
587 4053
588 4053
589 4052
590 4052
591 4053
592 4051
593 4053
594 4054
595 4054
596 4052
597 4053
598 4055
599 4053
600 4047
601 4057
602 4052
603 4052
604 4058
605 4053
606 4054
607 4055
608 4055
609 4051
610 4052
611 4051
612 4053
613 4052
614 4049
615 4053
616 4049
617 4054
618 4054
619 4054
620 4055
621 4057
622 4051
623 4055
624 4053
625 4050
626 4052
627 4056
628 4050
629 4053
630 4051
631 4053
632 4053
633 4053
634 4054
635 4052
636 4053
637 4053
638 4052
639 4051
640 4052
641 4055
642 4057
643 4053
644 4054
645 4056
646 4048
647 4050
648 4054
649 4054
650 4053
651 4055
652 4050
653 4054
654 4051
655 4051
656 4051
657 4051
658 4055
659 4054
660 4053
661 4053
662 4052
663 4054
664 4051
665 4055
666 4054
667 4052
668 4053
669 4055
670 4050
671 4053
672 4054
673 4052
674 4057
675 4055
676 4052
677 4052
678 4055
679 4053
680 4055
681 4055
682 4055
683 4055
684 4052
685 4054
686 4053
687 4052
688 4058
689 4052
690 4051
691 4053
692 4055
693 4053
694 4052
695 4050
696 4051
697 4056
698 4051
699 4053
700 4048
701 4058
702 4049
703 4057
704 4052
705 4051
706 4055
707 4052
708 4054
709 4052
710 4054
711 4056
712 4054
713 4058
714 4053
715 4056
716 4053
717 4054
718 4051
719 4051
720 4050
721 4053
722 4052
723 4051
724 4051
725 4053
726 4051
727 4053
728 4053
729 4055
730 4054
731 4055
732 4053
733 4052
734 4054
735 4049
736 4051
737 4051
738 4050
739 4053
740 4052
741 4055
742 4052
743 4055
744 4053
745 4053
746 4052
747 4055
748 4052
749 4053
750 4054
751 4054
752 4051
753 4052
754 4054
755 4054
756 4053
757 4051
758 4051
759 4053
760 4052
761 4054
762 4054
763 4054
764 4051
765 4054
766 4056
767 4051
768 4050
769 4053
770 4053
771 4052
772 4052
773 4054
774 4054
775 4056
776 4053
777 4055
778 4053
779 4054
780 4051
781 4052
782 4053
783 4053
784 4055
785 4055
786 4055
787 4055
788 4057
789 4055
790 4055
791 4053
792 4048
793 4051
794 4053
795 4053
796 4051
797 4051
798 4051
799 4051
800 4055
801 4055
802 4050
803 4051
804 4052
805 4052
806 4053
807 4053
808 4053
809 4053
810 4057
811 4051
812 4053
813 4052
814 4053
815 4055
816 4053
817 4055
818 4053
819 4055
820 4051
821 4052
822 4055
823 4051
824 4052
825 4051
826 4055
827 4053
828 4053
829 4055
830 4052
831 4053
832 4050
833 4053
834 4049
835 4051
836 4053
837 4053
838 4052
839 4054
840 4052
841 4051
842 4055
843 4057
844 4053
845 4053
846 4055
847 4052
848 4052
849 4051
850 4051
851 4054
852 4051
853 4055
854 4052
855 4055
856 4053
857 4054
858 4049
859 4051
860 4054
861 4054
862 4047
863 4051
864 4054
865 4056
866 4053
867 4053
868 4049
869 4052
870 4052
871 4051
872 4053
873 4051
874 4050
875 4056
876 4051
877 4055
878 4053
879 4053
880 4050
881 4052
882 4055
883 4057
884 4052
885 4053
886 4053
887 4053
888 4058
889 4054
890 4056
891 4053
892 4051
893 4052
894 4049
895 4055
896 4054
897 4056
898 4054
899 4051
900 4052
901 4055
902 4050
903 4051
904 4054
905 4052
906 4053
907 4053
908 4053
909 4053
910 4051
911 4054
912 4051
913 4053
914 4053
915 4054
916 4053
917 4054
918 4053
919 4053
920 4053
921 4053
922 4053
923 4054
924 4051
925 4051
926 4049
927 4051
928 4052
929 4053
930 4051
931 4052
932 4052
933 4052
934 4052
935 4053
936 4052
937 4056
938 4052
939 4053
940 4051
941 4054
942 4055
943 4055
944 4050
945 4054
946 4052
947 4054
948 4055
949 4054
950 4055
951 4053
952 4053
953 4051
954 4051
955 4053
956 4055
957 4049
958 4057
959 4053
960 4051
961 4055
962 4053
963 4054
964 4053
965 4055
966 4055
967 4052
968 4051
969 4053
970 4054
971 4052
972 4051
973 4050
974 4050
975 4055
976 4053
977 4052
978 4052
979 4053
980 4055
981 4053
982 4053
983 4054
984 4053
985 4053
986 4051
987 4051
988 4052
989 4051
990 4053
991 4055
992 4056
993 4050
994 4057
995 4053
996 4051
997 4052
998 4051
999 4051
1000 4053
1001 4057
1002 4050
1003 4052
1004 4053
1005 4055
1006 4051
1007 4055
1008 4051
1009 4053
1010 4055
1011 4055
1012 4058
1013 4055
1014 4050
1015 4055
1016 4051
1017 4052
1018 4053
1019 4052
1020 4049
1021 4053
1022 4053
1023 4051
1024 4048
1025 4049
1026 4055
1027 4053
1028 4051
1029 4054
1030 4054
1031 4055
1032 4052
1033 4053
1034 4052
1035 4049
1036 4055
1037 4055
1038 4052
1039 4056
1040 4053
1041 4051
1042 4054
1043 4055
1044 4049
1045 4051
1046 4051
1047 4053
1048 4051
1049 4053
1050 4053
1051 4055
1052 4052
1053 4057
1054 4053
1055 4054
1056 4054
1057 4053
1058 4053
1059 4055
1060 4053
1061 4054
1062 4053
1063 4051
1064 4051
1065 4053
1066 4053
1067 4053
1068 4052
1069 4050
1070 4051
1071 4052
1072 4053
1073 4051
1074 4054
1075 4054
1076 4056
1077 4055
1078 4054
1079 4052
1080 4053
1081 4052
1082 4053
1083 4052
1084 4049
1085 4055
1086 4053
1087 4055
1088 4055
1089 4056
1090 4053
1091 4055
1092 4051
1093 4054
1094 4050
1095 4051
1096 4056
1097 4052
1098 4054
1099 4051
1100 4053
1101 4055
1102 4051
1103 4055
1104 4051
1105 4054
1106 4053
1107 4056
1108 4055
1109 4051
1110 4051
1111 4054
1112 4052
1113 4052
1114 4053
1115 4054
1116 4055
1117 4053
1118 4051
1119 4051
1120 4056
1121 4054
1122 4055
1123 4051
1124 4050
1125 4051
1126 4053
1127 4053
1128 4051
1129 4053
1130 4054
1131 4053
1132 4054
1133 4051
1134 4053
1135 4050
1136 4051
1137 4051
1138 4052
1139 4052
1140 4055
1141 4055
1142 4049
1143 4051
1144 4055
1145 4051
1146 4053
1147 4051
1148 4051
1149 4055
1150 4053
1151 4054
1152 4049
1153 4055
1154 4049
1155 4051
1156 4055
1157 4053
1158 4052
1159 4054
1160 4055
1161 4055
1162 4056
1163 4053
1164 4053
1165 4055
1166 4055
1167 4050
1168 4052
1169 4051
1170 4057
1171 4053
1172 4051
1173 4055
1174 4053
1175 4055
1176 4056
1177 4051
1178 4052
1179 4055
1180 4055
1181 4053
1182 4053
1183 4053
1184 4049
1185 4050
1186 4052
1187 4054
1188 4052
1189 4053
1190 4055
1191 4052
1192 4052
1193 4055
1194 4053
1195 4053
1196 4051
1197 4055
1198 4053
1199 4055
1200 4055
1201 4057
1202 4049
1203 4053
1204 4051
1205 4051
1206 4051
1207 4051
1208 4054
1209 4051
1210 4054
1211 4053
1212 4054
1213 4051
1214 4051
1215 4055
1216 4054
1217 4051
1218 4055
1219 4053
1220 4054
1221 4056
1222 4051
1223 4055
1224 4055
1225 4053
1226 4053
1227 4051
1228 4052
1229 4053
1230 4052
1231 4055
1232 4053
1233 4052
1234 4051
1235 4055
1236 4052
1237 4053
1238 4053
1239 4055
1240 4054
1241 4053
1242 4050
1243 4055
1244 4052
1245 4053
1246 4051
1247 4051
1248 4055
1249 4053
1250 4052
1251 4059
1252 4047
1253 4053
1254 4049
1255 4055
1256 4053
1257 4050
1258 4054
1259 4052
1260 4051
1261 4053
1262 4051
1263 4053
1264 4055
1265 4051
1266 4055
1267 4051
1268 4053
1269 4053
1270 4055
1271 4055
1272 4052
1273 4057
1274 4053
1275 4049
1276 4051
1277 4055
1278 4052
1279 4051
1280 4053
1281 4053
1282 4057
1283 4056
1284 4053
1285 4053
1286 4055
1287 4051
1288 4051
1289 4053
1290 4051
1291 4051
1292 4055
1293 4053
1294 4054
1295 4053
1296 4055
1297 4051
1298 4053
1299 4049
1300 4056
1301 4057
1302 4047
1303 4053
1304 4053
1305 4053
1306 4054
1307 4051
1308 4054
1309 4052
1310 4052
1311 4054
1312 4051
1313 4052
1314 4051
1315 4054
1316 4051
1317 4054
1318 4052
1319 4052
1320 4052
1321 4054
1322 4051
1323 4053
1324 4053
1325 4055
1326 4055
1327 4055
1328 4053
1329 4047
1330 4054
1331 4055
1332 4055
1333 4055
1334 4052
1335 4053
1336 4053
1337 4053
1338 4051
1339 4055
1340 4055
1341 4054
1342 4053
1343 4055
1344 4055
1345 4058
1346 4051
1347 4051
1348 4053
1349 4055
1350 4054
1351 4055
1352 4051
1353 4052
1354 4053
1355 4052
1356 4050
1357 4055
1358 4053
1359 4053
1360 4050
1361 4051
1362 4053
1363 4057
1364 4049
1365 4050
1366 4053
1367 4051
1368 4053
1369 4054
1370 4052
1371 4051
1372 4052
1373 4054
1374 4051
1375 4057
1376 4052
1377 4053
1378 4053
1379 4051
1380 4052
1381 4053
1382 4051
1383 4056
1384 4051
1385 4051
1386 4053
1387 4051
1388 4054
1389 4055
1390 4055
1391 4054
1392 4055
1393 4054
1394 4053
1395 4049
1396 4051
1397 4053
1398 4052
1399 4053
1400 4051
1401 4053
1402 4049
1403 4051
1404 4053
1405 4054
1406 4050
1407 4054
1408 4053
1409 4051
1410 4051
1411 4053
1412 4053
1413 4059
1414 4052
1415 4056
1416 4053
1417 4053
1418 4052
1419 4052
1420 4049
1421 4052
1422 4053
1423 4051
1424 4055
1425 4051
1426 4053
1427 4051
1428 4053
1429 4051
1430 4047
1431 4053
1432 4055
1433 4053
1434 4053
1435 4055
1436 4051
1437 4054
1438 4053
1439 4055
1440 4053
1441 4052
1442 4050
1443 4053
1444 4053
1445 4055
1446 4052
1447 4055
1448 4053
1449 4050
1450 4054
1451 4055
1452 4051
1453 4055
1454 4054
1455 4053
1456 4050
1457 4057
1458 4058
1459 4051
1460 4052
1461 4052
1462 4055
1463 4055
1464 4051
1465 4054
1466 4054
1467 4050
1468 4053
1469 4053
1470 4054
1471 4055
1472 4054
1473 4051
1474 4053
1475 4059
1476 4055
1477 4055
1478 4056
1479 4053
1480 4052
1481 4052
1482 4050
1483 4055
1484 4051
1485 4052
1486 4053
1487 4053
1488 4052
1489 4052
1490 4052
1491 4056
1492 4048
1493 4054
1494 4052
1495 4051
1496 4054
1497 4051
1498 4053
1499 4054
1500 4053
1501 4055
1502 4053
1503 4053
1504 4055
1505 4055
1506 4051
1507 4054
1508 4053
1509 4056
1510 4051
1511 4053
1512 4047
1513 4050
1514 4052
1515 4051
1516 4053
1517 4053
1518 4054
1519 4055
1520 4054
1521 4054
1522 4055
1523 4053
1524 4053
1525 4053
1526 4055
1527 4051
1528 4054
1529 4051
1530 4051
1531 4052
1532 4051
1533 4055
1534 4052
1535 4053
1536 4052
1537 4055
1538 4054
1539 4053
1540 4050
1541 4052
1542 4054
1543 4053
1544 4053
1545 4055
1546 4049
1547 4050
1548 4052
1549 4052
1550 4053
1551 4054
1552 4047
1553 4055
1554 4051
1555 4048
1556 4049
1557 4053
1558 4058
1559 4054
1560 4050
1561 4053
1562 4053
1563 4055
1564 4052
1565 4054
1566 4055
1567 4055
1568 4053
1569 4052
1570 4053
1571 4057
1572 4053
1573 4050
1574 4053
1575 4053
1576 4051
1577 4051
1578 4053
1579 4053
1580 4053
1581 4053
1582 4054
1583 4051
1584 4050
1585 4055
1586 4054
1587 4053
1588 4051
1589 4054
1590 4053
1591 4053
1592 4053
1593 4054
1594 4051
1595 4053
1596 4051
1597 4057
1598 4050
1599 4053
1600 4053
1601 4057
1602 4050
1603 4054
1604 4055
1605 4053
1606 4049
1607 4050
1608 4053
1609 4051
1610 4049
1611 4053
1612 4054
1613 4054
1614 4055
1615 4051
1616 4053
1617 4055
1618 4055
1619 4055
1620 4051
1621 4052
1622 4053
1623 4055
1624 4053
1625 4051
1626 4053
1627 4048
1628 4054
1629 4053
1630 4050
1631 4053
1632 4050
1633 4055
1634 4055
1635 4055
1636 4051
1637 4055
1638 4050
1639 4054
1640 4053
1641 4051
1642 4049
1643 4051
1644 4058
1645 4053
1646 4055
1647 4051
1648 4056
1649 4053
1650 4052
1651 4055
1652 4049
1653 4051
1654 4051
1655 4052
1656 4055
1657 4055
1658 4050
1659 4050
1660 4051
1661 4055
1662 4054
1663 4054
1664 4052
1665 4053
1666 4051
1667 4056
1668 4050
1669 4052
1670 4053
1671 4053
1672 4053
1673 4053
1674 4053
1675 4054
1676 4051
1677 4052
1678 4052
1679 4051
1680 4049
1681 4052
1682 4053
1683 4055
1684 4049
1685 4053
1686 4053
1687 4049
1688 4050
1689 4055
1690 4051
1691 4053
1692 4050
1693 4058
1694 4051
1695 4052
1696 4055
1697 4053
1698 4052
1699 4049
1700 4053
1701 4052
1702 4047
1703 4051
1704 4049
1705 4053
1706 4052
1707 4051
1708 4055
1709 4052
1710 4050
1711 4053
1712 4052
1713 4053
1714 4052
1715 4051
1716 4051
1717 4051
1718 4050
1719 4052
1720 4050
1721 4050
1722 4051
1723 4053
1724 4049
1725 4050
1726 4052
1727 4051
1728 4047
1729 4055
1730 4047
1731 4050
1732 4052
1733 4050
1734 4053
1735 4052
1736 4050
1737 4049
1738 4049
1739 4051
1740 4051
1741 4049
1742 4047
1743 4048
1744 4053
1745 4045
1746 4050
1747 4047
1748 4051
1749 4051
1750 4049
1751 4051
1752 4046
1753 4052
1754 4051
1755 4049
1756 4050
1757 4049
1758 4050
1759 4047
1760 4047
1761 4047
1762 4046
1763 4049
1764 4047
1765 4047
1766 4047
1767 4049
1768 4049
1769 4049
1770 4047
1771 4049
1772 4053
1773 4047
1774 4052
1775 4049
1776 4047
1777 4049
1778 4048
1779 4051
1780 4047
1781 4045
1782 4051
1783 4049
1784 4049
1785 4049
1786 4048
1787 4049
1788 4047
1789 4051
1790 4044
1791 4043
1792 4046
1793 4050
1794 4046
1795 4045
1796 4047
1797 4046
1798 4047
1799 4049
1800 4042
1801 4051
1802 4045
1803 4048
1804 4046
1805 4048
1806 4048
1807 4045
1808 4047
1809 4045
1810 4047
1811 4052
1812 4051
1813 4047
1814 4046
1815 4048
1816 4047
1817 4050
1818 4049
1819 4048
1820 4048
1821 4050
1822 4049
1823 4049
1824 4047
1825 4047
1826 4049
1827 4049
1828 4048
1829 4051
1830 4046
1831 4049
1832 4047
1833 4049
1834 4047
1835 4048
1836 4054
1837 4045
1838 4047
1839 4047
1840 4049
1841 4047
1842 4047
1843 4046
1844 4049
1845 4046
1846 4047
1847 4048
1848 4049
1849 4047
1850 4049
1851 4051
1852 4046
1853 4047
1854 4047
1855 4043
1856 4046
1857 4050
1858 4045
1859 4050
1860 4046
1861 4043
1862 4046
1863 4047
1864 4045
1865 4049
1866 4043
1867 4047
1868 4045
1869 4049
1870 4051
1871 4049
1872 4048
1873 4049
1874 4047
1875 4047
1876 4049
1877 4048
1878 4047
1879 4049
1880 4047
1881 4049
1882 4050
1883 4051
1884 4049
1885 4049
1886 4050
1887 4052
1888 4045
1889 4050
1890 4047
1891 4052
1892 4048
1893 4048
1894 4047
1895 4053
1896 4050
1897 4048
1898 4047
1899 4047
1900 4051
1901 4049
1902 4047
1903 4047
1904 4050
1905 4047
1906 4047
1907 4049
1908 4049
1909 4050
1910 4051
1911 4047
1912 4047
1913 4045
1914 4049
1915 4049
1916 4051
1917 4051
1918 4047
1919 4050
1920 4047
1921 4053
1922 4048
1923 4047
1924 4050
1925 4051
1926 4048
1927 4046
1928 4045
1929 4050
1930 4049
1931 4049
1932 4047
1933 4048
1934 4050
1935 4047
1936 4049
1937 4046
1938 4051
1939 4048
1940 4047
1941 4047
1942 4049
1943 4051
1944 4049
1945 4049
1946 4047
1947 4049
1948 4047
1949 4049
1950 4049
1951 4051
1952 4047
1953 4051
1954 4049
1955 4050
1956 4048
1957 4049
1958 4053
1959 4048
1960 4050
1961 4052
1962 4052
1963 4050
1964 4048
1965 4049
1966 4048
1967 4053
1968 4051
1969 4052
1970 4051
1971 4049
1972 4049
1973 4051
1974 4049
1975 4054
1976 4049
1977 4051
1978 4047
1979 4049
1980 4051
1981 4053
1982 4051
1983 4049
1984 4049
1985 4051
1986 4049
1987 4050
1988 4051
1989 4051
1990 4047
1991 4052
1992 4049
1993 4046
1994 4046
1995 4053
1996 4047
1997 4049
1998 4047
1999 4047
2000 4049
2001 4052
2002 4047
2003 4048
2004 4051
2005 4050
2006 4050
2007 4050
2008 4047
2009 4047
2010 4050
2011 4047
2012 4051
2013 4053
2014 4046
2015 4047
2016 4051
2017 4049
2018 4050
2019 4053
2020 4049
2021 4051
2022 4049
2023 4052
2024 4052
2025 4052
2026 4049
2027 4050
2028 4052
2029 4051
2030 4049
2031 4050
2032 4047
2033 4053
2034 4049
2035 4049
2036 4047
2037 4050
2038 4049
2039 4051
2040 4050
2041 4051
2042 4048
2043 4050
2044 4051
2045 4049
2046 4049
2047 4046
2048 4055
2049 4050
2050 4048
2051 4052
2052 4049
2053 4053
2054 4047
2055 4052
2056 4048
2057 4050
2058 4051
2059 4049
2060 4047
2061 4051
2062 4049
2063 4048
2064 4053
2065 4051
2066 4047
2067 4047
2068 4053
2069 4052
2070 4047
2071 4051
2072 4051
2073 4048
2074 4052
2075 4049
2076 4049
2077 4046
2078 4050
2079 4049
2080 4053
2081 4049
2082 4049
2083 4053
2084 4046
2085 4049
2086 4050
2087 4051
2088 4050
2089 4052
2090 4050
2091 4047
2092 4045
2093 4051
2094 4049
2095 4049
2096 4047
2097 4047
2098 4046
2099 4049
2100 4047
2101 4053
2102 4046
2103 4051
2104 4049
2105 4047
2106 4049
2107 4047
2108 4051
2109 4049
2110 4046
2111 4050
2112 4049
2113 4047
2114 4049
2115 4048
2116 4049
2117 4053
2118 4049
2119 4049
2120 4048
2121 4048
2122 4050
2123 4047
2124 4046
2125 4049
2126 4050
2127 4048
2128 4051
2129 4052
2130 4051
2131 4047
2132 4048
2133 4050
2134 4047
2135 4049
2136 4047
2137 4049
2138 4049
2139 4053
2140 4052
2141 4045
2142 4051
2143 4049
2144 4045
2145 4047
2146 4047
2147 4049
2148 4053
2149 4048
2150 4053
2151 4050
2152 4049
2153 4049
2154 4047
2155 4047
2156 4051
2157 4049
2158 4051
2159 4049
2160 4048
2161 4048
2162 4053
2163 4049
2164 4050
2165 4047
2166 4051
2167 4048
2168 4049
2169 4050
2170 4047
2171 4049
2172 4047
2173 4051
2174 4049
2175 4047
2176 4054
2177 4050
2178 4052
2179 4053
2180 4054
2181 4050
2182 4047
2183 4052
2184 4049
2185 4047
2186 4047
2187 4051
2188 4047
2189 4050
2190 4046
2191 4049
2192 4049
2193 4051
2194 4051
2195 4049
2196 4049
2197 4047
2198 4051
2199 4048
2200 4048
2201 4055
2202 4048
2203 4052
2204 4049
2205 4053
2206 4049
2207 4051
2208 4050
2209 4051
2210 4049
2211 4050
2212 4050
2213 4052
2214 4050
2215 4050
2216 4050
2217 4049
2218 4050
2219 4051
2220 4049
2221 4049
2222 4049
2223 4052
2224 4049
2225 4050
2226 4053
2227 4049
2228 4050
2229 4053
2230 4050
2231 4051
2232 4049
2233 4052
2234 4050
2235 4051
2236 4049
2237 4052
2238 4053
2239 4048
2240 4051
2241 4053
2242 4047
2243 4055
2244 4049
2245 4051
2246 4049
2247 4049
2248 4048
2249 4048
2250 4051
2251 4052
2252 4047
2253 4049
2254 4047
2255 4050
2256 4047
2257 4049
2258 4049
2259 4047
2260 4047
2261 4049
2262 4047
2263 4047
2264 4052
2265 4047
2266 4047
2267 4051
2268 4050
2269 4051
2270 4051
2271 4053
2272 4051
2273 4047
2274 4051
2275 4050
2276 4052
2277 4049
2278 4048
2279 4049
2280 4049
2281 4049
2282 4047
2283 4051
2284 4050
2285 4049
2286 4050
2287 4049
2288 4049
2289 4051
2290 4049
2291 4047
2292 4049
2293 4047
2294 4046
2295 4047
2296 4049
2297 4050
2298 4051
2299 4045
2300 4048
2301 4052
2302 4046
2303 4047
2304 4052
2305 4047
2306 4049
2307 4048
2308 4047
2309 4045
2310 4051
2311 4047
2312 4047
2313 4047
2314 4053
2315 4051
2316 4051
2317 4047
2318 4050
2319 4051
2320 4047
2321 4049
2322 4049
2323 4049
2324 4053
2325 4051
2326 4047
2327 4053
2328 4047
2329 4048
2330 4049
2331 4047
2332 4051
2333 4049
2334 4049
2335 4049
2336 4049
2337 4049
2338 4048
2339 4050
2340 4047
2341 4050
2342 4051
2343 4048
2344 4047
2345 4051
2346 4049
2347 4049
2348 4051
2349 4051
2350 4049
2351 4049
2352 4045
2353 4047
2354 4053
2355 4047
2356 4047
2357 4051
2358 4047
2359 4050
2360 4051
2361 4051
2362 4049
2363 4051
2364 4053
2365 4046
2366 4051
2367 4053
2368 4047
2369 4051
2370 4048
2371 4053
2372 4051
2373 4051
2374 4049
2375 4048
2376 4049
2377 4053
2378 4050
2379 4053
2380 4050
2381 4049
2382 4047
2383 4054
2384 4051
2385 4051
2386 4053
2387 4049
2388 4047
2389 4052
2390 4052
2391 4050
2392 4049
2393 4051
2394 4045
2395 4047
2396 4046
2397 4049
2398 4051
2399 4050
2400 4052
2401 4053
2402 4046
2403 4049
2404 4049
2405 4049
2406 4049
2407 4050
2408 4054
2409 4052
2410 4052
2411 4051
2412 4051
2413 4051
2414 4050
2415 4049
2416 4052
2417 4051
2418 4051
2419 4047
2420 4049
2421 4052
2422 4049
2423 4047
2424 4049
2425 4048
2426 4048
2427 4053
2428 4052
2429 4049
2430 4052
2431 4049
2432 4049
2433 4055
2434 4050
2435 4049
2436 4047
2437 4050
2438 4047
2439 4053
2440 4047
2441 4051
2442 4048
2443 4050
2444 4047
2445 4047
2446 4051
2447 4052
2448 4052
2449 4053
2450 4049
2451 4050
2452 4048
2453 4053
2454 4050
2455 4045
2456 4051
2457 4050
2458 4055
2459 4047
2460 4049
2461 4049
2462 4049
2463 4052
2464 4045
2465 4050
2466 4047
2467 4049
2468 4051
2469 4053
2470 4049
2471 4053
2472 4051
2473 4049
2474 4048
2475 4051
2476 4051
2477 4050
2478 4049
2479 4050
2480 4048
2481 4049
2482 4048
2483 4049
2484 4047
2485 4053
2486 4051
2487 4050
2488 4047
2489 4049
2490 4049
2491 4049
2492 4049
2493 4051
2494 4046
2495 4050
2496 4049
2497 4045
2498 4048
2499 4049
2500 4049
2501 4055
2502 4049
2503 4049
2504 4049
2505 4050
2506 4046
2507 4050
2508 4049
2509 4050
2510 4047
2511 4052
2512 4051
2513 4049
2514 4043
2515 4048
2516 4049
2517 4053
2518 4048
2519 4051
2520 4047
2521 4051
2522 4047
2523 4047
2524 4049
2525 4049
2526 4051
2527 4053
2528 4050
2529 4049
2530 4051
2531 4050
2532 4049
2533 4049
2534 4047
2535 4051
2536 4051
2537 4051
2538 4050
2539 4051
2540 4049
2541 4047
2542 4048
2543 4049
2544 4051
2545 4051
2546 4048
2547 4052
2548 4053
2549 4053
2550 4051
2551 4052
2552 4049
2553 4050
2554 4053
2555 4055
2556 4051
2557 4050
2558 4052
2559 4047
2560 4049
2561 4050
2562 4049
2563 4052
2564 4045
2565 4053
2566 4047
2567 4051
2568 4050
2569 4055
2570 4049
2571 4051
2572 4049
2573 4051
2574 4050
2575 4051
2576 4047
2577 4045
2578 4049
2579 4047
2580 4046
2581 4051
2582 4045
2583 4052
2584 4049
2585 4047
2586 4051
2587 4047
2588 4046
2589 4047
2590 4050
2591 4047
2592 4047
2593 4044
2594 4045
2595 4049
2596 4045
2597 4049
2598 4049
2599 4051
2600 4053
2601 4053
2602 4043
2603 4048
2604 4048
2605 4044
2606 4047
2607 4049
2608 4049
2609 4049
2610 4049
2611 4049
2612 4051
2613 4051
2614 4049
2615 4047
2616 4046
2617 4051
2618 4048
2619 4054
2620 4051
2621 4051
2622 4047
2623 4050
2624 4053
2625 4051
2626 4051
2627 4050
2628 4050
2629 4053
2630 4053
2631 4049
2632 4049
2633 4052
2634 4050
2635 4053
2636 4050
2637 4051
2638 4047
2639 4048
2640 4053
2641 4049
2642 4047
2643 4053
2644 4052
2645 4049
2646 4049
2647 4053
2648 4050
2649 4054
2650 4048
2651 4052
2652 4049
2653 4051
2654 4049
2655 4055
2656 4045
2657 4049
2658 4051
2659 4050
2660 4051
2661 4051
2662 4049
2663 4051
2664 4053
2665 4049
2666 4051
2667 4051
2668 4051
2669 4054
2670 4051
2671 4053
2672 4052
2673 4053
2674 4051
2675 4051
2676 4050
2677 4053
2678 4049
2679 4053
2680 4053
2681 4051
2682 4050
2683 4053
2684 4053
2685 4057
2686 4051
2687 4055
2688 4055
2689 4055
2690 4057
2691 4055
2692 4054
2693 4051
2694 4053
2695 4052
2696 4053
2697 4053
2698 4053
2699 4054
2700 4053
2701 4059
2702 4050
2703 4054
2704 4054
2705 4053
2706 4055
2707 4052
2708 4055
2709 4053
2710 4054
2711 4053
2712 4055
2713 4049
2714 4053
2715 4055
2716 4053
2717 4055
2718 4054
2719 4055
2720 4052
2721 4051
2722 4052
2723 4053
2724 4055
2725 4052
2726 4053
2727 4053
2728 4052
2729 4057
2730 4053
2731 4053
2732 4051
2733 4057
2734 4050
2735 4053
2736 4051
2737 4055
2738 4052
2739 4053
2740 4055
2741 4053
2742 4055
2743 4052
2744 4056
2745 4055
2746 4055
2747 4055
2748 4055
2749 4055
2750 4052
2751 4057
2752 4051
2753 4051
2754 4050
2755 4054
2756 4053
2757 4050
2758 4058
2759 4054
2760 4053
2761 4057
2762 4054
2763 4052
2764 4052
2765 4053
2766 4054
2767 4054
2768 4053
2769 4055
2770 4054
2771 4057
2772 4051
2773 4054
2774 4053
2775 4053
2776 4056
2777 4053
2778 4055
2779 4053
2780 4056
2781 4051
2782 4049
2783 4057
2784 4052
2785 4054
2786 4054
2787 4054
2788 4054
2789 4056
2790 4055
2791 4051
2792 4052
2793 4055
2794 4052
2795 4052
2796 4053
2797 4053
2798 4051
2799 4057
2800 4049
2801 4058
2802 4049
2803 4053
2804 4053
2805 4053
2806 4051
2807 4055
2808 4053
2809 4051
2810 4053
2811 4054
2812 4050
2813 4051
2814 4055
2815 4058
2816 4053
2817 4056
2818 4055
2819 4051
2820 4047
2821 4053
2822 4049
2823 4050
2824 4056
2825 4055
2826 4053
2827 4054
2828 4053
2829 4055
2830 4051
2831 4053
2832 4054
2833 4055
2834 4052
2835 4055
2836 4057
2837 4054
2838 4051
2839 4058
2840 4053
2841 4052
2842 4053
2843 4054
2844 4053
2845 4055
2846 4051
2847 4054
2848 4051
2849 4055
2850 4053
2851 4053
2852 4052
2853 4056
2854 4055
2855 4051
2856 4053
2857 4050
2858 4054
2859 4053
2860 4052
2861 4051
2862 4053
2863 4054
2864 4052
2865 4050
2866 4053
2867 4054
2868 4058
2869 4051
2870 4055
2871 4051
2872 4051
2873 4056
2874 4056
2875 4055
2876 4055
2877 4056
2878 4054
2879 4055
2880 4053
2881 4055
2882 4053
2883 4056
2884 4054
2885 4052
2886 4054
2887 4053
2888 4052
2889 4053
2890 4054
2891 4051
2892 4053
2893 4055
2894 4053
2895 4053
2896 4051
2897 4054
2898 4055
2899 4054
2900 4048
2901 4053
2902 4052
2903 4055
2904 4055
2905 4055
2906 4050
2907 4049
2908 4055
2909 4055
2910 4054
2911 4053
2912 4051
2913 4053
2914 4053
2915 4052
2916 4053
2917 4055
2918 4053
2919 4053
2920 4055
2921 4053
2922 4055
2923 4055
2924 4056
2925 4054
2926 4053
2927 4053
2928 4051
2929 4053
2930 4052
2931 4052
2932 4052
2933 4058
2934 4052
2935 4057
2936 4055
2937 4052
2938 4054
2939 4051
2940 4052
2941 4052
2942 4053
2943 4054
2944 4054
2945 4051
2946 4057
2947 4053
2948 4052
2949 4055
2950 4051
2951 4055
2952 4053
2953 4053
2954 4054
2955 4052
2956 4053
2957 4053
2958 4058
2959 4053
2960 4053
2961 4051
2962 4054
2963 4050
2964 4053
2965 4053
2966 4052
2967 4054
2968 4055
2969 4053
2970 4051
2971 4058
2972 4054
2973 4051
2974 4052
2975 4054
2976 4052
2977 4055
2978 4051
2979 4053
2980 4055
2981 4053
2982 4051
2983 4056
2984 4048
2985 4051
2986 4050
2987 4051
2988 4054
2989 4053
2990 4052
2991 4052
2992 4058
2993 4053
2994 4052
2995 4053
2996 4056
2997 4054
2998 4051
2999 4051
3000 4053
3001 4055
3002 4051
3003 4055
3004 4053
3005 4054
3006 4052
3007 4049
3008 4054
3009 4047
3010 4049
3011 4052
3012 4053
3013 4051
3014 4051
3015 4053
3016 4050
3017 4055
3018 4055
3019 4055
3020 4051
3021 4056
3022 4052
3023 4053
3024 4052
3025 4055
3026 4055
3027 4055
3028 4053
3029 4056
3030 4053
3031 4053
3032 4053
3033 4056
3034 4050
3035 4055
3036 4052
3037 4049
3038 4052
3039 4055
3040 4051
3041 4055
3042 4059
3043 4051
3044 4055
3045 4057
3046 4058
3047 4055
3048 4051
3049 4052
3050 4051
3051 4057
3052 4053
3053 4054
3054 4049
3055 4053
3056 4052
3057 4053
3058 4055
3059 4053
3060 4054
3061 4055
3062 4056
3063 4051
3064 4052
3065 4055
3066 4053
3067 4052
3068 4052
3069 4053
3070 4054
3071 4055
3072 4051
3073 4053
3074 4050
3075 4051
3076 4055
3077 4059
3078 4054
3079 4055
3080 4055
3081 4053
3082 4052
3083 4058
3084 4055
3085 4053
3086 4053
3087 4052
3088 4053
3089 4054
3090 4053
3091 4056
3092 4050
3093 4053
3094 4054
3095 4052
3096 4053
3097 4052
3098 4055
3099 4053
3100 4055
3101 4057
3102 4047
3103 4053
3104 4051
3105 4054
3106 4053
3107 4052
3108 4055
3109 4054
3110 4052
3111 4050
3112 4054
3113 4051
3114 4052
3115 4054
3116 4051
3117 4054
3118 4052
3119 4053
3120 4052
3121 4055
3122 4055
3123 4053
3124 4055
3125 4057
3126 4056
3127 4052
3128 4052
3129 4053
3130 4054
3131 4051
3132 4052
3133 4053
3134 4052
3135 4052
3136 4053
3137 4055
3138 4053
3139 4054
3140 4052
3141 4052
3142 4053
3143 4051
3144 4051
3145 4051
3146 4051
3147 4051
3148 4051
3149 4053
3150 4054
3151 4058
3152 4050
3153 4057
3154 4051
3155 4057
3156 4052
3157 4053
3158 4058
3159 4052
3160 4055
3161 4053
3162 4052
3163 4055
3164 4055
3165 4053
3166 4051
3167 4053
3168 4054
3169 4054
3170 4050
3171 4053
3172 4055
3173 4055
3174 4055
3175 4049
3176 4052
3177 4053
3178 4057
3179 4052
3180 4052
3181 4051
3182 4054
3183 4053
3184 4053
3185 4054
3186 4054
3187 4052
3188 4052
3189 4053
3190 4056
3191 4053
3192 4052
3193 4053
3194 4054
3195 4051
3196 4056
3197 4051
3198 4054
3199 4056
3200 4053
3201 4053
3202 4051
3203 4054
3204 4050
3205 4054
3206 4053
3207 4053
3208 4053
3209 4051
3210 4055
3211 4055
3212 4054
3213 4053
3214 4055
3215 4052
3216 4051
3217 4055
3218 4053
3219 4053
3220 4049
3221 4055
3222 4053
3223 4054
3224 4055
3225 4058
3226 4054
3227 4055
3228 4054
3229 4052
3230 4055
3231 4050
3232 4050
3233 4053
3234 4049
3235 4051
3236 4053
3237 4055
3238 4053
3239 4056
3240 4054
3241 4055
3242 4052
3243 4055
3244 4050
3245 4051
3246 4054
3247 4052
3248 4054
3249 4049
3250 4051
3251 4055
3252 4052
3253 4054
3254 4052
3255 4050
3256 4053
3257 4053
3258 4059
3259 4051
3260 4051
3261 4057
3262 4051
3263 4056
3264 4055
3265 4051
3266 4051
3267 4053
3268 4052
3269 4051
3270 4053
3271 4054
3272 4051
3273 4055
3274 4052
3275 4052
3276 4052
3277 4053
3278 4053
3279 4053
3280 4051
3281 4057
3282 4049
3283 4055
3284 4051
3285 4053
3286 4055
3287 4053
3288 4052
3289 4054
3290 4051
3291 4053
3292 4055
3293 4052
3294 4052
3295 4054
3296 4053
3297 4055
3298 4055
3299 4052
3300 4052
3301 4057
3302 4049
3303 4055
3304 4054
3305 4057
3306 4053
3307 4051
3308 4055
3309 4055
3310 4053
3311 4052
3312 4052
3313 4053
3314 4051
3315 4057
3316 4051
3317 4054
3318 4055
3319 4055
3320 4055
3321 4054
3322 4054
3323 4055
3324 4053
3325 4051
3326 4051
3327 4051
3328 4053
3329 4053
3330 4051
3331 4054
3332 4054
3333 4057
3334 4054
3335 4054
3336 4055
3337 4055
3338 4053
3339 4053
3340 4052
3341 4054
3342 4050
3343 4053
3344 4053
3345 4054
3346 4053
3347 4053
3348 4053
3349 4053
3350 4052
3351 4056
3352 4049
3353 4051
3354 4055
3355 4053
3356 4049
3357 4052
3358 4055
3359 4051
3360 4053
3361 4054
3362 4052
3363 4053
3364 4049
3365 4051
3366 4052
3367 4051
3368 4055
3369 4054
3370 4053
3371 4058
3372 4054
3373 4055
3374 4055
3375 4054
3376 4055
3377 4055
3378 4054
3379 4056
3380 4053
3381 4052
3382 4053
3383 4050
3384 4055
3385 4054
3386 4054
3387 4055
3388 4051
3389 4051
3390 4054
3391 4055
3392 4055
3393 4057
3394 4053
3395 4056
3396 4053
3397 4055
3398 4054
3399 4054
3400 4056
3401 4051
3402 4050
3403 4052
3404 4055
3405 4051
3406 4058
3407 4054
3408 4054
3409 4054
3410 4055
3411 4051
3412 4057
3413 4054
3414 4056
3415 4053
3416 4049
3417 4053
3418 4049
3419 4053
3420 4051
3421 4053
3422 4050
3423 4055
3424 4055
3425 4051
3426 4051
3427 4054
3428 4056
3429 4057
3430 4055
3431 4054
3432 4052
3433 4056
3434 4051
3435 4051
3436 4051
3437 4055
3438 4052
3439 4052
3440 4051
3441 4052
3442 4052
3443 4057
3444 4052
3445 4056
3446 4050
3447 4055
3448 4053
3449 4052
3450 4051
3451 4061
3452 4052
3453 4052
3454 4053
3455 4053
3456 4054
3457 4053
3458 4053
3459 4055
3460 4054
3461 4053
3462 4054
3463 4055
3464 4052
3465 4055
3466 4055
3467 4051
3468 4053
3469 4055
3470 4051
3471 4055
3472 4053
3473 4052
3474 4051
3475 4051
3476 4056
3477 4055
3478 4052
3479 4051
3480 4056
3481 4052
3482 4056
3483 4057
3484 4054
3485 4053
3486 4053
3487 4053
3488 4055
3489 4055
3490 4053
3491 4055
3492 4055
3493 4053
3494 4054
3495 4054
3496 4053
3497 4055
3498 4054
3499 4055
3500 4053
3501 4055
3502 4047
3503 4053
3504 4052
3505 4054
3506 4052
3507 4050
3508 4053
3509 4054
3510 4055
3511 4053
3512 4053
3513 4054
3514 4053
3515 4055
3516 4049
3517 4053
3518 4054
3519 4050
3520 4055
3521 4054
3522 4051
3523 4053
3524 4055
3525 4052
3526 4049
3527 4054
3528 4055
3529 4054
3530 4054
3531 4053
3532 4056
3533 4056
3534 4051
3535 4051
3536 4052
3537 4057
3538 4053
3539 4057
3540 4051
3541 4052
3542 4055
3543 4051
3544 4055
3545 4053
3546 4055
3547 4055
3548 4051
3549 4055
3550 4053
3551 4055
3552 4054
3553 4059
3554 4054
3555 4053
3556 4053
3557 4051
3558 4050
3559 4051
3560 4052
3561 4053
3562 4050
3563 4055
3564 4054
3565 4054
3566 4052
3567 4055
3568 4055
3569 4053
3570 4053
3571 4055
3572 4050
3573 4053
3574 4055
3575 4052
3576 4049
3577 4052
3578 4053
3579 4054
3580 4049
3581 4056
3582 4055
3583 4055
3584 4051
3585 4052
3586 4053
3587 4054
3588 4051
3589 4054
3590 4052
3591 4052
3592 4053
3593 4051
3594 4055
3595 4056
3596 4055
3597 4055
3598 4051
3599 4053
3600 4052
3601 4053
3602 4052
3603 4052
3604 4055
3605 4053
3606 4057
3607 4054
3608 4053
3609 4053
3610 4053
3611 4055
3612 4055
3613 4053
3614 4053
3615 4051
3616 4053
3617 4053
3618 4051
3619 4051
3620 4052
3621 4052
3622 4055
3623 4052
3624 4052
3625 4055
3626 4053
3627 4053
3628 4055
3629 4055
3630 4053
3631 4055
3632 4050
3633 4056
3634 4051
3635 4051
3636 4055
3637 4056
3638 4051
3639 4052
3640 4051
3641 4055
3642 4053
3643 4051
3644 4054
3645 4052
3646 4057
3647 4054
3648 4055
3649 4052
3650 4053
3651 4056
3652 4053
3653 4051
3654 4054
3655 4052
3656 4053
3657 4054
3658 4056
3659 4050
3660 4053
3661 4053
3662 4050
3663 4053
3664 4051
3665 4053
3666 4055
3667 4059
3668 4055
3669 4054
3670 4055
3671 4057
3672 4054
3673 4051
3674 4051
3675 4049
3676 4050
3677 4052
3678 4057
3679 4054
3680 4052
3681 4054
3682 4053
3683 4055
3684 4054
3685 4053
3686 4055
3687 4055
3688 4052
3689 4051
3690 4057
3691 4054
3692 4053
3693 4052
3694 4051
