#Data from the TCD1304 linear CCD
#column 1 = pixelnumber , column 2 = pixelvalue
#Pixel 1-32 and 3679-3694 and are dummy pixels
#SH-period: 200    ICG-period: 100000    Integration time: 100.0 us
2 4000
3 3952
4 4018
5 4018
6 4016
7 4016
8 4019
9 4021
10 4017
11 4018
12 4016
13 4018
14 4018
15 4020
16 4017
17 4021
18 4017
19 4017
20 4017
21 4021
22 4016
23 4015
24 4018
25 4017
26 4016
27 4016
28 4017
29 4018
30 4017
31 4017
32 4017
34 4017
35 4018
36 4019
37 4017
38 4016
39 4019
40 4018
41 4018
42 4017
43 4019
44 4017
45 4017
46 4021
47 4017
48 4018
49 4016
50 4017
51 4023
52 4015
53 4018
54 4018
55 4018
56 4017
57 4018
58 4018
59 4016
60 4018
61 4018
62 4020
63 4017
64 4015
65 4020
66 4018
67 4018
68 4019
69 4017
70 4018
71 4017
72 4018
73 4018
74 4017
75 4014
76 4018
77 4020
78 4018
79 4017
80 4016
81 4017
82 4017
83 4018
84 4020
85 4021
86 4018
87 4016
88 4015
89 4020
90 4018
91 4017
92 4018
93 4018
94 4016
95 4018
96 4019
97 4019
98 4019
99 4019
100 4020
101 4022
102 4015
103 4019
104 4019
105 4020
106 4016
107 4017
108 4015
109 4016
110 4018
111 4017
112 4019
113 4017
114 4018
115 4016
116 4019
117 4020
118 4018
119 4018
120 4016
121 4017
122 4019
123 4019
124 4018
125 4021
126 4019
127 4020
128 4019
129 4017
130 4020
131 4018
132 4018
133 4018
134 4017
135 4018
136 4017
137 4020
138 4018
139 4017
140 4015
141 4020
142 4015
143 4019
144 4020
145 4020
146 4017
147 4017
148 4018
149 4018
150 4019
151 4022
152 4015
153 4017
154 4017
155 4018
156 4018
157 4016
158 4017
159 4017
160 4016
161 4018
162 4017
163 4016
164 4018
165 4017
166 4016
167 4020
168 4018
169 4017
170 4017
171 4017
172 4018
173 4019
174 4016
175 4019
176 4018
177 4019
178 4018
179 4018
180 4015
181 4016
182 4017
183 4021
184 4017
185 4019
186 4018
187 4020
188 4018
189 4020
190 4018
191 4018
192 4019
193 4017
194 4017
195 4019
196 4020
197 4019
198 4018
199 4017
200 4020
201 4022
202 4015
203 4017
204 4018
205 4017
206 4018
207 4017
208 4018
209 4017
210 4017
211 4019
212 4018
213 4019
214 4020
215 4018
216 4018
217 4018
218 4018
219 4018
220 4018
221 4018
222 4016
223 4019
224 4018
225 4019
226 4016
227 4018
228 4019
229 4016
230 4016
231 4019
232 4018
233 4019
234 4020
235 4017
236 4016
237 4018
238 4017
239 4016
240 4017
241 4017
242 4019
243 4018
244 4018
245 4019
246 4017
247 4018
248 4020
249 4018
250 4017
251 4025
252 4016
253 4017
254 4019
255 4017
256 4018
257 4019
258 4018
259 4018
260 4017
261 4018
262 4018
263 4019
264 4017
265 4017
266 4018
267 4018
268 4018
269 4017
270 4013
271 4021
272 4018
273 4017
274 4019
275 4020
276 4019
277 4020
278 4017
279 4019
280 4018
281 4018
282 4016
283 4018
284 4018
285 4017
286 4017
287 4019
288 4016
289 4018
290 4017
291 4017
292 4019
293 4018
294 4018
295 4020
296 4017
297 4018
298 4017
299 4022
300 4018
301 4022
302 4016
303 4015
304 4017
305 4017
306 4018
307 4020
308 4019
309 4020
310 4018
311 4018
312 4018
313 4017
314 4019
315 4018
316 4016
317 4017
318 4019
319 4017
320 4015
321 4018
322 4017
323 4018
324 4018
325 4019
326 4016
327 4020
328 4017
329 4017
330 4017
331 4017
332 4018
333 4020
334 4018
335 4021
336 4017
337 4019
338 4018
339 4017
340 4016
341 4016
342 4022
343 4018
344 4017
345 4018
346 4019
347 4019
348 4017
349 4020
350 4018
351 4025
352 4017
353 4017
354 4019
355 4018
356 4017
357 4017
358 4019
359 4016
360 4015
361 4018
362 4018
363 4018
364 4019
365 4019
366 4016
367 4019
368 4020
369 4018
370 4020
371 4020
372 4017
373 4018
374 4019
375 4018
376 4016
377 4016
378 4018
379 4018
380 4020
381 4018
382 4019
383 4019
384 4018
385 4018
386 4018
387 4019
388 4014
389 4017
390 4017
391 4018
392 4020
393 4018
394 4018
395 4016
396 4020
397 4018
398 4018
399 4017
400 4018
401 4022
402 4017
403 4019
404 4017
405 4017
406 4018
407 4016
408 4017
409 4016
410 4018
411 4018
412 4018
413 4018
414 4018
415 4016
416 4017
417 4019
418 4018
419 4020
420 4017
421 4017
422 4018
423 4020
424 4018
425 4018
426 4016
427 4018
428 4019
429 4020
430 4016
431 4018
432 4016
433 4018
434 4020
435 4020
436 4019
437 4017
438 4015
439 4018
440 4019
441 4018
442 4016
443 4017
444 4017
445 4017
446 4016
447 4021
448 4021
449 4018
450 4019
451 4021
452 4015
453 4016
454 4018
455 4020
456 4018
457 4019
458 4019
459 4021
460 4018
461 4017
462 4018
463 4018
464 4019
465 4017
466 4020
467 4017
468 4016
469 4017
470 4016
471 4016
472 4018
473 4019
474 4018
475 4016
476 4020
477 4018
478 4016
479 4019
480 4018
481 4017
482 4017
483 4020
484 4015
485 4017
486 4017
487 4016
488 4016
489 4018
490 4018
491 4015
492 4019
493 4018
494 4017
495 4018
496 4018
497 4017
498 4015
499 4018
500 4020
501 4021
502 4015
503 4017
504 4018
505 4018
506 4015
507 4016
508 4018
509 4018
510 4020
511 4019
512 4020
513 4016
514 4019
515 4018
516 4018
517 4018
518 4016
519 4015
520 4018
521 4020
522 4017
523 4015
524 4013
525 4020
526 4018
527 4018
528 4021
529 4019
530 4019
531 4017
532 4020
533 4019
534 4017
535 4020
536 4016
537 4018
538 4017
539 4016
540 4014
541 4020
542 4017
543 4022
544 4018
545 4016
546 4019
547 4020
548 4018
549 4018
550 4018
551 4020
552 4014
553 4017
554 4017
555 4018
556 4017
557 4019
558 4016
559 4016
560 4018
561 4018
562 4018
563 4015
564 4019
565 4017
566 4018
567 4018
568 4018
569 4016
570 4018
571 4019
572 4017
573 4019
574 4018
575 4018
576 4019
577 4016
578 4017
579 4019
580 4016
581 4018
582 4016
583 4019
584 4015
585 4018
586 4017
587 4016
588 4018
589 4020
590 4017
591 4018
592 4019
593 4016
594 4017
595 4018
596 4020
597 4017
598 4018
599 4019
600 4017
601 4024
602 4016
603 4017
604 4016
605 4019
606 4017
607 4018
608 4018
609 4018
610 4018
611 4018
612 4018
613 4018
614 4018
615 4018
616 4018
617 4019
618 4016
619 4020
620 4020
621 4017
622 4018
623 4019
624 4018
625 4017
626 4019
627 4018
628 4016
629 4018
630 4019
631 4018
632 4017
633 4019
634 4017
635 4017
636 4018
637 4020
638 4017
639 4019
640 4017
641 4020
642 4019
643 4015
644 4019
645 4018
646 4019
647 4020
648 4019
649 4015
650 4017
651 4021
652 4015
653 4018
654 4016
655 4018
656 4018
657 4019
658 4019
659 4019
660 4019
661 4019
662 4020
663 4021
664 4016
665 4016
666 4019
667 4019
668 4016
669 4020
670 4016
671 4018
672 4016
673 4018
674 4016
675 4020
676 4017
677 4020
678 4019
679 4015
680 4021
681 4021
682 4020
683 4021
684 4016
685 4018
686 4017
687 4017
688 4012
689 4016
690 4017
691 4017
692 4017
693 4019
694 4019
695 4018
696 4018
697 4017
698 4017
699 4022
700 4020
701 4020
702 4017
703 4016
704 4018
705 4019
706 4016
707 4019
708 4017
709 4018
710 4018
711 4016
712 4017
713 4017
714 4019
715 4016
716 4014
717 4019
718 4019
719 4020
720 4019
721 4021
722 4020
723 4020
724 4020
725 4018
726 4019
727 4017
728 4018
729 4018
730 4019
731 4018
732 4018
733 4016
734 4015
735 4019
736 4017
737 4019
738 4017
739 4020
740 4017
741 4019
742 4018
743 4018
744 4017
745 4018
746 4018
747 4018
748 4021
749 4020
750 4018
751 4023
752 4016
753 4020
754 4019
755 4015
756 4018
757 4017
758 4019
759 4018
760 4019
761 4017
762 4020
763 4020
764 4019
765 4018
766 4019
767 4018
768 4017
769 4018
770 4016
771 4016
772 4016
773 4018
774 4019
775 4017
776 4018
777 4019
778 4018
779 4017
780 4020
781 4018
782 4017
783 4016
784 4021
785 4018
786 4018
787 4018
788 4017
789 4017
790 4017
791 4018
792 4017
793 4016
794 4017
795 4017
796 4015
797 4016
798 4018
799 4020
800 4018
801 4024
802 4019
803 4019
804 4019
805 4019
806 4018
807 4018
808 4018
809 4017
810 4018
811 4019
812 4019
813 4017
814 4019
815 4016
816 4018
817 4022
818 4018
819 4019
820 4018
821 4016
822 4017
823 4017
824 4020
825 4020
826 4019
827 4018
828 4017
829 4016
830 4017
831 4018
832 4022
833 4020
834 4019
835 4017
836 4021
837 4019
838 4019
839 4019
840 4016
841 4019
842 4017
843 4018
844 4019
845 4020
846 4017
847 4017
848 4019
849 4018
850 4018
851 4017
852 4016
853 4018
854 4020
855 4018
856 4017
857 4020
858 4019
859 4020
860 4017
861 4018
862 4019
863 4019
864 4018
865 4017
866 4018
867 4016
868 4018
869 4014
870 4018
871 4020
872 4017
873 4020
874 4018
875 4017
876 4019
877 4018
878 4018
879 4018
880 4017
881 4017
882 4018
883 4019
884 4016
885 4018
886 4016
887 4018
888 4018
889 4018
890 4017
891 4018
892 4018
893 4018
894 4020
895 4018
896 4020
897 4019
898 4016
899 4019
900 4018
901 4022
902 4016
903 4017
904 4017
905 4016
906 4017
907 4020
908 4018
909 4018
910 4020
911 4018
912 4016
913 4019
914 4018
915 4020
916 4018
917 4020
918 4016
919 4018
920 4019
921 4021
922 4016
923 4019
924 4017
925 4018
926 4017
927 4017
928 4018
929 4018
930 4016
931 4016
932 4019
933 4017
934 4016
935 4019
936 4018
937 4020
938 4018
939 4021
940 4019
941 4020
942 4018
943 4018
944 4017
945 4018
946 4018
947 4016
948 4018
949 4017
950 4018
951 4023
952 4014
953 4018
954 4018
955 4017
956 4021
957 4020
958 4020
959 4019
960 4016
961 4021
962 4016
963 4017
964 4016
965 4017
966 4016
967 4018
968 4017
969 4019
970 4018
971 4016
972 4018
973 4017
974 4018
975 4021
976 4021
977 4019
978 4017
979 4020
980 4015
981 4017
982 4017
983 4019
984 4016
985 4018
986 4016
987 4017
988 4019
989 4019
990 4022
991 4018
992 4017
993 4019
994 4020
995 4017
996 4016
997 4018
998 4020
999 4020
1000 4021
1001 4022
1002 4015
1003 4018
1004 4020
1005 4018
1006 4017
1007 4019
1008 4018
1009 4017
1010 4015
1011 4019
1012 4016
1013 4019
1014 4016
1015 4017
1016 4018
1017 4017
1018 4017
1019 4019
1020 4016
1021 4017
1022 4017
1023 4018
1024 4016
1025 4018
1026 4017
1027 4016
1028 4019
1029 4017
1030 4019
1031 4020
1032 4018
1033 4017
1034 4019
1035 4018
1036 4016
1037 4022
1038 4020
1039 4019
1040 4019
1041 4018
1042 4018
1043 4021
1044 4018
1045 4019
1046 4019
1047 4018
1048 4018
1049 4020
1050 4018
1051 4023
1052 4016
1053 4019
1054 4015
1055 4018
1056 4017
1057 4019
1058 4018
1059 4019
1060 4017
1061 4020
1062 4018
1063 4018
1064 4018
1065 4017
1066 4017
1067 4018
1068 4020
1069 4018
1070 4019
1071 4020
1072 4018
1073 4019
1074 4019
1075 4020
1076 4016
1077 4020
1078 4018
1079 4019
1080 4020
1081 4018
1082 4019
1083 4019
1084 4015
1085 4018
1086 4017
1087 4018
1088 4018
1089 4017
1090 4016
1091 4017
1092 4022
1093 4019
1094 4019
1095 4018
1096 4017
1097 4018
1098 4016
1099 4019
1100 4021
1101 4024
1102 4016
1103 4015
1104 4020
1105 4019
1106 4018
1107 4016
1108 4017
1109 4017
1110 4019
1111 4017
1112 4018
1113 4020
1114 4018
1115 4018
1116 4020
1117 4016
1118 4016
1119 4020
1120 4017
1121 4018
1122 4016
1123 4018
1124 4020
1125 4018
1126 4017
1127 4016
1128 4019
1129 4018
1130 4016
1131 4020
1132 4017
1133 4014
1134 4018
1135 4019
1136 4017
1137 4017
1138 4019
1139 4019
1140 4016
1141 4017
1142 4018
1143 4017
1144 4020
1145 4017
1146 4016
1147 4021
1148 4018
1149 4020
1150 4016
1151 4022
1152 4017
1153 4020
1154 4019
1155 4019
1156 4017
1157 4016
1158 4020
1159 4017
1160 4018
1161 4018
1162 4020
1163 4015
1164 4018
1165 4017
1166 4018
1167 4018
1168 4018
1169 4019
1170 4020
1171 4014
1172 4016
1173 4020
1174 4017
1175 4020
1176 4017
1177 4021
1178 4020
1179 4017
1180 4017
1181 4019
1182 4018
1183 4016
1184 4018
1185 4018
1186 4018
1187 4015
1188 4017
1189 4017
1190 4018
1191 4015
1192 4012
1193 4019
1194 4018
1195 4016
1196 4018
1197 4016
1198 4020
1199 4018
1200 4018
1201 4024
1202 4015
1203 4019
1204 4018
1205 4017
1206 4019
1207 4018
1208 4018
1209 4017
1210 4017
1211 4018
1212 4016
1213 4018
1214 4014
1215 4019
1216 4020
1217 4018
1218 4017
1219 4023
1220 4017
1221 4019
1222 4018
1223 4020
1224 4018
1225 4020
1226 4018
1227 4019
1228 4018
1229 4015
1230 4018
1231 4019
1232 4020
1233 4018
1234 4018
1235 4016
1236 4020
1237 4019
1238 4017
1239 4016
1240 4018
1241 4021
1242 4019
1243 4018
1244 4019
1245 4017
1246 4018
1247 4017
1248 4018
1249 4015
1250 4016
1251 4023
1252 4014
1253 4016
1254 4019
1255 4017
1256 4017
1257 4017
1258 4019
1259 4018
1260 4017
1261 4018
1262 4018
1263 4018
1264 4019
1265 4018
1266 4018
1267 4021
1268 4019
1269 4014
1270 4020
1271 4018
1272 4018
1273 4017
1274 4017
1275 4020
1276 4018
1277 4018
1278 4017
1279 4016
1280 4018
1281 4016
1282 4018
1283 4017
1284 4019
1285 4018
1286 4018
1287 4017
1288 4017
1289 4018
1290 4018
1291 4019
1292 4019
1293 4021
1294 4019
1295 4018
1296 4018
1297 4017
1298 4016
1299 4017
1300 4016
1301 4022
1302 4016
1303 4020
1304 4020
1305 4018
1306 4018
1307 4020
1308 4016
1309 4020
1310 4018
1311 4021
1312 4020
1313 4017
1314 4020
1315 4019
1316 4016
1317 4021
1318 4017
1319 4018
1320 4018
1321 4020
1322 4018
1323 4020
1324 4019
1325 4018
1326 4016
1327 4018
1328 4016
1329 4018
1330 4017
1331 4020
1332 4016
1333 4019
1334 4017
1335 4018
1336 4015
1337 4018
1338 4018
1339 4017
1340 4016
1341 4018
1342 4018
1343 4016
1344 4018
1345 4019
1346 4019
1347 4017
1348 4017
1349 4018
1350 4020
1351 4022
1352 4017
1353 4019
1354 4018
1355 4018
1356 4017
1357 4019
1358 4018
1359 4019
1360 4018
1361 4019
1362 4017
1363 4009
1364 4017
1365 4012
1366 4015
1367 4017
1368 4018
1369 4020
1370 4019
1371 4019
1372 4018
1373 4015
1374 4018
1375 4017
1376 4018
1377 4017
1378 4017
1379 4021
1380 4017
1381 4017
1382 4017
1383 4018
1384 4020
1385 4017
1386 4016
1387 4016
1388 4016
1389 4018
1390 4016
1391 4019
1392 4017
1393 4018
1394 4019
1395 4017
1396 4012
1397 4017
1398 4017
1399 4017
1400 4019
1401 4024
1402 4015
1403 4017
1404 4016
1405 4018
1406 4017
1407 4018
1408 4017
1409 4017
1410 4017
1411 4018
1412 4016
1413 4017
1414 4018
1415 4016
1416 4017
1417 4018
1418 4014
1419 4017
1420 4014
1421 4017
1422 4018
1423 4018
1424 4018
1425 4020
1426 4015
1427 4018
1428 4018
1429 4021
1430 4018
1431 4018
1432 4017
1433 4016
1434 4017
1435 4020
1436 4018
1437 4017
1438 4022
1439 4018
1440 4017
1441 4016
1442 4018
1443 4019
1444 4017
1445 4018
1446 4017
1447 4016
1448 4016
1449 4017
1450 4018
1451 4022
1452 4010
1453 4019
1454 4018
1455 4018
1456 4020
1457 4020
1458 4018
1459 4019
1460 4014
1461 4020
1462 4020
1463 4018
1464 4016
1465 4013
1466 4017
1467 4018
1468 4017
1469 4018
1470 4019
1471 4022
1472 4016
1473 4010
1474 4017
1475 4015
1476 4017
1477 4021
1478 4017
1479 4018
1480 4019
1481 4018
1482 4018
1483 4017
1484 4017
1485 4017
1486 4018
1487 4019
1488 4018
1489 4018
1490 4017
1491 4018
1492 4019
1493 4017
1494 4017
1495 4019
1496 4018
1497 4012
1498 4017
1499 4016
1500 4018
1501 4022
1502 4016
1503 4016
1504 4018
1505 4018
1506 4017
1507 4016
1508 4018
1509 4016
1510 4018
1511 4019
1512 4016
1513 4020
1514 4020
1515 4016
1516 4022
1517 4019
1518 4019
1519 4020
1520 4019
1521 4020
1522 4019
1523 4019
1524 4016
1525 4020
1526 4018
1527 4018
1528 4016
1529 4020
1530 4017
1531 4016
1532 4018
1533 4020
1534 4018
1535 4020
1536 4018
1537 4020
1538 4019
1539 4019
1540 4017
1541 4018
1542 4016
1543 4018
1544 4018
1545 4020
1546 4019
1547 4017
1548 4018
1549 4016
1550 4016
1551 4024
1552 4016
1553 4018
1554 4019
1555 4018
1556 4017
1557 4016
1558 4017
1559 4016
1560 4018
1561 4020
1562 4018
1563 4017
1564 4019
1565 4018
1566 4016
1567 4018
1568 4017
1569 4017
1570 4020
1571 4018
1572 4021
1573 4016
1574 4020
1575 4020
1576 4019
1577 4020
1578 4014
1579 4017
1580 4016
1581 4017
1582 4017
1583 4018
1584 4015
1585 4016
1586 4020
1587 4016
1588 4018
1589 4018
1590 4017
1591 4017
1592 4016
1593 4017
1594 4019
1595 4019
1596 4016
1597 4019
1598 4018
1599 4019
1600 4018
1601 4024
1602 4017
1603 4017
1604 4018
1605 4018
1606 4018
1607 4020
1608 4017
1609 4017
1610 4020
1611 4016
1612 4018
1613 4016
1614 4018
1615 4018
1616 4021
1617 4021
1618 4019
1619 4017
1620 4018
1621 4018
1622 4015
1623 4017
1624 4018
1625 4015
1626 4018
1627 4018
1628 4017
1629 4018
1630 4017
1631 4018
1632 4017
1633 4017
1634 4019
1635 4017
1636 4018
1637 4017
1638 4019
1639 4020
1640 4018
1641 4017
1642 4013
1643 4016
1644 4016
1645 4019
1646 4019
1647 4021
1648 4018
1649 4018
1650 4018
1651 4023
1652 4015
1653 4019
1654 4018
1655 4015
1656 4017
1657 4019
1658 4017
1659 4017
1660 4019
1661 4018
1662 4018
1663 4018
1664 4016
1665 4014
1666 4020
1667 4021
1668 4017
1669 4020
1670 4018
1671 4018
1672 4017
1673 4018
1674 4021
1675 4020
1676 4020
1677 4018
1678 4018
1679 4017
1680 4016
1681 4019
1682 4018
1683 4018
1684 4018
1685 4016
1686 4016
1687 4018
1688 4019
1689 4020
1690 4017
1691 4019
1692 4016
1693 4017
1694 4020
1695 4016
1696 4020
1697 4019
1698 4017
1699 4021
1700 4017
1701 4023
1702 4018
1703 4018
1704 4017
1705 4019
1706 4018
1707 4020
1708 4020
1709 4018
1710 4018
1711 4018
1712 4018
1713 4018
1714 4018
1715 4016
1716 4017
1717 4019
1718 4016
1719 4018
1720 4020
1721 4016
1722 4018
1723 4019
1724 4017
1725 4016
1726 4018
1727 4020
1728 4016
1729 4017
1730 4016
1731 4017
1732 4018
1733 4017
1734 4017
1735 4017
1736 4019
1737 4018
1738 4017
1739 4018
1740 4022
1741 4016
1742 4019
1743 4018
1744 4016
1745 4019
1746 4017
1747 4020
1748 4019
1749 4017
1750 4015
1751 4020
1752 4015
1753 4020
1754 4017
1755 4017
1756 4013
1757 4016
1758 4017
1759 4018
1760 4017
1761 4018
1762 4019
1763 4016
1764 4020
1765 4018
1766 4017
1767 4020
1768 4019
1769 4019
1770 4017
1771 4024
1772 4017
1773 4018
1774 4018
1775 4020
1776 4017
1777 4019
1778 4016
1779 4018
1780 4016
1781 4017
1782 4018
1783 4018
1784 4019
1785 4017
1786 4016
1787 4019
1788 4020
1789 4019
1790 4018
1791 4019
1792 4018
1793 4019
1794 4018
1795 4020
1796 4016
1797 4017
1798 4018
1799 4018
1800 4017
1801 4024
1802 4017
1803 4018
1804 4018
1805 4019
1806 4019
1807 4017
1808 4019
1809 4020
1810 4016
1811 4019
1812 4016
1813 4018
1814 4018
1815 4018
1816 4021
1817 4020
1818 4020
1819 4018
1820 4018
1821 4019
1822 4016
1823 4020
1824 4019
1825 4018
1826 4019
1827 4017
1828 4019
1829 4018
1830 4018
1831 4018
1832 4016
1833 4020
1834 4019
1835 4019
1836 4019
1837 4019
1838 4020
1839 4016
1840 4017
1841 4018
1842 4020
1843 4017
1844 4018
1845 4015
1846 4016
1847 4015
1848 4016
1849 4017
1850 4017
1851 4023
1852 4016
1853 4018
1854 4020
1855 4018
1856 4019
1857 4018
1858 4016
1859 4017
1860 4014
1861 4019
1862 4015
1863 4018
1864 4019
1865 4017
1866 4017
1867 4016
1868 4018
1869 4016
1870 4020
1871 4018
1872 4015
1873 4020
1874 4018
1875 4018
1876 4018
1877 4018
1878 4018
1879 4019
1880 4018
1881 4018
1882 4018
1883 4017
1884 4018
1885 4018
1886 4017
1887 4018
1888 4016
1889 4020
1890 4016
1891 4015
1892 4020
1893 4015
1894 4017
1895 4017
1896 4018
1897 4019
1898 4017
1899 4018
1900 4017
1901 4022
1902 4016
1903 4019
1904 4017
1905 4020
1906 4020
1907 4016
1908 4018
1909 4019
1910 4018
1911 4017
1912 4018
1913 4017
1914 4017
1915 4017
1916 4016
1917 4017
1918 4017
1919 4020
1920 4018
1921 4017
1922 4016
1923 4018
1924 4018
1925 4020
1926 4017
1927 4018
1928 4017
1929 4018
1930 4019
1931 4014
1932 4016
1933 4019
1934 4017
1935 4015
1936 4016
1937 4016
1938 4016
1939 4019
1940 4017
1941 4017
1942 4020
1943 4017
1944 4020
1945 4018
1946 4019
1947 4018
1948 4020
1949 4016
1950 4018
1951 4023
1952 4016
1953 4017
1954 4019
1955 4018
1956 4018
1957 4021
1958 4019
1959 4019
1960 4017
1961 4017
1962 4017
1963 4019
1964 4018
1965 4018
1966 4015
1967 4018
1968 4019
1969 4016
1970 4020
1971 4016
1972 4019
1973 4018
1974 4019
1975 4021
1976 4017
1977 4018
1978 4018
1979 4018
1980 4018
1981 4018
1982 4016
1983 4022
1984 4019
1985 4019
1986 4016
1987 4018
1988 4017
1989 4018
1990 4019
1991 4019
1992 4018
1993 4019
1994 4018
1995 4018
1996 4016
1997 4017
1998 4018
1999 4016
2000 4019
2001 4024
2002 4016
2003 4020
2004 4020
2005 4016
2006 4018
2007 4019
2008 4017
2009 4017
2010 4018
2011 4016
2012 4016
2013 4018
2014 4016
2015 4018
2016 4016
2017 4012
2018 4019
2019 4019
2020 4021
2021 4018
2022 4019
2023 4017
2024 4017
2025 4016
2026 4018
2027 4018
2028 4017
2029 4011
2030 4018
2031 4018
2032 4018
2033 4018
2034 4019
2035 4016
2036 4016
2037 4019
2038 4017
2039 4016
2040 4018
2041 4017
2042 4018
2043 4015
2044 4017
2045 4019
2046 4017
2047 4017
2048 4016
2049 4017
2050 4016
2051 4022
2052 4017
2053 4017
2054 4020
2055 4022
2056 4018
2057 4016
2058 4018
2059 4019
2060 4017
2061 4020
2062 4018
2063 4016
2064 4021
2065 4018
2066 4019
2067 4018
2068 4016
2069 4017
2070 4019
2071 4019
2072 4020
2073 4017
2074 4018
2075 4019
2076 4016
2077 4019
2078 4017
2079 4017
2080 4017
2081 4018
2082 4020
2083 4020
2084 4016
2085 4017
2086 4019
2087 4019
2088 4016
2089 4018
2090 4018
2091 4019
2092 4017
2093 4018
2094 4019
2095 4019
2096 4018
2097 4016
2098 4016
2099 4016
2100 4020
2101 4023
2102 4013
2103 4019
2104 4018
2105 4017
2106 4014
2107 4016
2108 4018
2109 4018
2110 4016
2111 4019
2112 4016
2113 4018
2114 4018
2115 4017
2116 4015
2117 4020
2118 4018
2119 4017
2120 4019
2121 4016
2122 4017
2123 4018
2124 4017
2125 4020
2126 4017
2127 4018
2128 4017
2129 4016
2130 4016
2131 4018
2132 4013
2133 4018
2134 4018
2135 4019
2136 4017
2137 4020
2138 4019
2139 4020
2140 4017
2141 4018
2142 4017
2143 4019
2144 4020
2145 4016
2146 4020
2147 4017
2148 4018
2149 4016
2150 4019
2151 4022
2152 4017
2153 4018
2154 4016
2155 4015
2156 4016
2157 4019
2158 4018
2159 4017
2160 4016
2161 4018
2162 4018
2163 4018
2164 4018
2165 4013
2166 4018
2167 4017
2168 4018
2169 4018
2170 4018
2171 4017
2172 4013
2173 4018
2174 4018
2175 4017
2176 4018
2177 4019
2178 4018
2179 4019
2180 4018
2181 4018
2182 4017
2183 4020
2184 4018
2185 4021
2186 4017
2187 4019
2188 4016
2189 4019
2190 4016
2191 4016
2192 4015
2193 4017
2194 4018
2195 4021
2196 4017
2197 4017
2198 4018
2199 4016
2200 4018
2201 4023
2202 4020
2203 4020
2204 4018
2205 4018
2206 4016
2207 4017
2208 4016
2209 4020
2210 4018
2211 4023
2212 4021
2213 4020
2214 4018
2215 4014
2216 4020
2217 4019
2218 4018
2219 4018
2220 4018
2221 4015
2222 4022
2223 4019
2224 4018
2225 4021
2226 4018
2227 4020
2228 4017
2229 4018
2230 4021
2231 4021
2232 4018
2233 4020
2234 4017
2235 4018
2236 4018
2237 4021
2238 4018
2239 4020
2240 4011
2241 4018
2242 4018
2243 4018
2244 4017
2245 4018
2246 4020
2247 4018
2248 4020
2249 4016
2250 4017
2251 4021
2252 4017
2253 4020
2254 4019
2255 4018
2256 4017
2257 4019
2258 4018
2259 4015
2260 4015
2261 4018
2262 4014
2263 4018
2264 4018
2265 4018
2266 4019
2267 4020
2268 4017
2269 4021
2270 4017
2271 4018
2272 4019
2273 4013
2274 4017
2275 4017
2276 4018
2277 4016
2278 4015
2279 4014
2280 4018
2281 4017
2282 4018
2283 4020
2284 4017
2285 4019
2286 4019
2287 4019
2288 4018
2289 4019
2290 4019
2291 4017
2292 4018
2293 4023
2294 4016
2295 4019
2296 4017
2297 4017
2298 4015
2299 4016
2300 4018
2301 4022
2302 4016
2303 4017
2304 4021
2305 4017
2306 4019
2307 4018
2308 4018
2309 4018
2310 4017
2311 4018
2312 4019
2313 4020
2314 4018
2315 4017
2316 4017
2317 4017
2318 4016
2319 4018
2320 4015
2321 4019
2322 4016
2323 4018
2324 4018
2325 4018
2326 4017
2327 4019
2328 4017
2329 4018
2330 4018
2331 4019
2332 4017
2333 4018
2334 4018
2335 4021
2336 4017
2337 4019
2338 4018
2339 4017
2340 4017
2341 4020
2342 4018
2343 4018
2344 4016
2345 4014
2346 4017
2347 4016
2348 4017
2349 4017
2350 4015
2351 4025
2352 4017
2353 4019
2354 4016
2355 4020
2356 4018
2357 4020
2358 4018
2359 4019
2360 4018
2361 4019
2362 4018
2363 4019
2364 4018
2365 4018
2366 4017
2367 4018
2368 4017
2369 4016
2370 4018
2371 4019
2372 4019
2373 4019
2374 4018
2375 4016
2376 4017
2377 4017
2378 4017
2379 4019
2380 4017
2381 4019
2382 4017
2383 4018
2384 4016
2385 4018
2386 4020
2387 4017
2388 4015
2389 4018
2390 4016
2391 4019
2392 4018
2393 4020
2394 4019
2395 4021
2396 4014
2397 4018
2398 4018
2399 4017
2400 4017
2401 4022
2402 4015
2403 4018
2404 4018
2405 4018
2406 4017
2407 4016
2408 4018
2409 4017
2410 4018
2411 4018
2412 4019
2413 4018
2414 4017
2415 4017
2416 4017
2417 4016
2418 4022
2419 4020
2420 4019
2421 4016
2422 4018
2423 4017
2424 4015
2425 4017
2426 4020
2427 4018
2428 4019
2429 4018
2430 4018
2431 4018
2432 4022
2433 4018
2434 4018
2435 4017
2436 4017
2437 4017
2438 4019
2439 4017
2440 4020
2441 4018
2442 4018
2443 4019
2444 4016
2445 4018
2446 4016
2447 4017
2448 4017
2449 4017
2450 4017
2451 4020
2452 4018
2453 4018
2454 4019
2455 4018
2456 4018
2457 4020
2458 4019
2459 4017
2460 4017
2461 4018
2462 4018
2463 4017
2464 4019
2465 4018
2466 4015
2467 4018
2468 4018
2469 4018
2470 4018
2471 4017
2472 4018
2473 4017
2474 4017
2475 4018
2476 4019
2477 4016
2478 4018
2479 4020
2480 4017
2481 4020
2482 4021
2483 4015
2484 4018
2485 4020
2486 4019
2487 4017
2488 4018
2489 4020
2490 4018
2491 4017
2492 4018
2493 4018
2494 4018
2495 4017
2496 4018
2497 4017
2498 4016
2499 4019
2500 4017
2501 4022
2502 4016
2503 4019
2504 4017
2505 4016
2506 4016
2507 4017
2508 4018
2509 4018
2510 4016
2511 4018
2512 4018
2513 4014
2514 4018
2515 4016
2516 4020
2517 4018
2518 4016
2519 4018
2520 4017
2521 4017
2522 4023
2523 4018
2524 4016
2525 4017
2526 4016
2527 4016
2528 4017
2529 4018
2530 4017
2531 4018
2532 4019
2533 4016
2534 4017
2535 4019
2536 4020
2537 4020
2538 4019
2539 4018
2540 4021
2541 4021
2542 4021
2543 4020
2544 4017
2545 4019
2546 4016
2547 4016
2548 4018
2549 4019
2550 4016
2551 4020
2552 4016
2553 4017
2554 4019
2555 4017
2556 4016
2557 4020
2558 4020
2559 4019
2560 4017
2561 4018
2562 4017
2563 4017
2564 4021
2565 4016
2566 4019
2567 4018
2568 4018
2569 4017
2570 4018
2571 4018
2572 4019
2573 4018
2574 4018
2575 4018
2576 4019
2577 4020
2578 4022
2579 4020
2580 4016
2581 4018
2582 4019
2583 4019
2584 4018
2585 4018
2586 4018
2587 4019
2588 4019
2589 4018
2590 4019
2591 4019
2592 4019
2593 4018
2594 4017
2595 4015
2596 4018
2597 4021
2598 4018
2599 4020
2600 4016
2601 4022
2602 4015
2603 4018
2604 4018
2605 4018
2606 4017
2607 4016
2608 4019
2609 4017
2610 4020
2611 4016
2612 4017
2613 4016
2614 4019
2615 4019
2616 4018
2617 4018
2618 4016
2619 4020
2620 4017
2621 4020
2622 4020
2623 4019
2624 4019
2625 4021
2626 4020
2627 4016
2628 4020
2629 4018
2630 4017
2631 4017
2632 4017
2633 4018
2634 4014
2635 4017
2636 4019
2637 4017
2638 4018
2639 4019
2640 4019
2641 4019
2642 4017
2643 4018
2644 4017
2645 4018
2646 4020
2647 4019
2648 4016
2649 4019
2650 4017
2651 4020
2652 4016
2653 4020
2654 4016
2655 4016
2656 4017
2657 4014
2658 4019
2659 4020
2660 4019
2661 4017
2662 4017
2663 4019
2664 4018
2665 4016
2666 4018
2667 4019
2668 4019
2669 4017
2670 4018
2671 4019
2672 4019
2673 4020
2674 4018
2675 4016
2676 4017
2677 4017
2678 4018
2679 4018
2680 4020
2681 4018
2682 4016
2683 4018
2684 4017
2685 4018
2686 4017
2687 4020
2688 4016
2689 4018
2690 4020
2691 4020
2692 4017
2693 4019
2694 4017
2695 4019
2696 4019
2697 4018
2698 4018
2699 4020
2700 4015
2701 4020
2702 4013
2703 4018
2704 4018
2705 4015
2706 4019
2707 4017
2708 4019
2709 4018
2710 4016
2711 4018
2712 4016
2713 4016
2714 4017
2715 4017
2716 4017
2717 4018
2718 4018
2719 4018
2720 4017
2721 4018
2722 4020
2723 4017
2724 4018
2725 4018
2726 4017
2727 4017
2728 4018
2729 4019
2730 4020
2731 4018
2732 4017
2733 4018
2734 4018
2735 4017
2736 4016
2737 4018
2738 4019
2739 4016
2740 4019
2741 4017
2742 4018
2743 4017
2744 4016
2745 4018
2746 4018
2747 4019
2748 4020
2749 4019
2750 4018
2751 4022
2752 4018
2753 4020
2754 4017
2755 4018
2756 4017
2757 4018
2758 4019
2759 4019
2760 4016
2761 4018
2762 4018
2763 4017
2764 4019
2765 4016
2766 4016
2767 4021
2768 4015
2769 4019
2770 4019
2771 4016
2772 4018
2773 4018
2774 4018
2775 4016
2776 4018
2777 4020
2778 4020
2779 4018
2780 4020
2781 4017
2782 4018
2783 4017
2784 4017
2785 4018
2786 4018
2787 4020
2788 4018
2789 4017
2790 4017
2791 4017
2792 4015
2793 4020
2794 4017
2795 4018
2796 4018
2797 4019
2798 4018
2799 4018
2800 4019
2801 4022
2802 4017
2803 4018
2804 4018
2805 4015
2806 4019
2807 4018
2808 4018
2809 4016
2810 4016
2811 4017
2812 4018
2813 4020
2814 4019
2815 4018
2816 4017
2817 4021
2818 4018
2819 4020
2820 4019
2821 4020
2822 4017
2823 4017
2824 4021
2825 4016
2826 4018
2827 4020
2828 4017
2829 4020
2830 4020
2831 4019
2832 4015
2833 4015
2834 4017
2835 4019
2836 4016
2837 4018
2838 4019
2839 4020
2840 4016
2841 4020
2842 4019
2843 4017
2844 4017
2845 4016
2846 4018
2847 4019
2848 4020
2849 4021
2850 4016
2851 4024
2852 4016
2853 4018
2854 4015
2855 4020
2856 4018
2857 4019
2858 4017
2859 4015
2860 4018
2861 4018
2862 4018
2863 4017
2864 4017
2865 4017
2866 4017
2867 4018
2868 4018
2869 4018
2870 4020
2871 4017
2872 4016
2873 4018
2874 4018
2875 4019
2876 4015
2877 4022
2878 4021
2879 4018
2880 4021
2881 4019
2882 4017
2883 4019
2884 4017
2885 4018
2886 4017
2887 4022
2888 4016
2889 4018
2890 4017
2891 4017
2892 4020
2893 4019
2894 4022
2895 4020
2896 4017
2897 4019
2898 4017
2899 4019
2900 4017
2901 4024
2902 4014
2903 4017
2904 4020
2905 4020
2906 4018
2907 4017
2908 4018
2909 4018
2910 4018
2911 4016
2912 4017
2913 4017
2914 4017
2915 4019
2916 4020
2917 4017
2918 4020
2919 4018
2920 4018
2921 4020
2922 4018
2923 4019
2924 4017
2925 4014
2926 4017
2927 4018
2928 4016
2929 4016
2930 4018
2931 4018
2932 4019
2933 4018
2934 4018
2935 4017
2936 4016
2937 4017
2938 4017
2939 4018
2940 4014
2941 4017
2942 4018
2943 4016
2944 4014
2945 4016
2946 4018
2947 4019
2948 4018
2949 4019
2950 4018
2951 4022
2952 4016
2953 4016
2954 4018
2955 4019
2956 4019
2957 4017
2958 4018
2959 4018
2960 4018
2961 4018
2962 4016
2963 4019
2964 4018
2965 4018
2966 4016
2967 4018
2968 4018
2969 4017
2970 4017
2971 4018
2972 4017
2973 4017
2974 4021
2975 4017
2976 4017
2977 4016
2978 4018
2979 4018
2980 4018
2981 4018
2982 4016
2983 4018
2984 4020
2985 4016
2986 4017
2987 4018
2988 4018
2989 4016
2990 4016
2991 4016
2992 4017
2993 4017
2994 4017
2995 4018
2996 4019
2997 4017
2998 4016
2999 4016
3000 4018
3001 4022
3002 4014
3003 4019
3004 4018
3005 4018
3006 4017
3007 4020
3008 4016
3009 4017
3010 4019
3011 4018
3012 4018
3013 4018
3014 4018
3015 4017
3016 4022
3017 4020
3018 4022
3019 4018
3020 4017
3021 4018
3022 4018
3023 4018
3024 4018
3025 4018
3026 4017
3027 4019
3028 4018
3029 4020
3030 4019
3031 4018
3032 4017
3033 4017
3034 4017
3035 4018
3036 4016
3037 4016
3038 4019
3039 4017
3040 4015
3041 4019
3042 4018
3043 4018
3044 4018
3045 4017
3046 4018
3047 4017
3048 4017
3049 4021
3050 4017
3051 4021
3052 4016
3053 4017
3054 4016
3055 4017
3056 4019
3057 4018
3058 4017
3059 4017
3060 4019
3061 4018
3062 4017
3063 4016
3064 4016
3065 4017
3066 4018
3067 4019
3068 4018
3069 4018
3070 4019
3071 4018
3072 4021
3073 4019
3074 4016
3075 4018
3076 4018
3077 4019
3078 4017
3079 4017
3080 4019
3081 4019
3082 4020
3083 4020
3084 4015
3085 4016
3086 4014
3087 4018
3088 4017
3089 4018
3090 4018
3091 4019
3092 4015
3093 4017
3094 4016
3095 4017
3096 4017
3097 4018
3098 4012
3099 4018
3100 4020
3101 4020
3102 4015
3103 4020
3104 4018
3105 4019
3106 4017
3107 4019
3108 4016
3109 4022
3110 4018
3111 4017
3112 4018
3113 4017
3114 4017
3115 4019
3116 4019
3117 4016
3118 4018
3119 4019
3120 4016
3121 4020
3122 4018
3123 4018
3124 4019
3125 4018
3126 4017
3127 4016
3128 4018
3129 4016
3130 4017
3131 4016
3132 4016
3133 4018
3134 4018
3135 4015
3136 4021
3137 4019
3138 4020
3139 4018
3140 4020
3141 4017
3142 4018
3143 4019
3144 4019
3145 4019
3146 4016
3147 4018
3148 4016
3149 4018
3150 4016
3151 4020
3152 4010
3153 4016
3154 4017
3155 4017
3156 4016
3157 4016
3158 4018
3159 4018
3160 4016
3161 4018
3162 4017
3163 4016
3164 4017
3165 4016
3166 4018
3167 4017
3168 4016
3169 4018
3170 4017
3171 4018
3172 4018
3173 4018
3174 4018
3175 4017
3176 4018
3177 4019
3178 4017
3179 4018
3180 4018
3181 4019
3182 4017
3183 4018
3184 4017
3185 4018
3186 4018
3187 4019
3188 4016
3189 4017
3190 4018
3191 4017
3192 4018
3193 4019
3194 4018
3195 4018
3196 4017
3197 4018
3198 4017
3199 4023
3200 4016
3201 4023
3202 4017
3203 4018
3204 4018
3205 4019
3206 4019
3207 4017
3208 4018
3209 4019
3210 4021
3211 4017
3212 4016
3213 4017
3214 4020
3215 4017
3216 4020
3217 4019
3218 4018
3219 4017
3220 4018
3221 4017
3222 4016
3223 4017
3224 4019
3225 4018
3226 4018
3227 4016
3228 4019
3229 4019
3230 4016
3231 4017
3232 4018
3233 4018
3234 4018
3235 4015
3236 4018
3237 4023
3238 4018
3239 4018
3240 4016
3241 4020
3242 4016
3243 4020
3244 4017
3245 4020
3246 4018
3247 4018
3248 4017
3249 4021
3250 4017
3251 4022
3252 4017
3253 4018
3254 4018
3255 4019
3256 4018
3257 4017
3258 4018
3259 4017
3260 4017
3261 4021
3262 4017
3263 4017
3264 4019
3265 4017
3266 4017
3267 4017
3268 4017
3269 4018
3270 4020
3271 4015
3272 4016
3273 4018
3274 4014
3275 4020
3276 4018
3277 4018
3278 4018
3279 4018
3280 4016
3281 4016
3282 4018
3283 4018
3284 4018
3285 4015
3286 4017
3287 4020
3288 4016
3289 4019
3290 4017
3291 4017
3292 4017
3293 4018
3294 4018
3295 4018
3296 4018
3297 4019
3298 4018
3299 4018
3300 4016
3301 4024
3302 4016
3303 4017
3304 4017
3305 4017
3306 4017
3307 4017
3308 4017
3309 4018
3310 4016
3311 4017
3312 4020
3313 4017
3314 4018
3315 4020
3316 4016
3317 4016
3318 4021
3319 4016
3320 4018
3321 4018
3322 4018
3323 4017
3324 4019
3325 4018
3326 4018
3327 4017
3328 4016
3329 4016
3330 4018
3331 4018
3332 4017
3333 4018
3334 4017
3335 4018
3336 4014
3337 4017
3338 4020
3339 4017
3340 4019
3341 4015
3342 4021
3343 4018
3344 4018
3345 4017
3346 4018
3347 4017
3348 4015
3349 4019
3350 4018
3351 4021
3352 4016
3353 4019
3354 4021
3355 4017
3356 4012
3357 4017
3358 4018
3359 4016
3360 4017
3361 4017
3362 4017
3363 4018
3364 4021
3365 4018
3366 4016
3367 4017
3368 4018
3369 4017
3370 4018
3371 4016
3372 4021
3373 4017
3374 4016
3375 4018
3376 4020
3377 4017
3378 4018
3379 4019
3380 4017
3381 4015
3382 4017
3383 4018
3384 4019
3385 4019
3386 4018
3387 4020
3388 4015
3389 4017
3390 4019
3391 4016
3392 4019
3393 4020
3394 4018
3395 4019
3396 4018
3397 4019
3398 4016
3399 4014
3400 4018
3401 4023
3402 4016
3403 4017
3404 4017
3405 4015
3406 4017
3407 4015
3408 4016
3409 4019
3410 4019
3411 4019
3412 4017
3413 4018
3414 4018
3415 4016
3416 4018
3417 4018
3418 4016
3419 4018
3420 4019
3421 4016
3422 4020
3423 4018
3424 4015
3425 4018
3426 4018
3427 4021
3428 4017
3429 4019
3430 4017
3431 4018
3432 4018
3433 4017
3434 4021
3435 4017
3436 4018
3437 4019
3438 4017
3439 4019
3440 4017
3441 4018
3442 4015
3443 4016
3444 4019
3445 4016
3446 4016
3447 4017
3448 4016
3449 4017
3450 4018
3451 4026
3452 4014
3453 4016
3454 4018
3455 4018
3456 4018
3457 4016
3458 4017
3459 4017
3460 4020
3461 4018
3462 4019
3463 4017
3464 4017
3465 4018
3466 4018
3467 4018
3468 4017
3469 4018
3470 4019
3471 4016
3472 4018
3473 4018
3474 4016
3475 4019
3476 4019
3477 4016
3478 4016
3479 4019
3480 4018
3481 4020
3482 4017
3483 4018
3484 4018
3485 4017
3486 4016
3487 4016
3488 4017
3489 4016
3490 4013
3491 4017
3492 4018
3493 4018
3494 4018
3495 4023
3496 4016
3497 4018
3498 4018
3499 4016
3500 4018
3501 4022
3502 4013
3503 4018
3504 4018
3505 4017
3506 4018
3507 4017
3508 4016
3509 4019
3510 4014
3511 4016
3512 4018
3513 4017
3514 4016
3515 4018
3516 4016
3517 4017
3518 4015
3519 4015
3520 4018
3521 4017
3522 4017
3523 4018
3524 4018
3525 4019
3526 4018
3527 4020
3528 4018
3529 4019
3530 4018
3531 4018
3532 4020
3533 4022
3534 4016
3535 4018
3536 4018
3537 4017
3538 4016
3539 4017
3540 4017
3541 4018
3542 4017
3543 4016
3544 4018
3545 4016
3546 4018
3547 4016
3548 4016
3549 4023
3550 4018
3551 4021
3552 4016
3553 4016
3554 4018
3555 4017
3556 4017
3557 4017
3558 4017
3559 4018
3560 4018
3561 4017
3562 4019
3563 4017
3564 4018
3565 4016
3566 4016
3567 4018
3568 4019
3569 4018
3570 4016
3571 4016
3572 4018
3573 4018
3574 4021
3575 4018
3576 4018
3577 4019
3578 4018
3579 4018
3580 4020
3581 4015
3582 4016
3583 4016
3584 4015
3585 4016
3586 4017
3587 4019
3588 4017
3589 4016
3590 4017
3591 4017
3592 4017
3593 4016
3594 4017
3595 4016
3596 4018
3597 4017
3598 4018
3599 4018
3600 4018
3601 4022
3602 4016
3603 4017
3604 4018
3605 4018
3606 4020
3607 4018
3608 4017
3609 4020
3610 4017
3611 4017
3612 4017
3613 4020
3614 4014
3615 4020
3616 4018
3617 4017
3618 4018
3619 4017
3620 4016
3621 4016
3622 4017
3623 4016
3624 4018
3625 4020
3626 4018
3627 4016
3628 4017
3629 4017
3630 4016
3631 4017
3632 4017
3633 4019
3634 4017
3635 4017
3636 4019
3637 4018
3638 4017
3639 4018
3640 4018
3641 4019
3642 4017
3643 4017
3644 4020
3645 4017
3646 4017
3647 4018
3648 4020
3649 4018
3650 4017
3651 4023
3652 4015
3653 4018
3654 4017
3655 4015
3656 4017
3657 4019
3658 4019
3659 4018
3660 4016
3661 4018
3662 4023
3663 4021
3664 4017
3665 4018
3666 4014
3667 4015
3668 4018
3669 4018
3670 4017
3671 4016
3672 4019
3673 4018
3674 4020
3675 4013
3676 4017
3677 4018
3678 4017
3679 4018
3680 4020
3681 4017
3682 4016
3683 4018
3684 4019
3685 4017
3686 4018
3687 4019
3688 4018
3689 4019
3690 4016
3691 4017
3692 4015
3693 4017
3694 4017
