#Data from the TCD1304 linear CCD
#column 1 = pixelnumber , column 2 = pixelvalue
#Pixel 1-32 and 3679-3694 and are dummy pixels
#SH-period: 200    ICG-period: 100000    Integration time: 100.0 us
2 4030
3 4031
4 4054
5 4047
6 4048
7 4052
8 4050
9 4051
10 4053
11 4050
12 4047
13 4051
14 4048
15 4047
16 4049
17 4049
18 4049
19 4049
20 4049
21 4053
22 4050
23 4046
24 4049
25 4050
26 4048
27 4049
28 4047
29 4046
30 4047
31 4052
32 4050
34 4048
35 4047
36 4053
37 4053
38 4049
39 4049
40 4052
41 4051
42 4049
43 4048
44 4047
45 4051
46 4048
47 4051
48 4049
49 4048
50 4047
51 4053
52 4048
53 4050
54 4050
55 4051
56 4057
57 4050
58 4052
59 4050
60 4048
61 4049
62 4046
63 4052
64 4046
65 4049
66 4049
67 4050
68 4050
69 4052
70 4051
71 4051
72 4051
73 4049
74 4049
75 4051
76 4051
77 4048
78 4050
79 4053
80 4047
81 4050
82 4051
83 4049
84 4050
85 4053
86 4049
87 4049
88 4053
89 4051
90 4050
91 4052
92 4050
93 4050
94 4049
95 4049
96 4048
97 4049
98 4047
99 4046
100 4046
101 4052
102 4048
103 4050
104 4046
105 4048
106 4049
107 4045
108 4050
109 4049
110 4050
111 4048
112 4047
113 4047
114 4047
115 4054
116 4049
117 4051
118 4051
119 4048
120 4049
121 4052
122 4051
123 4051
124 4049
125 4049
126 4053
127 4049
128 4048
129 4053
130 4049
131 4050
132 4052
133 4052
134 4052
135 4050
136 4052
137 4049
138 4051
139 4048
140 4050
141 4049
142 4052
143 4051
144 4050
145 4052
146 4047
147 4053
148 4050
149 4049
150 4047
151 4054
152 4050
153 4048
154 4046
155 4050
156 4050
157 4048
158 4048
159 4052
160 4049
161 4049
162 4052
163 4052
164 4051
165 4052
166 4049
167 4051
168 4051
169 4052
170 4051
171 4052
172 4050
173 4050
174 4050
175 4051
176 4052
177 4052
178 4051
179 4049
180 4050
181 4049
182 4049
183 4052
184 4050
185 4050
186 4047
187 4051
188 4049
189 4049
190 4052
191 4050
192 4049
193 4049
194 4049
195 4051
196 4049
197 4052
198 4048
199 4052
200 4048
201 4053
202 4048
203 4048
204 4049
205 4050
206 4051
207 4053
208 4049
209 4049
210 4049
211 4051
212 4047
213 4051
214 4048
215 4049
216 4050
217 4052
218 4046
219 4048
220 4049
221 4050
222 4049
223 4051
224 4045
225 4048
226 4050
227 4049
228 4051
229 4050
230 4050
231 4047
232 4050
233 4053
234 4049
235 4050
236 4050
237 4050
238 4047
239 4045
240 4049
241 4049
242 4049
243 4048
244 4049
245 4050
246 4050
247 4051
248 4051
249 4051
250 4047
251 4052
252 4048
253 4048
254 4051
255 4051
256 4052
257 4047
258 4049
259 4050
260 4049
261 4049
262 4053
263 4054
264 4046
265 4051
266 4047
267 4048
268 4049
269 4052
270 4049
271 4054
272 4049
273 4051
274 4050
275 4050
276 4049
277 4052
278 4049
279 4053
280 4048
281 4049
282 4053
283 4051
284 4048
285 4048
286 4048
287 4049
288 4053
289 4049
290 4053
291 4049
292 4054
293 4053
294 4051
295 4049
296 4049
297 4052
298 4051
299 4048
300 4050
301 4053
302 4047
303 4047
304 4049
305 4050
306 4051
307 4048
308 4047
309 4051
310 4049
311 4053
312 4051
313 4048
314 4050
315 4052
316 4051
317 4049
318 4051
319 4049
320 4047
321 4053
322 4049
323 4049
324 4047
325 4049
326 4049
327 4047
328 4052
329 4053
330 4050
331 4051
332 4050
333 4049
334 4051
335 4050
336 4053
337 4050
338 4049
339 4047
340 4049
341 4049
342 4052
343 4049
344 4047
345 4051
346 4051
347 4049
348 4050
349 4052
350 4050
351 4055
352 4049
353 4048
354 4049
355 4052
356 4050
357 4050
358 4051
359 4049
360 4051
361 4051
362 4048
363 4052
364 4047
365 4050
366 4052
367 4050
368 4048
369 4049
370 4049
371 4049
372 4051
373 4050
374 4048
375 4049
376 4049
377 4050
378 4048
379 4051
380 4052
381 4051
382 4051
383 4052
384 4047
385 4049
386 4049
387 4051
388 4049
389 4049
390 4050
391 4049
392 4049
393 4049
394 4049
395 4050
396 4052
397 4052
398 4048
399 4052
400 4047
401 4052
402 4045
403 4050
404 4050
405 4051
406 4048
407 4049
408 4050
409 4051
410 4048
411 4050
412 4051
413 4052
414 4052
415 4051
416 4049
417 4052
418 4050
419 4051
420 4052
421 4046
422 4049
423 4049
424 4046
425 4053
426 4047
427 4050
428 4050
429 4050
430 4047
431 4052
432 4049
433 4050
434 4051
435 4052
436 4047
437 4051
438 4050
439 4051
440 4051
441 4052
442 4047
443 4049
444 4049
445 4051
446 4049
447 4050
448 4050
449 4050
450 4052
451 4055
452 4049
453 4051
454 4050
455 4049
456 4049
457 4051
458 4050
459 4049
460 4049
461 4047
462 4053
463 4052
464 4050
465 4056
466 4047
467 4047
468 4049
469 4047
470 4052
471 4049
472 4050
473 4049
474 4052
475 4049
476 4048
477 4050
478 4050
479 4051
480 4050
481 4050
482 4049
483 4049
484 4049
485 4048
486 4051
487 4049
488 4050
489 4048
490 4051
491 4052
492 4047
493 4051
494 4047
495 4051
496 4049
497 4049
498 4047
499 4049
500 4049
501 4050
502 4049
503 4050
504 4047
505 4051
506 4047
507 4052
508 4049
509 4053
510 4050
511 4051
512 4049
513 4051
514 4049
515 4048
516 4049
517 4052
518 4052
519 4051
520 4048
521 4051
522 4049
523 4052
524 4047
525 4052
526 4050
527 4051
528 4050
529 4052
530 4049
531 4049
532 4049
533 4049
534 4047
535 4050
536 4052
537 4050
538 4048
539 4051
540 4050
541 4052
542 4049
543 4047
544 4053
545 4049
546 4049
547 4049
548 4049
549 4046
550 4049
551 4052
552 4045
553 4052
554 4052
555 4051
556 4049
557 4052
558 4049
559 4050
560 4051
561 4047
562 4049
563 4052
564 4049
565 4051
566 4047
567 4049
568 4048
569 4049
570 4049
571 4048
572 4047
573 4050
574 4048
575 4048
576 4049
577 4049
578 4050
579 4051
580 4050
581 4049
582 4049
583 4049
584 4050
585 4049
586 4050
587 4053
588 4051
589 4051
590 4054
591 4044
592 4049
593 4049
594 4049
595 4051
596 4050
597 4055
598 4051
599 4050
600 4049
601 4053
602 4049
603 4049
604 4047
605 4051
606 4049
607 4049
608 4050
609 4049
610 4053
611 4050
612 4052
613 4050
614 4051
615 4051
616 4050
617 4051
618 4050
619 4052
620 4049
621 4051
622 4052
623 4048
624 4050
625 4050
626 4048
627 4049
628 4047
629 4049
630 4051
631 4047
632 4049
633 4055
634 4047
635 4049
636 4049
637 4051
638 4048
639 4047
640 4049
641 4047
642 4043
643 4047
644 4049
645 4050
646 4050
647 4047
648 4051
649 4049
650 4047
651 4049
652 4048
653 4049
654 4050
655 4051
656 4049
657 4047
658 4051
659 4047
660 4051
661 4053
662 4050
663 4048
664 4047
665 4052
666 4049
667 4049
668 4050
669 4049
670 4049
671 4050
672 4051
673 4048
674 4049
675 4047
676 4050
677 4050
678 4049
679 4050
680 4051
681 4049
682 4049
683 4045
684 4048
685 4051
686 4051
687 4048
688 4048
689 4051
690 4050
691 4049
692 4048
693 4052
694 4049
695 4051
696 4048
697 4051
698 4045
699 4050
700 4045
701 4052
702 4046
703 4053
704 4046
705 4050
706 4050
707 4049
708 4052
709 4050
710 4049
711 4048
712 4049
713 4051
714 4049
715 4049
716 4052
717 4049
718 4049
719 4049
720 4051
721 4048
722 4052
723 4049
724 4050
725 4050
726 4048
727 4053
728 4048
729 4050
730 4051
731 4047
732 4047
733 4052
734 4047
735 4051
736 4052
737 4048
738 4052
739 4051
740 4047
741 4050
742 4051
743 4047
744 4050
745 4049
746 4049
747 4053
748 4049
749 4049
750 4049
751 4053
752 4047
753 4049
754 4045
755 4052
756 4051
757 4051
758 4049
759 4053
760 4048
761 4049
762 4049
763 4049
764 4050
765 4055
766 4049
767 4048
768 4051
769 4049
770 4048
771 4052
772 4050
773 4051
774 4050
775 4052
776 4047
777 4051
778 4049
779 4050
780 4047
781 4052
782 4051
783 4049
784 4054
785 4046
786 4049
787 4051
788 4053
789 4049
790 4053
791 4049
792 4050
793 4047
794 4047
795 4049
796 4048
797 4051
798 4047
799 4047
800 4048
801 4053
802 4047
803 4048
804 4054
805 4048
806 4052
807 4047
808 4050
809 4048
810 4048
811 4050
812 4049
813 4048
814 4050
815 4051
816 4052
817 4047
818 4047
819 4049
820 4049
821 4050
822 4047
823 4051
824 4051
825 4049
826 4049
827 4053
828 4045
829 4049
830 4052
831 4049
832 4047
833 4046
834 4045
835 4049
836 4047
837 4050
838 4053
839 4049
840 4051
841 4051
842 4046
843 4051
844 4047
845 4049
846 4049
847 4050
848 4049
849 4049
850 4049
851 4052
852 4049
853 4052
854 4045
855 4049
856 4051
857 4049
858 4048
859 4049
860 4047
861 4049
862 4050
863 4045
864 4047
865 4052
866 4049
867 4052
868 4050
869 4050
870 4047
871 4049
872 4050
873 4049
874 4048
875 4049
876 4051
877 4048
878 4048
879 4049
880 4050
881 4049
882 4051
883 4047
884 4046
885 4049
886 4047
887 4048
888 4050
889 4049
890 4048
891 4048
892 4049
893 4047
894 4051
895 4052
896 4049
897 4049
898 4051
899 4050
900 4047
901 4054
902 4048
903 4053
904 4046
905 4047
906 4051
907 4047
908 4053
909 4050
910 4051
911 4052
912 4049
913 4049
914 4053
915 4050
916 4047
917 4048
918 4049
919 4049
920 4052
921 4052
922 4048
923 4050
924 4051
925 4049
926 4047
927 4051
928 4051
929 4049
930 4049
931 4049
932 4048
933 4051
934 4049
935 4047
936 4053
937 4048
938 4051
939 4053
940 4046
941 4050
942 4048
943 4049
944 4051
945 4051
946 4048
947 4051
948 4049
949 4050
950 4049
951 4049
952 4047
953 4047
954 4048
955 4050
956 4049
957 4051
958 4050
959 4050
960 4049
961 4049
962 4051
963 4052
964 4050
965 4050
966 4050
967 4048
968 4047
969 4052
970 4049
971 4051
972 4049
973 4049
974 4047
975 4051
976 4049
977 4050
978 4052
979 4052
980 4047
981 4051
982 4047
983 4048
984 4050
985 4047
986 4048
987 4049
988 4049
989 4052
990 4046
991 4047
992 4048
993 4050
994 4047
995 4049
996 4051
997 4045
998 4052
999 4051
1000 4049
1001 4052
1002 4048
1003 4048
1004 4049
1005 4047
1006 4047
1007 4050
1008 4052
1009 4050
1010 4050
1011 4050
1012 4052
1013 4049
1014 4052
1015 4053
1016 4050
1017 4051
1018 4050
1019 4050
1020 4051
1021 4050
1022 4047
1023 4050
1024 4051
1025 4050
1026 4049
1027 4050
1028 4051
1029 4049
1030 4051
1031 4047
1032 4049
1033 4047
1034 4050
1035 4049
1036 4049
1037 4054
1038 4049
1039 4050
1040 4047
1041 4050
1042 4051
1043 4047
1044 4051
1045 4050
1046 4048
1047 4050
1048 4048
1049 4050
1050 4048
1051 4051
1052 4049
1053 4047
1054 4050
1055 4052
1056 4047
1057 4052
1058 4046
1059 4050
1060 4051
1061 4050
1062 4050
1063 4050
1064 4047
1065 4052
1066 4052
1067 4051
1068 4048
1069 4049
1070 4051
1071 4050
1072 4050
1073 4047
1074 4051
1075 4049
1076 4048
1077 4052
1078 4050
1079 4052
1080 4048
1081 4048
1082 4049
1083 4046
1084 4049
1085 4050
1086 4052
1087 4051
1088 4047
1089 4051
1090 4050
1091 4052
1092 4049
1093 4051
1094 4048
1095 4051
1096 4050
1097 4051
1098 4049
1099 4050
1100 4050
1101 4054
1102 4049
1103 4049
1104 4049
1105 4052
1106 4048
1107 4053
1108 4048
1109 4051
1110 4052
1111 4052
1112 4049
1113 4049
1114 4049
1115 4049
1116 4048
1117 4050
1118 4049
1119 4051
1120 4051
1121 4049
1122 4051
1123 4051
1124 4050
1125 4047
1126 4047
1127 4050
1128 4048
1129 4049
1130 4053
1131 4049
1132 4052
1133 4049
1134 4049
1135 4049
1136 4050
1137 4050
1138 4048
1139 4051
1140 4049
1141 4048
1142 4050
1143 4051
1144 4050
1145 4049
1146 4049
1147 4050
1148 4051
1149 4050
1150 4048
1151 4049
1152 4047
1153 4049
1154 4052
1155 4050
1156 4050
1157 4051
1158 4049
1159 4051
1160 4050
1161 4049
1162 4049
1163 4052
1164 4048
1165 4053
1166 4049
1167 4051
1168 4052
1169 4050
1170 4050
1171 4049
1172 4048
1173 4053
1174 4049
1175 4048
1176 4052
1177 4051
1178 4050
1179 4049
1180 4049
1181 4050
1182 4051
1183 4049
1184 4053
1185 4047
1186 4051
1187 4052
1188 4045
1189 4050
1190 4050
1191 4050
1192 4047
1193 4049
1194 4048
1195 4052
1196 4049
1197 4046
1198 4051
1199 4051
1200 4048
1201 4053
1202 4046
1203 4049
1204 4051
1205 4048
1206 4046
1207 4049
1208 4048
1209 4049
1210 4050
1211 4050
1212 4052
1213 4051
1214 4049
1215 4053
1216 4047
1217 4049
1218 4047
1219 4051
1220 4051
1221 4052
1222 4048
1223 4051
1224 4051
1225 4051
1226 4052
1227 4051
1228 4047
1229 4050
1230 4047
1231 4050
1232 4044
1233 4048
1234 4052
1235 4052
1236 4052
1237 4048
1238 4048
1239 4049
1240 4050
1241 4052
1242 4047
1243 4052
1244 4048
1245 4049
1246 4052
1247 4051
1248 4048
1249 4050
1250 4049
1251 4053
1252 4052
1253 4052
1254 4050
1255 4048
1256 4051
1257 4046
1258 4049
1259 4053
1260 4046
1261 4048
1262 4051
1263 4051
1264 4045
1265 4052
1266 4049
1267 4048
1268 4049
1269 4050
1270 4051
1271 4049
1272 4049
1273 4049
1274 4049
1275 4050
1276 4048
1277 4051
1278 4052
1279 4050
1280 4050
1281 4051
1282 4050
1283 4049
1284 4049
1285 4047
1286 4048
1287 4049
1288 4047
1289 4047
1290 4048
1291 4048
1292 4048
1293 4051
1294 4049
1295 4049
1296 4050
1297 4049
1298 4051
1299 4052
1300 4048
1301 4051
1302 4048
1303 4052
1304 4050
1305 4050
1306 4051
1307 4046
1308 4050
1309 4049
1310 4046
1311 4049
1312 4048
1313 4052
1314 4048
1315 4051
1316 4051
1317 4051
1318 4048
1319 4051
1320 4049
1321 4053
1322 4050
1323 4050
1324 4051
1325 4048
1326 4049
1327 4050
1328 4051
1329 4046
1330 4052
1331 4049
1332 4047
1333 4049
1334 4051
1335 4052
1336 4049
1337 4051
1338 4050
1339 4051
1340 4048
1341 4048
1342 4051
1343 4053
1344 4048
1345 4051
1346 4050
1347 4049
1348 4048
1349 4052
1350 4049
1351 4050
1352 4045
1353 4052
1354 4048
1355 4049
1356 4048
1357 4050
1358 4050
1359 4050
1360 4051
1361 4051
1362 4050
1363 4047
1364 4047
1365 4051
1366 4046
1367 4052
1368 4051
1369 4052
1370 4051
1371 4052
1372 4046
1373 4050
1374 4049
1375 4047
1376 4049
1377 4054
1378 4053
1379 4047
1380 4047
1381 4048
1382 4051
1383 4049
1384 4049
1385 4049
1386 4053
1387 4051
1388 4049
1389 4048
1390 4052
1391 4049
1392 4050
1393 4053
1394 4046
1395 4050
1396 4047
1397 4050
1398 4051
1399 4053
1400 4047
1401 4052
1402 4048
1403 4050
1404 4048
1405 4049
1406 4049
1407 4051
1408 4049
1409 4052
1410 4051
1411 4053
1412 4052
1413 4049
1414 4050
1415 4049
1416 4048
1417 4052
1418 4050
1419 4052
1420 4048
1421 4054
1422 4052
1423 4050
1424 4050
1425 4053
1426 4047
1427 4049
1428 4048
1429 4049
1430 4054
1431 4052
1432 4053
1433 4049
1434 4052
1435 4048
1436 4047
1437 4047
1438 4050
1439 4049
1440 4049
1441 4046
1442 4049
1443 4045
1444 4047
1445 4045
1446 4049
1447 4049
1448 4049
1449 4051
1450 4047
1451 4052
1452 4050
1453 4050
1454 4051
1455 4052
1456 4049
1457 4050
1458 4048
1459 4050
1460 4050
1461 4048
1462 4049
1463 4052
1464 4050
1465 4049
1466 4045
1467 4050
1468 4047
1469 4051
1470 4053
1471 4050
1472 4050
1473 4049
1474 4053
1475 4052
1476 4049
1477 4052
1478 4047
1479 4050
1480 4050
1481 4047
1482 4050
1483 4051
1484 4050
1485 4047
1486 4045
1487 4049
1488 4050
1489 4047
1490 4048
1491 4051
1492 4051
1493 4050
1494 4049
1495 4050
1496 4049
1497 4048
1498 4050
1499 4046
1500 4049
1501 4053
1502 4049
1503 4050
1504 4051
1505 4051
1506 4052
1507 4049
1508 4047
1509 4049
1510 4052
1511 4047
1512 4053
1513 4048
1514 4049
1515 4053
1516 4053
1517 4054
1518 4050
1519 4049
1520 4049
1521 4053
1522 4048
1523 4050
1524 4047
1525 4051
1526 4050
1527 4049
1528 4049
1529 4053
1530 4049
1531 4051
1532 4047
1533 4052
1534 4052
1535 4048
1536 4050
1537 4049
1538 4050
1539 4050
1540 4051
1541 4049
1542 4051
1543 4047
1544 4051
1545 4048
1546 4052
1547 4051
1548 4048
1549 4050
1550 4052
1551 4049
1552 4047
1553 4049
1554 4045
1555 4050
1556 4049
1557 4051
1558 4048
1559 4049
1560 4052
1561 4048
1562 4049
1563 4050
1564 4046
1565 4051
1566 4047
1567 4048
1568 4047
1569 4054
1570 4047
1571 4049
1572 4052
1573 4048
1574 4051
1575 4050
1576 4049
1577 4049
1578 4046
1579 4049
1580 4048
1581 4051
1582 4049
1583 4052
1584 4050
1585 4051
1586 4053
1587 4050
1588 4049
1589 4046
1590 4050
1591 4051
1592 4050
1593 4049
1594 4045
1595 4047
1596 4050
1597 4049
1598 4052
1599 4053
1600 4049
1601 4053
1602 4044
1603 4049
1604 4051
1605 4047
1606 4050
1607 4051
1608 4050
1609 4049
1610 4048
1611 4049
1612 4050
1613 4051
1614 4048
1615 4049
1616 4050
1617 4052
1618 4049
1619 4049
1620 4050
1621 4051
1622 4049
1623 4049
1624 4052
1625 4051
1626 4047
1627 4049
1628 4049
1629 4046
1630 4052
1631 4049
1632 4048
1633 4050
1634 4049
1635 4052
1636 4047
1637 4049
1638 4049
1639 4047
1640 4049
1641 4049
1642 4051
1643 4049
1644 4050
1645 4052
1646 4049
1647 4050
1648 4049
1649 4049
1650 4052
1651 4052
1652 4045
1653 4051
1654 4049
1655 4049
1656 4050
1657 4047
1658 4052
1659 4052
1660 4046
1661 4050
1662 4053
1663 4047
1664 4047
1665 4048
1666 4048
1667 4049
1668 4047
1669 4051
1670 4047
1671 4047
1672 4045
1673 4052
1674 4045
1675 4052
1676 4049
1677 4052
1678 4049
1679 4050
1680 4049
1681 4049
1682 4051
1683 4048
1684 4049
1685 4049
1686 4050
1687 4049
1688 4048
1689 4047
1690 4052
1691 4047
1692 4049
1693 4053
1694 4049
1695 4053
1696 4050
1697 4048
1698 4049
1699 4047
1700 4052
1701 4052
1702 4047
1703 4051
1704 4049
1705 4052
1706 4049
1707 4049
1708 4047
1709 4047
1710 4051
1711 4049
1712 4049
1713 4048
1714 4047
1715 4048
1716 4049
1717 4046
1718 4046
1719 4052
1720 4047
1721 4048
1722 4048
1723 4046
1724 4048
1725 4053
1726 4051
1727 4048
1728 4048
1729 4049
1730 4047
1731 4049
1732 4049
1733 4050
1734 4049
1735 4050
1736 4049
1737 4046
1738 4049
1739 4047
1740 4052
1741 4045
1742 4050
1743 4048
1744 4050
1745 4049
1746 4048
1747 4049
1748 4049
1749 4050
1750 4050
1751 4051
1752 4044
1753 4049
1754 4047
1755 4049
1756 4049
1757 4048
1758 4049
1759 4047
1760 4047
1761 4049
1762 4048
1763 4046
1764 4048
1765 4048
1766 4047
1767 4050
1768 4046
1769 4049
1770 4046
1771 4045
1772 4047
1773 4047
1774 4050
1775 4048
1776 4049
1777 4047
1778 4046
1779 4048
1780 4045
1781 4047
1782 4045
1783 4048
1784 4048
1785 4045
1786 4047
1787 4046
1788 4045
1789 4049
1790 4049
1791 4052
1792 4049
1793 4047
1794 4044
1795 4048
1796 4047
1797 4046
1798 4047
1799 4049
1800 4049
1801 4049
1802 4040
1803 4047
1804 4049
1805 4045
1806 4045
1807 4047
1808 4046
1809 4047
1810 4048
1811 4047
1812 4049
1813 4045
1814 4044
1815 4047
1816 4047
1817 4047
1818 4045
1819 4046
1820 4047
1821 4048
1822 4050
1823 4050
1824 4049
1825 4050
1826 4046
1827 4049
1828 4051
1829 4047
1830 4049
1831 4050
1832 4047
1833 4052
1834 4049
1835 4046
1836 4049
1837 4052
1838 4047
1839 4044
1840 4044
1841 4043
1842 4049
1843 4045
1844 4047
1845 4049
1846 4049
1847 4047
1848 4047
1849 4047
1850 4047
1851 4052
1852 4045
1853 4044
1854 4047
1855 4045
1856 4047
1857 4050
1858 4047
1859 4049
1860 4047
1861 4048
1862 4045
1863 4052
1864 4045
1865 4047
1866 4049
1867 4044
1868 4047
1869 4049
1870 4047
1871 4047
1872 4049
1873 4050
1874 4047
1875 4053
1876 4047
1877 4049
1878 4047
1879 4048
1880 4049
1881 4050
1882 4049
1883 4050
1884 4050
1885 4051
1886 4048
1887 4049
1888 4050
1889 4049
1890 4052
1891 4049
1892 4047
1893 4050
1894 4047
1895 4049
1896 4051
1897 4051
1898 4049
1899 4049
1900 4047
1901 4053
1902 4048
1903 4050
1904 4047
1905 4048
1906 4049
1907 4053
1908 4045
1909 4049
1910 4051
1911 4047
1912 4047
1913 4051
1914 4047
1915 4049
1916 4049
1917 4050
1918 4051
1919 4048
1920 4049
1921 4050
1922 4049
1923 4050
1924 4049
1925 4049
1926 4049
1927 4045
1928 4047
1929 4048
1930 4049
1931 4048
1932 4049
1933 4051
1934 4049
1935 4052
1936 4050
1937 4051
1938 4050
1939 4046
1940 4049
1941 4049
1942 4051
1943 4046
1944 4049
1945 4051
1946 4046
1947 4049
1948 4051
1949 4050
1950 4050
1951 4052
1952 4047
1953 4048
1954 4047
1955 4049
1956 4049
1957 4048
1958 4046
1959 4051
1960 4047
1961 4049
1962 4049
1963 4053
1964 4052
1965 4052
1966 4050
1967 4050
1968 4050
1969 4050
1970 4050
1971 4049
1972 4052
1973 4045
1974 4045
1975 4049
1976 4046
1977 4053
1978 4049
1979 4048
1980 4047
1981 4049
1982 4049
1983 4047
1984 4048
1985 4054
1986 4051
1987 4049
1988 4051
1989 4052
1990 4048
1991 4051
1992 4049
1993 4051
1994 4052
1995 4050
1996 4049
1997 4047
1998 4048
1999 4049
2000 4048
2001 4051
2002 4048
2003 4049
2004 4054
2005 4046
2006 4052
2007 4050
2008 4047
2009 4051
2010 4052
2011 4050
2012 4050
2013 4049
2014 4047
2015 4048
2016 4049
2017 4048
2018 4049
2019 4049
2020 4051
2021 4049
2022 4052
2023 4053
2024 4051
2025 4052
2026 4051
2027 4050
2028 4050
2029 4051
2030 4047
2031 4050
2032 4052
2033 4046
2034 4052
2035 4048
2036 4050
2037 4051
2038 4047
2039 4053
2040 4048
2041 4051
2042 4049
2043 4050
2044 4049
2045 4049
2046 4047
2047 4049
2048 4048
2049 4049
2050 4050
2051 4053
2052 4048
2053 4052
2054 4051
2055 4051
2056 4049
2057 4048
2058 4049
2059 4047
2060 4049
2061 4047
2062 4050
2063 4048
2064 4048
2065 4050
2066 4047
2067 4052
2068 4047
2069 4049
2070 4046
2071 4050
2072 4047
2073 4052
2074 4050
2075 4049
2076 4048
2077 4053
2078 4046
2079 4051
2080 4051
2081 4049
2082 4051
2083 4049
2084 4047
2085 4049
2086 4046
2087 4050
2088 4050
2089 4049
2090 4053
2091 4049
2092 4049
2093 4048
2094 4049
2095 4049
2096 4047
2097 4051
2098 4046
2099 4049
2100 4050
2101 4053
2102 4049
2103 4050
2104 4049
2105 4051
2106 4047
2107 4048
2108 4048
2109 4046
2110 4048
2111 4050
2112 4052
2113 4048
2114 4047
2115 4050
2116 4051
2117 4049
2118 4049
2119 4050
2120 4049
2121 4048
2122 4049
2123 4051
2124 4049
2125 4048
2126 4045
2127 4052
2128 4047
2129 4048
2130 4049
2131 4049
2132 4047
2133 4049
2134 4050
2135 4049
2136 4048
2137 4047
2138 4051
2139 4048
2140 4050
2141 4051
2142 4049
2143 4053
2144 4047
2145 4051
2146 4052
2147 4051
2148 4049
2149 4047
2150 4049
2151 4053
2152 4048
2153 4052
2154 4051
2155 4047
2156 4050
2157 4048
2158 4049
2159 4052
2160 4053
2161 4051
2162 4051
2163 4049
2164 4048
2165 4050
2166 4049
2167 4047
2168 4046
2169 4049
2170 4051
2171 4052
2172 4051
2173 4051
2174 4051
2175 4048
2176 4045
2177 4051
2178 4047
2179 4049
2180 4051
2181 4049
2182 4054
2183 4049
2184 4050
2185 4052
2186 4049
2187 4049
2188 4054
2189 4047
2190 4052
2191 4046
2192 4052
2193 4051
2194 4049
2195 4051
2196 4053
2197 4050
2198 4052
2199 4051
2200 4047
2201 4053
2202 4047
2203 4049
2204 4050
2205 4050
2206 4046
2207 4052
2208 4049
2209 4049
2210 4049
2211 4047
2212 4051
2213 4047
2214 4047
2215 4049
2216 4046
2217 4047
2218 4045
2219 4052
2220 4051
2221 4048
2222 4049
2223 4049
2224 4051
2225 4049
2226 4052
2227 4050
2228 4052
2229 4048
2230 4047
2231 4050
2232 4049
2233 4046
2234 4047
2235 4051
2236 4049
2237 4049
2238 4046
2239 4051
2240 4049
2241 4050
2242 4054
2243 4049
2244 4049
2245 4048
2246 4047
2247 4052
2248 4046
2249 4050
2250 4049
2251 4050
2252 4047
2253 4049
2254 4051
2255 4052
2256 4049
2257 4051
2258 4047
2259 4047
2260 4051
2261 4048
2262 4050
2263 4047
2264 4049
2265 4049
2266 4053
2267 4049
2268 4053
2269 4047
2270 4050
2271 4046
2272 4050
2273 4047
2274 4051
2275 4049
2276 4050
2277 4050
2278 4049
2279 4052
2280 4049
2281 4049
2282 4049
2283 4049
2284 4051
2285 4050
2286 4048
2287 4049
2288 4049
2289 4049
2290 4047
2291 4049
2292 4049
2293 4049
2294 4051
2295 4050
2296 4049
2297 4050
2298 4052
2299 4049
2300 4047
2301 4053
2302 4049
2303 4051
2304 4053
2305 4048
2306 4047
2307 4051
2308 4047
2309 4047
2310 4052
2311 4048
2312 4049
2313 4052
2314 4051
2315 4050
2316 4048
2317 4049
2318 4050
2319 4051
2320 4053
2321 4049
2322 4051
2323 4052
2324 4050
2325 4050
2326 4050
2327 4054
2328 4048
2329 4050
2330 4044
2331 4051
2332 4050
2333 4049
2334 4051
2335 4049
2336 4050
2337 4049
2338 4047
2339 4052
2340 4049
2341 4050
2342 4050
2343 4050
2344 4044
2345 4050
2346 4051
2347 4052
2348 4052
2349 4051
2350 4049
2351 4052
2352 4047
2353 4049
2354 4048
2355 4050
2356 4049
2357 4049
2358 4051
2359 4049
2360 4051
2361 4049
2362 4049
2363 4051
2364 4049
2365 4049
2366 4050
2367 4045
2368 4051
2369 4052
2370 4051
2371 4053
2372 4050
2373 4045
2374 4052
2375 4050
2376 4047
2377 4051
2378 4051
2379 4049
2380 4053
2381 4047
2382 4051
2383 4047
2384 4050
2385 4050
2386 4050
2387 4049
2388 4049
2389 4050
2390 4050
2391 4049
2392 4052
2393 4051
2394 4047
2395 4049
2396 4051
2397 4051
2398 4050
2399 4052
2400 4045
2401 4052
2402 4048
2403 4053
2404 4051
2405 4051
2406 4052
2407 4050
2408 4049
2409 4050
2410 4049
2411 4050
2412 4051
2413 4050
2414 4049
2415 4050
2416 4045
2417 4051
2418 4047
2419 4049
2420 4052
2421 4049
2422 4049
2423 4052
2424 4047
2425 4051
2426 4058
2427 4053
2428 4052
2429 4050
2430 4051
2431 4049
2432 4049
2433 4055
2434 4048
2435 4051
2436 4053
2437 4048
2438 4047
2439 4054
2440 4049
2441 4046
2442 4048
2443 4049
2444 4048
2445 4048
2446 4052
2447 4052
2448 4050
2449 4047
2450 4051
2451 4051
2452 4048
2453 4052
2454 4052
2455 4052
2456 4049
2457 4050
2458 4048
2459 4051
2460 4050
2461 4050
2462 4052
2463 4051
2464 4049
2465 4051
2466 4049
2467 4047
2468 4047
2469 4049
2470 4047
2471 4049
2472 4047
2473 4047
2474 4048
2475 4051
2476 4047
2477 4050
2478 4052
2479 4051
2480 4049
2481 4050
2482 4053
2483 4049
2484 4051
2485 4047
2486 4053
2487 4046
2488 4049
2489 4049
2490 4047
2491 4052
2492 4049
2493 4047
2494 4049
2495 4053
2496 4051
2497 4050
2498 4053
2499 4051
2500 4051
2501 4053
2502 4047
2503 4052
2504 4046
2505 4051
2506 4048
2507 4050
2508 4053
2509 4050
2510 4049
2511 4048
2512 4049
2513 4053
2514 4048
2515 4052
2516 4050
2517 4051
2518 4050
2519 4048
2520 4048
2521 4047
2522 4048
2523 4047
2524 4052
2525 4047
2526 4049
2527 4052
2528 4048
2529 4049
2530 4049
2531 4051
2532 4048
2533 4054
2534 4048
2535 4049
2536 4048
2537 4048
2538 4049
2539 4048
2540 4054
2541 4051
2542 4048
2543 4049
2544 4049
2545 4050
2546 4047
2547 4048
2548 4048
2549 4049
2550 4047
2551 4054
2552 4049
2553 4049
2554 4049
2555 4049
2556 4050
2557 4049
2558 4048
2559 4051
2560 4050
2561 4049
2562 4049
2563 4052
2564 4054
2565 4049
2566 4050
2567 4048
2568 4049
2569 4049
2570 4048
2571 4049
2572 4046
2573 4048
2574 4051
2575 4047
2576 4050
2577 4048
2578 4046
2579 4049
2580 4049
2581 4049
2582 4050
2583 4050
2584 4048
2585 4047
2586 4048
2587 4047
2588 4047
2589 4051
2590 4051
2591 4051
2592 4049
2593 4047
2594 4051
2595 4052
2596 4049
2597 4049
2598 4049
2599 4051
2600 4053
2601 4049
2602 4049
2603 4050
2604 4052
2605 4053
2606 4051
2607 4048
2608 4050
2609 4047
2610 4048
2611 4051
2612 4051
2613 4050
2614 4049
2615 4050
2616 4047
2617 4050
2618 4047
2619 4049
2620 4046
2621 4049
2622 4049
2623 4050
2624 4049
2625 4050
2626 4049
2627 4055
2628 4050
2629 4050
2630 4049
2631 4052
2632 4049
2633 4053
2634 4051
2635 4051
2636 4049
2637 4052
2638 4049
2639 4050
2640 4050
2641 4050
2642 4051
2643 4051
2644 4049
2645 4051
2646 4053
2647 4050
2648 4049
2649 4051
2650 4050
2651 4053
2652 4049
2653 4049
2654 4049
2655 4050
2656 4050
2657 4048
2658 4050
2659 4048
2660 4051
2661 4049
2662 4052
2663 4049
2664 4049
2665 4048
2666 4048
2667 4047
2668 4048
2669 4047
2670 4051
2671 4054
2672 4051
2673 4047
2674 4051
2675 4050
2676 4049
2677 4053
2678 4047
2679 4049
2680 4048
2681 4049
2682 4051
2683 4052
2684 4050
2685 4048
2686 4049
2687 4048
2688 4047
2689 4049
2690 4047
2691 4051
2692 4051
2693 4047
2694 4047
2695 4050
2696 4051
2697 4045
2698 4050
2699 4048
2700 4047
2701 4052
2702 4047
2703 4051
2704 4050
2705 4054
2706 4051
2707 4051
2708 4049
2709 4051
2710 4052
2711 4047
2712 4050
2713 4051
2714 4049
2715 4050
2716 4047
2717 4051
2718 4046
2719 4051
2720 4052
2721 4048
2722 4047
2723 4055
2724 4050
2725 4048
2726 4044
2727 4051
2728 4046
2729 4049
2730 4049
2731 4050
2732 4047
2733 4050
2734 4047
2735 4055
2736 4048
2737 4052
2738 4049
2739 4049
2740 4050
2741 4047
2742 4050
2743 4049
2744 4050
2745 4052
2746 4050
2747 4047
2748 4049
2749 4049
2750 4048
2751 4053
2752 4051
2753 4047
2754 4051
2755 4048
2756 4050
2757 4052
2758 4047
2759 4051
2760 4048
2761 4051
2762 4052
2763 4049
2764 4049
2765 4052
2766 4048
2767 4049
2768 4049
2769 4047
2770 4047
2771 4053
2772 4051
2773 4052
2774 4052
2775 4049
2776 4052
2777 4051
2778 4046
2779 4049
2780 4052
2781 4049
2782 4052
2783 4048
2784 4051
2785 4047
2786 4052
2787 4052
2788 4045
2789 4049
2790 4053
2791 4051
2792 4049
2793 4051
2794 4051
2795 4053
2796 4051
2797 4052
2798 4051
2799 4051
2800 4050
2801 4052
2802 4047
2803 4052
2804 4049
2805 4049
2806 4050
2807 4049
2808 4049
2809 4048
2810 4047
2811 4048
2812 4052
2813 4051
2814 4049
2815 4051
2816 4047
2817 4049
2818 4048
2819 4049
2820 4049
2821 4049
2822 4051
2823 4050
2824 4049
2825 4046
2826 4051
2827 4049
2828 4048
2829 4048
2830 4047
2831 4053
2832 4049
2833 4055
2834 4048
2835 4047
2836 4047
2837 4052
2838 4049
2839 4052
2840 4049
2841 4047
2842 4049
2843 4049
2844 4048
2845 4051
2846 4051
2847 4050
2848 4050
2849 4048
2850 4048
2851 4050
2852 4050
2853 4049
2854 4049
2855 4050
2856 4049
2857 4049
2858 4051
2859 4051
2860 4049
2861 4049
2862 4048
2863 4049
2864 4047
2865 4048
2866 4051
2867 4047
2868 4053
2869 4048
2870 4047
2871 4051
2872 4048
2873 4050
2874 4052
2875 4048
2876 4050
2877 4049
2878 4049
2879 4046
2880 4049
2881 4049
2882 4047
2883 4048
2884 4050
2885 4052
2886 4053
2887 4049
2888 4048
2889 4047
2890 4050
2891 4048
2892 4049
2893 4047
2894 4048
2895 4050
2896 4051
2897 4049
2898 4051
2899 4050
2900 4053
2901 4050
2902 4048
2903 4048
2904 4047
2905 4049
2906 4049
2907 4049
2908 4048
2909 4051
2910 4048
2911 4051
2912 4047
2913 4051
2914 4046
2915 4049
2916 4048
2917 4048
2918 4051
2919 4049
2920 4048
2921 4048
2922 4050
2923 4048
2924 4047
2925 4052
2926 4052
2927 4050
2928 4050
2929 4048
2930 4051
2931 4047
2932 4049
2933 4050
2934 4053
2935 4052
2936 4049
2937 4051
2938 4050
2939 4051
2940 4051
2941 4049
2942 4049
2943 4051
2944 4050
2945 4047
2946 4047
2947 4049
2948 4051
2949 4049
2950 4049
2951 4050
2952 4051
2953 4053
2954 4052
2955 4050
2956 4052
2957 4051
2958 4052
2959 4051
2960 4051
2961 4051
2962 4053
2963 4047
2964 4048
2965 4051
2966 4049
2967 4047
2968 4050
2969 4049
2970 4050
2971 4047
2972 4049
2973 4047
2974 4050
2975 4047
2976 4052
2977 4049
2978 4049
2979 4047
2980 4053
2981 4047
2982 4049
2983 4049
2984 4049
2985 4049
2986 4050
2987 4052
2988 4049
2989 4048
2990 4050
2991 4049
2992 4045
2993 4049
2994 4046
2995 4051
2996 4048
2997 4051
2998 4047
2999 4047
3000 4048
3001 4054
3002 4048
3003 4049
3004 4048
3005 4050
3006 4049
3007 4047
3008 4049
3009 4048
3010 4049
3011 4049
3012 4048
3013 4050
3014 4048
3015 4050
3016 4051
3017 4051
3018 4047
3019 4047
3020 4049
3021 4051
3022 4047
3023 4049
3024 4049
3025 4052
3026 4054
3027 4049
3028 4049
3029 4050
3030 4047
3031 4049
3032 4045
3033 4048
3034 4048
3035 4050
3036 4046
3037 4053
3038 4046
3039 4047
3040 4048
3041 4051
3042 4047
3043 4047
3044 4047
3045 4048
3046 4052
3047 4050
3048 4051
3049 4050
3050 4048
3051 4052
3052 4049
3053 4051
3054 4046
3055 4050
3056 4047
3057 4051
3058 4049
3059 4051
3060 4049
3061 4049
3062 4050
3063 4047
3064 4049
3065 4047
3066 4051
3067 4053
3068 4048
3069 4049
3070 4050
3071 4048
3072 4051
3073 4053
3074 4052
3075 4049
3076 4048
3077 4049
3078 4047
3079 4049
3080 4052
3081 4050
3082 4048
3083 4049
3084 4053
3085 4049
3086 4051
3087 4051
3088 4049
3089 4049
3090 4050
3091 4050
3092 4051
3093 4050
3094 4049
3095 4051
3096 4049
3097 4047
3098 4048
3099 4050
3100 4050
3101 4051
3102 4050
3103 4051
3104 4052
3105 4052
3106 4049
3107 4052
3108 4049
3109 4050
3110 4047
3111 4048
3112 4047
3113 4052
3114 4049
3115 4051
3116 4051
3117 4051
3118 4051
3119 4049
3120 4044
3121 4052
3122 4049
3123 4050
3124 4048
3125 4049
3126 4047
3127 4050
3128 4052
3129 4051
3130 4053
3131 4052
3132 4046
3133 4050
3134 4047
3135 4051
3136 4049
3137 4049
3138 4050
3139 4049
3140 4049
3141 4049
3142 4045
3143 4048
3144 4051
3145 4047
3146 4049
3147 4052
3148 4046
3149 4049
3150 4048
3151 4053
3152 4048
3153 4045
3154 4052
3155 4048
3156 4049
3157 4052
3158 4049
3159 4051
3160 4049
3161 4049
3162 4051
3163 4047
3164 4051
3165 4052
3166 4045
3167 4051
3168 4048
3169 4049
3170 4048
3171 4049
3172 4050
3173 4049
3174 4048
3175 4049
3176 4050
3177 4053
3178 4049
3179 4052
3180 4047
3181 4050
3182 4051
3183 4050
3184 4051
3185 4048
3186 4051
3187 4052
3188 4050
3189 4051
3190 4047
3191 4046
3192 4049
3193 4049
3194 4050
3195 4050
3196 4052
3197 4051
3198 4052
3199 4051
3200 4048
3201 4047
3202 4047
3203 4052
3204 4048
3205 4049
3206 4052
3207 4052
3208 4047
3209 4053
3210 4052
3211 4049
3212 4049
3213 4051
3214 4047
3215 4051
3216 4048
3217 4046
3218 4049
3219 4046
3220 4051
3221 4052
3222 4048
3223 4051
3224 4049
3225 4051
3226 4045
3227 4049
3228 4046
3229 4048
3230 4049
3231 4049
3232 4047
3233 4047
3234 4053
3235 4047
3236 4046
3237 4052
3238 4048
3239 4047
3240 4053
3241 4045
3242 4050
3243 4051
3244 4048
3245 4047
3246 4049
3247 4048
3248 4047
3249 4051
3250 4047
3251 4051
3252 4048
3253 4046
3254 4050
3255 4050
3256 4050
3257 4047
3258 4049
3259 4048
3260 4050
3261 4052
3262 4050
3263 4051
3264 4049
3265 4052
3266 4050
3267 4049
3268 4051
3269 4049
3270 4047
3271 4046
3272 4047
3273 4049
3274 4047
3275 4052
3276 4052
3277 4049
3278 4049
3279 4052
3280 4049
3281 4049
3282 4049
3283 4051
3284 4051
3285 4045
3286 4051
3287 4048
3288 4046
3289 4050
3290 4050
3291 4050
3292 4050
3293 4053
3294 4053
3295 4053
3296 4050
3297 4049
3298 4049
3299 4050
3300 4054
3301 4054
3302 4045
3303 4049
3304 4049
3305 4049
3306 4050
3307 4052
3308 4047
3309 4048
3310 4048
3311 4047
3312 4048
3313 4047
3314 4049
3315 4050
3316 4050
3317 4048
3318 4052
3319 4050
3320 4049
3321 4049
3322 4051
3323 4053
3324 4052
3325 4051
3326 4051
3327 4050
3328 4050
3329 4048
3330 4046
3331 4048
3332 4049
3333 4045
3334 4047
3335 4049
3336 4051
3337 4050
3338 4051
3339 4051
3340 4053
3341 4047
3342 4049
3343 4048
3344 4046
3345 4051
3346 4050
3347 4052
3348 4050
3349 4052
3350 4049
3351 4056
3352 4047
3353 4053
3354 4050
3355 4050
3356 4051
3357 4048
3358 4050
3359 4049
3360 4048
3361 4050
3362 4046
3363 4054
3364 4048
3365 4051
3366 4052
3367 4049
3368 4051
3369 4049
3370 4052
3371 4052
3372 4048
3373 4047
3374 4049
3375 4049
3376 4047
3377 4052
3378 4049
3379 4051
3380 4051
3381 4051
3382 4052
3383 4050
3384 4051
3385 4049
3386 4051
3387 4049
3388 4048
3389 4050
3390 4050
3391 4051
3392 4046
3393 4051
3394 4049
3395 4047
3396 4050
3397 4049
3398 4049
3399 4050
3400 4051
3401 4052
3402 4047
3403 4051
3404 4049
3405 4051
3406 4055
3407 4053
3408 4051
3409 4049
3410 4051
3411 4049
3412 4050
3413 4051
3414 4051
3415 4052
3416 4049
3417 4051
3418 4049
3419 4053
3420 4050
3421 4048
3422 4049
3423 4052
3424 4050
3425 4052
3426 4049
3427 4050
3428 4051
3429 4052
3430 4053
3431 4050
3432 4051
3433 4049
3434 4051
3435 4049
3436 4048
3437 4049
3438 4053
3439 4046
3440 4051
3441 4051
3442 4051
3443 4052
3444 4048
3445 4052
3446 4050
3447 4053
3448 4052
3449 4051
3450 4047
3451 4052
3452 4043
3453 4048
3454 4051
3455 4051
3456 4051
3457 4050
3458 4051
3459 4049
3460 4050
3461 4048
3462 4048
3463 4050
3464 4051
3465 4051
3466 4052
3467 4049
3468 4051
3469 4052
3470 4050
3471 4053
3472 4051
3473 4047
3474 4050
3475 4051
3476 4050
3477 4049
3478 4053
3479 4050
3480 4051
3481 4052
3482 4049
3483 4049
3484 4046
3485 4048
3486 4046
3487 4049
3488 4048
3489 4049
3490 4049
3491 4047
3492 4051
3493 4048
3494 4048
3495 4047
3496 4053
3497 4051
3498 4048
3499 4047
3500 4052
3501 4053
3502 4049
3503 4049
3504 4050
3505 4052
3506 4047
3507 4051
3508 4048
3509 4047
3510 4049
3511 4047
3512 4049
3513 4051
3514 4045
3515 4050
3516 4048
3517 4049
3518 4052
3519 4049
3520 4052
3521 4051
3522 4048
3523 4048
3524 4049
3525 4051
3526 4050
3527 4051
3528 4048
3529 4049
3530 4045
3531 4049
3532 4049
3533 4051
3534 4051
3535 4052
3536 4048
3537 4050
3538 4049
3539 4047
3540 4051
3541 4049
3542 4049
3543 4050
3544 4049
3545 4051
3546 4052
3547 4049
3548 4048
3549 4051
3550 4048
3551 4053
3552 4046
3553 4049
3554 4051
3555 4051
3556 4049
3557 4052
3558 4049
3559 4053
3560 4047
3561 4050
3562 4050
3563 4050
3564 4052
3565 4048
3566 4045
3567 4051
3568 4049
3569 4052
3570 4051
3571 4050
3572 4049
3573 4050
3574 4047
3575 4052
3576 4052
3577 4049
3578 4049
3579 4047
3580 4048
3581 4047
3582 4052
3583 4047
3584 4049
3585 4048
3586 4050
3587 4049
3588 4051
3589 4052
3590 4049
3591 4051
3592 4050
3593 4050
3594 4051
3595 4049
3596 4048
3597 4049
3598 4049
3599 4050
3600 4051
3601 4051
3602 4051
3603 4052
3604 4052
3605 4053
3606 4050
3607 4051
3608 4049
3609 4051
3610 4050
3611 4049
3612 4050
3613 4049
3614 4049
3615 4053
3616 4047
3617 4049
3618 4051
3619 4053
3620 4047
3621 4051
3622 4049
3623 4049
3624 4048
3625 4050
3626 4051
3627 4052
3628 4049
3629 4051
3630 4049
3631 4050
3632 4048
3633 4051
3634 4051
3635 4051
3636 4049
3637 4049
3638 4047
3639 4049
3640 4049
3641 4047
3642 4048
3643 4049
3644 4050
3645 4050
3646 4053
3647 4049
3648 4048
3649 4052
3650 4049
3651 4053
3652 4048
3653 4051
3654 4051
3655 4047
3656 4049
3657 4047
3658 4051
3659 4048
3660 4049
3661 4051
3662 4051
3663 4051
3664 4047
3665 4047
3666 4047
3667 4049
3668 4049
3669 4049
3670 4049
3671 4049
3672 4050
3673 4052
3674 4049
3675 4051
3676 4050
3677 4047
3678 4050
3679 4051
3680 4050
3681 4052
3682 4049
3683 4049
3684 4049
3685 4048
3686 4053
3687 4049
3688 4050
3689 4051
3690 4053
3691 4047
3692 4047
3693 4049
3694 4050
