#Data from the TCD1304 linear CCD
#column 1 = pixelnumber , column 2 = pixelvalue
#Pixel 1-32 and 3679-3694 and are dummy pixels
#SH-period: 200    ICG-period: 100000    Integration time: 100.0 us
2 4036
3 4039
4 4065
5 4063
6 4063
7 4063
8 4063
9 4066
10 4063
11 4065
12 4062
13 4063
14 4062
15 4062
16 4063
17 4067
18 4063
19 4067
20 4065
21 4062
22 4065
23 4063
24 4063
25 4065
26 4063
27 4063
28 4065
29 4063
30 4063
31 4063
32 4060
34 4063
35 4066
36 4065
37 4066
38 4062
39 4063
40 4063
41 4063
42 4063
43 4063
44 4066
45 4065
46 4061
47 4063
48 4060
49 4067
50 4062
51 4064
52 4059
53 4066
54 4066
55 4066
56 4063
57 4064
58 4060
59 4066
60 4064
61 4064
62 4061
63 4065
64 4065
65 4065
66 4065
67 4063
68 4063
69 4063
70 4063
71 4062
72 4063
73 4066
74 4062
75 4067
76 4064
77 4065
78 4062
79 4062
80 4065
81 4063
82 4065
83 4063
84 4066
85 4065
86 4063
87 4063
88 4061
89 4063
90 4061
91 4063
92 4066
93 4063
94 4063
95 4066
96 4063
97 4066
98 4064
99 4063
100 4063
101 4068
102 4063
103 4063
104 4062
105 4063
106 4064
107 4066
108 4063
109 4063
110 4063
111 4063
112 4066
113 4063
114 4063
115 4063
116 4062
117 4063
118 4061
119 4065
120 4063
121 4063
122 4064
123 4065
124 4063
125 4063
126 4063
127 4062
128 4065
129 4065
130 4063
131 4063
132 4067
133 4063
134 4066
135 4063
136 4062
137 4066
138 4062
139 4062
140 4063
141 4063
142 4063
143 4063
144 4063
145 4063
146 4063
147 4071
148 4061
149 4067
150 4061
151 4063
152 4061
153 4063
154 4061
155 4062
156 4063
157 4063
158 4064
159 4061
160 4063
161 4063
162 4064
163 4062
164 4065
165 4059
166 4063
167 4066
168 4063
169 4065
170 4063
171 4061
172 4062
173 4062
174 4065
175 4061
176 4063
177 4063
178 4063
179 4063
180 4062
181 4065
182 4063
183 4060
184 4062
185 4063
186 4064
187 4063
188 4062
189 4065
190 4065
191 4063
192 4063
193 4062
194 4063
195 4066
196 4062
197 4063
198 4063
199 4066
200 4063
201 4070
202 4058
203 4063
204 4066
205 4063
206 4065
207 4063
208 4066
209 4063
210 4066
211 4063
212 4063
213 4063
214 4062
215 4063
216 4062
217 4065
218 4063
219 4065
220 4063
221 4066
222 4065
223 4062
224 4063
225 4062
226 4066
227 4065
228 4063
229 4067
230 4062
231 4062
232 4068
233 4066
234 4062
235 4062
236 4063
237 4062
238 4063
239 4063
240 4062
241 4063
242 4063
243 4063
244 4061
245 4063
246 4059
247 4063
248 4065
249 4063
250 4063
251 4066
252 4059
253 4062
254 4063
255 4063
256 4065
257 4066
258 4066
259 4066
260 4063
261 4066
262 4065
263 4060
264 4063
265 4063
266 4067
267 4061
268 4062
269 4063
270 4062
271 4062
272 4063
273 4062
274 4062
275 4063
276 4063
277 4061
278 4063
279 4067
280 4063
281 4061
282 4065
283 4065
284 4062
285 4063
286 4063
287 4063
288 4066
289 4062
290 4063
291 4061
292 4062
293 4059
294 4063
295 4063
296 4062
297 4060
298 4063
299 4063
300 4062
301 4069
302 4062
303 4063
304 4061
305 4067
306 4062
307 4063
308 4062
309 4062
310 4067
311 4066
312 4062
313 4064
314 4066
315 4061
316 4060
317 4066
318 4063
319 4063
320 4062
321 4063
322 4059
323 4063
324 4063
325 4063
326 4062
327 4063
328 4066
329 4063
330 4062
331 4062
332 4063
333 4065
334 4062
335 4062
336 4063
337 4065
338 4063
339 4062
340 4061
341 4065
342 4063
343 4063
344 4063
345 4062
346 4061
347 4063
348 4060
349 4063
350 4062
351 4063
352 4063
353 4063
354 4066
355 4061
356 4063
357 4063
358 4064
359 4060
360 4063
361 4062
362 4063
363 4064
364 4061
365 4063
366 4063
367 4063
368 4063
369 4066
370 4063
371 4063
372 4063
373 4065
374 4063
375 4066
376 4061
377 4062
378 4063
379 4061
380 4062
381 4062
382 4068
383 4065
384 4062
385 4065
386 4061
387 4065
388 4063
389 4065
390 4063
391 4065
392 4063
393 4063
394 4063
395 4065
396 4063
397 4065
398 4062
399 4063
400 4065
401 4065
402 4062
403 4061
404 4063
405 4063
406 4061
407 4065
408 4065
409 4066
410 4063
411 4063
412 4063
413 4065
414 4062
415 4063
416 4063
417 4063
418 4063
419 4063
420 4063
421 4063
422 4060
423 4063
424 4063
425 4063
426 4062
427 4065
428 4067
429 4064
430 4065
431 4060
432 4063
433 4063
434 4062
435 4063
436 4068
437 4066
438 4063
439 4063
440 4063
441 4063
442 4062
443 4062
444 4063
445 4066
446 4062
447 4062
448 4063
449 4063
450 4063
451 4066
452 4063
453 4067
454 4065
455 4067
456 4063
457 4064
458 4060
459 4061
460 4063
461 4062
462 4063
463 4066
464 4063
465 4063
466 4065
467 4066
468 4062
469 4063
470 4063
471 4062
472 4063
473 4066
474 4061
475 4066
476 4066
477 4063
478 4066
479 4062
480 4063
481 4070
482 4066
483 4064
484 4062
485 4063
486 4065
487 4067
488 4062
489 4066
490 4063
491 4063
492 4065
493 4062
494 4063
495 4063
496 4061
497 4063
498 4063
499 4062
500 4063
501 4065
502 4061
503 4063
504 4062
505 4067
506 4063
507 4065
508 4061
509 4065
510 4063
511 4065
512 4063
513 4065
514 4062
515 4063
516 4066
517 4065
518 4063
519 4063
520 4063
521 4065
522 4063
523 4063
524 4063
525 4067
526 4063
527 4063
528 4063
529 4063
530 4065
531 4063
532 4065
533 4067
534 4063
535 4068
536 4062
537 4063
538 4062
539 4063
540 4062
541 4065
542 4067
543 4063
544 4063
545 4063
546 4061
547 4066
548 4063
549 4065
550 4067
551 4065
552 4062
553 4065
554 4063
555 4063
556 4063
557 4062
558 4062
559 4065
560 4063
561 4063
562 4066
563 4061
564 4063
565 4066
566 4063
567 4066
568 4062
569 4060
570 4063
571 4062
572 4063
573 4062
574 4063
575 4063
576 4063
577 4063
578 4066
579 4066
580 4063
581 4063
582 4063
583 4064
584 4068
585 4063
586 4066
587 4063
588 4066
589 4063
590 4062
591 4067
592 4063
593 4065
594 4064
595 4063
596 4061
597 4063
598 4066
599 4064
600 4063
601 4067
602 4060
603 4065
604 4063
605 4063
606 4064
607 4064
608 4066
609 4065
610 4066
611 4064
612 4062
613 4065
614 4065
615 4061
616 4068
617 4061
618 4062
619 4065
620 4061
621 4066
622 4063
623 4066
624 4062
625 4065
626 4065
627 4063
628 4062
629 4063
630 4062
631 4063
632 4067
633 4063
634 4062
635 4063
636 4063
637 4063
638 4067
639 4063
640 4063
641 4063
642 4067
643 4063
644 4066
645 4062
646 4062
647 4066
648 4066
649 4069
650 4063
651 4065
652 4060
653 4063
654 4063
655 4063
656 4065
657 4063
658 4063
659 4062
660 4063
661 4068
662 4064
663 4065
664 4063
665 4062
666 4061
667 4063
668 4063
669 4062
670 4063
671 4063
672 4063
673 4063
674 4062
675 4067
676 4063
677 4063
678 4062
679 4063
680 4063
681 4061
682 4063
683 4066
684 4060
685 4063
686 4063
687 4062
688 4063
689 4063
690 4063
691 4062
692 4063
693 4065
694 4066
695 4066
696 4063
697 4063
698 4062
699 4063
700 4063
701 4067
702 4062
703 4065
704 4062
705 4063
706 4062
707 4067
708 4062
709 4065
710 4065
711 4062
712 4063
713 4066
714 4063
715 4062
716 4063
717 4062
718 4062
719 4063
720 4065
721 4064
722 4063
723 4063
724 4065
725 4065
726 4065
727 4063
728 4066
729 4063
730 4066
731 4066
732 4063
733 4063
734 4064
735 4069
736 4063
737 4062
738 4065
739 4066
740 4065
741 4063
742 4061
743 4063
744 4063
745 4067
746 4063
747 4063
748 4062
749 4065
750 4066
751 4066
752 4065
753 4062
754 4060
755 4065
756 4066
757 4066
758 4068
759 4067
760 4063
761 4066
762 4063
763 4062
764 4063
765 4061
766 4065
767 4066
768 4062
769 4063
770 4064
771 4063
772 4063
773 4065
774 4062
775 4063
776 4063
777 4066
778 4062
779 4063
780 4063
781 4063
782 4062
783 4062
784 4064
785 4063
786 4065
787 4062
788 4066
789 4063
790 4063
791 4063
792 4066
793 4062
794 4063
795 4063
796 4066
797 4066
798 4065
799 4063
800 4063
801 4065
802 4063
803 4066
804 4068
805 4063
806 4063
807 4062
808 4062
809 4065
810 4062
811 4066
812 4063
813 4064
814 4063
815 4063
816 4059
817 4062
818 4063
819 4065
820 4062
821 4066
822 4066
823 4063
824 4063
825 4065
826 4067
827 4063
828 4062
829 4063
830 4064
831 4063
832 4067
833 4064
834 4063
835 4065
836 4066
837 4064
838 4065
839 4062
840 4063
841 4062
842 4060
843 4065
844 4063
845 4063
846 4060
847 4067
848 4063
849 4068
850 4062
851 4065
852 4059
853 4066
854 4063
855 4066
856 4063
857 4063
858 4062
859 4065
860 4062
861 4063
862 4061
863 4063
864 4063
865 4065
866 4062
867 4062
868 4062
869 4063
870 4067
871 4063
872 4063
873 4063
874 4065
875 4063
876 4068
877 4063
878 4063
879 4066
880 4066
881 4063
882 4064
883 4063
884 4061
885 4060
886 4063
887 4063
888 4063
889 4062
890 4062
891 4063
892 4063
893 4063
894 4063
895 4063
896 4066
897 4063
898 4058
899 4067
900 4063
901 4065
902 4059
903 4063
904 4062
905 4062
906 4061
907 4063
908 4062
909 4061
910 4065
911 4062
912 4064
913 4066
914 4063
915 4062
916 4067
917 4062
918 4063
919 4067
920 4058
921 4063
922 4062
923 4065
924 4063
925 4063
926 4060
927 4064
928 4065
929 4063
930 4062
931 4065
932 4063
933 4062
934 4062
935 4065
936 4062
937 4063
938 4063
939 4064
940 4063
941 4065
942 4064
943 4065
944 4063
945 4062
946 4063
947 4060
948 4063
949 4063
950 4065
951 4066
952 4062
953 4061
954 4060
955 4067
956 4060
957 4063
958 4063
959 4066
960 4065
961 4063
962 4062
963 4065
964 4061
965 4063
966 4062
967 4062
968 4063
969 4062
970 4063
971 4063
972 4063
973 4066
974 4060
975 4062
976 4066
977 4066
978 4062
979 4066
980 4065
981 4063
982 4061
983 4063
984 4064
985 4066
986 4063
987 4063
988 4060
989 4065
990 4066
991 4066
992 4062
993 4062
994 4063
995 4062
996 4067
997 4063
998 4061
999 4063
1000 4062
1001 4068
1002 4061
1003 4063
1004 4063
1005 4063
1006 4063
1007 4062
1008 4065
1009 4065
1010 4066
1011 4068
1012 4064
1013 4065
1014 4063
1015 4066
1016 4066
1017 4063
1018 4063
1019 4065
1020 4062
1021 4063
1022 4063
1023 4067
1024 4063
1025 4063
1026 4066
1027 4059
1028 4061
1029 4063
1030 4063
1031 4063
1032 4067
1033 4063
1034 4063
1035 4066
1036 4065
1037 4063
1038 4063
1039 4066
1040 4058
1041 4063
1042 4065
1043 4063
1044 4063
1045 4062
1046 4065
1047 4066
1048 4066
1049 4066
1050 4062
1051 4066
1052 4063
1053 4065
1054 4063
1055 4063
1056 4062
1057 4065
1058 4063
1059 4062
1060 4063
1061 4063
1062 4063
1063 4066
1064 4062
1065 4063
1066 4066
1067 4067
1068 4066
1069 4063
1070 4063
1071 4063
1072 4063
1073 4062
1074 4063
1075 4063
1076 4069
1077 4063
1078 4063
1079 4063
1080 4063
1081 4063
1082 4066
1083 4063
1084 4062
1085 4066
1086 4064
1087 4064
1088 4063
1089 4066
1090 4062
1091 4066
1092 4063
1093 4064
1094 4065
1095 4065
1096 4062
1097 4062
1098 4062
1099 4063
1100 4063
1101 4066
1102 4062
1103 4063
1104 4065
1105 4065
1106 4063
1107 4065
1108 4060
1109 4067
1110 4062
1111 4066
1112 4066
1113 4062
1114 4066
1115 4062
1116 4063
1117 4063
1118 4063
1119 4062
1120 4065
1121 4066
1122 4063
1123 4065
1124 4063
1125 4063
1126 4063
1127 4064
1128 4063
1129 4062
1130 4063
1131 4062
1132 4063
1133 4067
1134 4066
1135 4063
1136 4060
1137 4063
1138 4063
1139 4063
1140 4063
1141 4063
1142 4061
1143 4064
1144 4066
1145 4065
1146 4063
1147 4065
1148 4063
1149 4065
1150 4063
1151 4068
1152 4060
1153 4065
1154 4063
1155 4063
1156 4064
1157 4062
1158 4062
1159 4063
1160 4060
1161 4063
1162 4063
1163 4066
1164 4062
1165 4063
1166 4063
1167 4063
1168 4062
1169 4066
1170 4062
1171 4062
1172 4063
1173 4063
1174 4062
1175 4065
1176 4063
1177 4066
1178 4063
1179 4063
1180 4063
1181 4067
1182 4065
1183 4063
1184 4063
1185 4062
1186 4063
1187 4065
1188 4062
1189 4060
1190 4063
1191 4063
1192 4063
1193 4062
1194 4066
1195 4065
1196 4063
1197 4063
1198 4063
1199 4063
1200 4063
1201 4065
1202 4062
1203 4063
1204 4061
1205 4066
1206 4063
1207 4063
1208 4063
1209 4063
1210 4065
1211 4064
1212 4062
1213 4063
1214 4060
1215 4064
1216 4063
1217 4066
1218 4066
1219 4063
1220 4063
1221 4066
1222 4062
1223 4065
1224 4063
1225 4067
1226 4063
1227 4062
1228 4066
1229 4062
1230 4066
1231 4061
1232 4063
1233 4063
1234 4066
1235 4065
1236 4063
1237 4062
1238 4063
1239 4065
1240 4062
1241 4063
1242 4065
1243 4063
1244 4067
1245 4063
1246 4065
1247 4063
1248 4066
1249 4063
1250 4063
1251 4066
1252 4062
1253 4066
1254 4064
1255 4062
1256 4063
1257 4062
1258 4063
1259 4066
1260 4064
1261 4062
1262 4062
1263 4063
1264 4063
1265 4063
1266 4063
1267 4066
1268 4063
1269 4066
1270 4062
1271 4065
1272 4064
1273 4062
1274 4063
1275 4060
1276 4063
1277 4064
1278 4064
1279 4063
1280 4063
1281 4063
1282 4066
1283 4062
1284 4062
1285 4065
1286 4063
1287 4063
1288 4065
1289 4063
1290 4063
1291 4063
1292 4063
1293 4063
1294 4063
1295 4063
1296 4062
1297 4060
1298 4063
1299 4062
1300 4062
1301 4066
1302 4062
1303 4062
1304 4061
1305 4066
1306 4061
1307 4066
1308 4061
1309 4061
1310 4060
1311 4066
1312 4066
1313 4065
1314 4063
1315 4063
1316 4063
1317 4066
1318 4063
1319 4063
1320 4063
1321 4062
1322 4066
1323 4068
1324 4063
1325 4062
1326 4066
1327 4063
1328 4061
1329 4066
1330 4063
1331 4064
1332 4064
1333 4065
1334 4061
1335 4063
1336 4065
1337 4066
1338 4065
1339 4061
1340 4063
1341 4063
1342 4065
1343 4062
1344 4068
1345 4064
1346 4063
1347 4063
1348 4066
1349 4063
1350 4063
1351 4066
1352 4063
1353 4063
1354 4063
1355 4063
1356 4066
1357 4062
1358 4065
1359 4066
1360 4068
1361 4065
1362 4063
1363 4066
1364 4061
1365 4066
1366 4063
1367 4063
1368 4062
1369 4063
1370 4065
1371 4063
1372 4063
1373 4061
1374 4062
1375 4063
1376 4068
1377 4062
1378 4063
1379 4065
1380 4060
1381 4065
1382 4067
1383 4066
1384 4063
1385 4060
1386 4063
1387 4063
1388 4062
1389 4066
1390 4062
1391 4062
1392 4063
1393 4063
1394 4066
1395 4066
1396 4063
1397 4065
1398 4066
1399 4063
1400 4065
1401 4067
1402 4059
1403 4062
1404 4067
1405 4066
1406 4063
1407 4066
1408 4061
1409 4062
1410 4066
1411 4063
1412 4065
1413 4066
1414 4065
1415 4067
1416 4064
1417 4064
1418 4067
1419 4063
1420 4063
1421 4063
1422 4062
1423 4066
1424 4062
1425 4063
1426 4062
1427 4063
1428 4062
1429 4065
1430 4066
1431 4063
1432 4066
1433 4063
1434 4062
1435 4067
1436 4063
1437 4065
1438 4063
1439 4063
1440 4065
1441 4063
1442 4060
1443 4064
1444 4067
1445 4063
1446 4070
1447 4062
1448 4063
1449 4065
1450 4060
1451 4069
1452 4063
1453 4063
1454 4063
1455 4063
1456 4063
1457 4066
1458 4063
1459 4066
1460 4063
1461 4063
1462 4066
1463 4066
1464 4066
1465 4063
1466 4065
1467 4063
1468 4063
1469 4063
1470 4064
1471 4067
1472 4061
1473 4066
1474 4062
1475 4063
1476 4066
1477 4066
1478 4063
1479 4063
1480 4063
1481 4065
1482 4062
1483 4065
1484 4063
1485 4065
1486 4063
1487 4063
1488 4060
1489 4064
1490 4063
1491 4063
1492 4061
1493 4065
1494 4065
1495 4063
1496 4062
1497 4062
1498 4067
1499 4063
1500 4064
1501 4067
1502 4062
1503 4066
1504 4063
1505 4063
1506 4063
1507 4064
1508 4063
1509 4064
1510 4062
1511 4062
1512 4062
1513 4063
1514 4065
1515 4068
1516 4063
1517 4062
1518 4065
1519 4062
1520 4063
1521 4063
1522 4062
1523 4063
1524 4062
1525 4065
1526 4063
1527 4066
1528 4065
1529 4063
1530 4066
1531 4062
1532 4063
1533 4066
1534 4063
1535 4063
1536 4063
1537 4066
1538 4063
1539 4065
1540 4065
1541 4066
1542 4063
1543 4069
1544 4061
1545 4063
1546 4063
1547 4065
1548 4065
1549 4065
1550 4066
1551 4066
1552 4063
1553 4063
1554 4065
1555 4062
1556 4067
1557 4063
1558 4066
1559 4066
1560 4067
1561 4065
1562 4060
1563 4063
1564 4062
1565 4062
1566 4064
1567 4068
1568 4063
1569 4065
1570 4065
1571 4066
1572 4067
1573 4061
1574 4063
1575 4063
1576 4063
1577 4063
1578 4061
1579 4062
1580 4065
1581 4066
1582 4066
1583 4063
1584 4063
1585 4065
1586 4065
1587 4067
1588 4065
1589 4063
1590 4063
1591 4063
1592 4062
1593 4063
1594 4065
1595 4063
1596 4067
1597 4062
1598 4063
1599 4065
1600 4062
1601 4066
1602 4066
1603 4063
1604 4061
1605 4063
1606 4065
1607 4063
1608 4062
1609 4062
1610 4063
1611 4062
1612 4062
1613 4067
1614 4066
1615 4063
1616 4062
1617 4063
1618 4065
1619 4068
1620 4063
1621 4063
1622 4062
1623 4063
1624 4062
1625 4062
1626 4063
1627 4061
1628 4063
1629 4064
1630 4063
1631 4066
1632 4062
1633 4062
1634 4063
1635 4067
1636 4059
1637 4064
1638 4062
1639 4063
1640 4063
1641 4065
1642 4066
1643 4062
1644 4062
1645 4063
1646 4064
1647 4063
1648 4063
1649 4067
1650 4062
1651 4068
1652 4062
1653 4062
1654 4067
1655 4065
1656 4065
1657 4065
1658 4063
1659 4066
1660 4065
1661 4062
1662 4067
1663 4063
1664 4062
1665 4063
1666 4063
1667 4062
1668 4063
1669 4066
1670 4063
1671 4063
1672 4063
1673 4066
1674 4063
1675 4066
1676 4063
1677 4066
1678 4065
1679 4063
1680 4063
1681 4067
1682 4065
1683 4066
1684 4063
1685 4063
1686 4060
1687 4062
1688 4063
1689 4063
1690 4066
1691 4063
1692 4063
1693 4063
1694 4063
1695 4065
1696 4063
1697 4063
1698 4063
1699 4063
1700 4063
1701 4069
1702 4062
1703 4063
1704 4063
1705 4067
1706 4063
1707 4065
1708 4063
1709 4064
1710 4063
1711 4062
1712 4064
1713 4063
1714 4063
1715 4065
1716 4064
1717 4064
1718 4063
1719 4065
1720 4062
1721 4065
1722 4069
1723 4068
1724 4062
1725 4063
1726 4063
1727 4065
1728 4066
1729 4065
1730 4063
1731 4062
1732 4067
1733 4066
1734 4060
1735 4065
1736 4062
1737 4066
1738 4065
1739 4064
1740 4063
1741 4063
1742 4063
1743 4062
1744 4067
1745 4063
1746 4063
1747 4062
1748 4065
1749 4062
1750 4063
1751 4066
1752 4060
1753 4066
1754 4065
1755 4063
1756 4065
1757 4067
1758 4063
1759 4066
1760 4062
1761 4063
1762 4063
1763 4063
1764 4063
1765 4062
1766 4062
1767 4068
1768 4060
1769 4064
1770 4063
1771 4063
1772 4063
1773 4063
1774 4061
1775 4065
1776 4062
1777 4067
1778 4063
1779 4066
1780 4062
1781 4063
1782 4066
1783 4063
1784 4063
1785 4063
1786 4064
1787 4065
1788 4061
1789 4063
1790 4062
1791 4063
1792 4066
1793 4062
1794 4066
1795 4066
1796 4063
1797 4063
1798 4066
1799 4063
1800 4063
1801 4068
1802 4062
1803 4062
1804 4064
1805 4063
1806 4063
1807 4066
1808 4060
1809 4066
1810 4063
1811 4063
1812 4063
1813 4063
1814 4065
1815 4064
1816 4065
1817 4062
1818 4063
1819 4065
1820 4061
1821 4061
1822 4062
1823 4063
1824 4059
1825 4060
1826 4063
1827 4066
1828 4067
1829 4065
1830 4063
1831 4062
1832 4063
1833 4066
1834 4061
1835 4063
1836 4063
1837 4063
1838 4061
1839 4065
1840 4063
1841 4066
1842 4063
1843 4070
1844 4063
1845 4066
1846 4060
1847 4063
1848 4063
1849 4065
1850 4063
1851 4068
1852 4062
1853 4065
1854 4063
1855 4065
1856 4063
1857 4062
1858 4063
1859 4062
1860 4063
1861 4063
1862 4063
1863 4066
1864 4063
1865 4062
1866 4063
1867 4063
1868 4063
1869 4067
1870 4060
1871 4063
1872 4066
1873 4063
1874 4063
1875 4062
1876 4066
1877 4060
1878 4062
1879 4065
1880 4063
1881 4063
1882 4066
1883 4062
1884 4063
1885 4060
1886 4063
1887 4063
1888 4062
1889 4065
1890 4062
1891 4066
1892 4063
1893 4062
1894 4065
1895 4063
1896 4063
1897 4063
1898 4063
1899 4066
1900 4065
1901 4068
1902 4059
1903 4066
1904 4065
1905 4063
1906 4063
1907 4066
1908 4063
1909 4063
1910 4063
1911 4067
1912 4063
1913 4066
1914 4064
1915 4062
1916 4064
1917 4067
1918 4063
1919 4066
1920 4062
1921 4063
1922 4062
1923 4065
1924 4065
1925 4063
1926 4063
1927 4063
1928 4062
1929 4065
1930 4066
1931 4063
1932 4063
1933 4062
1934 4061
1935 4062
1936 4063
1937 4065
1938 4065
1939 4062
1940 4063
1941 4063
1942 4063
1943 4065
1944 4064
1945 4063
1946 4063
1947 4063
1948 4063
1949 4063
1950 4061
1951 4066
1952 4060
1953 4063
1954 4062
1955 4064
1956 4063
1957 4065
1958 4063
1959 4060
1960 4063
1961 4063
1962 4062
1963 4065
1964 4062
1965 4062
1966 4062
1967 4062
1968 4063
1969 4064
1970 4067
1971 4065
1972 4066
1973 4066
1974 4063
1975 4065
1976 4066
1977 4063
1978 4063
1979 4062
1980 4063
1981 4063
1982 4065
1983 4066
1984 4065
1985 4063
1986 4063
1987 4063
1988 4063
1989 4061
1990 4063
1991 4063
1992 4067
1993 4064
1994 4065
1995 4065
1996 4065
1997 4065
1998 4063
1999 4063
2000 4063
2001 4070
2002 4066
2003 4063
2004 4062
2005 4065
2006 4063
2007 4063
2008 4062
2009 4062
2010 4062
2011 4060
2012 4068
2013 4066
2014 4063
2015 4063
2016 4063
2017 4062
2018 4065
2019 4067
2020 4065
2021 4061
2022 4062
2023 4066
2024 4066
2025 4066
2026 4062
2027 4062
2028 4063
2029 4062
2030 4062
2031 4062
2032 4062
2033 4063
2034 4062
2035 4061
2036 4067
2037 4063
2038 4061
2039 4063
2040 4062
2041 4061
2042 4063
2043 4061
2044 4065
2045 4062
2046 4063
2047 4062
2048 4063
2049 4064
2050 4066
2051 4065
2052 4060
2053 4063
2054 4063
2055 4062
2056 4060
2057 4063
2058 4063
2059 4063
2060 4062
2061 4062
2062 4062
2063 4063
2064 4066
2065 4062
2066 4063
2067 4063
2068 4063
2069 4063
2070 4063
2071 4062
2072 4066
2073 4063
2074 4065
2075 4062
2076 4066
2077 4067
2078 4063
2079 4063
2080 4065
2081 4062
2082 4063
2083 4063
2084 4063
2085 4066
2086 4062
2087 4063
2088 4063
2089 4063
2090 4063
2091 4066
2092 4063
2093 4062
2094 4063
2095 4066
2096 4063
2097 4067
2098 4063
2099 4063
2100 4061
2101 4064
2102 4058
2103 4066
2104 4062
2105 4067
2106 4063
2107 4065
2108 4062
2109 4063
2110 4063
2111 4061
2112 4063
2113 4063
2114 4063
2115 4067
2116 4061
2117 4065
2118 4062
2119 4066
2120 4059
2121 4063
2122 4063
2123 4062
2124 4065
2125 4063
2126 4062
2127 4063
2128 4061
2129 4063
2130 4063
2131 4059
2132 4063
2133 4067
2134 4063
2135 4063
2136 4062
2137 4064
2138 4063
2139 4065
2140 4065
2141 4063
2142 4063
2143 4063
2144 4062
2145 4065
2146 4062
2147 4064
2148 4063
2149 4062
2150 4062
2151 4066
2152 4059
2153 4062
2154 4065
2155 4061
2156 4062
2157 4062
2158 4062
2159 4066
2160 4063
2161 4062
2162 4063
2163 4063
2164 4063
2165 4063
2166 4065
2167 4063
2168 4062
2169 4065
2170 4061
2171 4063
2172 4064
2173 4063
2174 4060
2175 4065
2176 4063
2177 4066
2178 4065
2179 4062
2180 4062
2181 4066
2182 4062
2183 4063
2184 4063
2185 4066
2186 4062
2187 4063
2188 4063
2189 4066
2190 4063
2191 4063
2192 4062
2193 4062
2194 4063
2195 4063
2196 4062
2197 4066
2198 4063
2199 4061
2200 4060
2201 4063
2202 4061
2203 4063
2204 4063
2205 4063
2206 4062
2207 4063
2208 4062
2209 4062
2210 4062
2211 4066
2212 4062
2213 4066
2214 4062
2215 4067
2216 4062
2217 4063
2218 4063
2219 4063
2220 4063
2221 4063
2222 4065
2223 4062
2224 4063
2225 4066
2226 4065
2227 4063
2228 4063
2229 4068
2230 4062
2231 4063
2232 4065
2233 4062
2234 4066
2235 4062
2236 4063
2237 4063
2238 4062
2239 4063
2240 4062
2241 4063
2242 4061
2243 4065
2244 4065
2245 4060
2246 4062
2247 4063
2248 4063
2249 4063
2250 4063
2251 4065
2252 4060
2253 4063
2254 4066
2255 4063
2256 4063
2257 4063
2258 4062
2259 4063
2260 4063
2261 4063
2262 4062
2263 4062
2264 4065
2265 4063
2266 4061
2267 4063
2268 4061
2269 4065
2270 4063
2271 4063
2272 4063
2273 4065
2274 4057
2275 4066
2276 4062
2277 4064
2278 4066
2279 4063
2280 4060
2281 4063
2282 4066
2283 4062
2284 4059
2285 4062
2286 4060
2287 4066
2288 4062
2289 4062
2290 4064
2291 4063
2292 4065
2293 4063
2294 4060
2295 4063
2296 4065
2297 4062
2298 4066
2299 4063
2300 4063
2301 4063
2302 4061
2303 4063
2304 4062
2305 4065
2306 4062
2307 4063
2308 4065
2309 4062
2310 4063
2311 4063
2312 4062
2313 4065
2314 4061
2315 4063
2316 4063
2317 4063
2318 4062
2319 4063
2320 4063
2321 4062
2322 4063
2323 4062
2324 4062
2325 4063
2326 4066
2327 4061
2328 4063
2329 4063
2330 4063
2331 4065
2332 4060
2333 4063
2334 4063
2335 4063
2336 4065
2337 4063
2338 4063
2339 4067
2340 4063
2341 4063
2342 4066
2343 4062
2344 4063
2345 4065
2346 4066
2347 4065
2348 4062
2349 4062
2350 4063
2351 4067
2352 4061
2353 4062
2354 4060
2355 4067
2356 4062
2357 4062
2358 4062
2359 4063
2360 4062
2361 4062
2362 4061
2363 4064
2364 4063
2365 4061
2366 4063
2367 4063
2368 4063
2369 4067
2370 4063
2371 4063
2372 4062
2373 4063
2374 4065
2375 4062
2376 4061
2377 4063
2378 4063
2379 4063
2380 4065
2381 4062
2382 4063
2383 4063
2384 4063
2385 4062
2386 4063
2387 4063
2388 4063
2389 4063
2390 4063
2391 4063
2392 4062
2393 4063
2394 4063
2395 4062
2396 4060
2397 4066
2398 4066
2399 4063
2400 4065
2401 4065
2402 4060
2403 4062
2404 4063
2405 4062
2406 4063
2407 4063
2408 4059
2409 4063
2410 4062
2411 4061
2412 4060
2413 4063
2414 4065
2415 4063
2416 4060
2417 4066
2418 4063
2419 4063
2420 4066
2421 4063
2422 4062
2423 4061
2424 4065
2425 4065
2426 4061
2427 4062
2428 4062
2429 4062
2430 4063
2431 4062
2432 4063
2433 4066
2434 4063
2435 4063
2436 4063
2437 4063
2438 4066
2439 4063
2440 4062
2441 4066
2442 4065
2443 4063
2444 4063
2445 4065
2446 4063
2447 4063
2448 4063
2449 4063
2450 4063
2451 4066
2452 4059
2453 4065
2454 4066
2455 4061
2456 4063
2457 4063
2458 4063
2459 4064
2460 4065
2461 4064
2462 4063
2463 4063
2464 4063
2465 4065
2466 4059
2467 4065
2468 4061
2469 4063
2470 4063
2471 4061
2472 4061
2473 4063
2474 4063
2475 4062
2476 4063
2477 4063
2478 4063
2479 4064
2480 4063
2481 4063
2482 4060
2483 4063
2484 4066
2485 4063
2486 4063
2487 4065
2488 4066
2489 4067
2490 4062
2491 4066
2492 4064
2493 4060
2494 4062
2495 4063
2496 4062
2497 4063
2498 4063
2499 4063
2500 4066
2501 4068
2502 4062
2503 4066
2504 4063
2505 4063
2506 4061
2507 4065
2508 4062
2509 4063
2510 4063
2511 4067
2512 4062
2513 4062
2514 4065
2515 4065
2516 4061
2517 4069
2518 4062
2519 4063
2520 4063
2521 4061
2522 4065
2523 4067
2524 4062
2525 4063
2526 4063
2527 4063
2528 4061
2529 4063
2530 4065
2531 4063
2532 4066
2533 4063
2534 4063
2535 4063
2536 4064
2537 4063
2538 4063
2539 4066
2540 4060
2541 4063
2542 4064
2543 4060
2544 4068
2545 4063
2546 4065
2547 4062
2548 4062
2549 4063
2550 4063
2551 4063
2552 4063
2553 4060
2554 4061
2555 4063
2556 4062
2557 4063
2558 4063
2559 4063
2560 4062
2561 4063
2562 4063
2563 4060
2564 4063
2565 4063
2566 4064
2567 4065
2568 4061
2569 4063
2570 4066
2571 4062
2572 4065
2573 4062
2574 4063
2575 4062
2576 4064
2577 4062
2578 4063
2579 4068
2580 4060
2581 4063
2582 4063
2583 4065
2584 4062
2585 4065
2586 4062
2587 4065
2588 4062
2589 4063
2590 4063
2591 4063
2592 4064
2593 4065
2594 4066
2595 4066
2596 4062
2597 4066
2598 4063
2599 4063
2600 4065
2601 4067
2602 4060
2603 4063
2604 4067
2605 4062
2606 4062
2607 4065
2608 4065
2609 4063
2610 4065
2611 4063
2612 4065
2613 4066
2614 4063
2615 4065
2616 4063
2617 4063
2618 4063
2619 4063
2620 4065
2621 4066
2622 4066
2623 4065
2624 4066
2625 4064
2626 4063
2627 4066
2628 4063
2629 4066
2630 4066
2631 4065
2632 4062
2633 4061
2634 4065
2635 4063
2636 4062
2637 4064
2638 4063
2639 4062
2640 4061
2641 4064
2642 4066
2643 4065
2644 4063
2645 4062
2646 4063
2647 4063
2648 4064
2649 4063
2650 4063
2651 4066
2652 4063
2653 4065
2654 4063
2655 4066
2656 4062
2657 4065
2658 4062
2659 4062
2660 4062
2661 4062
2662 4062
2663 4063
2664 4066
2665 4063
2666 4063
2667 4067
2668 4063
2669 4064
2670 4062
2671 4062
2672 4063
2673 4063
2674 4063
2675 4066
2676 4063
2677 4066
2678 4065
2679 4067
2680 4061
2681 4063
2682 4062
2683 4065
2684 4065
2685 4063
2686 4063
2687 4066
2688 4063
2689 4063
2690 4063
2691 4066
2692 4065
2693 4066
2694 4067
2695 4064
2696 4061
2697 4065
2698 4065
2699 4063
2700 4062
2701 4065
2702 4059
2703 4066
2704 4065
2705 4063
2706 4066
2707 4063
2708 4063
2709 4065
2710 4067
2711 4063
2712 4063
2713 4065
2714 4062
2715 4059
2716 4063
2717 4060
2718 4063
2719 4066
2720 4063
2721 4063
2722 4063
2723 4063
2724 4064
2725 4065
2726 4063
2727 4070
2728 4063
2729 4063
2730 4062
2731 4062
2732 4064
2733 4063
2734 4065
2735 4062
2736 4066
2737 4062
2738 4062
2739 4060
2740 4063
2741 4066
2742 4064
2743 4063
2744 4065
2745 4063
2746 4065
2747 4066
2748 4061
2749 4066
2750 4063
2751 4070
2752 4063
2753 4062
2754 4065
2755 4063
2756 4067
2757 4067
2758 4059
2759 4063
2760 4063
2761 4066
2762 4066
2763 4065
2764 4062
2765 4065
2766 4062
2767 4062
2768 4065
2769 4067
2770 4062
2771 4066
2772 4063
2773 4066
2774 4063
2775 4066
2776 4065
2777 4063
2778 4066
2779 4063
2780 4066
2781 4065
2782 4062
2783 4063
2784 4062
2785 4066
2786 4065
2787 4063
2788 4065
2789 4063
2790 4063
2791 4063
2792 4066
2793 4062
2794 4066
2795 4065
2796 4062
2797 4065
2798 4066
2799 4062
2800 4060
2801 4063
2802 4058
2803 4063
2804 4059
2805 4059
2806 4056
2807 4058
2808 4057
2809 4052
2810 4056
2811 4052
2812 4050
2813 4052
2814 4051
2815 4043
2816 4050
2817 4045
2818 4043
2819 4045
2820 4042
2821 4041
2822 4044
2823 4044
2824 4038
2825 4038
2826 4043
2827 4041
2828 4039
2829 4044
2830 4044
2831 4042
2832 4043
2833 4043
2834 4046
2835 4044
2836 4042
2837 4044
2838 4048
2839 4049
2840 4046
2841 4049
2842 4048
2843 4046
2844 4054
2845 4049
2846 4052
2847 4055
2848 4053
2849 4058
2850 4054
2851 4060
2852 4054
2853 4057
2854 4058
2855 4059
2856 4059
2857 4062
2858 4062
2859 4060
2860 4062
2861 4062
2862 4066
2863 4062
2864 4067
2865 4063
2866 4062
2867 4066
2868 4063
2869 4066
2870 4063
2871 4063
2872 4061
2873 4063
2874 4064
2875 4063
2876 4067
2877 4063
2878 4059
2879 4064
2880 4062
2881 4062
2882 4064
2883 4066
2884 4061
2885 4065
2886 4066
2887 4067
2888 4063
2889 4062
2890 4063
2891 4065
2892 4062
2893 4062
2894 4063
2895 4065
2896 4060
2897 4063
2898 4062
2899 4064
2900 4060
2901 4067
2902 4059
2903 4062
2904 4063
2905 4063
2906 4064
2907 4065
2908 4061
2909 4064
2910 4062
2911 4065
2912 4063
2913 4062
2914 4062
2915 4063
2916 4062
2917 4062
2918 4061
2919 4063
2920 4062
2921 4064
2922 4065
2923 4063
2924 4061
2925 4066
2926 4067
2927 4063
2928 4066
2929 4063
2930 4062
2931 4065
2932 4063
2933 4066
2934 4062
2935 4063
2936 4065
2937 4068
2938 4063
2939 4063
2940 4065
2941 4063
2942 4063
2943 4063
2944 4061
2945 4064
2946 4066
2947 4061
2948 4063
2949 4067
2950 4068
2951 4065
2952 4062
2953 4062
2954 4063
2955 4063
2956 4063
2957 4063
2958 4063
2959 4063
2960 4063
2961 4062
2962 4063
2963 4063
2964 4065
2965 4062
2966 4063
2967 4063
2968 4060
2969 4063
2970 4063
2971 4064
2972 4065
2973 4061
2974 4063
2975 4063
2976 4066
2977 4062
2978 4063
2979 4068
2980 4061
2981 4066
2982 4066
2983 4066
2984 4063
2985 4063
2986 4062
2987 4062
2988 4066
2989 4063
2990 4060
2991 4067
2992 4067
2993 4063
2994 4066
2995 4063
2996 4069
2997 4067
2998 4062
2999 4067
3000 4065
3001 4069
3002 4060
3003 4065
3004 4065
3005 4063
3006 4063
3007 4067
3008 4063
3009 4062
3010 4062
3011 4064
3012 4065
3013 4062
3014 4066
3015 4063
3016 4065
3017 4063
3018 4063
3019 4066
3020 4063
3021 4060
3022 4063
3023 4065
3024 4060
3025 4063
3026 4063
3027 4064
3028 4062
3029 4063
3030 4063
3031 4063
3032 4063
3033 4062
3034 4061
3035 4065
3036 4063
3037 4063
3038 4066
3039 4063
3040 4063
3041 4066
3042 4063
3043 4064
3044 4065
3045 4063
3046 4063
3047 4062
3048 4060
3049 4062
3050 4062
3051 4066
3052 4061
3053 4067
3054 4063
3055 4063
3056 4063
3057 4062
3058 4062
3059 4064
3060 4063
3061 4063
3062 4063
3063 4063
3064 4061
3065 4065
3066 4065
3067 4061
3068 4062
3069 4066
3070 4060
3071 4062
3072 4063
3073 4067
3074 4062
3075 4062
3076 4061
3077 4067
3078 4063
3079 4065
3080 4065
3081 4060
3082 4062
3083 4065
3084 4065
3085 4062
3086 4066
3087 4063
3088 4062
3089 4063
3090 4062
3091 4063
3092 4066
3093 4063
3094 4063
3095 4063
3096 4064
3097 4065
3098 4066
3099 4063
3100 4063
3101 4066
3102 4060
3103 4062
3104 4063
3105 4067
3106 4063
3107 4063
3108 4063
3109 4063
3110 4063
3111 4065
3112 4062
3113 4063
3114 4063
3115 4063
3116 4063
3117 4064
3118 4063
3119 4064
3120 4060
3121 4063
3122 4063
3123 4068
3124 4065
3125 4059
3126 4064
3127 4059
3128 4063
3129 4062
3130 4066
3131 4065
3132 4062
3133 4065
3134 4066
3135 4063
3136 4063
3137 4064
3138 4065
3139 4066
3140 4063
3141 4066
3142 4063
3143 4059
3144 4068
3145 4060
3146 4064
3147 4062
3148 4063
3149 4068
3150 4063
3151 4067
3152 4062
3153 4063
3154 4063
3155 4063
3156 4063
3157 4063
3158 4062
3159 4063
3160 4063
3161 4065
3162 4063
3163 4063
3164 4062
3165 4063
3166 4063
3167 4063
3168 4062
3169 4062
3170 4063
3171 4063
3172 4063
3173 4065
3174 4063
3175 4063
3176 4065
3177 4063
3178 4062
3179 4065
3180 4063
3181 4066
3182 4063
3183 4066
3184 4066
3185 4062
3186 4063
3187 4063
3188 4063
3189 4063
3190 4063
3191 4061
3192 4066
3193 4063
3194 4063
3195 4063
3196 4066
3197 4065
3198 4063
3199 4063
3200 4063
3201 4066
3202 4063
3203 4063
3204 4065
3205 4063
3206 4063
3207 4063
3208 4060
3209 4066
3210 4062
3211 4063
3212 4064
3213 4067
3214 4066
3215 4064
3216 4063
3217 4065
3218 4065
3219 4063
3220 4063
3221 4065
3222 4064
3223 4062
3224 4062
3225 4063
3226 4063
3227 4065
3228 4067
3229 4066
3230 4063
3231 4062
3232 4065
3233 4066
3234 4063
3235 4066
3236 4063
3237 4066
3238 4063
3239 4063
3240 4061
3241 4067
3242 4063
3243 4065
3244 4064
3245 4065
3246 4063
3247 4063
3248 4063
3249 4061
3250 4062
3251 4067
3252 4061
3253 4063
3254 4061
3255 4063
3256 4063
3257 4062
3258 4065
3259 4066
3260 4065
3261 4063
3262 4063
3263 4066
3264 4061
3265 4065
3266 4063
3267 4066
3268 4063
3269 4063
3270 4062
3271 4065
3272 4063
3273 4060
3274 4063
3275 4063
3276 4063
3277 4063
3278 4066
3279 4063
3280 4065
3281 4063
3282 4063
3283 4063
3284 4062
3285 4063
3286 4063
3287 4060
3288 4065
3289 4063
3290 4062
3291 4065
3292 4062
3293 4063
3294 4063
3295 4067
3296 4062
3297 4063
3298 4062
3299 4064
3300 4065
3301 4069
3302 4061
3303 4064
3304 4063
3305 4068
3306 4062
3307 4065
3308 4065
3309 4062
3310 4057
3311 4068
3312 4063
3313 4063
3314 4063
3315 4066
3316 4066
3317 4063
3318 4063
3319 4063
3320 4062
3321 4062
3322 4066
3323 4066
3324 4063
3325 4066
3326 4063
3327 4062
3328 4062
3329 4066
3330 4063
3331 4063
3332 4062
3333 4063
3334 4062
3335 4063
3336 4062
3337 4063
3338 4066
3339 4065
3340 4066
3341 4067
3342 4066
3343 4063
3344 4066
3345 4065
3346 4062
3347 4063
3348 4066
3349 4065
3350 4064
3351 4066
3352 4062
3353 4061
3354 4062
3355 4063
3356 4065
3357 4066
3358 4063
3359 4060
3360 4065
3361 4068
3362 4066
3363 4060
3364 4063
3365 4065
3366 4063
3367 4063
3368 4065
3369 4066
3370 4063
3371 4066
3372 4061
3373 4061
3374 4063
3375 4063
3376 4063
3377 4065
3378 4063
3379 4062
3380 4062
3381 4062
3382 4066
3383 4064
3384 4063
3385 4063
3386 4062
3387 4063
3388 4062
3389 4068
3390 4062
3391 4066
3392 4064
3393 4063
3394 4063
3395 4065
3396 4063
3397 4062
3398 4063
3399 4063
3400 4063
3401 4067
3402 4062
3403 4068
3404 4062
3405 4063
3406 4060
3407 4063
3408 4066
3409 4066
3410 4064
3411 4062
3412 4062
3413 4066
3414 4064
3415 4067
3416 4067
3417 4065
3418 4063
3419 4067
3420 4066
3421 4063
3422 4063
3423 4063
3424 4062
3425 4066
3426 4063
3427 4063
3428 4061
3429 4063
3430 4063
3431 4063
3432 4065
3433 4065
3434 4065
3435 4066
3436 4063
3437 4062
3438 4063
3439 4066
3440 4063
3441 4063
3442 4058
3443 4063
3444 4063
3445 4061
3446 4063
3447 4067
3448 4063
3449 4063
3450 4067
3451 4063
3452 4060
3453 4066
3454 4066
3455 4063
3456 4062
3457 4066
3458 4063
3459 4063
3460 4063
3461 4061
3462 4063
3463 4065
3464 4063
3465 4063
3466 4067
3467 4066
3468 4061
3469 4062
3470 4063
3471 4063
3472 4063
3473 4064
3474 4065
3475 4065
3476 4063
3477 4063
3478 4063
3479 4063
3480 4066
3481 4063
3482 4063
3483 4065
3484 4063
3485 4062
3486 4068
3487 4062
3488 4063
3489 4063
3490 4063
3491 4067
3492 4067
3493 4065
3494 4064
3495 4063
3496 4063
3497 4061
3498 4062
3499 4062
3500 4063
3501 4068
3502 4061
3503 4065
3504 4066
3505 4063
3506 4066
3507 4067
3508 4062
3509 4067
3510 4065
3511 4067
3512 4062
3513 4063
3514 4063
3515 4066
3516 4061
3517 4065
3518 4063
3519 4063
3520 4062
3521 4063
3522 4063
3523 4065
3524 4063
3525 4066
3526 4066
3527 4065
3528 4063
3529 4067
3530 4063
3531 4066
3532 4062
3533 4063
3534 4065
3535 4063
3536 4063
3537 4063
3538 4063
3539 4065
3540 4065
3541 4063
3542 4066
3543 4062
3544 4067
3545 4066
3546 4066
3547 4065
3548 4063
3549 4063
3550 4060
3551 4063
3552 4061
3553 4066
3554 4063
3555 4065
3556 4066
3557 4063
3558 4063
3559 4069
3560 4066
3561 4063
3562 4063
3563 4063
3564 4063
3565 4067
3566 4066
3567 4063
3568 4063
3569 4063
3570 4063
3571 4067
3572 4063
3573 4066
3574 4068
3575 4065
3576 4065
3577 4063
3578 4063
3579 4063
3580 4068
3581 4064
3582 4063
3583 4062
3584 4063
3585 4062
3586 4062
3587 4067
3588 4062
3589 4065
3590 4061
3591 4065
3592 4065
3593 4062
3594 4063
3595 4063
3596 4059
3597 4063
3598 4063
3599 4063
3600 4063
3601 4063
3602 4062
3603 4064
3604 4063
3605 4063
3606 4062
3607 4065
3608 4063
3609 4064
3610 4065
3611 4065
3612 4065
3613 4063
3614 4063
3615 4064
3616 4065
3617 4066
3618 4066
3619 4063
3620 4061
3621 4063
3622 4062
3623 4063
3624 4063
3625 4062
3626 4066
3627 4062
3628 4063
3629 4065
3630 4063
3631 4063
3632 4063
3633 4063
3634 4063
3635 4063
3636 4067
3637 4066
3638 4063
3639 4066
3640 4063
3641 4062
3642 4063
3643 4065
3644 4065
3645 4063
3646 4062
3647 4061
3648 4065
3649 4062
3650 4065
3651 4064
3652 4065
3653 4062
3654 4062
3655 4066
3656 4063
3657 4062
3658 4063
3659 4063
3660 4063
3661 4067
3662 4057
3663 4061
3664 4063
3665 4066
3666 4063
3667 4066
3668 4063
3669 4065
3670 4063
3671 4063
3672 4064
3673 4062
3674 4062
3675 4066
3676 4063
3677 4066
3678 4061
3679 4063
3680 4062
3681 4063
3682 4066
3683 4066
3684 4062
3685 4065
3686 4060
3687 4067
3688 4062
3689 4065
3690 4063
3691 4063
3692 4062
3693 4065
3694 4065
