#Data from the TCD1304 linear CCD
#column 1 = pixelnumber , column 2 = pixelvalue
#Pixel 1-32 and 3679-3694 and are dummy pixels
#SH-period: 200    ICG-period: 100000    Integration time: 100.0 us
2 4039
3 4042
4 4063
5 4061
6 4062
7 4062
8 4062
9 4062
10 4061
11 4063
12 4058
13 4063
14 4060
15 4061
16 4062
17 4062
18 4063
19 4060
20 4060
21 4061
22 4063
23 4060
24 4062
25 4062
26 4061
27 4061
28 4063
29 4062
30 4061
31 4058
32 4061
34 4058
35 4062
36 4058
37 4058
38 4061
39 4062
40 4061
41 4061
42 4061
43 4061
44 4060
45 4063
46 4060
47 4059
48 4058
49 4060
50 4058
51 4061
52 4060
53 4062
54 4059
55 4062
56 4063
57 4062
58 4063
59 4060
60 4065
61 4062
62 4061
63 4063
64 4060
65 4061
66 4058
67 4061
68 4061
69 4062
70 4058
71 4062
72 4058
73 4061
74 4062
75 4062
76 4061
77 4059
78 4062
79 4061
80 4061
81 4062
82 4061
83 4060
84 4063
85 4060
86 4062
87 4063
88 4065
89 4062
90 4060
91 4060
92 4059
93 4058
94 4061
95 4061
96 4059
97 4060
98 4060
99 4063
100 4062
101 4066
102 4060
103 4060
104 4058
105 4061
106 4062
107 4063
108 4060
109 4062
110 4061
111 4060
112 4058
113 4062
114 4062
115 4063
116 4062
117 4059
118 4059
119 4062
120 4063
121 4060
122 4058
123 4058
124 4063
125 4059
126 4059
127 4060
128 4061
129 4061
130 4063
131 4062
132 4061
133 4062
134 4063
135 4060
136 4063
137 4062
138 4062
139 4058
140 4062
141 4059
142 4061
143 4062
144 4059
145 4060
146 4060
147 4063
148 4063
149 4062
150 4060
151 4062
152 4061
153 4058
154 4059
155 4058
156 4058
157 4059
158 4059
159 4061
160 4061
161 4063
162 4060
163 4062
164 4061
165 4061
166 4061
167 4061
168 4058
169 4060
170 4058
171 4063
172 4058
173 4059
174 4063
175 4058
176 4059
177 4060
178 4060
179 4063
180 4058
181 4061
182 4061
183 4062
184 4059
185 4060
186 4062
187 4061
188 4063
189 4060
190 4059
191 4060
192 4059
193 4063
194 4062
195 4061
196 4059
197 4063
198 4061
199 4060
200 4061
201 4061
202 4056
203 4060
204 4063
205 4059
206 4059
207 4059
208 4062
209 4062
210 4060
211 4061
212 4060
213 4063
214 4057
215 4060
216 4062
217 4063
218 4060
219 4062
220 4061
221 4062
222 4059
223 4061
224 4060
225 4062
226 4061
227 4058
228 4062
229 4059
230 4063
231 4062
232 4058
233 4062
234 4060
235 4063
236 4062
237 4062
238 4062
239 4058
240 4061
241 4063
242 4061
243 4063
244 4059
245 4060
246 4060
247 4060
248 4060
249 4063
250 4062
251 4063
252 4059
253 4059
254 4060
255 4061
256 4062
257 4060
258 4059
259 4059
260 4059
261 4060
262 4061
263 4062
264 4060
265 4063
266 4061
267 4060
268 4062
269 4062
270 4062
271 4062
272 4060
273 4063
274 4061
275 4057
276 4061
277 4061
278 4058
279 4058
280 4062
281 4061
282 4058
283 4062
284 4061
285 4060
286 4061
287 4060
288 4063
289 4060
290 4060
291 4063
292 4062
293 4060
294 4061
295 4063
296 4060
297 4062
298 4060
299 4063
300 4060
301 4063
302 4060
303 4058
304 4059
305 4060
306 4061
307 4062
308 4056
309 4057
310 4059
311 4060
312 4061
313 4063
314 4061
315 4061
316 4062
317 4063
318 4063
319 4062
320 4059
321 4063
322 4058
323 4063
324 4062
325 4063
326 4059
327 4062
328 4060
329 4063
330 4062
331 4062
332 4065
333 4061
334 4062
335 4060
336 4062
337 4066
338 4060
339 4060
340 4060
341 4061
342 4059
343 4061
344 4063
345 4061
346 4061
347 4060
348 4059
349 4063
350 4061
351 4063
352 4061
353 4061
354 4060
355 4061
356 4060
357 4059
358 4063
359 4063
360 4059
361 4060
362 4063
363 4063
364 4063
365 4062
366 4062
367 4063
368 4058
369 4060
370 4059
371 4061
372 4061
373 4061
374 4060
375 4059
376 4061
377 4060
378 4062
379 4060
380 4060
381 4063
382 4059
383 4060
384 4061
385 4061
386 4062
387 4060
388 4059
389 4061
390 4059
391 4061
392 4060
393 4061
394 4060
395 4060
396 4061
397 4060
398 4059
399 4062
400 4062
401 4068
402 4056
403 4059
404 4060
405 4060
406 4063
407 4059
408 4059
409 4062
410 4061
411 4062
412 4060
413 4060
414 4063
415 4058
416 4060
417 4061
418 4061
419 4061
420 4061
421 4062
422 4060
423 4061
424 4061
425 4056
426 4060
427 4063
428 4060
429 4063
430 4062
431 4063
432 4059
433 4063
434 4060
435 4062
436 4063
437 4062
438 4062
439 4060
440 4059
441 4061
442 4060
443 4062
444 4062
445 4062
446 4060
447 4062
448 4061
449 4063
450 4060
451 4062
452 4062
453 4063
454 4059
455 4061
456 4060
457 4062
458 4062
459 4060
460 4062
461 4063
462 4061
463 4061
464 4060
465 4061
466 4061
467 4061
468 4061
469 4061
470 4061
471 4062
472 4063
473 4060
474 4062
475 4060
476 4060
477 4059
478 4059
479 4061
480 4060
481 4062
482 4060
483 4058
484 4058
485 4063
486 4063
487 4058
488 4066
489 4063
490 4059
491 4060
492 4061
493 4063
494 4061
495 4062
496 4061
497 4060
498 4059
499 4062
500 4062
501 4063
502 4057
503 4063
504 4059
505 4061
506 4059
507 4063
508 4062
509 4060
510 4058
511 4063
512 4060
513 4062
514 4061
515 4063
516 4062
517 4061
518 4061
519 4062
520 4062
521 4062
522 4060
523 4060
524 4062
525 4060
526 4062
527 4062
528 4062
529 4060
530 4062
531 4062
532 4061
533 4058
534 4061
535 4058
536 4062
537 4058
538 4063
539 4058
540 4061
541 4062
542 4062
543 4059
544 4062
545 4061
546 4059
547 4061
548 4060
549 4060
550 4060
551 4063
552 4057
553 4062
554 4061
555 4063
556 4062
557 4062
558 4059
559 4061
560 4059
561 4061
562 4062
563 4063
564 4061
565 4063
566 4059
567 4058
568 4062
569 4063
570 4059
571 4061
572 4060
573 4060
574 4060
575 4061
576 4060
577 4062
578 4062
579 4060
580 4063
581 4063
582 4063
583 4062
584 4061
585 4062
586 4058
587 4062
588 4062
589 4060
590 4060
591 4061
592 4060
593 4058
594 4060
595 4062
596 4060
597 4062
598 4058
599 4060
600 4060
601 4063
602 4061
603 4060
604 4060
605 4057
606 4062
607 4062
608 4061
609 4060
610 4062
611 4062
612 4061
613 4062
614 4061
615 4063
616 4060
617 4060
618 4060
619 4063
620 4060
621 4059
622 4061
623 4061
624 4060
625 4061
626 4059
627 4060
628 4060
629 4059
630 4060
631 4061
632 4061
633 4063
634 4061
635 4059
636 4062
637 4058
638 4061
639 4061
640 4062
641 4060
642 4061
643 4060
644 4058
645 4062
646 4062
647 4060
648 4060
649 4060
650 4060
651 4061
652 4060
653 4062
654 4063
655 4063
656 4061
657 4059
658 4062
659 4060
660 4059
661 4065
662 4061
663 4062
664 4060
665 4058
666 4061
667 4063
668 4061
669 4060
670 4058
671 4062
672 4061
673 4063
674 4061
675 4063
676 4062
677 4062
678 4059
679 4061
680 4062
681 4060
682 4059
683 4061
684 4062
685 4061
686 4062
687 4062
688 4059
689 4062
690 4063
691 4061
692 4062
693 4062
694 4065
695 4062
696 4063
697 4061
698 4063
699 4062
700 4061
701 4063
702 4058
703 4060
704 4062
705 4063
706 4061
707 4060
708 4058
709 4061
710 4062
711 4063
712 4058
713 4063
714 4060
715 4061
716 4061
717 4063
718 4061
719 4062
720 4058
721 4061
722 4062
723 4061
724 4061
725 4062
726 4061
727 4060
728 4062
729 4059
730 4061
731 4060
732 4062
733 4059
734 4060
735 4061
736 4059
737 4061
738 4063
739 4062
740 4062
741 4058
742 4065
743 4061
744 4061
745 4059
746 4062
747 4059
748 4060
749 4061
750 4060
751 4062
752 4059
753 4061
754 4060
755 4061
756 4064
757 4060
758 4060
759 4059
760 4059
761 4060
762 4060
763 4062
764 4063
765 4062
766 4062
767 4060
768 4061
769 4062
770 4060
771 4062
772 4062
773 4061
774 4061
775 4060
776 4063
777 4060
778 4062
779 4060
780 4063
781 4062
782 4060
783 4060
784 4062
785 4063
786 4063
787 4059
788 4062
789 4060
790 4060
791 4060
792 4060
793 4062
794 4061
795 4060
796 4063
797 4061
798 4059
799 4062
800 4061
801 4065
802 4059
803 4058
804 4063
805 4063
806 4063
807 4060
808 4066
809 4063
810 4062
811 4063
812 4061
813 4060
814 4062
815 4063
816 4060
817 4063
818 4058
819 4063
820 4058
821 4060
822 4061
823 4062
824 4061
825 4059
826 4060
827 4059
828 4062
829 4061
830 4062
831 4059
832 4058
833 4060
834 4059
835 4060
836 4063
837 4062
838 4059
839 4060
840 4062
841 4060
842 4062
843 4061
844 4060
845 4062
846 4059
847 4065
848 4057
849 4061
850 4059
851 4062
852 4058
853 4062
854 4062
855 4059
856 4060
857 4061
858 4062
859 4058
860 4060
861 4063
862 4060
863 4063
864 4060
865 4061
866 4062
867 4061
868 4061
869 4060
870 4062
871 4060
872 4061
873 4060
874 4062
875 4061
876 4061
877 4060
878 4060
879 4061
880 4058
881 4061
882 4058
883 4062
884 4061
885 4059
886 4062
887 4059
888 4063
889 4061
890 4062
891 4058
892 4060
893 4061
894 4062
895 4061
896 4063
897 4061
898 4060
899 4062
900 4060
901 4062
902 4058
903 4059
904 4062
905 4060
906 4063
907 4062
908 4063
909 4059
910 4059
911 4062
912 4062
913 4063
914 4063
915 4062
916 4063
917 4060
918 4061
919 4062
920 4062
921 4063
922 4059
923 4062
924 4062
925 4062
926 4060
927 4063
928 4061
929 4060
930 4062
931 4060
932 4063
933 4060
934 4061
935 4063
936 4062
937 4060
938 4063
939 4061
940 4062
941 4061
942 4063
943 4063
944 4062
945 4061
946 4062
947 4060
948 4063
949 4063
950 4058
951 4063
952 4060
953 4059
954 4061
955 4059
956 4063
957 4060
958 4059
959 4062
960 4061
961 4063
962 4062
963 4062
964 4062
965 4059
966 4059
967 4062
968 4057
969 4060
970 4062
971 4058
972 4060
973 4060
974 4062
975 4062
976 4062
977 4060
978 4058
979 4059
980 4063
981 4062
982 4061
983 4061
984 4060
985 4062
986 4062
987 4062
988 4062
989 4062
990 4058
991 4060
992 4062
993 4060
994 4062
995 4062
996 4060
997 4061
998 4060
999 4059
1000 4061
1001 4060
1002 4058
1003 4063
1004 4056
1005 4061
1006 4062
1007 4060
1008 4060
1009 4061
1010 4062
1011 4059
1012 4057
1013 4062
1014 4061
1015 4062
1016 4059
1017 4060
1018 4061
1019 4060
1020 4061
1021 4059
1022 4061
1023 4062
1024 4059
1025 4060
1026 4062
1027 4060
1028 4060
1029 4061
1030 4059
1031 4062
1032 4061
1033 4059
1034 4060
1035 4059
1036 4061
1037 4062
1038 4059
1039 4060
1040 4058
1041 4062
1042 4063
1043 4060
1044 4061
1045 4062
1046 4061
1047 4062
1048 4061
1049 4058
1050 4062
1051 4063
1052 4059
1053 4059
1054 4059
1055 4060
1056 4060
1057 4060
1058 4062
1059 4059
1060 4063
1061 4063
1062 4060
1063 4063
1064 4062
1065 4062
1066 4060
1067 4062
1068 4062
1069 4062
1070 4061
1071 4059
1072 4063
1073 4058
1074 4060
1075 4061
1076 4061
1077 4062
1078 4059
1079 4063
1080 4060
1081 4061
1082 4058
1083 4060
1084 4063
1085 4061
1086 4060
1087 4060
1088 4060
1089 4062
1090 4062
1091 4061
1092 4061
1093 4060
1094 4059
1095 4062
1096 4063
1097 4066
1098 4060
1099 4062
1100 4058
1101 4060
1102 4058
1103 4063
1104 4060
1105 4061
1106 4061
1107 4063
1108 4060
1109 4060
1110 4062
1111 4063
1112 4060
1113 4062
1114 4059
1115 4062
1116 4063
1117 4063
1118 4061
1119 4063
1120 4059
1121 4061
1122 4060
1123 4063
1124 4062
1125 4060
1126 4061
1127 4061
1128 4063
1129 4060
1130 4061
1131 4060
1132 4063
1133 4060
1134 4059
1135 4058
1136 4058
1137 4060
1138 4060
1139 4063
1140 4060
1141 4062
1142 4062
1143 4062
1144 4065
1145 4058
1146 4059
1147 4063
1148 4061
1149 4062
1150 4062
1151 4063
1152 4059
1153 4062
1154 4062
1155 4061
1156 4059
1157 4062
1158 4058
1159 4059
1160 4058
1161 4059
1162 4061
1163 4061
1164 4059
1165 4062
1166 4062
1167 4062
1168 4061
1169 4059
1170 4061
1171 4061
1172 4061
1173 4060
1174 4060
1175 4059
1176 4063
1177 4060
1178 4061
1179 4059
1180 4062
1181 4063
1182 4062
1183 4061
1184 4061
1185 4062
1186 4062
1187 4062
1188 4062
1189 4063
1190 4061
1191 4063
1192 4062
1193 4061
1194 4062
1195 4060
1196 4062
1197 4060
1198 4059
1199 4063
1200 4063
1201 4063
1202 4058
1203 4060
1204 4062
1205 4063
1206 4062
1207 4061
1208 4060
1209 4061
1210 4058
1211 4063
1212 4060
1213 4062
1214 4062
1215 4062
1216 4056
1217 4061
1218 4062
1219 4061
1220 4062
1221 4062
1222 4062
1223 4059
1224 4060
1225 4061
1226 4063
1227 4063
1228 4062
1229 4063
1230 4060
1231 4062
1232 4062
1233 4060
1234 4059
1235 4065
1236 4064
1237 4061
1238 4061
1239 4063
1240 4062
1241 4063
1242 4059
1243 4060
1244 4062
1245 4062
1246 4059
1247 4061
1248 4062
1249 4060
1250 4063
1251 4062
1252 4061
1253 4063
1254 4062
1255 4059
1256 4063
1257 4060
1258 4061
1259 4062
1260 4061
1261 4059
1262 4059
1263 4058
1264 4060
1265 4063
1266 4062
1267 4059
1268 4060
1269 4061
1270 4061
1271 4060
1272 4062
1273 4059
1274 4060
1275 4060
1276 4062
1277 4061
1278 4060
1279 4061
1280 4062
1281 4061
1282 4060
1283 4062
1284 4062
1285 4060
1286 4063
1287 4060
1288 4059
1289 4062
1290 4062
1291 4061
1292 4061
1293 4063
1294 4061
1295 4063
1296 4061
1297 4063
1298 4059
1299 4063
1300 4062
1301 4063
1302 4059
1303 4061
1304 4060
1305 4061
1306 4061
1307 4062
1308 4062
1309 4061
1310 4062
1311 4062
1312 4059
1313 4061
1314 4060
1315 4062
1316 4063
1317 4060
1318 4063
1319 4060
1320 4058
1321 4061
1322 4060
1323 4063
1324 4061
1325 4059
1326 4059
1327 4062
1328 4062
1329 4062
1330 4060
1331 4062
1332 4060
1333 4063
1334 4063
1335 4061
1336 4062
1337 4058
1338 4061
1339 4060
1340 4059
1341 4057
1342 4060
1343 4062
1344 4063
1345 4063
1346 4058
1347 4062
1348 4061
1349 4062
1350 4063
1351 4063
1352 4059
1353 4058
1354 4060
1355 4060
1356 4062
1357 4062
1358 4062
1359 4061
1360 4060
1361 4060
1362 4061
1363 4062
1364 4063
1365 4062
1366 4059
1367 4060
1368 4061
1369 4058
1370 4060
1371 4060
1372 4062
1373 4060
1374 4061
1375 4062
1376 4058
1377 4063
1378 4058
1379 4061
1380 4058
1381 4059
1382 4060
1383 4061
1384 4059
1385 4063
1386 4062
1387 4062
1388 4060
1389 4062
1390 4062
1391 4060
1392 4063
1393 4063
1394 4058
1395 4060
1396 4062
1397 4059
1398 4062
1399 4062
1400 4060
1401 4062
1402 4061
1403 4062
1404 4061
1405 4063
1406 4060
1407 4060
1408 4062
1409 4062
1410 4061
1411 4061
1412 4061
1413 4059
1414 4062
1415 4060
1416 4060
1417 4062
1418 4062
1419 4062
1420 4063
1421 4060
1422 4063
1423 4060
1424 4059
1425 4061
1426 4060
1427 4063
1428 4061
1429 4061
1430 4059
1431 4063
1432 4063
1433 4060
1434 4059
1435 4063
1436 4062
1437 4060
1438 4063
1439 4063
1440 4059
1441 4057
1442 4058
1443 4059
1444 4062
1445 4059
1446 4060
1447 4060
1448 4063
1449 4062
1450 4060
1451 4062
1452 4056
1453 4059
1454 4060
1455 4060
1456 4060
1457 4062
1458 4061
1459 4063
1460 4058
1461 4063
1462 4063
1463 4063
1464 4060
1465 4062
1466 4063
1467 4062
1468 4060
1469 4061
1470 4062
1471 4061
1472 4058
1473 4062
1474 4063
1475 4062
1476 4063
1477 4060
1478 4059
1479 4063
1480 4062
1481 4060
1482 4063
1483 4058
1484 4060
1485 4060
1486 4061
1487 4062
1488 4063
1489 4062
1490 4060
1491 4059
1492 4062
1493 4062
1494 4062
1495 4061
1496 4060
1497 4061
1498 4061
1499 4061
1500 4059
1501 4065
1502 4058
1503 4062
1504 4058
1505 4060
1506 4058
1507 4060
1508 4061
1509 4062
1510 4059
1511 4062
1512 4062
1513 4061
1514 4060
1515 4062
1516 4062
1517 4060
1518 4061
1519 4062
1520 4056
1521 4057
1522 4059
1523 4062
1524 4061
1525 4061
1526 4061
1527 4062
1528 4063
1529 4059
1530 4062
1531 4061
1532 4060
1533 4061
1534 4059
1535 4060
1536 4063
1537 4060
1538 4063
1539 4062
1540 4060
1541 4058
1542 4063
1543 4060
1544 4063
1545 4060
1546 4062
1547 4063
1548 4060
1549 4062
1550 4060
1551 4062
1552 4055
1553 4062
1554 4062
1555 4061
1556 4058
1557 4061
1558 4063
1559 4063
1560 4060
1561 4063
1562 4060
1563 4057
1564 4061
1565 4060
1566 4058
1567 4060
1568 4062
1569 4061
1570 4060
1571 4058
1572 4062
1573 4062
1574 4060
1575 4060
1576 4061
1577 4058
1578 4060
1579 4061
1580 4065
1581 4058
1582 4061
1583 4058
1584 4060
1585 4063
1586 4061
1587 4063
1588 4061
1589 4062
1590 4059
1591 4060
1592 4061
1593 4063
1594 4061
1595 4063
1596 4061
1597 4058
1598 4059
1599 4062
1600 4060
1601 4063
1602 4061
1603 4063
1604 4061
1605 4062
1606 4060
1607 4061
1608 4059
1609 4062
1610 4063
1611 4061
1612 4060
1613 4059
1614 4061
1615 4061
1616 4061
1617 4060
1618 4061
1619 4060
1620 4063
1621 4060
1622 4060
1623 4060
1624 4066
1625 4058
1626 4061
1627 4059
1628 4056
1629 4060
1630 4059
1631 4060
1632 4063
1633 4062
1634 4063
1635 4062
1636 4063
1637 4061
1638 4057
1639 4060
1640 4058
1641 4061
1642 4060
1643 4062
1644 4060
1645 4061
1646 4059
1647 4060
1648 4059
1649 4061
1650 4060
1651 4063
1652 4058
1653 4061
1654 4063
1655 4061
1656 4061
1657 4062
1658 4061
1659 4057
1660 4060
1661 4061
1662 4060
1663 4060
1664 4061
1665 4062
1666 4063
1667 4060
1668 4060
1669 4061
1670 4062
1671 4061
1672 4062
1673 4061
1674 4062
1675 4056
1676 4063
1677 4061
1678 4061
1679 4061
1680 4063
1681 4063
1682 4063
1683 4059
1684 4062
1685 4060
1686 4059
1687 4060
1688 4059
1689 4063
1690 4062
1691 4063
1692 4063
1693 4059
1694 4062
1695 4063
1696 4062
1697 4063
1698 4061
1699 4062
1700 4061
1701 4063
1702 4056
1703 4061
1704 4061
1705 4061
1706 4060
1707 4062
1708 4063
1709 4059
1710 4059
1711 4063
1712 4060
1713 4063
1714 4061
1715 4060
1716 4063
1717 4060
1718 4063
1719 4062
1720 4063
1721 4062
1722 4059
1723 4061
1724 4062
1725 4058
1726 4060
1727 4060
1728 4062
1729 4060
1730 4061
1731 4063
1732 4062
1733 4059
1734 4063
1735 4060
1736 4062
1737 4061
1738 4062
1739 4063
1740 4060
1741 4058
1742 4061
1743 4061
1744 4063
1745 4059
1746 4060
1747 4059
1748 4063
1749 4060
1750 4060
1751 4063
1752 4056
1753 4060
1754 4060
1755 4062
1756 4063
1757 4063
1758 4062
1759 4062
1760 4061
1761 4063
1762 4060
1763 4060
1764 4062
1765 4061
1766 4058
1767 4062
1768 4060
1769 4062
1770 4062
1771 4060
1772 4062
1773 4062
1774 4063
1775 4063
1776 4058
1777 4062
1778 4063
1779 4061
1780 4062
1781 4058
1782 4062
1783 4063
1784 4060
1785 4060
1786 4063
1787 4060
1788 4059
1789 4063
1790 4061
1791 4062
1792 4063
1793 4061
1794 4061
1795 4062
1796 4061
1797 4063
1798 4058
1799 4062
1800 4062
1801 4063
1802 4057
1803 4061
1804 4062
1805 4060
1806 4061
1807 4062
1808 4062
1809 4062
1810 4060
1811 4060
1812 4060
1813 4063
1814 4060
1815 4060
1816 4059
1817 4060
1818 4060
1819 4060
1820 4060
1821 4062
1822 4063
1823 4060
1824 4064
1825 4059
1826 4060
1827 4061
1828 4060
1829 4062
1830 4061
1831 4058
1832 4060
1833 4063
1834 4057
1835 4062
1836 4058
1837 4060
1838 4058
1839 4061
1840 4059
1841 4062
1842 4057
1843 4060
1844 4061
1845 4061
1846 4063
1847 4058
1848 4063
1849 4059
1850 4060
1851 4063
1852 4061
1853 4060
1854 4059
1855 4060
1856 4060
1857 4059
1858 4060
1859 4060
1860 4061
1861 4066
1862 4060
1863 4059
1864 4061
1865 4063
1866 4062
1867 4063
1868 4062
1869 4061
1870 4063
1871 4061
1872 4065
1873 4060
1874 4060
1875 4062
1876 4060
1877 4062
1878 4062
1879 4063
1880 4062
1881 4059
1882 4062
1883 4060
1884 4060
1885 4060
1886 4058
1887 4063
1888 4062
1889 4063
1890 4060
1891 4062
1892 4060
1893 4061
1894 4060
1895 4058
1896 4063
1897 4061
1898 4060
1899 4061
1900 4062
1901 4063
1902 4060
1903 4060
1904 4062
1905 4063
1906 4061
1907 4062
1908 4061
1909 4059
1910 4063
1911 4062
1912 4058
1913 4062
1914 4062
1915 4062
1916 4060
1917 4063
1918 4058
1919 4063
1920 4058
1921 4061
1922 4060
1923 4061
1924 4058
1925 4063
1926 4062
1927 4058
1928 4061
1929 4063
1930 4062
1931 4062
1932 4061
1933 4062
1934 4061
1935 4060
1936 4063
1937 4060
1938 4059
1939 4060
1940 4062
1941 4060
1942 4061
1943 4061
1944 4060
1945 4062
1946 4062
1947 4061
1948 4057
1949 4061
1950 4061
1951 4062
1952 4060
1953 4062
1954 4060
1955 4058
1956 4060
1957 4059
1958 4062
1959 4063
1960 4057
1961 4063
1962 4063
1963 4061
1964 4060
1965 4063
1966 4061
1967 4062
1968 4058
1969 4060
1970 4059
1971 4063
1972 4063
1973 4062
1974 4061
1975 4062
1976 4060
1977 4062
1978 4061
1979 4058
1980 4061
1981 4061
1982 4061
1983 4062
1984 4062
1985 4062
1986 4062
1987 4058
1988 4061
1989 4062
1990 4060
1991 4061
1992 4059
1993 4061
1994 4061
1995 4062
1996 4062
1997 4061
1998 4061
1999 4062
2000 4060
2001 4063
2002 4059
2003 4059
2004 4063
2005 4061
2006 4062
2007 4057
2008 4060
2009 4062
2010 4060
2011 4063
2012 4060
2013 4059
2014 4059
2015 4060
2016 4060
2017 4062
2018 4062
2019 4063
2020 4060
2021 4058
2022 4060
2023 4063
2024 4060
2025 4063
2026 4059
2027 4062
2028 4060
2029 4059
2030 4060
2031 4060
2032 4061
2033 4060
2034 4059
2035 4062
2036 4063
2037 4059
2038 4060
2039 4062
2040 4063
2041 4063
2042 4060
2043 4061
2044 4060
2045 4062
2046 4059
2047 4062
2048 4062
2049 4061
2050 4060
2051 4065
2052 4060
2053 4061
2054 4059
2055 4059
2056 4060
2057 4061
2058 4060
2059 4062
2060 4062
2061 4060
2062 4061
2063 4062
2064 4061
2065 4060
2066 4062
2067 4060
2068 4063
2069 4060
2070 4060
2071 4057
2072 4061
2073 4061
2074 4063
2075 4063
2076 4063
2077 4060
2078 4062
2079 4063
2080 4061
2081 4062
2082 4061
2083 4058
2084 4056
2085 4059
2086 4061
2087 4061
2088 4060
2089 4061
2090 4062
2091 4060
2092 4059
2093 4060
2094 4062
2095 4062
2096 4061
2097 4063
2098 4058
2099 4062
2100 4061
2101 4066
2102 4058
2103 4063
2104 4061
2105 4061
2106 4061
2107 4060
2108 4060
2109 4062
2110 4063
2111 4061
2112 4063
2113 4061
2114 4062
2115 4062
2116 4059
2117 4063
2118 4062
2119 4063
2120 4062
2121 4059
2122 4060
2123 4060
2124 4059
2125 4060
2126 4059
2127 4062
2128 4060
2129 4062
2130 4060
2131 4062
2132 4062
2133 4061
2134 4059
2135 4061
2136 4063
2137 4062
2138 4063
2139 4058
2140 4062
2141 4061
2142 4062
2143 4061
2144 4060
2145 4060
2146 4060
2147 4059
2148 4062
2149 4061
2150 4060
2151 4066
2152 4058
2153 4063
2154 4063
2155 4062
2156 4059
2157 4062
2158 4059
2159 4060
2160 4060
2161 4062
2162 4062
2163 4063
2164 4060
2165 4063
2166 4060
2167 4061
2168 4063
2169 4061
2170 4060
2171 4062
2172 4061
2173 4059
2174 4061
2175 4062
2176 4063
2177 4062
2178 4063
2179 4062
2180 4062
2181 4062
2182 4061
2183 4060
2184 4060
2185 4062
2186 4061
2187 4059
2188 4061
2189 4058
2190 4060
2191 4062
2192 4063
2193 4061
2194 4059
2195 4063
2196 4061
2197 4062
2198 4057
2199 4062
2200 4061
2201 4062
2202 4061
2203 4062
2204 4058
2205 4063
2206 4062
2207 4063
2208 4059
2209 4059
2210 4060
2211 4063
2212 4060
2213 4063
2214 4061
2215 4060
2216 4062
2217 4062
2218 4063
2219 4059
2220 4060
2221 4062
2222 4062
2223 4061
2224 4062
2225 4063
2226 4061
2227 4059
2228 4061
2229 4062
2230 4060
2231 4061
2232 4061
2233 4063
2234 4062
2235 4065
2236 4061
2237 4062
2238 4060
2239 4058
2240 4061
2241 4060
2242 4063
2243 4062
2244 4062
2245 4060
2246 4061
2247 4059
2248 4058
2249 4060
2250 4057
2251 4062
2252 4058
2253 4059
2254 4060
2255 4060
2256 4060
2257 4061
2258 4062
2259 4062
2260 4060
2261 4063
2262 4060
2263 4060
2264 4063
2265 4063
2266 4061
2267 4059
2268 4062
2269 4060
2270 4063
2271 4062
2272 4059
2273 4061
2274 4061
2275 4063
2276 4062
2277 4062
2278 4060
2279 4063
2280 4061
2281 4062
2282 4060
2283 4062
2284 4063
2285 4061
2286 4063
2287 4061
2288 4061
2289 4063
2290 4059
2291 4062
2292 4059
2293 4060
2294 4063
2295 4062
2296 4060
2297 4060
2298 4056
2299 4063
2300 4060
2301 4063
2302 4058
2303 4062
2304 4060
2305 4060
2306 4062
2307 4063
2308 4059
2309 4061
2310 4063
2311 4063
2312 4058
2313 4062
2314 4061
2315 4062
2316 4058
2317 4063
2318 4062
2319 4063
2320 4062
2321 4062
2322 4062
2323 4061
2324 4061
2325 4062
2326 4060
2327 4062
2328 4060
2329 4061
2330 4061
2331 4061
2332 4060
2333 4060
2334 4063
2335 4062
2336 4062
2337 4062
2338 4061
2339 4063
2340 4063
2341 4065
2342 4060
2343 4057
2344 4058
2345 4062
2346 4057
2347 4061
2348 4059
2349 4062
2350 4062
2351 4063
2352 4059
2353 4063
2354 4063
2355 4059
2356 4060
2357 4063
2358 4062
2359 4062
2360 4062
2361 4063
2362 4060
2363 4062
2364 4059
2365 4062
2366 4062
2367 4062
2368 4058
2369 4063
2370 4059
2371 4063
2372 4061
2373 4061
2374 4059
2375 4060
2376 4059
2377 4060
2378 4060
2379 4063
2380 4063
2381 4062
2382 4060
2383 4061
2384 4061
2385 4067
2386 4061
2387 4061
2388 4060
2389 4062
2390 4063
2391 4060
2392 4061
2393 4059
2394 4060
2395 4062
2396 4062
2397 4063
2398 4062
2399 4062
2400 4062
2401 4061
2402 4056
2403 4061
2404 4058
2405 4063
2406 4059
2407 4062
2408 4061
2409 4060
2410 4060
2411 4061
2412 4060
2413 4060
2414 4059
2415 4063
2416 4062
2417 4061
2418 4061
2419 4061
2420 4058
2421 4060
2422 4063
2423 4059
2424 4062
2425 4061
2426 4061
2427 4063
2428 4058
2429 4064
2430 4058
2431 4062
2432 4059
2433 4060
2434 4060
2435 4060
2436 4061
2437 4060
2438 4061
2439 4061
2440 4061
2441 4062
2442 4059
2443 4062
2444 4061
2445 4063
2446 4062
2447 4061
2448 4059
2449 4063
2450 4063
2451 4063
2452 4054
2453 4060
2454 4063
2455 4061
2456 4061
2457 4061
2458 4061
2459 4061
2460 4061
2461 4059
2462 4059
2463 4061
2464 4062
2465 4059
2466 4066
2467 4063
2468 4058
2469 4062
2470 4059
2471 4059
2472 4062
2473 4061
2474 4061
2475 4061
2476 4058
2477 4060
2478 4061
2479 4062
2480 4062
2481 4063
2482 4059
2483 4061
2484 4060
2485 4063
2486 4059
2487 4061
2488 4059
2489 4060
2490 4060
2491 4059
2492 4060
2493 4059
2494 4060
2495 4061
2496 4061
2497 4061
2498 4062
2499 4060
2500 4059
2501 4061
2502 4059
2503 4063
2504 4061
2505 4062
2506 4060
2507 4061
2508 4060
2509 4060
2510 4063
2511 4060
2512 4059
2513 4062
2514 4062
2515 4061
2516 4063
2517 4060
2518 4062
2519 4063
2520 4059
2521 4058
2522 4063
2523 4061
2524 4062
2525 4063
2526 4060
2527 4061
2528 4061
2529 4061
2530 4062
2531 4061
2532 4057
2533 4062
2534 4061
2535 4060
2536 4061
2537 4059
2538 4062
2539 4057
2540 4062
2541 4061
2542 4058
2543 4060
2544 4062
2545 4063
2546 4062
2547 4062
2548 4061
2549 4063
2550 4062
2551 4066
2552 4057
2553 4060
2554 4059
2555 4061
2556 4060
2557 4062
2558 4058
2559 4061
2560 4063
2561 4062
2562 4062
2563 4061
2564 4058
2565 4060
2566 4060
2567 4061
2568 4061
2569 4061
2570 4062
2571 4062
2572 4060
2573 4061
2574 4060
2575 4061
2576 4061
2577 4060
2578 4060
2579 4063
2580 4060
2581 4062
2582 4059
2583 4062
2584 4062
2585 4060
2586 4060
2587 4062
2588 4060
2589 4062
2590 4060
2591 4060
2592 4062
2593 4063
2594 4063
2595 4063
2596 4060
2597 4062
2598 4062
2599 4062
2600 4062
2601 4062
2602 4058
2603 4060
2604 4063
2605 4059
2606 4061
2607 4062
2608 4063
2609 4061
2610 4061
2611 4059
2612 4060
2613 4062
2614 4058
2615 4056
2616 4059
2617 4062
2618 4060
2619 4061
2620 4058
2621 4061
2622 4060
2623 4062
2624 4063
2625 4062
2626 4061
2627 4058
2628 4062
2629 4062
2630 4063
2631 4060
2632 4062
2633 4063
2634 4058
2635 4057
2636 4061
2637 4063
2638 4059
2639 4061
2640 4062
2641 4060
2642 4059
2643 4062
2644 4059
2645 4061
2646 4058
2647 4062
2648 4060
2649 4062
2650 4061
2651 4063
2652 4059
2653 4063
2654 4059
2655 4061
2656 4061
2657 4061
2658 4061
2659 4063
2660 4060
2661 4061
2662 4063
2663 4062
2664 4059
2665 4060
2666 4058
2667 4063
2668 4062
2669 4058
2670 4060
2671 4061
2672 4062
2673 4061
2674 4059
2675 4061
2676 4059
2677 4061
2678 4060
2679 4058
2680 4059
2681 4061
2682 4061
2683 4060
2684 4061
2685 4062
2686 4061
2687 4060
2688 4061
2689 4061
2690 4061
2691 4062
2692 4059
2693 4062
2694 4062
2695 4060
2696 4060
2697 4060
2698 4058
2699 4063
2700 4063
2701 4061
2702 4060
2703 4062
2704 4059
2705 4057
2706 4062
2707 4061
2708 4058
2709 4059
2710 4060
2711 4060
2712 4059
2713 4062
2714 4058
2715 4061
2716 4061
2717 4060
2718 4060
2719 4063
2720 4060
2721 4060
2722 4062
2723 4059
2724 4059
2725 4060
2726 4059
2727 4061
2728 4060
2729 4062
2730 4062
2731 4058
2732 4060
2733 4058
2734 4060
2735 4060
2736 4063
2737 4061
2738 4058
2739 4063
2740 4062
2741 4062
2742 4060
2743 4059
2744 4062
2745 4063
2746 4060
2747 4059
2748 4060
2749 4062
2750 4058
2751 4063
2752 4054
2753 4063
2754 4061
2755 4059
2756 4058
2757 4059
2758 4060
2759 4061
2760 4056
2761 4061
2762 4060
2763 4059
2764 4061
2765 4060
2766 4059
2767 4058
2768 4061
2769 4061
2770 4060
2771 4058
2772 4056
2773 4060
2774 4062
2775 4062
2776 4063
2777 4060
2778 4059
2779 4059
2780 4061
2781 4057
2782 4063
2783 4062
2784 4057
2785 4058
2786 4057
2787 4062
2788 4060
2789 4059
2790 4062
2791 4060
2792 4057
2793 4058
2794 4060
2795 4062
2796 4058
2797 4060
2798 4053
2799 4054
2800 4050
2801 4046
2802 4038
2803 4035
2804 4030
2805 4018
2806 4015
2807 4009
2808 4008
2809 3999
2810 3983
2811 3980
2812 3966
2813 3946
2814 3927
2815 3920
2816 3906
2817 3905
2818 3885
2819 3887
2820 3879
2821 3869
2822 3859
2823 3848
2824 3868
2825 3862
2826 3881
2827 3885
2828 3893
2829 3904
2830 3887
2831 3886
2832 3885
2833 3892
2834 3895
2835 3895
2836 3904
2837 3904
2838 3914
2839 3918
2840 3922
2841 3924
2842 3946
2843 3957
2844 3951
2845 3962
2846 3964
2847 3970
2848 3982
2849 3990
2850 4003
2851 4014
2852 4012
2853 4020
2854 4024
2855 4026
2856 4031
2857 4036
2858 4041
2859 4046
2860 4051
2861 4047
2862 4052
2863 4053
2864 4054
2865 4055
2866 4057
2867 4056
2868 4056
2869 4060
2870 4055
2871 4058
2872 4059
2873 4058
2874 4060
2875 4059
2876 4059
2877 4056
2878 4058
2879 4059
2880 4058
2881 4060
2882 4060
2883 4058
2884 4057
2885 4063
2886 4061
2887 4057
2888 4059
2889 4060
2890 4060
2891 4062
2892 4057
2893 4058
2894 4063
2895 4062
2896 4058
2897 4059
2898 4058
2899 4060
2900 4059
2901 4060
2902 4056
2903 4065
2904 4062
2905 4060
2906 4060
2907 4060
2908 4059
2909 4061
2910 4060
2911 4061
2912 4058
2913 4063
2914 4058
2915 4057
2916 4060
2917 4062
2918 4059
2919 4062
2920 4057
2921 4062
2922 4059
2923 4060
2924 4059
2925 4060
2926 4061
2927 4062
2928 4060
2929 4061
2930 4059
2931 4062
2932 4060
2933 4061
2934 4061
2935 4063
2936 4058
2937 4060
2938 4059
2939 4063
2940 4060
2941 4062
2942 4062
2943 4062
2944 4062
2945 4058
2946 4057
2947 4063
2948 4058
2949 4061
2950 4061
2951 4063
2952 4060
2953 4062
2954 4063
2955 4063
2956 4059
2957 4060
2958 4061
2959 4061
2960 4062
2961 4063
2962 4058
2963 4062
2964 4060
2965 4057
2966 4061
2967 4062
2968 4062
2969 4060
2970 4059
2971 4062
2972 4061
2973 4062
2974 4062
2975 4065
2976 4060
2977 4060
2978 4063
2979 4060
2980 4062
2981 4060
2982 4063
2983 4063
2984 4060
2985 4063
2986 4060
2987 4061
2988 4059
2989 4061
2990 4058
2991 4060
2992 4059
2993 4060
2994 4062
2995 4059
2996 4058
2997 4061
2998 4062
2999 4061
3000 4062
3001 4063
3002 4057
3003 4063
3004 4059
3005 4060
3006 4063
3007 4063
3008 4061
3009 4059
3010 4060
3011 4063
3012 4061
3013 4060
3014 4060
3015 4059
3016 4063
3017 4062
3018 4060
3019 4060
3020 4063
3021 4062
3022 4060
3023 4059
3024 4060
3025 4062
3026 4063
3027 4062
3028 4060
3029 4062
3030 4058
3031 4059
3032 4063
3033 4061
3034 4062
3035 4062
3036 4062
3037 4059
3038 4061
3039 4062
3040 4062
3041 4059
3042 4063
3043 4062
3044 4060
3045 4062
3046 4060
3047 4061
3048 4059
3049 4062
3050 4063
3051 4063
3052 4059
3053 4060
3054 4062
3055 4060
3056 4063
3057 4061
3058 4061
3059 4059
3060 4062
3061 4062
3062 4060
3063 4063
3064 4058
3065 4063
3066 4060
3067 4061
3068 4062
3069 4062
3070 4060
3071 4060
3072 4060
3073 4059
3074 4062
3075 4061
3076 4062
3077 4060
3078 4060
3079 4061
3080 4062
3081 4060
3082 4058
3083 4062
3084 4062
3085 4059
3086 4059
3087 4065
3088 4061
3089 4058
3090 4062
3091 4062
3092 4060
3093 4063
3094 4063
3095 4059
3096 4059
3097 4063
3098 4059
3099 4059
3100 4062
3101 4063
3102 4060
3103 4060
3104 4065
3105 4058
3106 4060
3107 4059
3108 4061
3109 4063
3110 4056
3111 4062
3112 4062
3113 4062
3114 4063
3115 4059
3116 4058
3117 4063
3118 4061
3119 4065
3120 4061
3121 4063
3122 4063
3123 4060
3124 4059
3125 4062
3126 4060
3127 4061
3128 4063
3129 4061
3130 4062
3131 4062
3132 4060
3133 4063
3134 4060
3135 4063
3136 4060
3137 4060
3138 4060
3139 4063
3140 4061
3141 4062
3142 4060
3143 4060
3144 4060
3145 4060
3146 4059
3147 4059
3148 4061
3149 4061
3150 4063
3151 4060
3152 4056
3153 4059
3154 4060
3155 4059
3156 4062
3157 4062
3158 4061
3159 4063
3160 4061
3161 4058
3162 4059
3163 4062
3164 4062
3165 4063
3166 4062
3167 4061
3168 4060
3169 4063
3170 4063
3171 4060
3172 4059
3173 4062
3174 4059
3175 4061
3176 4060
3177 4059
3178 4062
3179 4059
3180 4059
3181 4060
3182 4062
3183 4059
3184 4062
3185 4062
3186 4058
3187 4060
3188 4059
3189 4060
3190 4059
3191 4063
3192 4056
3193 4065
3194 4058
3195 4065
3196 4058
3197 4059
3198 4059
3199 4062
3200 4062
3201 4062
3202 4060
3203 4062
3204 4063
3205 4062
3206 4057
3207 4061
3208 4060
3209 4059
3210 4063
3211 4063
3212 4060
3213 4061
3214 4058
3215 4062
3216 4062
3217 4062
3218 4059
3219 4059
3220 4062
3221 4060
3222 4062
3223 4061
3224 4060
3225 4060
3226 4062
3227 4063
3228 4059
3229 4059
3230 4056
3231 4062
3232 4060
3233 4063
3234 4059
3235 4063
3236 4062
3237 4063
3238 4060
3239 4058
3240 4063
3241 4063
3242 4062
3243 4058
3244 4059
3245 4060
3246 4060
3247 4063
3248 4060
3249 4063
3250 4058
3251 4063
3252 4061
3253 4059
3254 4062
3255 4058
3256 4062
3257 4060
3258 4063
3259 4061
3260 4059
3261 4062
3262 4059
3263 4062
3264 4061
3265 4063
3266 4058
3267 4059
3268 4062
3269 4062
3270 4063
3271 4058
3272 4063
3273 4060
3274 4058
3275 4061
3276 4062
3277 4062
3278 4060
3279 4062
3280 4061
3281 4060
3282 4061
3283 4060
3284 4063
3285 4060
3286 4061
3287 4062
3288 4060
3289 4062
3290 4062
3291 4063
3292 4060
3293 4063
3294 4062
3295 4061
3296 4061
3297 4059
3298 4061
3299 4063
3300 4062
3301 4062
3302 4060
3303 4062
3304 4060
3305 4062
3306 4060
3307 4059
3308 4058
3309 4063
3310 4062
3311 4063
3312 4063
3313 4061
3314 4060
3315 4061
3316 4060
3317 4060
3318 4063
3319 4063
3320 4062
3321 4063
3322 4061
3323 4061
3324 4060
3325 4059
3326 4062
3327 4059
3328 4059
3329 4062
3330 4060
3331 4059
3332 4061
3333 4061
3334 4060
3335 4063
3336 4058
3337 4061
3338 4063
3339 4062
3340 4062
3341 4062
3342 4060
3343 4062
3344 4058
3345 4066
3346 4062
3347 4061
3348 4059
3349 4060
3350 4061
3351 4063
3352 4059
3353 4062
3354 4059
3355 4063
3356 4063
3357 4063
3358 4062
3359 4060
3360 4060
3361 4062
3362 4060
3363 4063
3364 4062
3365 4059
3366 4060
3367 4061
3368 4061
3369 4060
3370 4062
3371 4062
3372 4060
3373 4061
3374 4061
3375 4061
3376 4063
3377 4060
3378 4062
3379 4063
3380 4059
3381 4062
3382 4060
3383 4060
3384 4059
3385 4061
3386 4062
3387 4061
3388 4061
3389 4061
3390 4062
3391 4063
3392 4060
3393 4063
3394 4061
3395 4061
3396 4060
3397 4063
3398 4060
3399 4057
3400 4062
3401 4068
3402 4057
3403 4063
3404 4060
3405 4062
3406 4062
3407 4060
3408 4063
3409 4061
3410 4061
3411 4062
3412 4059
3413 4062
3414 4060
3415 4062
3416 4063
3417 4061
3418 4057
3419 4062
3420 4060
3421 4062
3422 4060
3423 4061
3424 4063
3425 4059
3426 4059
3427 4059
3428 4062
3429 4062
3430 4060
3431 4059
3432 4057
3433 4063
3434 4060
3435 4063
3436 4061
3437 4062
3438 4061
3439 4063
3440 4062
3441 4066
3442 4062
3443 4062
3444 4059
3445 4062
3446 4059
3447 4060
3448 4062
3449 4061
3450 4060
3451 4063
3452 4058
3453 4060
3454 4062
3455 4062
3456 4060
3457 4062
3458 4063
3459 4061
3460 4062
3461 4063
3462 4061
3463 4060
3464 4060
3465 4061
3466 4063
3467 4063
3468 4061
3469 4061
3470 4062
3471 4061
3472 4062
3473 4062
3474 4059
3475 4059
3476 4060
3477 4065
3478 4062
3479 4063
3480 4060
3481 4059
3482 4063
3483 4061
3484 4059
3485 4063
3486 4059
3487 4061
3488 4062
3489 4060
3490 4060
3491 4063
3492 4061
3493 4063
3494 4062
3495 4060
3496 4061
3497 4062
3498 4060
3499 4062
3500 4058
3501 4063
3502 4061
3503 4062
3504 4059
3505 4059
3506 4059
3507 4060
3508 4062
3509 4062
3510 4063
3511 4062
3512 4060
3513 4060
3514 4061
3515 4060
3516 4061
3517 4063
3518 4062
3519 4059
3520 4061
3521 4063
3522 4056
3523 4063
3524 4058
3525 4062
3526 4059
3527 4061
3528 4063
3529 4057
3530 4058
3531 4063
3532 4063
3533 4062
3534 4059
3535 4063
3536 4062
3537 4062
3538 4062
3539 4059
3540 4060
3541 4062
3542 4063
3543 4061
3544 4061
3545 4063
3546 4059
3547 4061
3548 4061
3549 4063
3550 4058
3551 4059
3552 4059
3553 4063
3554 4061
3555 4060
3556 4065
3557 4063
3558 4063
3559 4062
3560 4062
3561 4061
3562 4058
3563 4060
3564 4061
3565 4060
3566 4063
3567 4060
3568 4062
3569 4060
3570 4060
3571 4062
3572 4062
3573 4062
3574 4062
3575 4059
3576 4058
3577 4060
3578 4061
3579 4057
3580 4062
3581 4058
3582 4062
3583 4062
3584 4061
3585 4058
3586 4062
3587 4061
3588 4060
3589 4059
3590 4061
3591 4061
3592 4063
3593 4063
3594 4062
3595 4061
3596 4060
3597 4061
3598 4060
3599 4058
3600 4062
3601 4061
3602 4058
3603 4061
3604 4060
3605 4062
3606 4060
3607 4062
3608 4059
3609 4061
3610 4060
3611 4063
3612 4060
3613 4062
3614 4060
3615 4059
3616 4061
3617 4058
3618 4062
3619 4062
3620 4060
3621 4058
3622 4059
3623 4061
3624 4061
3625 4063
3626 4063
3627 4059
3628 4059
3629 4063
3630 4062
3631 4059
3632 4060
3633 4061
3634 4063
3635 4060
3636 4059
3637 4060
3638 4060
3639 4059
3640 4061
3641 4061
3642 4063
3643 4063
3644 4058
3645 4066
3646 4063
3647 4062
3648 4062
3649 4060
3650 4059
3651 4060
3652 4059
3653 4062
3654 4062
3655 4062
3656 4060
3657 4063
3658 4062
3659 4060
3660 4060
3661 4062
3662 4056
3663 4060
3664 4062
3665 4061
3666 4062
3667 4063
3668 4062
3669 4062
3670 4060
3671 4062
3672 4060
3673 4058
3674 4059
3675 4063
3676 4060
3677 4062
3678 4060
3679 4060
3680 4063
3681 4060
3682 4057
3683 4062
3684 4060
3685 4060
3686 4059
3687 4060
3688 4062
3689 4063
3690 4058
3691 4063
3692 4063
3693 4061
3694 4063
