#Data from the TCD1304 linear CCD
#column 1 = pixelnumber , column 2 = pixelvalue
#Pixel 1-32 and 3679-3694 and are dummy pixels
#SH-period: 200    ICG-period: 100000    Integration time: 100.0 us
2 4048
3 4049
4 4063
5 4060
6 4063
7 4062
8 4063
9 4063
10 4062
11 4063
12 4063
13 4063
14 4063
15 4063
16 4063
17 4066
18 4062
19 4062
20 4062
21 4066
22 4066
23 4063
24 4063
25 4060
26 4063
27 4066
28 4061
29 4063
30 4061
31 4063
32 4062
34 4062
35 4062
36 4062
37 4065
38 4063
39 4065
40 4062
41 4063
42 4065
43 4062
44 4062
45 4066
46 4066
47 4065
48 4066
49 4067
50 4063
51 4066
52 4059
53 4065
54 4065
55 4062
56 4062
57 4066
58 4067
59 4063
60 4061
61 4066
62 4063
63 4063
64 4063
65 4062
66 4063
67 4062
68 4062
69 4062
70 4062
71 4066
72 4063
73 4062
74 4061
75 4062
76 4062
77 4060
78 4062
79 4066
80 4065
81 4063
82 4065
83 4063
84 4063
85 4066
86 4061
87 4063
88 4067
89 4062
90 4063
91 4068
92 4066
93 4063
94 4060
95 4063
96 4062
97 4063
98 4062
99 4061
100 4063
101 4068
102 4062
103 4061
104 4062
105 4063
106 4063
107 4063
108 4062
109 4064
110 4063
111 4062
112 4063
113 4063
114 4062
115 4061
116 4060
117 4063
118 4063
119 4067
120 4066
121 4063
122 4063
123 4068
124 4064
125 4062
126 4062
127 4060
128 4063
129 4063
130 4063
131 4062
132 4062
133 4066
134 4061
135 4066
136 4062
137 4063
138 4062
139 4063
140 4063
141 4066
142 4062
143 4063
144 4060
145 4063
146 4063
147 4067
148 4062
149 4066
150 4063
151 4066
152 4060
153 4063
154 4063
155 4062
156 4065
157 4065
158 4062
159 4062
160 4063
161 4061
162 4065
163 4062
164 4066
165 4065
166 4062
167 4062
168 4061
169 4063
170 4066
171 4063
172 4062
173 4063
174 4066
175 4063
176 4063
177 4062
178 4063
179 4063
180 4066
181 4063
182 4066
183 4063
184 4063
185 4063
186 4063
187 4062
188 4061
189 4063
190 4061
191 4062
192 4063
193 4063
194 4063
195 4063
196 4063
197 4063
198 4063
199 4059
200 4061
201 4066
202 4062
203 4063
204 4066
205 4063
206 4062
207 4063
208 4062
209 4066
210 4067
211 4065
212 4063
213 4066
214 4066
215 4063
216 4063
217 4063
218 4062
219 4065
220 4063
221 4063
222 4062
223 4061
224 4059
225 4063
226 4065
227 4063
228 4063
229 4063
230 4063
231 4066
232 4066
233 4062
234 4063
235 4063
236 4062
237 4061
238 4063
239 4061
240 4060
241 4061
242 4062
243 4066
244 4063
245 4062
246 4063
247 4062
248 4063
249 4063
250 4062
251 4066
252 4059
253 4063
254 4063
255 4063
256 4066
257 4062
258 4061
259 4063
260 4063
261 4065
262 4063
263 4063
264 4061
265 4065
266 4066
267 4065
268 4062
269 4063
270 4063
271 4062
272 4063
273 4063
274 4063
275 4063
276 4063
277 4066
278 4063
279 4058
280 4063
281 4063
282 4063
283 4063
284 4065
285 4063
286 4062
287 4063
288 4067
289 4062
290 4063
291 4060
292 4066
293 4062
294 4061
295 4066
296 4060
297 4066
298 4063
299 4063
300 4063
301 4068
302 4062
303 4062
304 4063
305 4063
306 4062
307 4062
308 4063
309 4062
310 4062
311 4062
312 4063
313 4063
314 4063
315 4061
316 4063
317 4065
318 4063
319 4063
320 4063
321 4063
322 4063
323 4063
324 4063
325 4063
326 4063
327 4063
328 4061
329 4066
330 4063
331 4062
332 4063
333 4062
334 4063
335 4067
336 4065
337 4062
338 4064
339 4063
340 4062
341 4063
342 4063
343 4063
344 4062
345 4063
346 4066
347 4065
348 4063
349 4062
350 4063
351 4067
352 4060
353 4063
354 4066
355 4062
356 4061
357 4063
358 4057
359 4062
360 4063
361 4062
362 4062
363 4068
364 4062
365 4066
366 4062
367 4062
368 4063
369 4065
370 4061
371 4062
372 4063
373 4061
374 4063
375 4063
376 4063
377 4062
378 4063
379 4065
380 4060
381 4063
382 4065
383 4062
384 4063
385 4063
386 4063
387 4063
388 4063
389 4062
390 4060
391 4062
392 4065
393 4063
394 4062
395 4063
396 4061
397 4058
398 4060
399 4063
400 4061
401 4063
402 4059
403 4060
404 4062
405 4066
406 4060
407 4066
408 4065
409 4063
410 4065
411 4062
412 4062
413 4065
414 4059
415 4061
416 4061
417 4065
418 4063
419 4062
420 4062
421 4063
422 4062
423 4065
424 4058
425 4062
426 4063
427 4061
428 4061
429 4063
430 4063
431 4063
432 4063
433 4063
434 4062
435 4063
436 4060
437 4062
438 4063
439 4062
440 4062
441 4060
442 4063
443 4063
444 4063
445 4063
446 4059
447 4060
448 4061
449 4061
450 4065
451 4066
452 4061
453 4062
454 4065
455 4061
456 4062
457 4063
458 4063
459 4066
460 4061
461 4063
462 4062
463 4066
464 4062
465 4063
466 4065
467 4066
468 4066
469 4063
470 4062
471 4063
472 4065
473 4062
474 4063
475 4063
476 4063
477 4061
478 4063
479 4062
480 4060
481 4065
482 4063
483 4066
484 4063
485 4066
486 4066
487 4063
488 4065
489 4059
490 4061
491 4063
492 4062
493 4062
494 4063
495 4063
496 4063
497 4063
498 4061
499 4063
500 4063
501 4067
502 4062
503 4063
504 4063
505 4065
506 4061
507 4063
508 4062
509 4063
510 4066
511 4063
512 4063
513 4063
514 4063
515 4062
516 4063
517 4062
518 4063
519 4062
520 4063
521 4062
522 4063
523 4063
524 4063
525 4061
526 4062
527 4066
528 4062
529 4063
530 4060
531 4062
532 4063
533 4062
534 4063
535 4066
536 4063
537 4063
538 4066
539 4063
540 4063
541 4062
542 4063
543 4063
544 4062
545 4063
546 4063
547 4063
548 4062
549 4063
550 4062
551 4066
552 4061
553 4063
554 4062
555 4063
556 4060
557 4063
558 4065
559 4065
560 4065
561 4062
562 4059
563 4063
564 4062
565 4060
566 4065
567 4059
568 4063
569 4062
570 4061
571 4065
572 4062
573 4065
574 4062
575 4062
576 4066
577 4063
578 4062
579 4063
580 4062
581 4065
582 4065
583 4061
584 4063
585 4063
586 4063
587 4062
588 4067
589 4061
590 4063
591 4063
592 4063
593 4063
594 4060
595 4062
596 4066
597 4063
598 4065
599 4066
600 4060
601 4066
602 4062
603 4063
604 4062
605 4061
606 4063
607 4063
608 4062
609 4063
610 4063
611 4065
612 4063
613 4063
614 4063
615 4061
616 4061
617 4063
618 4063
619 4065
620 4062
621 4062
622 4063
623 4063
624 4066
625 4060
626 4066
627 4061
628 4063
629 4066
630 4062
631 4066
632 4061
633 4060
634 4065
635 4063
636 4063
637 4066
638 4063
639 4063
640 4065
641 4062
642 4060
643 4063
644 4062
645 4060
646 4065
647 4062
648 4063
649 4061
650 4062
651 4063
652 4060
653 4063
654 4065
655 4060
656 4061
657 4065
658 4062
659 4065
660 4063
661 4063
662 4063
663 4066
664 4062
665 4061
666 4066
667 4063
668 4062
669 4063
670 4062
671 4062
672 4066
673 4063
674 4062
675 4060
676 4063
677 4063
678 4066
679 4062
680 4061
681 4062
682 4063
683 4063
684 4063
685 4066
686 4063
687 4061
688 4065
689 4061
690 4062
691 4065
692 4063
693 4063
694 4062
695 4065
696 4063
697 4063
698 4066
699 4061
700 4063
701 4070
702 4059
703 4063
704 4062
705 4066
706 4062
707 4068
708 4063
709 4063
710 4063
711 4065
712 4062
713 4063
714 4063
715 4064
716 4063
717 4063
718 4059
719 4063
720 4063
721 4066
722 4066
723 4062
724 4065
725 4062
726 4063
727 4062
728 4062
729 4061
730 4062
731 4063
732 4062
733 4062
734 4063
735 4062
736 4071
737 4066
738 4062
739 4063
740 4063
741 4063
742 4063
743 4065
744 4063
745 4063
746 4063
747 4063
748 4063
749 4062
750 4063
751 4066
752 4063
753 4061
754 4062
755 4062
756 4063
757 4062
758 4063
759 4067
760 4065
761 4063
762 4066
763 4068
764 4063
765 4061
766 4065
767 4063
768 4063
769 4066
770 4065
771 4063
772 4062
773 4063
774 4065
775 4063
776 4063
777 4062
778 4062
779 4062
780 4060
781 4063
782 4063
783 4063
784 4065
785 4065
786 4067
787 4063
788 4064
789 4063
790 4063
791 4063
792 4062
793 4062
794 4066
795 4066
796 4061
797 4063
798 4062
799 4063
800 4063
801 4063
802 4060
803 4063
804 4063
805 4063
806 4066
807 4063
808 4063
809 4063
810 4063
811 4063
812 4063
813 4067
814 4063
815 4063
816 4063
817 4062
818 4062
819 4063
820 4065
821 4063
822 4063
823 4063
824 4063
825 4062
826 4063
827 4062
828 4058
829 4063
830 4066
831 4066
832 4062
833 4062
834 4060
835 4065
836 4068
837 4063
838 4062
839 4065
840 4063
841 4063
842 4065
843 4061
844 4065
845 4066
846 4063
847 4062
848 4067
849 4067
850 4063
851 4068
852 4060
853 4062
854 4063
855 4062
856 4063
857 4063
858 4063
859 4063
860 4063
861 4065
862 4058
863 4063
864 4062
865 4062
866 4063
867 4062
868 4066
869 4058
870 4061
871 4062
872 4068
873 4063
874 4067
875 4063
876 4063
877 4063
878 4063
879 4063
880 4062
881 4068
882 4063
883 4061
884 4063
885 4062
886 4063
887 4063
888 4062
889 4063
890 4062
891 4060
892 4063
893 4063
894 4062
895 4062
896 4063
897 4063
898 4059
899 4069
900 4062
901 4066
902 4060
903 4063
904 4060
905 4063
906 4062
907 4062
908 4063
909 4063
910 4065
911 4065
912 4063
913 4067
914 4063
915 4063
916 4062
917 4063
918 4068
919 4063
920 4063
921 4061
922 4062
923 4066
924 4062
925 4063
926 4063
927 4061
928 4061
929 4066
930 4063
931 4060
932 4063
933 4063
934 4063
935 4065
936 4066
937 4066
938 4070
939 4062
940 4062
941 4068
942 4062
943 4063
944 4061
945 4063
946 4062
947 4063
948 4062
949 4066
950 4063
951 4066
952 4059
953 4063
954 4062
955 4063
956 4065
957 4063
958 4065
959 4063
960 4063
961 4062
962 4063
963 4063
964 4062
965 4063
966 4063
967 4063
968 4063
969 4063
970 4063
971 4063
972 4061
973 4063
974 4062
975 4063
976 4065
977 4063
978 4062
979 4063
980 4063
981 4062
982 4062
983 4063
984 4063
985 4060
986 4063
987 4063
988 4065
989 4062
990 4062
991 4062
992 4063
993 4063
994 4065
995 4062
996 4061
997 4063
998 4062
999 4066
1000 4063
1001 4065
1002 4057
1003 4064
1004 4065
1005 4063
1006 4065
1007 4066
1008 4066
1009 4066
1010 4065
1011 4063
1012 4063
1013 4063
1014 4061
1015 4063
1016 4063
1017 4063
1018 4065
1019 4063
1020 4063
1021 4063
1022 4063
1023 4063
1024 4061
1025 4061
1026 4062
1027 4063
1028 4062
1029 4063
1030 4058
1031 4063
1032 4066
1033 4061
1034 4066
1035 4063
1036 4063
1037 4063
1038 4063
1039 4061
1040 4063
1041 4063
1042 4062
1043 4063
1044 4063
1045 4062
1046 4063
1047 4063
1048 4066
1049 4062
1050 4063
1051 4067
1052 4061
1053 4063
1054 4062
1055 4063
1056 4059
1057 4061
1058 4062
1059 4065
1060 4062
1061 4063
1062 4066
1063 4063
1064 4061
1065 4063
1066 4063
1067 4063
1068 4068
1069 4063
1070 4066
1071 4060
1072 4065
1073 4062
1074 4063
1075 4066
1076 4066
1077 4063
1078 4065
1079 4063
1080 4062
1081 4066
1082 4061
1083 4063
1084 4063
1085 4061
1086 4063
1087 4066
1088 4063
1089 4062
1090 4062
1091 4066
1092 4063
1093 4062
1094 4065
1095 4063
1096 4063
1097 4063
1098 4060
1099 4061
1100 4063
1101 4068
1102 4063
1103 4063
1104 4063
1105 4063
1106 4063
1107 4065
1108 4063
1109 4062
1110 4061
1111 4063
1112 4063
1113 4066
1114 4061
1115 4065
1116 4065
1117 4063
1118 4060
1119 4063
1120 4062
1121 4061
1122 4063
1123 4062
1124 4062
1125 4065
1126 4063
1127 4063
1128 4061
1129 4063
1130 4062
1131 4060
1132 4066
1133 4061
1134 4061
1135 4060
1136 4063
1137 4062
1138 4063
1139 4063
1140 4060
1141 4063
1142 4063
1143 4063
1144 4063
1145 4062
1146 4065
1147 4063
1148 4066
1149 4063
1150 4062
1151 4065
1152 4058
1153 4063
1154 4061
1155 4066
1156 4063
1157 4063
1158 4065
1159 4063
1160 4063
1161 4062
1162 4063
1163 4063
1164 4063
1165 4063
1166 4063
1167 4063
1168 4063
1169 4063
1170 4063
1171 4062
1172 4063
1173 4063
1174 4059
1175 4063
1176 4064
1177 4063
1178 4063
1179 4067
1180 4062
1181 4062
1182 4063
1183 4063
1184 4062
1185 4062
1186 4063
1187 4062
1188 4063
1189 4062
1190 4063
1191 4060
1192 4063
1193 4063
1194 4063
1195 4063
1196 4063
1197 4063
1198 4065
1199 4066
1200 4063
1201 4063
1202 4060
1203 4063
1204 4062
1205 4063
1206 4062
1207 4065
1208 4063
1209 4063
1210 4063
1211 4063
1212 4058
1213 4062
1214 4062
1215 4061
1216 4063
1217 4063
1218 4062
1219 4066
1220 4062
1221 4067
1222 4063
1223 4066
1224 4061
1225 4063
1226 4063
1227 4061
1228 4063
1229 4066
1230 4066
1231 4066
1232 4063
1233 4062
1234 4062
1235 4061
1236 4065
1237 4063
1238 4065
1239 4065
1240 4063
1241 4063
1242 4065
1243 4063
1244 4065
1245 4062
1246 4066
1247 4065
1248 4062
1249 4066
1250 4065
1251 4063
1252 4060
1253 4063
1254 4066
1255 4061
1256 4062
1257 4066
1258 4062
1259 4061
1260 4063
1261 4063
1262 4063
1263 4066
1264 4062
1265 4063
1266 4063
1267 4063
1268 4065
1269 4066
1270 4060
1271 4062
1272 4063
1273 4063
1274 4063
1275 4063
1276 4062
1277 4063
1278 4063
1279 4066
1280 4063
1281 4063
1282 4066
1283 4062
1284 4063
1285 4063
1286 4065
1287 4066
1288 4063
1289 4060
1290 4063
1291 4063
1292 4063
1293 4062
1294 4062
1295 4066
1296 4060
1297 4063
1298 4063
1299 4063
1300 4059
1301 4068
1302 4061
1303 4061
1304 4063
1305 4063
1306 4066
1307 4063
1308 4062
1309 4063
1310 4061
1311 4065
1312 4063
1313 4063
1314 4060
1315 4063
1316 4063
1317 4066
1318 4063
1319 4063
1320 4066
1321 4065
1322 4060
1323 4066
1324 4062
1325 4063
1326 4063
1327 4062
1328 4065
1329 4061
1330 4063
1331 4062
1332 4063
1333 4063
1334 4063
1335 4063
1336 4063
1337 4063
1338 4063
1339 4063
1340 4060
1341 4062
1342 4060
1343 4062
1344 4063
1345 4063
1346 4061
1347 4063
1348 4066
1349 4063
1350 4063
1351 4066
1352 4060
1353 4066
1354 4065
1355 4063
1356 4065
1357 4061
1358 4066
1359 4062
1360 4062
1361 4063
1362 4068
1363 4066
1364 4065
1365 4059
1366 4062
1367 4063
1368 4066
1369 4062
1370 4062
1371 4066
1372 4063
1373 4060
1374 4066
1375 4067
1376 4063
1377 4066
1378 4062
1379 4059
1380 4063
1381 4062
1382 4063
1383 4061
1384 4063
1385 4063
1386 4062
1387 4063
1388 4063
1389 4061
1390 4066
1391 4062
1392 4061
1393 4061
1394 4062
1395 4061
1396 4063
1397 4065
1398 4063
1399 4061
1400 4063
1401 4068
1402 4060
1403 4062
1404 4063
1405 4062
1406 4062
1407 4063
1408 4066
1409 4060
1410 4063
1411 4063
1412 4061
1413 4063
1414 4063
1415 4063
1416 4063
1417 4063
1418 4063
1419 4066
1420 4062
1421 4063
1422 4066
1423 4063
1424 4065
1425 4063
1426 4062
1427 4066
1428 4066
1429 4065
1430 4062
1431 4061
1432 4063
1433 4060
1434 4063
1435 4066
1436 4065
1437 4063
1438 4065
1439 4063
1440 4063
1441 4063
1442 4063
1443 4065
1444 4065
1445 4063
1446 4063
1447 4065
1448 4060
1449 4062
1450 4063
1451 4062
1452 4061
1453 4062
1454 4063
1455 4063
1456 4063
1457 4063
1458 4062
1459 4066
1460 4063
1461 4063
1462 4063
1463 4067
1464 4058
1465 4061
1466 4062
1467 4066
1468 4065
1469 4063
1470 4061
1471 4063
1472 4065
1473 4063
1474 4061
1475 4062
1476 4063
1477 4062
1478 4066
1479 4062
1480 4063
1481 4066
1482 4063
1483 4063
1484 4066
1485 4066
1486 4062
1487 4063
1488 4068
1489 4066
1490 4063
1491 4061
1492 4063
1493 4063
1494 4063
1495 4066
1496 4062
1497 4065
1498 4062
1499 4062
1500 4063
1501 4067
1502 4061
1503 4066
1504 4063
1505 4063
1506 4063
1507 4065
1508 4063
1509 4060
1510 4063
1511 4066
1512 4061
1513 4066
1514 4063
1515 4066
1516 4062
1517 4063
1518 4063
1519 4063
1520 4063
1521 4066
1522 4063
1523 4066
1524 4063
1525 4063
1526 4067
1527 4063
1528 4063
1529 4065
1530 4062
1531 4062
1532 4062
1533 4061
1534 4063
1535 4063
1536 4061
1537 4062
1538 4063
1539 4063
1540 4063
1541 4065
1542 4060
1543 4066
1544 4063
1545 4062
1546 4063
1547 4063
1548 4060
1549 4063
1550 4066
1551 4069
1552 4056
1553 4062
1554 4066
1555 4063
1556 4065
1557 4066
1558 4060
1559 4063
1560 4063
1561 4066
1562 4063
1563 4063
1564 4063
1565 4063
1566 4062
1567 4063
1568 4062
1569 4061
1570 4061
1571 4067
1572 4061
1573 4063
1574 4063
1575 4060
1576 4063
1577 4063
1578 4067
1579 4063
1580 4063
1581 4067
1582 4063
1583 4065
1584 4063
1585 4063
1586 4065
1587 4063
1588 4063
1589 4063
1590 4063
1591 4063
1592 4060
1593 4065
1594 4062
1595 4063
1596 4061
1597 4067
1598 4065
1599 4063
1600 4063
1601 4066
1602 4061
1603 4063
1604 4063
1605 4067
1606 4060
1607 4066
1608 4059
1609 4062
1610 4062
1611 4062
1612 4063
1613 4062
1614 4063
1615 4062
1616 4063
1617 4066
1618 4065
1619 4062
1620 4063
1621 4063
1622 4063
1623 4067
1624 4063
1625 4061
1626 4063
1627 4065
1628 4061
1629 4063
1630 4063
1631 4063
1632 4062
1633 4066
1634 4063
1635 4065
1636 4063
1637 4065
1638 4065
1639 4063
1640 4063
1641 4067
1642 4063
1643 4063
1644 4063
1645 4063
1646 4063
1647 4063
1648 4063
1649 4065
1650 4063
1651 4066
1652 4063
1653 4063
1654 4063
1655 4065
1656 4062
1657 4063
1658 4065
1659 4063
1660 4068
1661 4062
1662 4063
1663 4063
1664 4061
1665 4062
1666 4063
1667 4063
1668 4063
1669 4068
1670 4065
1671 4060
1672 4062
1673 4061
1674 4063
1675 4063
1676 4063
1677 4066
1678 4066
1679 4063
1680 4063
1681 4063
1682 4063
1683 4066
1684 4063
1685 4068
1686 4063
1687 4063
1688 4060
1689 4061
1690 4061
1691 4059
1692 4062
1693 4062
1694 4062
1695 4063
1696 4063
1697 4063
1698 4063
1699 4063
1700 4063
1701 4066
1702 4060
1703 4066
1704 4063
1705 4062
1706 4061
1707 4063
1708 4063
1709 4062
1710 4062
1711 4066
1712 4060
1713 4063
1714 4063
1715 4065
1716 4062
1717 4063
1718 4063
1719 4063
1720 4062
1721 4062
1722 4063
1723 4063
1724 4063
1725 4063
1726 4063
1727 4063
1728 4066
1729 4063
1730 4062
1731 4063
1732 4063
1733 4063
1734 4065
1735 4062
1736 4061
1737 4061
1738 4063
1739 4061
1740 4067
1741 4062
1742 4067
1743 4063
1744 4065
1745 4063
1746 4063
1747 4067
1748 4063
1749 4063
1750 4065
1751 4063
1752 4060
1753 4062
1754 4062
1755 4066
1756 4063
1757 4065
1758 4063
1759 4063
1760 4065
1761 4066
1762 4064
1763 4063
1764 4067
1765 4063
1766 4063
1767 4066
1768 4063
1769 4063
1770 4063
1771 4065
1772 4063
1773 4063
1774 4063
1775 4058
1776 4066
1777 4063
1778 4066
1779 4066
1780 4063
1781 4063
1782 4062
1783 4062
1784 4063
1785 4066
1786 4063
1787 4063
1788 4063
1789 4063
1790 4063
1791 4066
1792 4062
1793 4063
1794 4062
1795 4063
1796 4066
1797 4062
1798 4063
1799 4063
1800 4065
1801 4070
1802 4065
1803 4065
1804 4063
1805 4062
1806 4063
1807 4063
1808 4062
1809 4063
1810 4059
1811 4061
1812 4063
1813 4066
1814 4062
1815 4065
1816 4063
1817 4066
1818 4063
1819 4066
1820 4062
1821 4066
1822 4063
1823 4063
1824 4063
1825 4062
1826 4063
1827 4062
1828 4067
1829 4065
1830 4063
1831 4062
1832 4063
1833 4063
1834 4063
1835 4062
1836 4062
1837 4062
1838 4063
1839 4066
1840 4063
1841 4060
1842 4062
1843 4063
1844 4066
1845 4062
1846 4063
1847 4066
1848 4063
1849 4060
1850 4062
1851 4067
1852 4063
1853 4060
1854 4062
1855 4062
1856 4062
1857 4063
1858 4061
1859 4063
1860 4063
1861 4063
1862 4063
1863 4061
1864 4062
1865 4065
1866 4062
1867 4062
1868 4063
1869 4063
1870 4066
1871 4062
1872 4060
1873 4063
1874 4063
1875 4062
1876 4068
1877 4061
1878 4063
1879 4063
1880 4063
1881 4065
1882 4063
1883 4067
1884 4063
1885 4062
1886 4063
1887 4062
1888 4067
1889 4063
1890 4063
1891 4063
1892 4060
1893 4063
1894 4063
1895 4062
1896 4063
1897 4066
1898 4062
1899 4062
1900 4063
1901 4066
1902 4061
1903 4063
1904 4063
1905 4061
1906 4062
1907 4062
1908 4063
1909 4066
1910 4063
1911 4062
1912 4067
1913 4063
1914 4063
1915 4065
1916 4061
1917 4063
1918 4063
1919 4063
1920 4062
1921 4061
1922 4063
1923 4063
1924 4061
1925 4065
1926 4062
1927 4065
1928 4067
1929 4062
1930 4063
1931 4060
1932 4065
1933 4065
1934 4062
1935 4063
1936 4063
1937 4063
1938 4063
1939 4063
1940 4063
1941 4062
1942 4066
1943 4063
1944 4063
1945 4063
1946 4061
1947 4067
1948 4060
1949 4062
1950 4062
1951 4065
1952 4061
1953 4065
1954 4062
1955 4063
1956 4063
1957 4065
1958 4066
1959 4063
1960 4062
1961 4063
1962 4065
1963 4063
1964 4066
1965 4063
1966 4063
1967 4065
1968 4060
1969 4063
1970 4063
1971 4062
1972 4061
1973 4066
1974 4062
1975 4063
1976 4063
1977 4063
1978 4063
1979 4066
1980 4063
1981 4066
1982 4063
1983 4063
1984 4061
1985 4069
1986 4063
1987 4063
1988 4060
1989 4063
1990 4062
1991 4063
1992 4063
1993 4062
1994 4063
1995 4065
1996 4064
1997 4063
1998 4066
1999 4058
2000 4062
2001 4066
2002 4062
2003 4066
2004 4063
2005 4063
2006 4067
2007 4066
2008 4062
2009 4066
2010 4063
2011 4062
2012 4061
2013 4062
2014 4063
2015 4064
2016 4063
2017 4060
2018 4060
2019 4060
2020 4062
2021 4061
2022 4067
2023 4063
2024 4068
2025 4063
2026 4060
2027 4062
2028 4063
2029 4062
2030 4062
2031 4063
2032 4063
2033 4063
2034 4063
2035 4063
2036 4060
2037 4062
2038 4062
2039 4062
2040 4063
2041 4063
2042 4062
2043 4063
2044 4063
2045 4066
2046 4060
2047 4063
2048 4063
2049 4065
2050 4060
2051 4066
2052 4060
2053 4059
2054 4063
2055 4061
2056 4063
2057 4062
2058 4062
2059 4063
2060 4063
2061 4067
2062 4063
2063 4061
2064 4062
2065 4062
2066 4065
2067 4061
2068 4061
2069 4065
2070 4063
2071 4063
2072 4062
2073 4060
2074 4062
2075 4063
2076 4063
2077 4063
2078 4057
2079 4063
2080 4063
2081 4063
2082 4062
2083 4065
2084 4063
2085 4066
2086 4063
2087 4066
2088 4063
2089 4060
2090 4061
2091 4066
2092 4062
2093 4063
2094 4059
2095 4063
2096 4065
2097 4063
2098 4060
2099 4063
2100 4063
2101 4066
2102 4061
2103 4065
2104 4062
2105 4063
2106 4063
2107 4062
2108 4063
2109 4063
2110 4063
2111 4063
2112 4063
2113 4066
2114 4062
2115 4063
2116 4062
2117 4065
2118 4061
2119 4059
2120 4063
2121 4063
2122 4063
2123 4065
2124 4061
2125 4063
2126 4062
2127 4063
2128 4063
2129 4063
2130 4062
2131 4063
2132 4061
2133 4059
2134 4063
2135 4062
2136 4065
2137 4063
2138 4063
2139 4065
2140 4062
2141 4066
2142 4062
2143 4063
2144 4063
2145 4063
2146 4063
2147 4063
2148 4063
2149 4066
2150 4061
2151 4063
2152 4061
2153 4062
2154 4063
2155 4061
2156 4061
2157 4063
2158 4062
2159 4063
2160 4065
2161 4059
2162 4063
2163 4065
2164 4060
2165 4063
2166 4063
2167 4062
2168 4063
2169 4063
2170 4066
2171 4063
2172 4060
2173 4063
2174 4060
2175 4065
2176 4063
2177 4063
2178 4063
2179 4063
2180 4061
2181 4062
2182 4062
2183 4063
2184 4063
2185 4063
2186 4060
2187 4063
2188 4063
2189 4063
2190 4063
2191 4062
2192 4061
2193 4063
2194 4063
2195 4063
2196 4063
2197 4062
2198 4063
2199 4062
2200 4065
2201 4067
2202 4062
2203 4062
2204 4063
2205 4063
2206 4063
2207 4063
2208 4060
2209 4066
2210 4063
2211 4062
2212 4063
2213 4063
2214 4065
2215 4062
2216 4062
2217 4062
2218 4062
2219 4061
2220 4061
2221 4063
2222 4062
2223 4063
2224 4063
2225 4063
2226 4063
2227 4060
2228 4065
2229 4065
2230 4065
2231 4062
2232 4060
2233 4060
2234 4062
2235 4066
2236 4063
2237 4062
2238 4062
2239 4061
2240 4065
2241 4062
2242 4059
2243 4062
2244 4062
2245 4065
2246 4063
2247 4062
2248 4063
2249 4062
2250 4062
2251 4069
2252 4057
2253 4066
2254 4062
2255 4060
2256 4061
2257 4068
2258 4063
2259 4063
2260 4063
2261 4067
2262 4060
2263 4062
2264 4063
2265 4060
2266 4063
2267 4063
2268 4062
2269 4065
2270 4066
2271 4066
2272 4063
2273 4063
2274 4066
2275 4062
2276 4062
2277 4060
2278 4063
2279 4063
2280 4063
2281 4061
2282 4060
2283 4061
2284 4063
2285 4067
2286 4063
2287 4062
2288 4067
2289 4063
2290 4063
2291 4065
2292 4062
2293 4066
2294 4065
2295 4063
2296 4063
2297 4063
2298 4063
2299 4059
2300 4060
2301 4065
2302 4062
2303 4063
2304 4066
2305 4063
2306 4063
2307 4063
2308 4063
2309 4063
2310 4061
2311 4063
2312 4062
2313 4063
2314 4058
2315 4063
2316 4061
2317 4063
2318 4063
2319 4065
2320 4063
2321 4067
2322 4063
2323 4063
2324 4063
2325 4060
2326 4063
2327 4063
2328 4062
2329 4061
2330 4063
2331 4063
2332 4062
2333 4061
2334 4062
2335 4063
2336 4060
2337 4062
2338 4063
2339 4063
2340 4063
2341 4063
2342 4063
2343 4063
2344 4061
2345 4067
2346 4063
2347 4066
2348 4063
2349 4063
2350 4063
2351 4068
2352 4059
2353 4063
2354 4063
2355 4061
2356 4062
2357 4067
2358 4062
2359 4059
2360 4062
2361 4065
2362 4063
2363 4063
2364 4062
2365 4058
2366 4063
2367 4065
2368 4063
2369 4063
2370 4062
2371 4062
2372 4063
2373 4062
2374 4062
2375 4065
2376 4063
2377 4061
2378 4063
2379 4063
2380 4063
2381 4063
2382 4059
2383 4063
2384 4062
2385 4062
2386 4067
2387 4062
2388 4063
2389 4066
2390 4063
2391 4062
2392 4065
2393 4066
2394 4066
2395 4063
2396 4063
2397 4062
2398 4063
2399 4063
2400 4067
2401 4063
2402 4061
2403 4063
2404 4061
2405 4063
2406 4063
2407 4063
2408 4063
2409 4062
2410 4065
2411 4065
2412 4059
2413 4066
2414 4062
2415 4063
2416 4063
2417 4063
2418 4066
2419 4063
2420 4063
2421 4063
2422 4062
2423 4062
2424 4063
2425 4063
2426 4066
2427 4062
2428 4062
2429 4063
2430 4063
2431 4063
2432 4063
2433 4065
2434 4062
2435 4063
2436 4063
2437 4062
2438 4063
2439 4060
2440 4058
2441 4063
2442 4062
2443 4067
2444 4062
2445 4066
2446 4063
2447 4063
2448 4063
2449 4063
2450 4066
2451 4063
2452 4060
2453 4061
2454 4061
2455 4063
2456 4063
2457 4069
2458 4063
2459 4063
2460 4062
2461 4063
2462 4061
2463 4062
2464 4067
2465 4062
2466 4063
2467 4062
2468 4066
2469 4063
2470 4063
2471 4063
2472 4061
2473 4066
2474 4061
2475 4063
2476 4063
2477 4063
2478 4063
2479 4065
2480 4063
2481 4065
2482 4066
2483 4063
2484 4061
2485 4063
2486 4063
2487 4060
2488 4066
2489 4062
2490 4063
2491 4061
2492 4061
2493 4060
2494 4060
2495 4061
2496 4062
2497 4063
2498 4062
2499 4065
2500 4062
2501 4067
2502 4061
2503 4062
2504 4063
2505 4066
2506 4063
2507 4063
2508 4063
2509 4063
2510 4066
2511 4063
2512 4061
2513 4063
2514 4062
2515 4062
2516 4065
2517 4065
2518 4063
2519 4063
2520 4062
2521 4063
2522 4062
2523 4063
2524 4063
2525 4063
2526 4061
2527 4063
2528 4062
2529 4066
2530 4062
2531 4063
2532 4062
2533 4063
2534 4063
2535 4063
2536 4062
2537 4062
2538 4063
2539 4063
2540 4062
2541 4063
2542 4062
2543 4063
2544 4063
2545 4065
2546 4062
2547 4066
2548 4065
2549 4063
2550 4065
2551 4068
2552 4061
2553 4062
2554 4062
2555 4063
2556 4063
2557 4062
2558 4063
2559 4061
2560 4063
2561 4063
2562 4062
2563 4067
2564 4065
2565 4065
2566 4062
2567 4065
2568 4063
2569 4063
2570 4063
2571 4061
2572 4063
2573 4061
2574 4063
2575 4063
2576 4065
2577 4062
2578 4062
2579 4067
2580 4060
2581 4061
2582 4062
2583 4063
2584 4061
2585 4061
2586 4062
2587 4063
2588 4062
2589 4061
2590 4062
2591 4066
2592 4063
2593 4063
2594 4063
2595 4066
2596 4063
2597 4063
2598 4063
2599 4066
2600 4063
2601 4067
2602 4060
2603 4062
2604 4063
2605 4062
2606 4063
2607 4063
2608 4063
2609 4065
2610 4066
2611 4063
2612 4061
2613 4066
2614 4065
2615 4063
2616 4063
2617 4065
2618 4062
2619 4063
2620 4060
2621 4063
2622 4063
2623 4062
2624 4062
2625 4063
2626 4063
2627 4059
2628 4063
2629 4065
2630 4062
2631 4062
2632 4065
2633 4063
2634 4063
2635 4063
2636 4060
2637 4059
2638 4061
2639 4063
2640 4061
2641 4059
2642 4063
2643 4063
2644 4061
2645 4063
2646 4062
2647 4063
2648 4062
2649 4062
2650 4062
2651 4070
2652 4063
2653 4063
2654 4063
2655 4063
2656 4063
2657 4063
2658 4060
2659 4063
2660 4063
2661 4065
2662 4062
2663 4063
2664 4060
2665 4063
2666 4065
2667 4063
2668 4063
2669 4062
2670 4063
2671 4063
2672 4062
2673 4061
2674 4063
2675 4063
2676 4066
2677 4061
2678 4063
2679 4063
2680 4063
2681 4062
2682 4063
2683 4067
2684 4063
2685 4063
2686 4062
2687 4066
2688 4062
2689 4066
2690 4063
2691 4063
2692 4063
2693 4062
2694 4065
2695 4066
2696 4062
2697 4063
2698 4065
2699 4065
2700 4062
2701 4068
2702 4060
2703 4063
2704 4061
2705 4061
2706 4062
2707 4066
2708 4063
2709 4063
2710 4062
2711 4066
2712 4063
2713 4063
2714 4063
2715 4063
2716 4063
2717 4062
2718 4065
2719 4062
2720 4066
2721 4063
2722 4066
2723 4062
2724 4063
2725 4062
2726 4067
2727 4063
2728 4063
2729 4063
2730 4062
2731 4063
2732 4061
2733 4063
2734 4063
2735 4065
2736 4066
2737 4063
2738 4065
2739 4066
2740 4062
2741 4063
2742 4063
2743 4065
2744 4063
2745 4065
2746 4060
2747 4063
2748 4060
2749 4062
2750 4063
2751 4065
2752 4063
2753 4060
2754 4063
2755 4063
2756 4063
2757 4063
2758 4067
2759 4061
2760 4061
2761 4060
2762 4063
2763 4066
2764 4063
2765 4067
2766 4063
2767 4063
2768 4065
2769 4063
2770 4067
2771 4062
2772 4063
2773 4063
2774 4063
2775 4062
2776 4062
2777 4061
2778 4063
2779 4063
2780 4063
2781 4061
2782 4063
2783 4065
2784 4062
2785 4061
2786 4063
2787 4063
2788 4066
2789 4063
2790 4062
2791 4062
2792 4063
2793 4062
2794 4060
2795 4066
2796 4061
2797 4063
2798 4063
2799 4060
2800 4059
2801 4063
2802 4053
2803 4057
2804 4056
2805 4053
2806 4048
2807 4047
2808 4046
2809 4038
2810 4035
2811 4031
2812 4024
2813 4029
2814 4021
2815 4023
2816 4022
2817 4015
2818 4017
2819 4008
2820 4006
2821 4012
2822 3998
2823 4004
2824 4002
2825 3998
2826 3999
2827 4002
2828 4006
2829 4008
2830 3996
2831 4001
2832 4006
2833 3999
2834 4014
2835 4018
2836 4015
2837 4018
2838 4024
2839 4025
2840 4028
2841 4031
2842 4025
2843 4025
2844 4026
2845 4033
2846 4032
2847 4036
2848 4039
2849 4040
2850 4041
2851 4047
2852 4038
2853 4043
2854 4050
2855 4052
2856 4051
2857 4052
2858 4054
2859 4059
2860 4056
2861 4057
2862 4062
2863 4061
2864 4061
2865 4061
2866 4060
2867 4062
2868 4060
2869 4063
2870 4059
2871 4060
2872 4062
2873 4063
2874 4065
2875 4061
2876 4063
2877 4062
2878 4063
2879 4063
2880 4062
2881 4063
2882 4063
2883 4065
2884 4063
2885 4065
2886 4063
2887 4063
2888 4063
2889 4062
2890 4063
2891 4063
2892 4063
2893 4063
2894 4063
2895 4063
2896 4061
2897 4063
2898 4063
2899 4062
2900 4062
2901 4067
2902 4062
2903 4065
2904 4063
2905 4063
2906 4062
2907 4063
2908 4061
2909 4066
2910 4063
2911 4061
2912 4061
2913 4063
2914 4062
2915 4061
2916 4063
2917 4061
2918 4059
2919 4063
2920 4068
2921 4062
2922 4062
2923 4062
2924 4061
2925 4063
2926 4063
2927 4062
2928 4065
2929 4066
2930 4063
2931 4063
2932 4066
2933 4066
2934 4066
2935 4063
2936 4063
2937 4063
2938 4062
2939 4063
2940 4066
2941 4063
2942 4064
2943 4063
2944 4067
2945 4066
2946 4062
2947 4063
2948 4065
2949 4065
2950 4063
2951 4067
2952 4060
2953 4062
2954 4063
2955 4062
2956 4063
2957 4063
2958 4062
2959 4063
2960 4063
2961 4063
2962 4063
2963 4065
2964 4061
2965 4063
2966 4063
2967 4062
2968 4066
2969 4066
2970 4063
2971 4063
2972 4063
2973 4063
2974 4066
2975 4062
2976 4063
2977 4063
2978 4063
2979 4065
2980 4062
2981 4062
2982 4066
2983 4062
2984 4063
2985 4063
2986 4063
2987 4068
2988 4063
2989 4063
2990 4063
2991 4063
2992 4063
2993 4066
2994 4063
2995 4066
2996 4062
2997 4063
2998 4062
2999 4066
3000 4062
3001 4066
3002 4062
3003 4065
3004 4060
3005 4063
3006 4065
3007 4062
3008 4060
3009 4063
3010 4063
3011 4063
3012 4060
3013 4065
3014 4062
3015 4059
3016 4063
3017 4067
3018 4064
3019 4063
3020 4063
3021 4068
3022 4062
3023 4066
3024 4063
3025 4062
3026 4062
3027 4063
3028 4063
3029 4062
3030 4063
3031 4061
3032 4063
3033 4063
3034 4063
3035 4067
3036 4065
3037 4062
3038 4068
3039 4063
3040 4059
3041 4063
3042 4063
3043 4061
3044 4062
3045 4063
3046 4065
3047 4062
3048 4065
3049 4066
3050 4060
3051 4068
3052 4063
3053 4060
3054 4063
3055 4066
3056 4063
3057 4063
3058 4066
3059 4063
3060 4065
3061 4063
3062 4063
3063 4066
3064 4062
3065 4063
3066 4063
3067 4063
3068 4066
3069 4065
3070 4062
3071 4062
3072 4061
3073 4063
3074 4063
3075 4063
3076 4063
3077 4060
3078 4063
3079 4061
3080 4063
3081 4062
3082 4063
3083 4067
3084 4063
3085 4066
3086 4062
3087 4066
3088 4066
3089 4064
3090 4063
3091 4062
3092 4062
3093 4066
3094 4063
3095 4062
3096 4063
3097 4063
3098 4063
3099 4064
3100 4062
3101 4065
3102 4062
3103 4063
3104 4066
3105 4065
3106 4063
3107 4063
3108 4062
3109 4063
3110 4063
3111 4062
3112 4064
3113 4063
3114 4062
3115 4063
3116 4067
3117 4066
3118 4063
3119 4062
3120 4062
3121 4065
3122 4063
3123 4063
3124 4063
3125 4065
3126 4062
3127 4060
3128 4062
3129 4063
3130 4063
3131 4063
3132 4063
3133 4067
3134 4061
3135 4062
3136 4063
3137 4065
3138 4067
3139 4062
3140 4063
3141 4061
3142 4062
3143 4060
3144 4063
3145 4060
3146 4063
3147 4062
3148 4062
3149 4063
3150 4061
3151 4070
3152 4063
3153 4066
3154 4064
3155 4061
3156 4063
3157 4062
3158 4062
3159 4065
3160 4065
3161 4065
3162 4063
3163 4063
3164 4063
3165 4063
3166 4063
3167 4065
3168 4061
3169 4063
3170 4063
3171 4061
3172 4062
3173 4063
3174 4060
3175 4062
3176 4062
3177 4063
3178 4063
3179 4063
3180 4063
3181 4063
3182 4067
3183 4063
3184 4063
3185 4063
3186 4061
3187 4063
3188 4063
3189 4065
3190 4062
3191 4063
3192 4063
3193 4066
3194 4063
3195 4063
3196 4063
3197 4062
3198 4067
3199 4060
3200 4062
3201 4063
3202 4062
3203 4062
3204 4061
3205 4063
3206 4066
3207 4066
3208 4062
3209 4063
3210 4065
3211 4063
3212 4062
3213 4067
3214 4063
3215 4062
3216 4060
3217 4068
3218 4063
3219 4066
3220 4063
3221 4061
3222 4063
3223 4066
3224 4063
3225 4063
3226 4063
3227 4063
3228 4061
3229 4065
3230 4061
3231 4063
3232 4067
3233 4061
3234 4063
3235 4063
3236 4063
3237 4065
3238 4063
3239 4061
3240 4063
3241 4063
3242 4066
3243 4063
3244 4066
3245 4065
3246 4063
3247 4061
3248 4063
3249 4063
3250 4061
3251 4065
3252 4060
3253 4063
3254 4066
3255 4066
3256 4063
3257 4063
3258 4063
3259 4063
3260 4061
3261 4062
3262 4066
3263 4068
3264 4062
3265 4066
3266 4063
3267 4066
3268 4063
3269 4062
3270 4063
3271 4060
3272 4067
3273 4066
3274 4066
3275 4063
3276 4063
3277 4062
3278 4062
3279 4068
3280 4066
3281 4062
3282 4063
3283 4063
3284 4063
3285 4063
3286 4065
3287 4063
3288 4062
3289 4065
3290 4063
3291 4064
3292 4062
3293 4062
3294 4063
3295 4067
3296 4060
3297 4063
3298 4065
3299 4065
3300 4063
3301 4066
3302 4061
3303 4061
3304 4061
3305 4062
3306 4065
3307 4066
3308 4063
3309 4063
3310 4062
3311 4063
3312 4066
3313 4068
3314 4063
3315 4066
3316 4063
3317 4063
3318 4061
3319 4063
3320 4065
3321 4063
3322 4063
3323 4063
3324 4061
3325 4063
3326 4063
3327 4063
3328 4063
3329 4060
3330 4063
3331 4066
3332 4066
3333 4067
3334 4063
3335 4062
3336 4060
3337 4062
3338 4063
3339 4066
3340 4062
3341 4066
3342 4063
3343 4067
3344 4063
3345 4065
3346 4063
3347 4063
3348 4063
3349 4063
3350 4062
3351 4068
3352 4061
3353 4063
3354 4061
3355 4063
3356 4063
3357 4062
3358 4066
3359 4065
3360 4062
3361 4063
3362 4063
3363 4063
3364 4062
3365 4063
3366 4063
3367 4062
3368 4063
3369 4063
3370 4065
3371 4060
3372 4065
3373 4063
3374 4062
3375 4063
3376 4062
3377 4063
3378 4060
3379 4062
3380 4063
3381 4066
3382 4062
3383 4066
3384 4063
3385 4062
3386 4063
3387 4063
3388 4062
3389 4065
3390 4065
3391 4066
3392 4063
3393 4063
3394 4063
3395 4061
3396 4062
3397 4063
3398 4063
3399 4063
3400 4061
3401 4066
3402 4056
3403 4066
3404 4063
3405 4065
3406 4066
3407 4063
3408 4060
3409 4061
3410 4063
3411 4063
3412 4062
3413 4063
3414 4063
3415 4060
3416 4060
3417 4063
3418 4063
3419 4065
3420 4063
3421 4062
3422 4061
3423 4065
3424 4063
3425 4062
3426 4065
3427 4062
3428 4063
3429 4066
3430 4063
3431 4063
3432 4062
3433 4063
3434 4062
3435 4063
3436 4062
3437 4063
3438 4062
3439 4063
3440 4065
3441 4062
3442 4061
3443 4065
3444 4062
3445 4063
3446 4060
3447 4063
3448 4063
3449 4062
3450 4063
3451 4066
3452 4063
3453 4065
3454 4062
3455 4066
3456 4063
3457 4063
3458 4062
3459 4060
3460 4063
3461 4063
3462 4062
3463 4063
3464 4062
3465 4063
3466 4062
3467 4063
3468 4065
3469 4063
3470 4063
3471 4067
3472 4063
3473 4063
3474 4063
3475 4061
3476 4063
3477 4063
3478 4060
3479 4062
3480 4057
3481 4062
3482 4065
3483 4062
3484 4066
3485 4063
3486 4066
3487 4062
3488 4063
3489 4063
3490 4063
3491 4063
3492 4062
3493 4066
3494 4063
3495 4063
3496 4065
3497 4066
3498 4066
3499 4066
3500 4063
3501 4066
3502 4060
3503 4063
3504 4061
3505 4060
3506 4063
3507 4063
3508 4067
3509 4063
3510 4063
3511 4064
3512 4062
3513 4066
3514 4063
3515 4065
3516 4063
3517 4063
3518 4066
3519 4065
3520 4061
3521 4066
3522 4062
3523 4062
3524 4065
3525 4063
3526 4063
3527 4062
3528 4063
3529 4063
3530 4061
3531 4063
3532 4062
3533 4063
3534 4063
3535 4063
3536 4063
3537 4062
3538 4063
3539 4063
3540 4063
3541 4063
3542 4063
3543 4062
3544 4063
3545 4060
3546 4062
3547 4063
3548 4062
3549 4063
3550 4061
3551 4066
3552 4061
3553 4063
3554 4062
3555 4063
3556 4063
3557 4063
3558 4062
3559 4063
3560 4062
3561 4062
3562 4063
3563 4066
3564 4061
3565 4065
3566 4061
3567 4063
3568 4063
3569 4063
3570 4065
3571 4062
3572 4063
3573 4063
3574 4066
3575 4066
3576 4063
3577 4063
3578 4061
3579 4066
3580 4063
3581 4061
3582 4063
3583 4063
3584 4065
3585 4062
3586 4060
3587 4063
3588 4063
3589 4060
3590 4060
3591 4063
3592 4063
3593 4068
3594 4063
3595 4066
3596 4063
3597 4063
3598 4062
3599 4062
3600 4062
3601 4063
3602 4058
3603 4062
3604 4063
3605 4063
3606 4063
3607 4063
3608 4063
3609 4063
3610 4063
3611 4065
3612 4063
3613 4065
3614 4062
3615 4063
3616 4062
3617 4063
3618 4062
3619 4061
3620 4062
3621 4063
3622 4063
3623 4063
3624 4061
3625 4063
3626 4063
3627 4061
3628 4065
3629 4061
3630 4063
3631 4063
3632 4063
3633 4063
3634 4062
3635 4066
3636 4063
3637 4063
3638 4066
3639 4066
3640 4063
3641 4062
3642 4060
3643 4062
3644 4063
3645 4066
3646 4066
3647 4063
3648 4062
3649 4063
3650 4063
3651 4066
3652 4060
3653 4063
3654 4061
3655 4063
3656 4063
3657 4063
3658 4062
3659 4063
3660 4062
3661 4063
3662 4062
3663 4063
3664 4063
3665 4062
3666 4063
3667 4068
3668 4061
3669 4066
3670 4063
3671 4063
3672 4062
3673 4062
3674 4063
3675 4062
3676 4063
3677 4063
3678 4063
3679 4063
3680 4059
3681 4062
3682 4066
3683 4063
3684 4063
3685 4063
3686 4062
3687 4063
3688 4062
3689 4063
3690 4063
3691 4060
3692 4063
3693 4063
3694 4063
