#Data from the TCD1304 linear CCD
#column 1 = pixelnumber , column 2 = pixelvalue
#Pixel 1-32 and 3679-3694 and are dummy pixels
#SH-period: 200    ICG-period: 100000    Integration time: 100.0 us
2 4035
3 4037
4 4056
5 4054
6 4051
7 4051
8 4055
9 4053
10 4051
11 4054
12 4052
13 4050
14 4053
15 4053
16 4055
17 4053
18 4052
19 4051
20 4051
21 4053
22 4052
23 4053
24 4054
25 4051
26 4053
27 4051
28 4053
29 4053
30 4054
31 4052
32 4054
34 4050
35 4055
36 4051
37 4050
38 4055
39 4049
40 4054
41 4051
42 4051
43 4053
44 4052
45 4051
46 4054
47 4052
48 4053
49 4053
50 4052
51 4056
52 4053
53 4056
54 4054
55 4053
56 4051
57 4054
58 4051
59 4053
60 4054
61 4054
62 4054
63 4056
64 4052
65 4051
66 4054
67 4052
68 4049
69 4054
70 4056
71 4053
72 4052
73 4053
74 4050
75 4054
76 4053
77 4054
78 4053
79 4054
80 4055
81 4051
82 4053
83 4051
84 4053
85 4053
86 4053
87 4050
88 4051
89 4055
90 4054
91 4055
92 4053
93 4051
94 4053
95 4054
96 4054
97 4053
98 4051
99 4053
100 4053
101 4053
102 4050
103 4055
104 4053
105 4056
106 4051
107 4053
108 4053
109 4055
110 4054
111 4055
112 4052
113 4053
114 4054
115 4057
116 4054
117 4053
118 4051
119 4056
120 4055
121 4055
122 4052
123 4054
124 4052
125 4054
126 4052
127 4054
128 4053
129 4055
130 4052
131 4055
132 4053
133 4053
134 4053
135 4055
136 4053
137 4053
138 4052
139 4052
140 4054
141 4056
142 4051
143 4056
144 4052
145 4055
146 4055
147 4053
148 4053
149 4051
150 4056
151 4056
152 4049
153 4051
154 4053
155 4053
156 4054
157 4051
158 4053
159 4054
160 4056
161 4054
162 4052
163 4055
164 4053
165 4055
166 4053
167 4056
168 4053
169 4055
170 4050
171 4057
172 4053
173 4051
174 4053
175 4052
176 4054
177 4051
178 4053
179 4054
180 4053
181 4051
182 4054
183 4053
184 4053
185 4050
186 4051
187 4056
188 4053
189 4053
190 4050
191 4054
192 4051
193 4053
194 4050
195 4053
196 4051
197 4050
198 4053
199 4053
200 4053
201 4055
202 4051
203 4054
204 4051
205 4052
206 4053
207 4054
208 4050
209 4052
210 4052
211 4056
212 4053
213 4050
214 4053
215 4050
216 4052
217 4056
218 4050
219 4051
220 4050
221 4054
222 4052
223 4054
224 4052
225 4051
226 4051
227 4051
228 4052
229 4048
230 4052
231 4051
232 4054
233 4049
234 4053
235 4056
236 4054
237 4051
238 4051
239 4052
240 4052
241 4052
242 4051
243 4050
244 4051
245 4055
246 4053
247 4050
248 4053
249 4053
250 4051
251 4054
252 4053
253 4054
254 4052
255 4054
256 4055
257 4054
258 4053
259 4052
260 4053
261 4052
262 4055
263 4051
264 4053
265 4054
266 4053
267 4052
268 4051
269 4055
270 4049
271 4052
272 4050
273 4053
274 4052
275 4053
276 4051
277 4051
278 4051
279 4056
280 4047
281 4053
282 4052
283 4052
284 4055
285 4053
286 4054
287 4053
288 4055
289 4053
290 4052
291 4053
292 4054
293 4054
294 4054
295 4050
296 4053
297 4053
298 4053
299 4053
300 4050
301 4057
302 4052
303 4054
304 4053
305 4053
306 4051
307 4051
308 4051
309 4054
310 4050
311 4054
312 4056
313 4051
314 4051
315 4053
316 4052
317 4054
318 4054
319 4053
320 4051
321 4054
322 4053
323 4054
324 4051
325 4054
326 4051
327 4051
328 4053
329 4056
330 4051
331 4052
332 4055
333 4050
334 4053
335 4052
336 4049
337 4050
338 4054
339 4051
340 4052
341 4053
342 4053
343 4051
344 4051
345 4054
346 4053
347 4053
348 4051
349 4053
350 4055
351 4054
352 4051
353 4051
354 4055
355 4052
356 4052
357 4053
358 4050
359 4052
360 4053
361 4051
362 4050
363 4053
364 4054
365 4050
366 4053
367 4053
368 4050
369 4051
370 4054
371 4053
372 4052
373 4051
374 4053
375 4050
376 4050
377 4054
378 4053
379 4051
380 4052
381 4053
382 4049
383 4046
384 4051
385 4053
386 4052
387 4051
388 4050
389 4053
390 4050
391 4051
392 4049
393 4052
394 4051
395 4051
396 4051
397 4051
398 4053
399 4050
400 4051
401 4051
402 4049
403 4052
404 4051
405 4049
406 4053
407 4051
408 4050
409 4053
410 4051
411 4051
412 4055
413 4054
414 4051
415 4050
416 4053
417 4049
418 4051
419 4051
420 4052
421 4054
422 4050
423 4052
424 4052
425 4052
426 4054
427 4053
428 4049
429 4052
430 4051
431 4053
432 4051
433 4049
434 4053
435 4051
436 4049
437 4053
438 4053
439 4054
440 4053
441 4051
442 4052
443 4051
444 4049
445 4053
446 4054
447 4053
448 4049
449 4052
450 4054
451 4056
452 4050
453 4052
454 4053
455 4054
456 4055
457 4053
458 4053
459 4054
460 4051
461 4053
462 4049
463 4051
464 4056
465 4053
466 4051
467 4052
468 4054
469 4053
470 4052
471 4052
472 4054
473 4052
474 4052
475 4049
476 4052
477 4050
478 4050
479 4055
480 4053
481 4052
482 4052
483 4053
484 4053
485 4053
486 4051
487 4052
488 4049
489 4051
490 4050
491 4052
492 4050
493 4054
494 4051
495 4056
496 4053
497 4053
498 4052
499 4052
500 4051
501 4055
502 4050
503 4050
504 4048
505 4054
506 4051
507 4051
508 4050
509 4052
510 4049
511 4053
512 4053
513 4054
514 4056
515 4054
516 4053
517 4050
518 4050
519 4050
520 4052
521 4056
522 4054
523 4054
524 4049
525 4053
526 4052
527 4051
528 4054
529 4050
530 4051
531 4052
532 4055
533 4049
534 4054
535 4053
536 4050
537 4050
538 4052
539 4049
540 4054
541 4055
542 4051
543 4051
544 4051
545 4053
546 4054
547 4052
548 4056
549 4051
550 4051
551 4056
552 4051
553 4053
554 4053
555 4051
556 4050
557 4052
558 4051
559 4053
560 4053
561 4052
562 4054
563 4053
564 4051
565 4050
566 4053
567 4050
568 4052
569 4052
570 4051
571 4054
572 4050
573 4052
574 4052
575 4054
576 4052
577 4055
578 4051
579 4053
580 4053
581 4052
582 4053
583 4051
584 4054
585 4051
586 4053
587 4048
588 4052
589 4051
590 4051
591 4054
592 4052
593 4051
594 4053
595 4050
596 4055
597 4053
598 4054
599 4053
600 4054
601 4051
602 4047
603 4053
604 4050
605 4052
606 4051
607 4051
608 4052
609 4050
610 4053
611 4050
612 4051
613 4052
614 4053
615 4051
616 4053
617 4051
618 4053
619 4053
620 4052
621 4051
622 4054
623 4051
624 4051
625 4056
626 4053
627 4053
628 4050
629 4054
630 4051
631 4052
632 4051
633 4051
634 4053
635 4053
636 4050
637 4052
638 4050
639 4053
640 4051
641 4053
642 4051
643 4055
644 4051
645 4051
646 4053
647 4049
648 4051
649 4055
650 4053
651 4055
652 4050
653 4053
654 4053
655 4055
656 4052
657 4051
658 4051
659 4053
660 4049
661 4053
662 4053
663 4054
664 4053
665 4049
666 4053
667 4051
668 4055
669 4054
670 4052
671 4051
672 4051
673 4049
674 4053
675 4050
676 4050
677 4054
678 4051
679 4052
680 4051
681 4052
682 4052
683 4050
684 4053
685 4056
686 4054
687 4056
688 4051
689 4051
690 4053
691 4053
692 4051
693 4054
694 4051
695 4056
696 4052
697 4049
698 4054
699 4051
700 4051
701 4054
702 4050
703 4051
704 4053
705 4051
706 4054
707 4051
708 4050
709 4051
710 4052
711 4051
712 4053
713 4051
714 4053
715 4054
716 4050
717 4051
718 4051
719 4053
720 4049
721 4053
722 4050
723 4050
724 4051
725 4053
726 4052
727 4054
728 4053
729 4052
730 4052
731 4051
732 4051
733 4051
734 4050
735 4049
736 4051
737 4054
738 4052
739 4052
740 4052
741 4054
742 4053
743 4052
744 4054
745 4055
746 4052
747 4051
748 4051
749 4055
750 4054
751 4055
752 4051
753 4055
754 4051
755 4051
756 4051
757 4049
758 4050
759 4050
760 4054
761 4051
762 4051
763 4053
764 4050
765 4051
766 4053
767 4053
768 4053
769 4055
770 4051
771 4056
772 4052
773 4052
774 4055
775 4051
776 4050
777 4057
778 4053
779 4054
780 4051
781 4054
782 4051
783 4051
784 4053
785 4049
786 4050
787 4054
788 4053
789 4053
790 4052
791 4054
792 4053
793 4051
794 4053
795 4049
796 4053
797 4051
798 4053
799 4053
800 4054
801 4053
802 4052
803 4052
804 4051
805 4052
806 4054
807 4053
808 4050
809 4052
810 4053
811 4051
812 4053
813 4054
814 4053
815 4054
816 4051
817 4052
818 4047
819 4054
820 4051
821 4054
822 4053
823 4052
824 4051
825 4051
826 4051
827 4055
828 4051
829 4050
830 4054
831 4052
832 4054
833 4053
834 4052
835 4052
836 4053
837 4051
838 4050
839 4049
840 4056
841 4051
842 4052
843 4053
844 4050
845 4049
846 4054
847 4051
848 4050
849 4051
850 4049
851 4056
852 4049
853 4053
854 4050
855 4052
856 4052
857 4051
858 4051
859 4053
860 4050
861 4055
862 4051
863 4054
864 4051
865 4051
866 4050
867 4051
868 4054
869 4052
870 4050
871 4056
872 4051
873 4053
874 4055
875 4051
876 4053
877 4051
878 4053
879 4051
880 4055
881 4055
882 4055
883 4050
884 4051
885 4056
886 4052
887 4054
888 4053
889 4054
890 4054
891 4050
892 4052
893 4053
894 4053
895 4055
896 4054
897 4053
898 4050
899 4051
900 4052
901 4056
902 4049
903 4053
904 4049
905 4051
906 4053
907 4053
908 4051
909 4051
910 4052
911 4050
912 4052
913 4053
914 4050
915 4053
916 4054
917 4050
918 4052
919 4051
920 4051
921 4055
922 4051
923 4050
924 4053
925 4051
926 4056
927 4052
928 4053
929 4050
930 4057
931 4051
932 4052
933 4051
934 4053
935 4051
936 4051
937 4052
938 4051
939 4051
940 4052
941 4052
942 4054
943 4051
944 4049
945 4053
946 4052
947 4051
948 4054
949 4054
950 4052
951 4053
952 4051
953 4052
954 4051
955 4051
956 4052
957 4051
958 4051
959 4056
960 4052
961 4050
962 4051
963 4048
964 4053
965 4054
966 4053
967 4053
968 4052
969 4053
970 4050
971 4055
972 4052
973 4050
974 4051
975 4052
976 4056
977 4051
978 4052
979 4051
980 4048
981 4051
982 4051
983 4056
984 4050
985 4053
986 4053
987 4052
988 4052
989 4052
990 4056
991 4053
992 4052
993 4051
994 4055
995 4051
996 4053
997 4051
998 4054
999 4052
1000 4052
1001 4056
1002 4051
1003 4051
1004 4049
1005 4052
1006 4053
1007 4053
1008 4053
1009 4054
1010 4052
1011 4051
1012 4050
1013 4052
1014 4052
1015 4051
1016 4049
1017 4052
1018 4055
1019 4055
1020 4053
1021 4056
1022 4052
1023 4055
1024 4056
1025 4051
1026 4053
1027 4054
1028 4054
1029 4053
1030 4054
1031 4052
1032 4055
1033 4056
1034 4052
1035 4055
1036 4053
1037 4051
1038 4054
1039 4054
1040 4056
1041 4053
1042 4053
1043 4053
1044 4053
1045 4052
1046 4058
1047 4054
1048 4052
1049 4052
1050 4056
1051 4054
1052 4049
1053 4053
1054 4053
1055 4047
1056 4054
1057 4053
1058 4056
1059 4054
1060 4053
1061 4055
1062 4053
1063 4051
1064 4054
1065 4054
1066 4056
1067 4056
1068 4054
1069 4053
1070 4054
1071 4056
1072 4052
1073 4058
1074 4055
1075 4055
1076 4052
1077 4054
1078 4053
1079 4053
1080 4054
1081 4054
1082 4051
1083 4055
1084 4052
1085 4055
1086 4054
1087 4056
1088 4055
1089 4054
1090 4051
1091 4053
1092 4056
1093 4054
1094 4053
1095 4053
1096 4056
1097 4052
1098 4054
1099 4054
1100 4058
1101 4055
1102 4051
1103 4055
1104 4054
1105 4056
1106 4054
1107 4053
1108 4052
1109 4051
1110 4055
1111 4051
1112 4051
1113 4053
1114 4053
1115 4053
1116 4050
1117 4051
1118 4052
1119 4052
1120 4049
1121 4051
1122 4054
1123 4052
1124 4053
1125 4054
1126 4052
1127 4056
1128 4052
1129 4051
1130 4051
1131 4055
1132 4052
1133 4055
1134 4056
1135 4052
1136 4051
1137 4053
1138 4051
1139 4052
1140 4052
1141 4053
1142 4053
1143 4054
1144 4053
1145 4051
1146 4055
1147 4051
1148 4054
1149 4052
1150 4053
1151 4056
1152 4052
1153 4053
1154 4055
1155 4055
1156 4051
1157 4055
1158 4057
1159 4053
1160 4051
1161 4052
1162 4052
1163 4054
1164 4052
1165 4054
1166 4051
1167 4054
1168 4054
1169 4056
1170 4053
1171 4055
1172 4051
1173 4055
1174 4053
1175 4053
1176 4055
1177 4054
1178 4055
1179 4054
1180 4051
1181 4053
1182 4053
1183 4050
1184 4056
1185 4051
1186 4058
1187 4054
1188 4052
1189 4054
1190 4051
1191 4056
1192 4052
1193 4054
1194 4053
1195 4053
1196 4055
1197 4056
1198 4054
1199 4054
1200 4052
1201 4053
1202 4054
1203 4057
1204 4053
1205 4053
1206 4054
1207 4055
1208 4053
1209 4054
1210 4050
1211 4053
1212 4051
1213 4052
1214 4053
1215 4051
1216 4054
1217 4052
1218 4052
1219 4052
1220 4052
1221 4052
1222 4053
1223 4053
1224 4050
1225 4055
1226 4053
1227 4055
1228 4053
1229 4054
1230 4056
1231 4052
1232 4055
1233 4056
1234 4051
1235 4055
1236 4054
1237 4051
1238 4055
1239 4054
1240 4052
1241 4054
1242 4055
1243 4056
1244 4054
1245 4056
1246 4057
1247 4053
1248 4050
1249 4054
1250 4053
1251 4055
1252 4053
1253 4053
1254 4052
1255 4053
1256 4053
1257 4056
1258 4057
1259 4057
1260 4053
1261 4052
1262 4054
1263 4055
1264 4054
1265 4056
1266 4054
1267 4056
1268 4056
1269 4055
1270 4051
1271 4051
1272 4050
1273 4052
1274 4053
1275 4054
1276 4052
1277 4052
1278 4053
1279 4054
1280 4051
1281 4054
1282 4053
1283 4056
1284 4054
1285 4054
1286 4053
1287 4056
1288 4051
1289 4056
1290 4051
1291 4053
1292 4053
1293 4054
1294 4051
1295 4056
1296 4057
1297 4053
1298 4053
1299 4054
1300 4054
1301 4058
1302 4053
1303 4053
1304 4055
1305 4053
1306 4054
1307 4053
1308 4051
1309 4055
1310 4053
1311 4053
1312 4051
1313 4054
1314 4051
1315 4055
1316 4055
1317 4052
1318 4052
1319 4057
1320 4053
1321 4053
1322 4052
1323 4056
1324 4053
1325 4053
1326 4054
1327 4056
1328 4054
1329 4056
1330 4053
1331 4053
1332 4051
1333 4056
1334 4056
1335 4053
1336 4054
1337 4054
1338 4055
1339 4054
1340 4056
1341 4052
1342 4054
1343 4056
1344 4052
1345 4054
1346 4056
1347 4054
1348 4053
1349 4053
1350 4051
1351 4054
1352 4051
1353 4053
1354 4053
1355 4051
1356 4057
1357 4051
1358 4054
1359 4052
1360 4053
1361 4051
1362 4054
1363 4054
1364 4054
1365 4056
1366 4052
1367 4053
1368 4054
1369 4054
1370 4053
1371 4053
1372 4054
1373 4051
1374 4053
1375 4054
1376 4053
1377 4053
1378 4052
1379 4050
1380 4056
1381 4054
1382 4055
1383 4056
1384 4049
1385 4050
1386 4051
1387 4053
1388 4050
1389 4055
1390 4051
1391 4052
1392 4054
1393 4051
1394 4054
1395 4054
1396 4054
1397 4052
1398 4054
1399 4053
1400 4052
1401 4053
1402 4050
1403 4052
1404 4051
1405 4054
1406 4052
1407 4053
1408 4054
1409 4052
1410 4052
1411 4052
1412 4053
1413 4053
1414 4053
1415 4052
1416 4054
1417 4051
1418 4052
1419 4051
1420 4054
1421 4053
1422 4053
1423 4050
1424 4053
1425 4051
1426 4052
1427 4050
1428 4051
1429 4050
1430 4049
1431 4055
1432 4054
1433 4047
1434 4055
1435 4053
1436 4051
1437 4053
1438 4051
1439 4056
1440 4054
1441 4053
1442 4051
1443 4056
1444 4054
1445 4052
1446 4054
1447 4050
1448 4053
1449 4051
1450 4050
1451 4053
1452 4048
1453 4053
1454 4051
1455 4050
1456 4049
1457 4053
1458 4050
1459 4056
1460 4052
1461 4054
1462 4052
1463 4054
1464 4052
1465 4055
1466 4051
1467 4053
1468 4051
1469 4053
1470 4051
1471 4051
1472 4051
1473 4051
1474 4050
1475 4052
1476 4054
1477 4055
1478 4050
1479 4054
1480 4054
1481 4051
1482 4051
1483 4051
1484 4053
1485 4053
1486 4051
1487 4053
1488 4053
1489 4051
1490 4056
1491 4051
1492 4052
1493 4051
1494 4051
1495 4052
1496 4053
1497 4053
1498 4053
1499 4051
1500 4056
1501 4056
1502 4049
1503 4053
1504 4051
1505 4053
1506 4054
1507 4051
1508 4047
1509 4053
1510 4051
1511 4051
1512 4052
1513 4052
1514 4054
1515 4054
1516 4051
1517 4053
1518 4053
1519 4054
1520 4052
1521 4057
1522 4053
1523 4052
1524 4053
1525 4053
1526 4052
1527 4053
1528 4051
1529 4053
1530 4051
1531 4054
1532 4051
1533 4051
1534 4051
1535 4050
1536 4049
1537 4051
1538 4052
1539 4052
1540 4054
1541 4053
1542 4051
1543 4053
1544 4053
1545 4053
1546 4056
1547 4049
1548 4053
1549 4053
1550 4051
1551 4055
1552 4051
1553 4055
1554 4052
1555 4051
1556 4052
1557 4051
1558 4048
1559 4050
1560 4053
1561 4053
1562 4053
1563 4051
1564 4053
1565 4052
1566 4053
1567 4055
1568 4053
1569 4054
1570 4053
1571 4053
1572 4051
1573 4050
1574 4055
1575 4054
1576 4054
1577 4054
1578 4051
1579 4050
1580 4052
1581 4050
1582 4052
1583 4050
1584 4054
1585 4053
1586 4049
1587 4053
1588 4054
1589 4049
1590 4054
1591 4052
1592 4051
1593 4055
1594 4053
1595 4057
1596 4054
1597 4054
1598 4051
1599 4051
1600 4056
1601 4054
1602 4049
1603 4051
1604 4054
1605 4053
1606 4053
1607 4052
1608 4055
1609 4051
1610 4052
1611 4053
1612 4051
1613 4052
1614 4054
1615 4053
1616 4050
1617 4053
1618 4051
1619 4051
1620 4053
1621 4054
1622 4050
1623 4051
1624 4048
1625 4055
1626 4051
1627 4051
1628 4049
1629 4056
1630 4051
1631 4056
1632 4050
1633 4052
1634 4053
1635 4050
1636 4051
1637 4053
1638 4051
1639 4050
1640 4054
1641 4053
1642 4051
1643 4052
1644 4054
1645 4056
1646 4054
1647 4053
1648 4054
1649 4050
1650 4051
1651 4056
1652 4051
1653 4054
1654 4052
1655 4052
1656 4050
1657 4054
1658 4047
1659 4050
1660 4051
1661 4051
1662 4051
1663 4050
1664 4053
1665 4056
1666 4056
1667 4053
1668 4051
1669 4055
1670 4053
1671 4052
1672 4055
1673 4053
1674 4053
1675 4054
1676 4052
1677 4053
1678 4054
1679 4049
1680 4053
1681 4053
1682 4051
1683 4056
1684 4055
1685 4053
1686 4049
1687 4054
1688 4050
1689 4053
1690 4051
1691 4054
1692 4048
1693 4053
1694 4052
1695 4050
1696 4054
1697 4051
1698 4051
1699 4052
1700 4052
1701 4053
1702 4051
1703 4054
1704 4051
1705 4052
1706 4053
1707 4051
1708 4049
1709 4054
1710 4050
1711 4051
1712 4052
1713 4052
1714 4054
1715 4052
1716 4051
1717 4053
1718 4054
1719 4053
1720 4052
1721 4053
1722 4051
1723 4051
1724 4053
1725 4056
1726 4052
1727 4052
1728 4051
1729 4050
1730 4054
1731 4051
1732 4051
1733 4050
1734 4050
1735 4051
1736 4053
1737 4054
1738 4051
1739 4053
1740 4051
1741 4053
1742 4051
1743 4052
1744 4054
1745 4055
1746 4054
1747 4056
1748 4052
1749 4053
1750 4053
1751 4053
1752 4054
1753 4054
1754 4051
1755 4054
1756 4051
1757 4052
1758 4047
1759 4052
1760 4055
1761 4050
1762 4051
1763 4056
1764 4053
1765 4050
1766 4053
1767 4051
1768 4054
1769 4050
1770 4053
1771 4055
1772 4053
1773 4053
1774 4054
1775 4051
1776 4054
1777 4056
1778 4053
1779 4053
1780 4050
1781 4054
1782 4052
1783 4050
1784 4052
1785 4054
1786 4054
1787 4052
1788 4053
1789 4053
1790 4052
1791 4051
1792 4050
1793 4057
1794 4051
1795 4051
1796 4057
1797 4053
1798 4054
1799 4053
1800 4053
1801 4051
1802 4050
1803 4052
1804 4048
1805 4053
1806 4054
1807 4053
1808 4050
1809 4052
1810 4055
1811 4051
1812 4051
1813 4053
1814 4051
1815 4051
1816 4051
1817 4054
1818 4050
1819 4051
1820 4053
1821 4055
1822 4054
1823 4049
1824 4050
1825 4052
1826 4051
1827 4050
1828 4052
1829 4052
1830 4050
1831 4054
1832 4052
1833 4050
1834 4054
1835 4051
1836 4051
1837 4053
1838 4053
1839 4051
1840 4049
1841 4052
1842 4053
1843 4051
1844 4053
1845 4051
1846 4051
1847 4053
1848 4052
1849 4054
1850 4051
1851 4056
1852 4048
1853 4055
1854 4053
1855 4050
1856 4052
1857 4051
1858 4051
1859 4051
1860 4051
1861 4051
1862 4054
1863 4053
1864 4051
1865 4053
1866 4053
1867 4055
1868 4053
1869 4055
1870 4050
1871 4057
1872 4054
1873 4053
1874 4051
1875 4053
1876 4053
1877 4051
1878 4051
1879 4053
1880 4056
1881 4052
1882 4053
1883 4051
1884 4054
1885 4053
1886 4053
1887 4054
1888 4052
1889 4052
1890 4056
1891 4049
1892 4053
1893 4053
1894 4051
1895 4048
1896 4056
1897 4052
1898 4053
1899 4054
1900 4051
1901 4058
1902 4050
1903 4051
1904 4053
1905 4056
1906 4051
1907 4054
1908 4051
1909 4054
1910 4051
1911 4053
1912 4054
1913 4051
1914 4053
1915 4053
1916 4052
1917 4054
1918 4052
1919 4051
1920 4051
1921 4055
1922 4054
1923 4052
1924 4050
1925 4051
1926 4053
1927 4050
1928 4051
1929 4051
1930 4054
1931 4054
1932 4054
1933 4048
1934 4052
1935 4051
1936 4055
1937 4051
1938 4051
1939 4050
1940 4051
1941 4051
1942 4056
1943 4052
1944 4052
1945 4056
1946 4055
1947 4053
1948 4053
1949 4055
1950 4051
1951 4056
1952 4047
1953 4055
1954 4051
1955 4050
1956 4053
1957 4053
1958 4052
1959 4053
1960 4050
1961 4055
1962 4055
1963 4053
1964 4049
1965 4054
1966 4052
1967 4053
1968 4052
1969 4053
1970 4055
1971 4051
1972 4052
1973 4053
1974 4053
1975 4051
1976 4054
1977 4053
1978 4053
1979 4052
1980 4053
1981 4054
1982 4054
1983 4051
1984 4051
1985 4054
1986 4054
1987 4053
1988 4053
1989 4053
1990 4054
1991 4053
1992 4053
1993 4052
1994 4051
1995 4051
1996 4054
1997 4054
1998 4054
1999 4055
2000 4055
2001 4058
2002 4054
2003 4053
2004 4056
2005 4051
2006 4054
2007 4055
2008 4053
2009 4055
2010 4053
2011 4053
2012 4056
2013 4054
2014 4052
2015 4055
2016 4051
2017 4054
2018 4051
2019 4053
2020 4052
2021 4054
2022 4053
2023 4055
2024 4053
2025 4056
2026 4056
2027 4052
2028 4053
2029 4054
2030 4052
2031 4057
2032 4056
2033 4056
2034 4053
2035 4054
2036 4054
2037 4055
2038 4053
2039 4053
2040 4055
2041 4053
2042 4051
2043 4053
2044 4055
2045 4052
2046 4054
2047 4051
2048 4054
2049 4053
2050 4056
2051 4057
2052 4054
2053 4053
2054 4053
2055 4052
2056 4054
2057 4054
2058 4055
2059 4057
2060 4052
2061 4053
2062 4055
2063 4053
2064 4056
2065 4053
2066 4052
2067 4053
2068 4053
2069 4052
2070 4051
2071 4051
2072 4056
2073 4051
2074 4055
2075 4053
2076 4052
2077 4054
2078 4053
2079 4054
2080 4050
2081 4053
2082 4053
2083 4053
2084 4054
2085 4052
2086 4053
2087 4054
2088 4056
2089 4056
2090 4055
2091 4053
2092 4055
2093 4053
2094 4054
2095 4053
2096 4056
2097 4054
2098 4050
2099 4051
2100 4057
2101 4057
2102 4049
2103 4055
2104 4053
2105 4056
2106 4053
2107 4054
2108 4053
2109 4051
2110 4053
2111 4053
2112 4052
2113 4054
2114 4056
2115 4055
2116 4051
2117 4056
2118 4053
2119 4054
2120 4051
2121 4056
2122 4053
2123 4054
2124 4056
2125 4052
2126 4055
2127 4051
2128 4053
2129 4054
2130 4053
2131 4053
2132 4053
2133 4051
2134 4055
2135 4049
2136 4053
2137 4053
2138 4051
2139 4054
2140 4054
2141 4053
2142 4054
2143 4056
2144 4054
2145 4056
2146 4054
2147 4056
2148 4050
2149 4055
2150 4054
2151 4054
2152 4051
2153 4054
2154 4051
2155 4056
2156 4054
2157 4053
2158 4057
2159 4054
2160 4053
2161 4051
2162 4051
2163 4051
2164 4056
2165 4054
2166 4053
2167 4055
2168 4054
2169 4055
2170 4052
2171 4057
2172 4053
2173 4053
2174 4056
2175 4052
2176 4053
2177 4051
2178 4053
2179 4054
2180 4055
2181 4056
2182 4051
2183 4054
2184 4056
2185 4056
2186 4053
2187 4055
2188 4054
2189 4051
2190 4052
2191 4054
2192 4052
2193 4053
2194 4055
2195 4054
2196 4052
2197 4053
2198 4053
2199 4055
2200 4052
2201 4055
2202 4051
2203 4053
2204 4055
2205 4055
2206 4052
2207 4054
2208 4053
2209 4052
2210 4056
2211 4054
2212 4055
2213 4050
2214 4058
2215 4058
2216 4054
2217 4053
2218 4053
2219 4052
2220 4051
2221 4054
2222 4050
2223 4053
2224 4053
2225 4053
2226 4052
2227 4052
2228 4052
2229 4054
2230 4054
2231 4055
2232 4056
2233 4053
2234 4056
2235 4055
2236 4053
2237 4057
2238 4056
2239 4055
2240 4054
2241 4053
2242 4053
2243 4056
2244 4056
2245 4057
2246 4053
2247 4053
2248 4051
2249 4054
2250 4053
2251 4061
2252 4052
2253 4054
2254 4053
2255 4054
2256 4053
2257 4055
2258 4051
2259 4056
2260 4057
2261 4056
2262 4058
2263 4053
2264 4057
2265 4050
2266 4054
2267 4053
2268 4053
2269 4054
2270 4052
2271 4055
2272 4054
2273 4056
2274 4051
2275 4055
2276 4054
2277 4054
2278 4059
2279 4056
2280 4054
2281 4055
2282 4056
2283 4056
2284 4053
2285 4055
2286 4053
2287 4053
2288 4055
2289 4054
2290 4056
2291 4054
2292 4053
2293 4054
2294 4056
2295 4054
2296 4054
2297 4054
2298 4053
2299 4051
2300 4050
2301 4054
2302 4054
2303 4056
2304 4053
2305 4052
2306 4049
2307 4056
2308 4056
2309 4055
2310 4052
2311 4052
2312 4055
2313 4053
2314 4054
2315 4056
2316 4050
2317 4055
2318 4056
2319 4058
2320 4054
2321 4054
2322 4053
2323 4053
2324 4051
2325 4053
2326 4057
2327 4053
2328 4056
2329 4054
2330 4053
2331 4053
2332 4056
2333 4054
2334 4055
2335 4053
2336 4051
2337 4054
2338 4054
2339 4054
2340 4053
2341 4054
2342 4053
2343 4050
2344 4055
2345 4056
2346 4054
2347 4054
2348 4053
2349 4056
2350 4052
2351 4056
2352 4051
2353 4056
2354 4053
2355 4055
2356 4051
2357 4052
2358 4058
2359 4053
2360 4053
2361 4054
2362 4056
2363 4054
2364 4053
2365 4054
2366 4053
2367 4056
2368 4053
2369 4057
2370 4053
2371 4056
2372 4051
2373 4055
2374 4055
2375 4056
2376 4054
2377 4054
2378 4055
2379 4052
2380 4056
2381 4053
2382 4052
2383 4058
2384 4052
2385 4054
2386 4054
2387 4054
2388 4054
2389 4054
2390 4056
2391 4054
2392 4052
2393 4053
2394 4053
2395 4053
2396 4053
2397 4054
2398 4057
2399 4052
2400 4055
2401 4057
2402 4051
2403 4054
2404 4053
2405 4057
2406 4054
2407 4055
2408 4052
2409 4055
2410 4053
2411 4056
2412 4054
2413 4054
2414 4054
2415 4057
2416 4057
2417 4055
2418 4053
2419 4057
2420 4053
2421 4053
2422 4053
2423 4052
2424 4057
2425 4053
2426 4056
2427 4056
2428 4051
2429 4051
2430 4053
2431 4055
2432 4056
2433 4052
2434 4054
2435 4056
2436 4052
2437 4053
2438 4056
2439 4053
2440 4053
2441 4053
2442 4053
2443 4053
2444 4052
2445 4051
2446 4055
2447 4055
2448 4055
2449 4051
2450 4056
2451 4056
2452 4052
2453 4057
2454 4052
2455 4057
2456 4053
2457 4055
2458 4053
2459 4052
2460 4056
2461 4055
2462 4053
2463 4054
2464 4054
2465 4054
2466 4053
2467 4054
2468 4053
2469 4053
2470 4051
2471 4054
2472 4054
2473 4055
2474 4053
2475 4054
2476 4053
2477 4053
2478 4053
2479 4053
2480 4052
2481 4054
2482 4054
2483 4053
2484 4055
2485 4055
2486 4054
2487 4056
2488 4054
2489 4054
2490 4055
2491 4055
2492 4051
2493 4053
2494 4051
2495 4056
2496 4055
2497 4056
2498 4054
2499 4053
2500 4055
2501 4056
2502 4048
2503 4053
2504 4054
2505 4053
2506 4053
2507 4056
2508 4052
2509 4056
2510 4052
2511 4053
2512 4053
2513 4055
2514 4054
2515 4056
2516 4053
2517 4058
2518 4053
2519 4054
2520 4056
2521 4056
2522 4055
2523 4055
2524 4054
2525 4052
2526 4054
2527 4055
2528 4055
2529 4052
2530 4052
2531 4053
2532 4053
2533 4053
2534 4052
2535 4056
2536 4054
2537 4056
2538 4053
2539 4056
2540 4052
2541 4056
2542 4056
2543 4054
2544 4055
2545 4054
2546 4052
2547 4055
2548 4053
2549 4050
2550 4054
2551 4059
2552 4051
2553 4055
2554 4052
2555 4055
2556 4051
2557 4056
2558 4053
2559 4056
2560 4052
2561 4050
2562 4053
2563 4052
2564 4051
2565 4053
2566 4054
2567 4053
2568 4052
2569 4055
2570 4056
2571 4054
2572 4053
2573 4051
2574 4051
2575 4055
2576 4054
2577 4050
2578 4055
2579 4054
2580 4051
2581 4052
2582 4054
2583 4054
2584 4053
2585 4052
2586 4054
2587 4054
2588 4054
2589 4060
2590 4052
2591 4054
2592 4054
2593 4054
2594 4053
2595 4053
2596 4053
2597 4051
2598 4053
2599 4055
2600 4054
2601 4056
2602 4053
2603 4054
2604 4054
2605 4051
2606 4051
2607 4056
2608 4050
2609 4052
2610 4054
2611 4053
2612 4053
2613 4053
2614 4056
2615 4053
2616 4051
2617 4055
2618 4055
2619 4055
2620 4049
2621 4055
2622 4056
2623 4054
2624 4054
2625 4054
2626 4054
2627 4053
2628 4055
2629 4056
2630 4055
2631 4056
2632 4054
2633 4050
2634 4054
2635 4056
2636 4053
2637 4052
2638 4056
2639 4052
2640 4054
2641 4056
2642 4053
2643 4055
2644 4057
2645 4057
2646 4054
2647 4054
2648 4052
2649 4056
2650 4053
2651 4056
2652 4056
2653 4053
2654 4053
2655 4052
2656 4056
2657 4053
2658 4056
2659 4054
2660 4056
2661 4055
2662 4053
2663 4056
2664 4056
2665 4053
2666 4055
2667 4055
2668 4054
2669 4053
2670 4053
2671 4053
2672 4054
2673 4055
2674 4053
2675 4056
2676 4056
2677 4054
2678 4056
2679 4056
2680 4057
2681 4051
2682 4054
2683 4053
2684 4054
2685 4052
2686 4056
2687 4052
2688 4056
2689 4052
2690 4051
2691 4056
2692 4052
2693 4056
2694 4052
2695 4053
2696 4052
2697 4053
2698 4052
2699 4056
2700 4054
2701 4059
2702 4054
2703 4051
2704 4056
2705 4054
2706 4052
2707 4051
2708 4051
2709 4055
2710 4051
2711 4052
2712 4053
2713 4054
2714 4051
2715 4049
2716 4055
2717 4053
2718 4053
2719 4053
2720 4054
2721 4053
2722 4051
2723 4049
2724 4050
2725 4052
2726 4052
2727 4053
2728 4051
2729 4055
2730 4052
2731 4050
2732 4050
2733 4053
2734 4051
2735 4053
2736 4051
2737 4052
2738 4051
2739 4055
2740 4052
2741 4052
2742 4053
2743 4052
2744 4050
2745 4053
2746 4051
2747 4051
2748 4051
2749 4049
2750 4050
2751 4056
2752 4051
2753 4051
2754 4051
2755 4050
2756 4051
2757 4054
2758 4049
2759 4052
2760 4052
2761 4052
2762 4051
2763 4053
2764 4054
2765 4051
2766 4049
2767 4050
2768 4052
2769 4055
2770 4053
2771 4053
2772 4052
2773 4049
2774 4053
2775 4054
2776 4051
2777 4050
2778 4050
2779 4056
2780 4050
2781 4054
2782 4052
2783 4053
2784 4052
2785 4051
2786 4054
2787 4049
2788 4049
2789 4053
2790 4049
2791 4051
2792 4053
2793 4051
2794 4051
2795 4050
2796 4051
2797 4051
2798 4050
2799 4052
2800 4053
2801 4053
2802 4047
2803 4051
2804 4047
2805 4047
2806 4050
2807 4046
2808 4042
2809 4044
2810 4035
2811 4036
2812 4037
2813 4036
2814 4031
2815 4027
2816 4033
2817 4027
2818 4027
2819 4027
2820 4023
2821 4027
2822 4027
2823 4025
2824 4021
2825 4017
2826 4011
2827 4005
2828 4011
2829 4016
2830 4015
2831 4019
2832 4024
2833 4022
2834 4024
2835 4021
2836 4024
2837 4022
2838 4033
2839 4027
2840 4031
2841 4031
2842 4033
2843 4035
2844 4034
2845 4037
2846 4039
2847 4035
2848 4041
2849 4038
2850 4042
2851 4046
2852 4041
2853 4045
2854 4048
2855 4049
2856 4049
2857 4049
2858 4051
2859 4051
2860 4052
2861 4051
2862 4048
2863 4053
2864 4051
2865 4052
2866 4050
2867 4054
2868 4054
2869 4054
2870 4053
2871 4052
2872 4052
2873 4055
2874 4052
2875 4051
2876 4053
2877 4056
2878 4054
2879 4050
2880 4053
2881 4056
2882 4052
2883 4054
2884 4052
2885 4051
2886 4051
2887 4053
2888 4054
2889 4051
2890 4050
2891 4052
2892 4050
2893 4050
2894 4054
2895 4052
2896 4054
2897 4056
2898 4050
2899 4052
2900 4051
2901 4057
2902 4049
2903 4052
2904 4052
2905 4053
2906 4054
2907 4049
2908 4051
2909 4053
2910 4050
2911 4051
2912 4051
2913 4054
2914 4051
2915 4049
2916 4053
2917 4055
2918 4054
2919 4051
2920 4054
2921 4053
2922 4052
2923 4056
2924 4052
2925 4052
2926 4053
2927 4054
2928 4053
2929 4053
2930 4051
2931 4051
2932 4052
2933 4054
2934 4053
2935 4050
2936 4053
2937 4052
2938 4056
2939 4056
2940 4054
2941 4055
2942 4052
2943 4055
2944 4053
2945 4053
2946 4056
2947 4055
2948 4053
2949 4056
2950 4055
2951 4057
2952 4051
2953 4053
2954 4056
2955 4051
2956 4053
2957 4055
2958 4053
2959 4052
2960 4055
2961 4056
2962 4052
2963 4056
2964 4056
2965 4053
2966 4054
2967 4053
2968 4051
2969 4056
2970 4054
2971 4053
2972 4051
2973 4053
2974 4051
2975 4050
2976 4056
2977 4053
2978 4052
2979 4055
2980 4055
2981 4056
2982 4055
2983 4055
2984 4052
2985 4056
2986 4052
2987 4052
2988 4053
2989 4054
2990 4054
2991 4055
2992 4054
2993 4053
2994 4054
2995 4053
2996 4056
2997 4054
2998 4054
2999 4055
3000 4054
3001 4056
3002 4052
3003 4055
3004 4054
3005 4054
3006 4053
3007 4056
3008 4052
3009 4055
3010 4052
3011 4051
3012 4053
3013 4053
3014 4052
3015 4054
3016 4053
3017 4054
3018 4055
3019 4055
3020 4054
3021 4055
3022 4054
3023 4052
3024 4052
3025 4054
3026 4052
3027 4057
3028 4054
3029 4052
3030 4056
3031 4050
3032 4056
3033 4054
3034 4052
3035 4056
3036 4055
3037 4054
3038 4051
3039 4054
3040 4052
3041 4054
3042 4057
3043 4053
3044 4055
3045 4053
3046 4054
3047 4052
3048 4058
3049 4054
3050 4055
3051 4057
3052 4050
3053 4051
3054 4053
3055 4052
3056 4053
3057 4051
3058 4055
3059 4056
3060 4056
3061 4052
3062 4052
3063 4054
3064 4052
3065 4056
3066 4054
3067 4054
3068 4054
3069 4057
3070 4054
3071 4057
3072 4053
3073 4054
3074 4052
3075 4054
3076 4053
3077 4054
3078 4051
3079 4053
3080 4055
3081 4054
3082 4051
3083 4053
3084 4051
3085 4054
3086 4052
3087 4052
3088 4053
3089 4054
3090 4053
3091 4053
3092 4051
3093 4058
3094 4054
3095 4052
3096 4056
3097 4055
3098 4054
3099 4056
3100 4053
3101 4059
3102 4050
3103 4055
3104 4057
3105 4056
3106 4051
3107 4053
3108 4056
3109 4053
3110 4053
3111 4055
3112 4052
3113 4054
3114 4051
3115 4055
3116 4049
3117 4052
3118 4055
3119 4053
3120 4054
3121 4056
3122 4053
3123 4052
3124 4054
3125 4055
3126 4052
3127 4052
3128 4055
3129 4055
3130 4053
3131 4053
3132 4051
3133 4055
3134 4055
3135 4051
3136 4055
3137 4054
3138 4053
3139 4055
3140 4053
3141 4056
3142 4054
3143 4054
3144 4055
3145 4055
3146 4053
3147 4050
3148 4053
3149 4054
3150 4054
3151 4057
3152 4048
3153 4056
3154 4051
3155 4053
3156 4053
3157 4054
3158 4055
3159 4053
3160 4051
3161 4053
3162 4057
3163 4055
3164 4054
3165 4056
3166 4052
3167 4057
3168 4055
3169 4053
3170 4053
3171 4053
3172 4054
3173 4053
3174 4057
3175 4056
3176 4053
3177 4054
3178 4056
3179 4053
3180 4053
3181 4057
3182 4054
3183 4053
3184 4052
3185 4053
3186 4053
3187 4052
3188 4057
3189 4054
3190 4054
3191 4057
3192 4053
3193 4053
3194 4050
3195 4052
3196 4053
3197 4053
3198 4055
3199 4053
3200 4054
3201 4058
3202 4051
3203 4053
3204 4054
3205 4056
3206 4057
3207 4053
3208 4052
3209 4054
3210 4053
3211 4054
3212 4053
3213 4056
3214 4054
3215 4052
3216 4055
3217 4052
3218 4053
3219 4055
3220 4054
3221 4056
3222 4053
3223 4053
3224 4055
3225 4054
3226 4055
3227 4053
3228 4054
3229 4054
3230 4057
3231 4053
3232 4055
3233 4056
3234 4053
3235 4055
3236 4054
3237 4056
3238 4054
3239 4056
3240 4053
3241 4054
3242 4052
3243 4052
3244 4054
3245 4055
3246 4054
3247 4056
3248 4057
3249 4050
3250 4055
3251 4056
3252 4052
3253 4054
3254 4055
3255 4055
3256 4056
3257 4054
3258 4057
3259 4054
3260 4056
3261 4054
3262 4052
3263 4058
3264 4052
3265 4052
3266 4053
3267 4054
3268 4053
3269 4055
3270 4051
3271 4054
3272 4053
3273 4052
3274 4052
3275 4057
3276 4053
3277 4054
3278 4054
3279 4055
3280 4056
3281 4053
3282 4053
3283 4054
3284 4053
3285 4056
3286 4055
3287 4056
3288 4052
3289 4054
3290 4052
3291 4052
3292 4056
3293 4056
3294 4054
3295 4056
3296 4054
3297 4056
3298 4053
3299 4054
3300 4053
3301 4058
3302 4054
3303 4052
3304 4053
3305 4053
3306 4054
3307 4056
3308 4053
3309 4055
3310 4054
3311 4054
3312 4054
3313 4054
3314 4055
3315 4056
3316 4056
3317 4054
3318 4054
3319 4053
3320 4054
3321 4057
3322 4051
3323 4056
3324 4055
3325 4052
3326 4056
3327 4056
3328 4051
3329 4053
3330 4053
3331 4054
3332 4053
3333 4055
3334 4056
3335 4057
3336 4054
3337 4053
3338 4055
3339 4053
3340 4054
3341 4056
3342 4057
3343 4058
3344 4051
3345 4054
3346 4058
3347 4054
3348 4055
3349 4057
3350 4056
3351 4057
3352 4052
3353 4056
3354 4055
3355 4056
3356 4051
3357 4055
3358 4053
3359 4052
3360 4054
3361 4056
3362 4055
3363 4055
3364 4054
3365 4052
3366 4055
3367 4053
3368 4056
3369 4051
3370 4050
3371 4058
3372 4052
3373 4056
3374 4053
3375 4058
3376 4054
3377 4053
3378 4054
3379 4052
3380 4054
3381 4053
3382 4052
3383 4056
3384 4056
3385 4055
3386 4056
3387 4053
3388 4053
3389 4054
3390 4054
3391 4056
3392 4056
3393 4056
3394 4050
3395 4055
3396 4053
3397 4051
3398 4053
3399 4053
3400 4052
3401 4056
3402 4054
3403 4053
3404 4055
3405 4056
3406 4054
3407 4053
3408 4054
3409 4054
3410 4055
3411 4053
3412 4054
3413 4054
3414 4054
3415 4056
3416 4052
3417 4054
3418 4054
3419 4054
3420 4056
3421 4055
3422 4055
3423 4053
3424 4056
3425 4050
3426 4054
3427 4056
3428 4054
3429 4053
3430 4053
3431 4054
3432 4055
3433 4053
3434 4053
3435 4054
3436 4054
3437 4054
3438 4054
3439 4055
3440 4053
3441 4055
3442 4057
3443 4056
3444 4054
3445 4056
3446 4055
3447 4051
3448 4056
3449 4054
3450 4054
3451 4055
3452 4050
3453 4053
3454 4051
3455 4054
3456 4052
3457 4054
3458 4056
3459 4053
3460 4055
3461 4056
3462 4054
3463 4054
3464 4053
3465 4057
3466 4054
3467 4055
3468 4051
3469 4055
3470 4054
3471 4056
3472 4054
3473 4052
3474 4054
3475 4055
3476 4054
3477 4053
3478 4056
3479 4059
3480 4054
3481 4056
3482 4056
3483 4053
3484 4055
3485 4056
3486 4054
3487 4052
3488 4055
3489 4054
3490 4052
3491 4056
3492 4052
3493 4056
3494 4054
3495 4054
3496 4056
3497 4054
3498 4055
3499 4054
3500 4054
3501 4056
3502 4049
3503 4057
3504 4056
3505 4054
3506 4053
3507 4055
3508 4053
3509 4055
3510 4053
3511 4053
3512 4052
3513 4053
3514 4054
3515 4051
3516 4054
3517 4055
3518 4058
3519 4055
3520 4051
3521 4055
3522 4053
3523 4053
3524 4055
3525 4054
3526 4053
3527 4056
3528 4056
3529 4053
3530 4052
3531 4055
3532 4055
3533 4056
3534 4056
3535 4053
3536 4056
3537 4054
3538 4052
3539 4051
3540 4057
3541 4055
3542 4054
3543 4053
3544 4054
3545 4054
3546 4054
3547 4050
3548 4050
3549 4052
3550 4051
3551 4054
3552 4049
3553 4052
3554 4056
3555 4050
3556 4053
3557 4056
3558 4053
3559 4053
3560 4053
3561 4054
3562 4055
3563 4056
3564 4054
3565 4055
3566 4054
3567 4055
3568 4053
3569 4052
3570 4054
3571 4055
3572 4054
3573 4056
3574 4052
3575 4052
3576 4051
3577 4055
3578 4056
3579 4054
3580 4051
3581 4054
3582 4057
3583 4052
3584 4056
3585 4054
3586 4053
3587 4054
3588 4054
3589 4054
3590 4054
3591 4051
3592 4053
3593 4056
3594 4055
3595 4055
3596 4056
3597 4056
3598 4053
3599 4052
3600 4054
3601 4053
3602 4051
3603 4054
3604 4058
3605 4056
3606 4053
3607 4049
3608 4051
3609 4055
3610 4050
3611 4054
3612 4052
3613 4059
3614 4052
3615 4055
3616 4053
3617 4055
3618 4050
3619 4053
3620 4052
3621 4056
3622 4057
3623 4056
3624 4051
3625 4052
3626 4053
3627 4058
3628 4053
3629 4054
3630 4055
3631 4056
3632 4053
3633 4053
3634 4053
3635 4056
3636 4053
3637 4053
3638 4053
3639 4053
3640 4053
3641 4053
3642 4053
3643 4056
3644 4052
3645 4053
3646 4053
3647 4055
3648 4053
3649 4053
3650 4054
3651 4055
3652 4052
3653 4053
3654 4054
3655 4053
3656 4053
3657 4056
3658 4051
3659 4054
3660 4054
3661 4053
3662 4054
3663 4054
3664 4056
3665 4054
3666 4054
3667 4053
3668 4056
3669 4055
3670 4053
3671 4055
3672 4052
3673 4053
3674 4056
3675 4051
3676 4056
3677 4055
3678 4054
3679 4055
3680 4055
3681 4054
3682 4053
3683 4051
3684 4055
3685 4053
3686 4055
3687 4056
3688 4055
3689 4053
3690 4051
3691 4055
3692 4054
3693 4056
3694 4057
