#Data from the TCD1304 linear CCD
#column 1 = pixelnumber , column 2 = pixelvalue
#Pixel 1-32 and 3679-3694 and are dummy pixels
#SH-period: 200    ICG-period: 100000    Integration time: 100.0 us
2 4044
3 4046
4 4066
5 4063
6 4067
7 4063
8 4063
9 4068
10 4066
11 4067
12 4063
13 4063
14 4066
15 4062
16 4066
17 4065
18 4063
19 4062
20 4068
21 4063
22 4062
23 4062
24 4060
25 4063
26 4062
27 4063
28 4062
29 4062
30 4062
31 4063
32 4063
34 4062
35 4066
36 4065
37 4063
38 4065
39 4063
40 4062
41 4062
42 4063
43 4063
44 4062
45 4067
46 4063
47 4066
48 4066
49 4062
50 4063
51 4063
52 4058
53 4062
54 4060
55 4063
56 4063
57 4062
58 4065
59 4062
60 4063
61 4066
62 4062
63 4065
64 4062
65 4062
66 4067
67 4062
68 4062
69 4063
70 4063
71 4063
72 4066
73 4067
74 4062
75 4062
76 4062
77 4065
78 4062
79 4061
80 4063
81 4061
82 4066
83 4062
84 4060
85 4066
86 4060
87 4065
88 4065
89 4063
90 4060
91 4062
92 4063
93 4061
94 4063
95 4063
96 4067
97 4063
98 4060
99 4062
100 4063
101 4068
102 4060
103 4063
104 4063
105 4063
106 4063
107 4063
108 4062
109 4063
110 4063
111 4063
112 4066
113 4063
114 4063
115 4060
116 4063
117 4062
118 4063
119 4068
120 4063
121 4062
122 4063
123 4066
124 4063
125 4062
126 4062
127 4063
128 4063
129 4067
130 4062
131 4063
132 4062
133 4063
134 4059
135 4063
136 4063
137 4063
138 4070
139 4063
140 4065
141 4063
142 4066
143 4063
144 4063
145 4063
146 4067
147 4062
148 4063
149 4063
150 4063
151 4068
152 4062
153 4066
154 4063
155 4063
156 4063
157 4063
158 4063
159 4063
160 4062
161 4063
162 4063
163 4062
164 4063
165 4062
166 4062
167 4062
168 4063
169 4063
170 4063
171 4065
172 4063
173 4062
174 4063
175 4063
176 4061
177 4061
178 4063
179 4063
180 4066
181 4063
182 4063
183 4062
184 4063
185 4062
186 4063
187 4063
188 4062
189 4062
190 4063
191 4062
192 4063
193 4063
194 4063
195 4063
196 4062
197 4063
198 4062
199 4063
200 4063
201 4066
202 4061
203 4063
204 4063
205 4063
206 4063
207 4063
208 4062
209 4066
210 4063
211 4066
212 4062
213 4063
214 4066
215 4063
216 4066
217 4063
218 4063
219 4062
220 4067
221 4063
222 4063
223 4063
224 4066
225 4065
226 4063
227 4066
228 4062
229 4063
230 4063
231 4065
232 4063
233 4063
234 4062
235 4063
236 4066
237 4065
238 4063
239 4062
240 4063
241 4062
242 4066
243 4062
244 4063
245 4061
246 4063
247 4066
248 4062
249 4063
250 4063
251 4068
252 4063
253 4066
254 4059
255 4062
256 4065
257 4063
258 4068
259 4063
260 4063
261 4063
262 4063
263 4069
264 4062
265 4060
266 4063
267 4060
268 4063
269 4066
270 4067
271 4063
272 4063
273 4063
274 4063
275 4062
276 4062
277 4063
278 4066
279 4066
280 4063
281 4062
282 4063
283 4070
284 4063
285 4063
286 4062
287 4063
288 4063
289 4062
290 4061
291 4062
292 4062
293 4061
294 4063
295 4062
296 4066
297 4072
298 4065
299 4063
300 4063
301 4066
302 4060
303 4063
304 4063
305 4060
306 4065
307 4063
308 4063
309 4063
310 4062
311 4062
312 4062
313 4066
314 4063
315 4063
316 4066
317 4062
318 4063
319 4062
320 4066
321 4060
322 4060
323 4060
324 4070
325 4062
326 4063
327 4063
328 4062
329 4068
330 4066
331 4062
332 4065
333 4063
334 4063
335 4062
336 4063
337 4062
338 4063
339 4062
340 4066
341 4062
342 4066
343 4061
344 4062
345 4066
346 4063
347 4066
348 4063
349 4063
350 4063
351 4069
352 4060
353 4063
354 4063
355 4063
356 4063
357 4061
358 4065
359 4062
360 4063
361 4063
362 4063
363 4063
364 4066
365 4063
366 4061
367 4063
368 4066
369 4066
370 4063
371 4063
372 4064
373 4060
374 4063
375 4062
376 4067
377 4063
378 4063
379 4065
380 4063
381 4063
382 4063
383 4063
384 4062
385 4063
386 4066
387 4063
388 4062
389 4065
390 4063
391 4062
392 4061
393 4065
394 4060
395 4066
396 4062
397 4063
398 4062
399 4063
400 4063
401 4066
402 4059
403 4066
404 4063
405 4062
406 4062
407 4063
408 4065
409 4066
410 4062
411 4066
412 4062
413 4062
414 4062
415 4063
416 4062
417 4063
418 4063
419 4063
420 4063
421 4066
422 4061
423 4063
424 4063
425 4066
426 4063
427 4063
428 4063
429 4061
430 4065
431 4068
432 4063
433 4060
434 4061
435 4063
436 4062
437 4063
438 4062
439 4065
440 4061
441 4063
442 4062
443 4063
444 4062
445 4063
446 4062
447 4063
448 4060
449 4063
450 4062
451 4063
452 4063
453 4062
454 4062
455 4066
456 4063
457 4063
458 4063
459 4063
460 4066
461 4066
462 4065
463 4064
464 4066
465 4060
466 4066
467 4063
468 4068
469 4062
470 4063
471 4062
472 4065
473 4066
474 4062
475 4063
476 4062
477 4063
478 4061
479 4063
480 4063
481 4060
482 4062
483 4063
484 4066
485 4063
486 4061
487 4063
488 4063
489 4066
490 4062
491 4066
492 4062
493 4063
494 4063
495 4063
496 4062
497 4063
498 4062
499 4062
500 4063
501 4066
502 4063
503 4067
504 4063
505 4063
506 4063
507 4060
508 4063
509 4063
510 4063
511 4065
512 4063
513 4063
514 4063
515 4066
516 4066
517 4063
518 4063
519 4060
520 4063
521 4063
522 4063
523 4063
524 4062
525 4062
526 4062
527 4067
528 4062
529 4066
530 4062
531 4063
532 4066
533 4063
534 4065
535 4066
536 4066
537 4060
538 4062
539 4063
540 4062
541 4063
542 4063
543 4066
544 4062
545 4065
546 4062
547 4063
548 4063
549 4063
550 4063
551 4068
552 4062
553 4063
554 4062
555 4063
556 4063
557 4066
558 4063
559 4063
560 4062
561 4065
562 4063
563 4069
564 4062
565 4063
566 4062
567 4066
568 4066
569 4063
570 4060
571 4063
572 4063
573 4062
574 4066
575 4062
576 4063
577 4066
578 4062
579 4062
580 4063
581 4062
582 4063
583 4063
584 4062
585 4063
586 4062
587 4063
588 4063
589 4062
590 4063
591 4062
592 4066
593 4062
594 4066
595 4063
596 4066
597 4063
598 4066
599 4066
600 4063
601 4066
602 4061
603 4063
604 4061
605 4066
606 4063
607 4063
608 4063
609 4062
610 4062
611 4066
612 4063
613 4062
614 4063
615 4060
616 4061
617 4063
618 4060
619 4063
620 4063
621 4062
622 4062
623 4063
624 4063
625 4063
626 4063
627 4063
628 4060
629 4066
630 4060
631 4066
632 4062
633 4062
634 4060
635 4068
636 4063
637 4063
638 4062
639 4063
640 4063
641 4063
642 4063
643 4063
644 4062
645 4066
646 4062
647 4067
648 4060
649 4063
650 4063
651 4063
652 4059
653 4063
654 4068
655 4063
656 4060
657 4066
658 4063
659 4063
660 4063
661 4066
662 4063
663 4062
664 4063
665 4063
666 4062
667 4065
668 4062
669 4063
670 4063
671 4063
672 4063
673 4063
674 4062
675 4063
676 4062
677 4063
678 4062
679 4060
680 4060
681 4066
682 4062
683 4063
684 4060
685 4062
686 4066
687 4063
688 4063
689 4068
690 4063
691 4063
692 4063
693 4063
694 4062
695 4063
696 4063
697 4066
698 4062
699 4063
700 4063
701 4066
702 4062
703 4063
704 4062
705 4063
706 4059
707 4067
708 4066
709 4060
710 4065
711 4063
712 4062
713 4063
714 4063
715 4065
716 4062
717 4067
718 4065
719 4062
720 4063
721 4062
722 4063
723 4063
724 4063
725 4066
726 4063
727 4063
728 4063
729 4062
730 4062
731 4063
732 4063
733 4062
734 4062
735 4062
736 4062
737 4068
738 4062
739 4066
740 4066
741 4062
742 4063
743 4061
744 4062
745 4063
746 4062
747 4063
748 4063
749 4063
750 4063
751 4066
752 4062
753 4063
754 4063
755 4062
756 4061
757 4062
758 4062
759 4063
760 4063
761 4062
762 4063
763 4066
764 4063
765 4066
766 4063
767 4063
768 4065
769 4063
770 4063
771 4066
772 4062
773 4061
774 4066
775 4062
776 4062
777 4063
778 4062
779 4063
780 4066
781 4066
782 4063
783 4063
784 4066
785 4063
786 4060
787 4063
788 4059
789 4063
790 4066
791 4063
792 4063
793 4060
794 4066
795 4066
796 4063
797 4063
798 4063
799 4063
800 4063
801 4063
802 4062
803 4068
804 4063
805 4066
806 4063
807 4063
808 4063
809 4066
810 4063
811 4067
812 4062
813 4062
814 4062
815 4063
816 4063
817 4066
818 4066
819 4063
820 4062
821 4063
822 4063
823 4063
824 4063
825 4062
826 4062
827 4063
828 4060
829 4063
830 4059
831 4062
832 4062
833 4063
834 4063
835 4063
836 4063
837 4063
838 4063
839 4062
840 4062
841 4062
842 4066
843 4063
844 4060
845 4063
846 4063
847 4063
848 4063
849 4062
850 4063
851 4066
852 4061
853 4062
854 4063
855 4062
856 4063
857 4065
858 4068
859 4062
860 4062
861 4063
862 4063
863 4063
864 4063
865 4063
866 4065
867 4063
868 4062
869 4063
870 4062
871 4065
872 4066
873 4063
874 4061
875 4066
876 4060
877 4063
878 4063
879 4063
880 4066
881 4063
882 4063
883 4062
884 4062
885 4063
886 4068
887 4060
888 4063
889 4063
890 4063
891 4062
892 4066
893 4061
894 4067
895 4062
896 4060
897 4066
898 4063
899 4063
900 4063
901 4063
902 4062
903 4062
904 4066
905 4063
906 4059
907 4063
908 4063
909 4061
910 4063
911 4063
912 4063
913 4063
914 4062
915 4062
916 4063
917 4063
918 4065
919 4066
920 4069
921 4063
922 4063
923 4063
924 4063
925 4063
926 4063
927 4063
928 4063
929 4065
930 4066
931 4062
932 4062
933 4063
934 4063
935 4063
936 4067
937 4066
938 4063
939 4066
940 4065
941 4063
942 4066
943 4063
944 4060
945 4062
946 4063
947 4063
948 4062
949 4063
950 4062
951 4068
952 4059
953 4066
954 4063
955 4068
956 4061
957 4062
958 4063
959 4065
960 4062
961 4066
962 4063
963 4063
964 4063
965 4062
966 4063
967 4063
968 4063
969 4062
970 4063
971 4066
972 4066
973 4062
974 4063
975 4063
976 4063
977 4062
978 4062
979 4066
980 4062
981 4066
982 4062
983 4068
984 4063
985 4068
986 4063
987 4063
988 4062
989 4063
990 4063
991 4062
992 4066
993 4063
994 4066
995 4063
996 4063
997 4063
998 4062
999 4063
1000 4061
1001 4063
1002 4061
1003 4066
1004 4063
1005 4063
1006 4063
1007 4062
1008 4063
1009 4062
1010 4062
1011 4062
1012 4062
1013 4063
1014 4066
1015 4066
1016 4066
1017 4063
1018 4060
1019 4063
1020 4062
1021 4063
1022 4065
1023 4063
1024 4066
1025 4063
1026 4062
1027 4066
1028 4063
1029 4063
1030 4063
1031 4063
1032 4063
1033 4063
1034 4066
1035 4062
1036 4066
1037 4062
1038 4062
1039 4063
1040 4062
1041 4059
1042 4062
1043 4067
1044 4066
1045 4062
1046 4063
1047 4063
1048 4063
1049 4063
1050 4062
1051 4063
1052 4062
1053 4063
1054 4063
1055 4066
1056 4061
1057 4062
1058 4066
1059 4063
1060 4065
1061 4066
1062 4063
1063 4063
1064 4063
1065 4060
1066 4063
1067 4063
1068 4062
1069 4062
1070 4063
1071 4063
1072 4062
1073 4063
1074 4065
1075 4063
1076 4066
1077 4063
1078 4063
1079 4063
1080 4065
1081 4066
1082 4062
1083 4066
1084 4062
1085 4062
1086 4062
1087 4063
1088 4057
1089 4068
1090 4062
1091 4062
1092 4062
1093 4063
1094 4062
1095 4066
1096 4062
1097 4063
1098 4062
1099 4063
1100 4066
1101 4069
1102 4059
1103 4066
1104 4062
1105 4066
1106 4063
1107 4063
1108 4063
1109 4063
1110 4062
1111 4062
1112 4063
1113 4062
1114 4063
1115 4062
1116 4063
1117 4063
1118 4063
1119 4063
1120 4063
1121 4063
1122 4066
1123 4063
1124 4065
1125 4066
1126 4063
1127 4063
1128 4063
1129 4063
1130 4062
1131 4066
1132 4060
1133 4063
1134 4063
1135 4066
1136 4065
1137 4063
1138 4065
1139 4065
1140 4062
1141 4063
1142 4063
1143 4061
1144 4063
1145 4066
1146 4062
1147 4062
1148 4063
1149 4061
1150 4063
1151 4066
1152 4063
1153 4063
1154 4063
1155 4063
1156 4062
1157 4066
1158 4066
1159 4061
1160 4063
1161 4063
1162 4066
1163 4062
1164 4063
1165 4065
1166 4063
1167 4063
1168 4062
1169 4063
1170 4063
1171 4062
1172 4063
1173 4063
1174 4062
1175 4063
1176 4063
1177 4065
1178 4062
1179 4062
1180 4063
1181 4066
1182 4065
1183 4063
1184 4062
1185 4063
1186 4061
1187 4066
1188 4062
1189 4063
1190 4063
1191 4065
1192 4062
1193 4063
1194 4062
1195 4066
1196 4067
1197 4063
1198 4063
1199 4063
1200 4063
1201 4063
1202 4061
1203 4063
1204 4063
1205 4066
1206 4063
1207 4063
1208 4063
1209 4058
1210 4062
1211 4063
1212 4063
1213 4063
1214 4063
1215 4062
1216 4062
1217 4063
1218 4063
1219 4063
1220 4063
1221 4063
1222 4065
1223 4061
1224 4063
1225 4066
1226 4063
1227 4063
1228 4063
1229 4063
1230 4062
1231 4065
1232 4060
1233 4066
1234 4062
1235 4066
1236 4063
1237 4063
1238 4069
1239 4066
1240 4065
1241 4063
1242 4062
1243 4060
1244 4066
1245 4063
1246 4062
1247 4063
1248 4060
1249 4062
1250 4063
1251 4070
1252 4062
1253 4066
1254 4062
1255 4062
1256 4063
1257 4066
1258 4062
1259 4061
1260 4063
1261 4061
1262 4061
1263 4063
1264 4062
1265 4062
1266 4066
1267 4066
1268 4063
1269 4066
1270 4062
1271 4063
1272 4063
1273 4065
1274 4062
1275 4063
1276 4064
1277 4063
1278 4062
1279 4063
1280 4063
1281 4063
1282 4062
1283 4062
1284 4063
1285 4063
1286 4063
1287 4061
1288 4063
1289 4068
1290 4060
1291 4063
1292 4061
1293 4063
1294 4066
1295 4063
1296 4061
1297 4065
1298 4060
1299 4063
1300 4063
1301 4067
1302 4062
1303 4063
1304 4062
1305 4063
1306 4063
1307 4063
1308 4066
1309 4061
1310 4062
1311 4062
1312 4062
1313 4063
1314 4066
1315 4063
1316 4061
1317 4066
1318 4063
1319 4062
1320 4062
1321 4063
1322 4063
1323 4062
1324 4062
1325 4063
1326 4063
1327 4067
1328 4066
1329 4062
1330 4066
1331 4067
1332 4063
1333 4066
1334 4067
1335 4062
1336 4063
1337 4063
1338 4063
1339 4062
1340 4062
1341 4062
1342 4063
1343 4062
1344 4066
1345 4067
1346 4061
1347 4066
1348 4063
1349 4065
1350 4063
1351 4068
1352 4061
1353 4062
1354 4063
1355 4063
1356 4063
1357 4063
1358 4067
1359 4060
1360 4062
1361 4065
1362 4063
1363 4063
1364 4063
1365 4069
1366 4063
1367 4066
1368 4062
1369 4063
1370 4063
1371 4062
1372 4066
1373 4062
1374 4063
1375 4063
1376 4061
1377 4063
1378 4063
1379 4063
1380 4063
1381 4062
1382 4062
1383 4066
1384 4063
1385 4066
1386 4066
1387 4062
1388 4063
1389 4063
1390 4062
1391 4063
1392 4066
1393 4063
1394 4063
1395 4063
1396 4062
1397 4066
1398 4062
1399 4063
1400 4063
1401 4066
1402 4063
1403 4062
1404 4060
1405 4063
1406 4063
1407 4063
1408 4065
1409 4062
1410 4067
1411 4063
1412 4066
1413 4063
1414 4063
1415 4062
1416 4063
1417 4066
1418 4063
1419 4066
1420 4063
1421 4065
1422 4066
1423 4063
1424 4062
1425 4066
1426 4066
1427 4063
1428 4066
1429 4063
1430 4062
1431 4063
1432 4063
1433 4066
1434 4062
1435 4066
1436 4062
1437 4061
1438 4063
1439 4062
1440 4063
1441 4063
1442 4063
1443 4061
1444 4063
1445 4063
1446 4060
1447 4063
1448 4063
1449 4063
1450 4067
1451 4066
1452 4060
1453 4063
1454 4062
1455 4067
1456 4061
1457 4063
1458 4063
1459 4063
1460 4063
1461 4063
1462 4063
1463 4063
1464 4068
1465 4063
1466 4063
1467 4066
1468 4062
1469 4066
1470 4062
1471 4062
1472 4063
1473 4062
1474 4063
1475 4063
1476 4063
1477 4063
1478 4063
1479 4066
1480 4063
1481 4066
1482 4063
1483 4062
1484 4062
1485 4065
1486 4063
1487 4063
1488 4063
1489 4060
1490 4062
1491 4062
1492 4063
1493 4062
1494 4066
1495 4063
1496 4066
1497 4066
1498 4067
1499 4056
1500 4062
1501 4067
1502 4060
1503 4060
1504 4062
1505 4063
1506 4062
1507 4063
1508 4063
1509 4062
1510 4063
1511 4063
1512 4063
1513 4062
1514 4063
1515 4063
1516 4063
1517 4063
1518 4063
1519 4065
1520 4063
1521 4063
1522 4066
1523 4063
1524 4065
1525 4061
1526 4063
1527 4062
1528 4063
1529 4063
1530 4066
1531 4066
1532 4063
1533 4063
1534 4063
1535 4060
1536 4063
1537 4063
1538 4063
1539 4063
1540 4063
1541 4066
1542 4065
1543 4063
1544 4063
1545 4063
1546 4063
1547 4067
1548 4063
1549 4063
1550 4063
1551 4066
1552 4058
1553 4062
1554 4063
1555 4063
1556 4063
1557 4063
1558 4063
1559 4063
1560 4066
1561 4066
1562 4063
1563 4063
1564 4063
1565 4066
1566 4062
1567 4063
1568 4063
1569 4062
1570 4063
1571 4063
1572 4066
1573 4063
1574 4062
1575 4062
1576 4062
1577 4062
1578 4066
1579 4063
1580 4061
1581 4062
1582 4063
1583 4062
1584 4060
1585 4067
1586 4065
1587 4063
1588 4061
1589 4065
1590 4066
1591 4066
1592 4066
1593 4063
1594 4062
1595 4062
1596 4062
1597 4066
1598 4063
1599 4067
1600 4062
1601 4063
1602 4062
1603 4061
1604 4063
1605 4063
1606 4063
1607 4062
1608 4062
1609 4063
1610 4063
1611 4066
1612 4061
1613 4066
1614 4063
1615 4066
1616 4062
1617 4062
1618 4062
1619 4066
1620 4063
1621 4063
1622 4066
1623 4066
1624 4063
1625 4063
1626 4063
1627 4061
1628 4062
1629 4065
1630 4063
1631 4063
1632 4066
1633 4063
1634 4063
1635 4063
1636 4062
1637 4058
1638 4063
1639 4062
1640 4066
1641 4066
1642 4063
1643 4066
1644 4063
1645 4067
1646 4063
1647 4068
1648 4062
1649 4063
1650 4062
1651 4063
1652 4060
1653 4062
1654 4066
1655 4062
1656 4063
1657 4066
1658 4063
1659 4063
1660 4067
1661 4063
1662 4063
1663 4063
1664 4063
1665 4063
1666 4063
1667 4065
1668 4063
1669 4067
1670 4063
1671 4063
1672 4063
1673 4063
1674 4063
1675 4062
1676 4063
1677 4063
1678 4062
1679 4066
1680 4063
1681 4061
1682 4063
1683 4063
1684 4063
1685 4063
1686 4066
1687 4063
1688 4062
1689 4062
1690 4067
1691 4065
1692 4067
1693 4062
1694 4065
1695 4061
1696 4063
1697 4063
1698 4063
1699 4063
1700 4063
1701 4067
1702 4063
1703 4068
1704 4062
1705 4068
1706 4063
1707 4066
1708 4063
1709 4063
1710 4062
1711 4065
1712 4062
1713 4062
1714 4063
1715 4061
1716 4062
1717 4063
1718 4065
1719 4063
1720 4062
1721 4063
1722 4063
1723 4063
1724 4066
1725 4063
1726 4061
1727 4060
1728 4063
1729 4063
1730 4063
1731 4063
1732 4063
1733 4063
1734 4063
1735 4063
1736 4070
1737 4061
1738 4066
1739 4062
1740 4063
1741 4063
1742 4063
1743 4066
1744 4063
1745 4066
1746 4066
1747 4066
1748 4060
1749 4063
1750 4066
1751 4067
1752 4062
1753 4063
1754 4063
1755 4063
1756 4062
1757 4062
1758 4063
1759 4062
1760 4066
1761 4066
1762 4063
1763 4060
1764 4062
1765 4063
1766 4062
1767 4063
1768 4062
1769 4066
1770 4062
1771 4065
1772 4066
1773 4060
1774 4063
1775 4063
1776 4060
1777 4066
1778 4063
1779 4063
1780 4060
1781 4063
1782 4063
1783 4058
1784 4067
1785 4063
1786 4063
1787 4063
1788 4066
1789 4066
1790 4063
1791 4066
1792 4068
1793 4062
1794 4062
1795 4066
1796 4065
1797 4066
1798 4062
1799 4062
1800 4062
1801 4066
1802 4061
1803 4068
1804 4061
1805 4068
1806 4063
1807 4062
1808 4068
1809 4066
1810 4062
1811 4063
1812 4063
1813 4063
1814 4062
1815 4063
1816 4063
1817 4066
1818 4062
1819 4063
1820 4062
1821 4063
1822 4063
1823 4066
1824 4060
1825 4062
1826 4062
1827 4063
1828 4063
1829 4063
1830 4061
1831 4062
1832 4060
1833 4066
1834 4063
1835 4062
1836 4066
1837 4062
1838 4062
1839 4063
1840 4063
1841 4063
1842 4063
1843 4063
1844 4060
1845 4063
1846 4061
1847 4063
1848 4063
1849 4066
1850 4062
1851 4068
1852 4062
1853 4066
1854 4062
1855 4066
1856 4066
1857 4065
1858 4066
1859 4063
1860 4063
1861 4062
1862 4065
1863 4063
1864 4063
1865 4066
1866 4061
1867 4063
1868 4062
1869 4062
1870 4062
1871 4063
1872 4063
1873 4063
1874 4062
1875 4061
1876 4063
1877 4062
1878 4063
1879 4062
1880 4063
1881 4063
1882 4063
1883 4061
1884 4062
1885 4063
1886 4063
1887 4066
1888 4063
1889 4063
1890 4063
1891 4063
1892 4063
1893 4063
1894 4062
1895 4063
1896 4062
1897 4066
1898 4062
1899 4064
1900 4063
1901 4068
1902 4061
1903 4061
1904 4063
1905 4066
1906 4066
1907 4065
1908 4062
1909 4062
1910 4063
1911 4063
1912 4062
1913 4063
1914 4070
1915 4062
1916 4060
1917 4063
1918 4062
1919 4063
1920 4063
1921 4063
1922 4063
1923 4062
1924 4063
1925 4063
1926 4065
1927 4062
1928 4062
1929 4063
1930 4060
1931 4063
1932 4060
1933 4063
1934 4062
1935 4065
1936 4061
1937 4063
1938 4061
1939 4066
1940 4063
1941 4062
1942 4063
1943 4063
1944 4063
1945 4063
1946 4063
1947 4067
1948 4063
1949 4063
1950 4062
1951 4063
1952 4060
1953 4066
1954 4063
1955 4062
1956 4062
1957 4063
1958 4062
1959 4062
1960 4062
1961 4063
1962 4063
1963 4062
1964 4064
1965 4066
1966 4066
1967 4063
1968 4063
1969 4063
1970 4061
1971 4065
1972 4063
1973 4063
1974 4063
1975 4063
1976 4062
1977 4063
1978 4063
1979 4062
1980 4062
1981 4068
1982 4063
1983 4062
1984 4063
1985 4063
1986 4062
1987 4063
1988 4063
1989 4062
1990 4063
1991 4066
1992 4063
1993 4062
1994 4067
1995 4063
1996 4063
1997 4065
1998 4063
1999 4062
2000 4063
2001 4063
2002 4062
2003 4062
2004 4063
2005 4063
2006 4063
2007 4065
2008 4060
2009 4063
2010 4062
2011 4062
2012 4066
2013 4063
2014 4063
2015 4062
2016 4063
2017 4062
2018 4062
2019 4063
2020 4063
2021 4061
2022 4062
2023 4062
2024 4063
2025 4063
2026 4063
2027 4066
2028 4062
2029 4063
2030 4066
2031 4063
2032 4063
2033 4063
2034 4063
2035 4063
2036 4063
2037 4063
2038 4063
2039 4062
2040 4063
2041 4065
2042 4062
2043 4062
2044 4062
2045 4066
2046 4062
2047 4065
2048 4063
2049 4063
2050 4063
2051 4071
2052 4060
2053 4063
2054 4061
2055 4063
2056 4062
2057 4066
2058 4063
2059 4063
2060 4061
2061 4066
2062 4063
2063 4062
2064 4062
2065 4067
2066 4062
2067 4062
2068 4063
2069 4063
2070 4066
2071 4062
2072 4062
2073 4062
2074 4061
2075 4063
2076 4067
2077 4062
2078 4063
2079 4062
2080 4066
2081 4066
2082 4063
2083 4066
2084 4058
2085 4060
2086 4062
2087 4066
2088 4062
2089 4062
2090 4066
2091 4066
2092 4063
2093 4063
2094 4063
2095 4066
2096 4062
2097 4067
2098 4063
2099 4062
2100 4063
2101 4068
2102 4060
2103 4063
2104 4062
2105 4063
2106 4063
2107 4066
2108 4060
2109 4062
2110 4065
2111 4063
2112 4062
2113 4063
2114 4062
2115 4063
2116 4063
2117 4068
2118 4066
2119 4066
2120 4063
2121 4059
2122 4062
2123 4062
2124 4062
2125 4066
2126 4066
2127 4062
2128 4063
2129 4061
2130 4063
2131 4063
2132 4063
2133 4068
2134 4066
2135 4063
2136 4063
2137 4063
2138 4063
2139 4066
2140 4062
2141 4063
2142 4063
2143 4062
2144 4066
2145 4062
2146 4062
2147 4067
2148 4061
2149 4063
2150 4066
2151 4063
2152 4060
2153 4066
2154 4063
2155 4066
2156 4063
2157 4063
2158 4063
2159 4066
2160 4068
2161 4063
2162 4066
2163 4063
2164 4063
2165 4063
2166 4062
2167 4067
2168 4063
2169 4066
2170 4062
2171 4063
2172 4063
2173 4063
2174 4063
2175 4063
2176 4060
2177 4063
2178 4062
2179 4062
2180 4063
2181 4066
2182 4062
2183 4063
2184 4063
2185 4063
2186 4063
2187 4062
2188 4063
2189 4062
2190 4065
2191 4063
2192 4066
2193 4062
2194 4066
2195 4063
2196 4061
2197 4063
2198 4060
2199 4066
2200 4063
2201 4067
2202 4059
2203 4062
2204 4065
2205 4063
2206 4063
2207 4066
2208 4062
2209 4062
2210 4063
2211 4063
2212 4066
2213 4063
2214 4067
2215 4063
2216 4062
2217 4060
2218 4062
2219 4062
2220 4063
2221 4063
2222 4066
2223 4062
2224 4063
2225 4063
2226 4066
2227 4061
2228 4061
2229 4063
2230 4066
2231 4063
2232 4066
2233 4066
2234 4063
2235 4068
2236 4063
2237 4066
2238 4066
2239 4063
2240 4063
2241 4066
2242 4061
2243 4062
2244 4063
2245 4063
2246 4063
2247 4062
2248 4060
2249 4063
2250 4063
2251 4067
2252 4060
2253 4063
2254 4063
2255 4063
2256 4062
2257 4063
2258 4063
2259 4063
2260 4063
2261 4063
2262 4062
2263 4063
2264 4063
2265 4064
2266 4063
2267 4065
2268 4063
2269 4063
2270 4063
2271 4063
2272 4066
2273 4060
2274 4063
2275 4063
2276 4063
2277 4063
2278 4062
2279 4062
2280 4063
2281 4061
2282 4063
2283 4062
2284 4063
2285 4066
2286 4060
2287 4066
2288 4067
2289 4065
2290 4062
2291 4061
2292 4063
2293 4062
2294 4063
2295 4062
2296 4065
2297 4063
2298 4063
2299 4063
2300 4063
2301 4066
2302 4062
2303 4062
2304 4060
2305 4063
2306 4062
2307 4063
2308 4060
2309 4063
2310 4063
2311 4060
2312 4062
2313 4062
2314 4065
2315 4063
2316 4063
2317 4063
2318 4063
2319 4063
2320 4062
2321 4063
2322 4063
2323 4061
2324 4062
2325 4063
2326 4062
2327 4066
2328 4060
2329 4061
2330 4063
2331 4063
2332 4061
2333 4063
2334 4062
2335 4062
2336 4060
2337 4062
2338 4065
2339 4066
2340 4062
2341 4063
2342 4062
2343 4063
2344 4062
2345 4065
2346 4066
2347 4063
2348 4063
2349 4062
2350 4063
2351 4066
2352 4060
2353 4063
2354 4062
2355 4065
2356 4062
2357 4067
2358 4067
2359 4066
2360 4066
2361 4065
2362 4063
2363 4066
2364 4063
2365 4066
2366 4060
2367 4062
2368 4066
2369 4063
2370 4062
2371 4063
2372 4063
2373 4063
2374 4062
2375 4063
2376 4063
2377 4063
2378 4062
2379 4063
2380 4061
2381 4063
2382 4062
2383 4063
2384 4070
2385 4066
2386 4063
2387 4062
2388 4062
2389 4065
2390 4063
2391 4063
2392 4059
2393 4063
2394 4062
2395 4062
2396 4062
2397 4063
2398 4063
2399 4063
2400 4063
2401 4066
2402 4063
2403 4063
2404 4063
2405 4062
2406 4060
2407 4063
2408 4063
2409 4063
2410 4063
2411 4063
2412 4062
2413 4063
2414 4063
2415 4063
2416 4061
2417 4063
2418 4059
2419 4063
2420 4062
2421 4067
2422 4066
2423 4063
2424 4063
2425 4063
2426 4065
2427 4063
2428 4066
2429 4066
2430 4066
2431 4068
2432 4063
2433 4066
2434 4063
2435 4063
2436 4063
2437 4065
2438 4061
2439 4063
2440 4063
2441 4062
2442 4062
2443 4063
2444 4062
2445 4063
2446 4063
2447 4063
2448 4061
2449 4066
2450 4062
2451 4068
2452 4060
2453 4062
2454 4065
2455 4066
2456 4063
2457 4067
2458 4063
2459 4066
2460 4063
2461 4063
2462 4062
2463 4063
2464 4063
2465 4060
2466 4062
2467 4062
2468 4063
2469 4063
2470 4063
2471 4063
2472 4063
2473 4063
2474 4063
2475 4066
2476 4061
2477 4063
2478 4065
2479 4066
2480 4063
2481 4062
2482 4063
2483 4066
2484 4063
2485 4066
2486 4063
2487 4063
2488 4063
2489 4060
2490 4063
2491 4063
2492 4062
2493 4062
2494 4063
2495 4060
2496 4062
2497 4063
2498 4063
2499 4064
2500 4063
2501 4067
2502 4062
2503 4063
2504 4063
2505 4060
2506 4061
2507 4061
2508 4065
2509 4060
2510 4063
2511 4063
2512 4063
2513 4060
2514 4062
2515 4063
2516 4063
2517 4063
2518 4061
2519 4063
2520 4063
2521 4063
2522 4062
2523 4062
2524 4062
2525 4063
2526 4063
2527 4063
2528 4062
2529 4063
2530 4061
2531 4062
2532 4062
2533 4063
2534 4065
2535 4063
2536 4063
2537 4063
2538 4066
2539 4060
2540 4063
2541 4063
2542 4062
2543 4063
2544 4063
2545 4062
2546 4063
2547 4063
2548 4062
2549 4065
2550 4066
2551 4063
2552 4063
2553 4066
2554 4063
2555 4066
2556 4063
2557 4062
2558 4060
2559 4062
2560 4063
2561 4066
2562 4062
2563 4063
2564 4065
2565 4066
2566 4062
2567 4063
2568 4060
2569 4063
2570 4066
2571 4062
2572 4066
2573 4063
2574 4062
2575 4063
2576 4062
2577 4063
2578 4062
2579 4063
2580 4063
2581 4063
2582 4060
2583 4066
2584 4061
2585 4063
2586 4063
2587 4063
2588 4063
2589 4066
2590 4062
2591 4062
2592 4063
2593 4063
2594 4060
2595 4062
2596 4062
2597 4065
2598 4063
2599 4063
2600 4063
2601 4063
2602 4062
2603 4063
2604 4062
2605 4066
2606 4061
2607 4063
2608 4062
2609 4062
2610 4062
2611 4066
2612 4060
2613 4062
2614 4067
2615 4063
2616 4062
2617 4066
2618 4061
2619 4063
2620 4063
2621 4065
2622 4067
2623 4062
2624 4063
2625 4066
2626 4063
2627 4066
2628 4063
2629 4068
2630 4062
2631 4063
2632 4063
2633 4063
2634 4062
2635 4063
2636 4066
2637 4063
2638 4063
2639 4063
2640 4062
2641 4063
2642 4063
2643 4063
2644 4062
2645 4063
2646 4063
2647 4062
2648 4062
2649 4063
2650 4062
2651 4063
2652 4059
2653 4063
2654 4063
2655 4066
2656 4066
2657 4062
2658 4066
2659 4062
2660 4062
2661 4067
2662 4062
2663 4063
2664 4066
2665 4063
2666 4063
2667 4066
2668 4063
2669 4065
2670 4063
2671 4067
2672 4063
2673 4063
2674 4063
2675 4062
2676 4063
2677 4063
2678 4063
2679 4063
2680 4063
2681 4067
2682 4062
2683 4066
2684 4063
2685 4063
2686 4068
2687 4062
2688 4065
2689 4063
2690 4062
2691 4061
2692 4066
2693 4063
2694 4063
2695 4061
2696 4063
2697 4067
2698 4063
2699 4065
2700 4062
2701 4066
2702 4062
2703 4063
2704 4063
2705 4066
2706 4066
2707 4063
2708 4066
2709 4060
2710 4063
2711 4062
2712 4062
2713 4063
2714 4063
2715 4063
2716 4062
2717 4063
2718 4063
2719 4063
2720 4066
2721 4062
2722 4061
2723 4062
2724 4060
2725 4063
2726 4063
2727 4063
2728 4062
2729 4060
2730 4062
2731 4063
2732 4062
2733 4066
2734 4063
2735 4063
2736 4062
2737 4063
2738 4063
2739 4066
2740 4063
2741 4063
2742 4063
2743 4062
2744 4065
2745 4063
2746 4062
2747 4065
2748 4061
2749 4063
2750 4063
2751 4066
2752 4063
2753 4062
2754 4065
2755 4066
2756 4063
2757 4063
2758 4063
2759 4063
2760 4067
2761 4062
2762 4062
2763 4066
2764 4066
2765 4063
2766 4062
2767 4065
2768 4063
2769 4062
2770 4063
2771 4063
2772 4061
2773 4062
2774 4063
2775 4063
2776 4062
2777 4062
2778 4063
2779 4060
2780 4066
2781 4063
2782 4062
2783 4063
2784 4060
2785 4060
2786 4061
2787 4063
2788 4060
2789 4062
2790 4062
2791 4063
2792 4060
2793 4062
2794 4058
2795 4060
2796 4057
2797 4060
2798 4055
2799 4054
2800 4048
2801 4043
2802 4031
2803 4024
2804 4008
2805 3992
2806 3976
2807 3952
2808 3932
2809 3916
2810 3886
2811 3873
2812 3856
2813 3836
2814 3807
2815 3782
2816 3798
2817 3701
2818 3705
2819 3679
2820 3625
2821 3651
2822 3595
2823 3639
2824 3622
2825 3592
2826 3634
2827 3592
2828 3613
2829 3616
2830 3625
2831 3611
2832 3645
2833 3662
2834 3669
2835 3688
2836 3702
2837 3734
2838 3722
2839 3722
2840 3772
2841 3814
2842 3836
2843 3830
2844 3820
2845 3837
2846 3842
2847 3865
2848 3877
2849 3893
2850 3919
2851 3943
2852 3955
2853 3966
2854 3971
2855 3980
2856 3997
2857 4004
2858 4017
2859 4022
2860 4030
2861 4036
2862 4037
2863 4044
2864 4052
2865 4052
2866 4058
2867 4060
2868 4060
2869 4059
2870 4058
2871 4060
2872 4062
2873 4061
2874 4061
2875 4059
2876 4066
2877 4063
2878 4060
2879 4062
2880 4067
2881 4058
2882 4062
2883 4062
2884 4062
2885 4063
2886 4063
2887 4062
2888 4063
2889 4062
2890 4063
2891 4062
2892 4066
2893 4062
2894 4063
2895 4063
2896 4060
2897 4067
2898 4063
2899 4060
2900 4060
2901 4063
2902 4060
2903 4063
2904 4058
2905 4063
2906 4063
2907 4063
2908 4062
2909 4063
2910 4062
2911 4066
2912 4063
2913 4062
2914 4063
2915 4063
2916 4063
2917 4062
2918 4063
2919 4063
2920 4062
2921 4063
2922 4063
2923 4065
2924 4063
2925 4062
2926 4061
2927 4060
2928 4063
2929 4063
2930 4066
2931 4063
2932 4063
2933 4062
2934 4061
2935 4062
2936 4067
2937 4062
2938 4063
2939 4061
2940 4063
2941 4066
2942 4063
2943 4063
2944 4063
2945 4063
2946 4066
2947 4063
2948 4066
2949 4063
2950 4061
2951 4068
2952 4063
2953 4062
2954 4063
2955 4062
2956 4062
2957 4063
2958 4063
2959 4063
2960 4063
2961 4068
2962 4060
2963 4063
2964 4063
2965 4063
2966 4063
2967 4062
2968 4063
2969 4061
2970 4062
2971 4063
2972 4062
2973 4063
2974 4062
2975 4062
2976 4062
2977 4063
2978 4062
2979 4063
2980 4063
2981 4063
2982 4067
2983 4063
2984 4063
2985 4067
2986 4067
2987 4063
2988 4063
2989 4061
2990 4066
2991 4062
2992 4063
2993 4063
2994 4063
2995 4063
2996 4060
2997 4063
2998 4062
2999 4063
3000 4063
3001 4061
3002 4061
3003 4063
3004 4063
3005 4066
3006 4063
3007 4063
3008 4060
3009 4063
3010 4063
3011 4066
3012 4063
3013 4063
3014 4062
3015 4063
3016 4063
3017 4063
3018 4063
3019 4066
3020 4063
3021 4063
3022 4063
3023 4062
3024 4063
3025 4066
3026 4066
3027 4062
3028 4063
3029 4063
3030 4059
3031 4065
3032 4063
3033 4063
3034 4066
3035 4063
3036 4065
3037 4063
3038 4063
3039 4063
3040 4059
3041 4063
3042 4063
3043 4062
3044 4061
3045 4063
3046 4066
3047 4066
3048 4062
3049 4063
3050 4063
3051 4066
3052 4059
3053 4062
3054 4062
3055 4063
3056 4061
3057 4063
3058 4063
3059 4063
3060 4063
3061 4062
3062 4063
3063 4066
3064 4063
3065 4062
3066 4063
3067 4063
3068 4062
3069 4063
3070 4063
3071 4060
3072 4063
3073 4060
3074 4066
3075 4063
3076 4063
3077 4062
3078 4061
3079 4066
3080 4063
3081 4067
3082 4062
3083 4063
3084 4063
3085 4062
3086 4066
3087 4063
3088 4066
3089 4063
3090 4063
3091 4062
3092 4066
3093 4066
3094 4060
3095 4062
3096 4063
3097 4062
3098 4063
3099 4063
3100 4066
3101 4070
3102 4061
3103 4063
3104 4066
3105 4063
3106 4062
3107 4066
3108 4063
3109 4063
3110 4063
3111 4062
3112 4063
3113 4060
3114 4061
3115 4063
3116 4062
3117 4066
3118 4063
3119 4062
3120 4063
3121 4063
3122 4066
3123 4063
3124 4062
3125 4063
3126 4062
3127 4065
3128 4063
3129 4062
3130 4063
3131 4062
3132 4063
3133 4066
3134 4062
3135 4063
3136 4063
3137 4063
3138 4063
3139 4060
3140 4066
3141 4063
3142 4063
3143 4062
3144 4062
3145 4060
3146 4063
3147 4066
3148 4062
3149 4062
3150 4062
3151 4068
3152 4062
3153 4063
3154 4063
3155 4060
3156 4063
3157 4063
3158 4063
3159 4063
3160 4063
3161 4066
3162 4063
3163 4063
3164 4065
3165 4063
3166 4062
3167 4062
3168 4063
3169 4062
3170 4063
3171 4063
3172 4063
3173 4063
3174 4063
3175 4066
3176 4062
3177 4062
3178 4063
3179 4063
3180 4063
3181 4063
3182 4062
3183 4058
3184 4061
3185 4066
3186 4061
3187 4066
3188 4063
3189 4067
3190 4062
3191 4063
3192 4062
3193 4063
3194 4063
3195 4063
3196 4066
3197 4062
3198 4063
3199 4066
3200 4063
3201 4066
3202 4063
3203 4063
3204 4063
3205 4063
3206 4063
3207 4063
3208 4063
3209 4061
3210 4062
3211 4066
3212 4062
3213 4063
3214 4060
3215 4062
3216 4063
3217 4066
3218 4066
3219 4063
3220 4063
3221 4066
3222 4068
3223 4065
3224 4060
3225 4063
3226 4061
3227 4062
3228 4063
3229 4062
3230 4066
3231 4063
3232 4063
3233 4066
3234 4060
3235 4061
3236 4062
3237 4063
3238 4060
3239 4066
3240 4060
3241 4062
3242 4063
3243 4063
3244 4067
3245 4066
3246 4065
3247 4066
3248 4063
3249 4059
3250 4062
3251 4067
3252 4062
3253 4063
3254 4063
3255 4063
3256 4063
3257 4066
3258 4060
3259 4063
3260 4063
3261 4060
3262 4063
3263 4062
3264 4066
3265 4063
3266 4066
3267 4063
3268 4063
3269 4063
3270 4066
3271 4062
3272 4063
3273 4063
3274 4063
3275 4063
3276 4063
3277 4063
3278 4062
3279 4063
3280 4061
3281 4061
3282 4063
3283 4063
3284 4062
3285 4063
3286 4063
3287 4063
3288 4063
3289 4063
3290 4063
3291 4063
3292 4062
3293 4063
3294 4062
3295 4063
3296 4062
3297 4063
3298 4063
3299 4061
3300 4063
3301 4066
3302 4060
3303 4063
3304 4065
3305 4062
3306 4063
3307 4063
3308 4065
3309 4063
3310 4063
3311 4060
3312 4062
3313 4062
3314 4063
3315 4062
3316 4063
3317 4063
3318 4063
3319 4063
3320 4063
3321 4061
3322 4065
3323 4063
3324 4062
3325 4063
3326 4062
3327 4062
3328 4062
3329 4064
3330 4063
3331 4066
3332 4062
3333 4066
3334 4062
3335 4067
3336 4062
3337 4062
3338 4062
3339 4062
3340 4066
3341 4061
3342 4060
3343 4060
3344 4067
3345 4063
3346 4063
3347 4068
3348 4063
3349 4063
3350 4063
3351 4066
3352 4059
3353 4063
3354 4063
3355 4062
3356 4065
3357 4063
3358 4067
3359 4063
3360 4062
3361 4066
3362 4063
3363 4068
3364 4063
3365 4063
3366 4063
3367 4063
3368 4063
3369 4063
3370 4061
3371 4063
3372 4063
3373 4060
3374 4066
3375 4063
3376 4063
3377 4063
3378 4063
3379 4063
3380 4063
3381 4063
3382 4062
3383 4062
3384 4062
3385 4063
3386 4063
3387 4063
3388 4063
3389 4063
3390 4063
3391 4063
3392 4066
3393 4060
3394 4066
3395 4063
3396 4061
3397 4066
3398 4062
3399 4066
3400 4063
3401 4066
3402 4060
3403 4062
3404 4063
3405 4062
3406 4067
3407 4067
3408 4065
3409 4063
3410 4066
3411 4066
3412 4063
3413 4061
3414 4063
3415 4063
3416 4063
3417 4063
3418 4063
3419 4063
3420 4063
3421 4063
3422 4062
3423 4062
3424 4065
3425 4063
3426 4062
3427 4062
3428 4066
3429 4063
3430 4063
3431 4063
3432 4063
3433 4062
3434 4063
3435 4063
3436 4063
3437 4063
3438 4063
3439 4066
3440 4063
3441 4063
3442 4063
3443 4063
3444 4063
3445 4063
3446 4062
3447 4062
3448 4066
3449 4063
3450 4066
3451 4068
3452 4060
3453 4060
3454 4062
3455 4062
3456 4063
3457 4063
3458 4062
3459 4063
3460 4061
3461 4063
3462 4063
3463 4065
3464 4062
3465 4062
3466 4063
3467 4063
3468 4062
3469 4067
3470 4068
3471 4063
3472 4063
3473 4062
3474 4063
3475 4063
3476 4063
3477 4062
3478 4062
3479 4063
3480 4062
3481 4062
3482 4063
3483 4060
3484 4063
3485 4062
3486 4063
3487 4062
3488 4062
3489 4061
3490 4062
3491 4063
3492 4068
3493 4061
3494 4059
3495 4063
3496 4063
3497 4066
3498 4063
3499 4062
3500 4063
3501 4066
3502 4062
3503 4066
3504 4062
3505 4063
3506 4062
3507 4063
3508 4063
3509 4063
3510 4063
3511 4063
3512 4061
3513 4063
3514 4063
3515 4062
3516 4063
3517 4062
3518 4063
3519 4065
3520 4062
3521 4063
3522 4062
3523 4060
3524 4066
3525 4062
3526 4063
3527 4068
3528 4063
3529 4070
3530 4062
3531 4063
3532 4062
3533 4060
3534 4062
3535 4063
3536 4062
3537 4062
3538 4063
3539 4068
3540 4066
3541 4063
3542 4062
3543 4063
3544 4063
3545 4063
3546 4061
3547 4066
3548 4063
3549 4066
3550 4063
3551 4063
3552 4058
3553 4066
3554 4063
3555 4063
3556 4063
3557 4063
3558 4063
3559 4063
3560 4068
3561 4063
3562 4063
3563 4063
3564 4062
3565 4063
3566 4066
3567 4063
3568 4062
3569 4063
3570 4063
3571 4066
3572 4063
3573 4063
3574 4063
3575 4063
3576 4062
3577 4063
3578 4063
3579 4063
3580 4063
3581 4063
3582 4062
3583 4063
3584 4060
3585 4063
3586 4064
3587 4067
3588 4066
3589 4063
3590 4063
3591 4063
3592 4063
3593 4063
3594 4063
3595 4063
3596 4058
3597 4067
3598 4063
3599 4066
3600 4062
3601 4063
3602 4063
3603 4063
3604 4063
3605 4063
3606 4062
3607 4066
3608 4062
3609 4063
3610 4065
3611 4066
3612 4063
3613 4063
3614 4063
3615 4063
3616 4063
3617 4060
3618 4066
3619 4063
3620 4063
3621 4065
3622 4063
3623 4062
3624 4063
3625 4062
3626 4062
3627 4063
3628 4063
3629 4063
3630 4063
3631 4063
3632 4062
3633 4060
3634 4062
3635 4060
3636 4058
3637 4066
3638 4063
3639 4067
3640 4063
3641 4063
3642 4063
3643 4063
3644 4062
3645 4063
3646 4062
3647 4063
3648 4063
3649 4063
3650 4065
3651 4066
3652 4060
3653 4063
3654 4063
3655 4068
3656 4062
3657 4063
3658 4063
3659 4063
3660 4061
3661 4063
3662 4063
3663 4062
3664 4063
3665 4063
3666 4063
3667 4062
3668 4063
3669 4062
3670 4063
3671 4060
3672 4063
3673 4063
3674 4062
3675 4062
3676 4066
3677 4063
3678 4062
3679 4066
3680 4068
3681 4063
3682 4063
3683 4063
3684 4062
3685 4065
3686 4065
3687 4062
3688 4063
3689 4063
3690 4063
3691 4066
3692 4063
3693 4063
3694 4063
