#Data from the TCD1304 linear CCD
#column 1 = pixelnumber , column 2 = pixelvalue
#Pixel 1-32 and 3679-3694 and are dummy pixels
#SH-period: 200    ICG-period: 100000    Integration time: 100.0 us
2 4034
3 4036
4 4058
5 4057
6 4056
7 4056
8 4054
9 4057
10 4060
11 4059
12 4054
13 4054
14 4057
15 4058
16 4058
17 4058
18 4056
19 4056
20 4056
21 4058
22 4055
23 4059
24 4056
25 4056
26 4055
27 4055
28 4057
29 4058
30 4058
31 4054
32 4056
34 4057
35 4055
36 4060
37 4055
38 4056
39 4061
40 4056
41 4059
42 4055
43 4059
44 4056
45 4058
46 4056
47 4058
48 4056
49 4058
50 4058
51 4058
52 4053
53 4060
54 4056
55 4057
56 4054
57 4056
58 4054
59 4055
60 4056
61 4056
62 4058
63 4056
64 4058
65 4056
66 4058
67 4052
68 4057
69 4054
70 4055
71 4058
72 4056
73 4059
74 4058
75 4058
76 4057
77 4054
78 4068
79 4056
80 4059
81 4058
82 4055
83 4054
84 4056
85 4056
86 4059
87 4059
88 4056
89 4060
90 4056
91 4055
92 4054
93 4056
94 4056
95 4055
96 4056
97 4056
98 4056
99 4056
100 4056
101 4061
102 4053
103 4056
104 4058
105 4058
106 4054
107 4058
108 4057
109 4056
110 4058
111 4058
112 4054
113 4058
114 4058
115 4057
116 4056
117 4056
118 4056
119 4058
120 4056
121 4056
122 4046
123 4056
124 4056
125 4057
126 4056
127 4056
128 4058
129 4058
130 4056
131 4056
132 4057
133 4058
134 4054
135 4058
136 4059
137 4052
138 4055
139 4059
140 4057
141 4058
142 4055
143 4058
144 4056
145 4054
146 4056
147 4056
148 4054
149 4056
150 4056
151 4056
152 4052
153 4056
154 4057
155 4058
156 4057
157 4057
158 4056
159 4058
160 4057
161 4056
162 4060
163 4058
164 4056
165 4056
166 4054
167 4055
168 4057
169 4057
170 4057
171 4055
172 4058
173 4057
174 4054
175 4056
176 4054
177 4057
178 4059
179 4056
180 4056
181 4058
182 4055
183 4056
184 4055
185 4058
186 4058
187 4056
188 4056
189 4058
190 4054
191 4057
192 4057
193 4058
194 4055
195 4060
196 4060
197 4058
198 4053
199 4058
200 4052
201 4060
202 4054
203 4059
204 4058
205 4054
206 4056
207 4054
208 4056
209 4058
210 4054
211 4058
212 4054
213 4056
214 4058
215 4056
216 4056
217 4058
218 4056
219 4058
220 4056
221 4056
222 4057
223 4058
224 4057
225 4056
226 4056
227 4059
228 4056
229 4056
230 4055
231 4058
232 4054
233 4054
234 4055
235 4068
236 4054
237 4057
238 4052
239 4056
240 4055
241 4058
242 4058
243 4057
244 4057
245 4059
246 4054
247 4056
248 4056
249 4062
250 4056
251 4057
252 4054
253 4057
254 4054
255 4058
256 4054
257 4058
258 4056
259 4056
260 4056
261 4062
262 4058
263 4055
264 4058
265 4056
266 4059
267 4058
268 4056
269 4057
270 4054
271 4052
272 4055
273 4056
274 4059
275 4058
276 4059
277 4059
278 4057
279 4056
280 4055
281 4058
282 4056
283 4056
284 4058
285 4060
286 4055
287 4056
288 4056
289 4058
290 4055
291 4056
292 4060
293 4058
294 4058
295 4059
296 4054
297 4056
298 4056
299 4054
300 4056
301 4056
302 4053
303 4054
304 4053
305 4058
306 4056
307 4058
308 4056
309 4057
310 4057
311 4056
312 4058
313 4054
314 4058
315 4057
316 4054
317 4056
318 4061
319 4056
320 4054
321 4054
322 4059
323 4056
324 4055
325 4054
326 4056
327 4054
328 4058
329 4056
330 4058
331 4058
332 4056
333 4056
334 4053
335 4057
336 4054
337 4056
338 4060
339 4057
340 4056
341 4054
342 4058
343 4054
344 4056
345 4057
346 4056
347 4057
348 4058
349 4055
350 4059
351 4058
352 4054
353 4057
354 4056
355 4059
356 4058
357 4057
358 4057
359 4058
360 4056
361 4056
362 4058
363 4057
364 4053
365 4056
366 4058
367 4056
368 4056
369 4055
370 4055
371 4056
372 4058
373 4059
374 4057
375 4057
376 4058
377 4060
378 4054
379 4056
380 4056
381 4057
382 4059
383 4056
384 4057
385 4056
386 4056
387 4056
388 4057
389 4060
390 4056
391 4056
392 4036
393 4058
394 4054
395 4056
396 4056
397 4056
398 4058
399 4057
400 4058
401 4059
402 4056
403 4058
404 4056
405 4058
406 4055
407 4058
408 4058
409 4059
410 4056
411 4056
412 4056
413 4056
414 4058
415 4058
416 4057
417 4056
418 4057
419 4058
420 4056
421 4058
422 4057
423 4058
424 4058
425 4051
426 4058
427 4059
428 4056
429 4060
430 4055
431 4058
432 4058
433 4057
434 4058
435 4057
436 4056
437 4059
438 4056
439 4056
440 4052
441 4054
442 4057
443 4058
444 4057
445 4060
446 4056
447 4059
448 4056
449 4054
450 4057
451 4060
452 4056
453 4054
454 4054
455 4058
456 4058
457 4058
458 4060
459 4054
460 4055
461 4057
462 4057
463 4058
464 4056
465 4057
466 4058
467 4054
468 4054
469 4058
470 4056
471 4061
472 4053
473 4056
474 4054
475 4052
476 4056
477 4058
478 4056
479 4056
480 4056
481 4058
482 4058
483 4057
484 4053
485 4057
486 4056
487 4056
488 4056
489 4058
490 4057
491 4057
492 4058
493 4057
494 4054
495 4060
496 4054
497 4058
498 4058
499 4055
500 4057
501 4059
502 4054
503 4056
504 4057
505 4058
506 4052
507 4057
508 4060
509 4058
510 4056
511 4056
512 4060
513 4057
514 4057
515 4054
516 4054
517 4058
518 4053
519 4056
520 4054
521 4057
522 4056
523 4058
524 4056
525 4056
526 4057
527 4058
528 4055
529 4056
530 4056
531 4056
532 4058
533 4056
534 4057
535 4057
536 4055
537 4058
538 4054
539 4059
540 4060
541 4055
542 4059
543 4055
544 4054
545 4060
546 4059
547 4056
548 4056
549 4055
550 4056
551 4056
552 4054
553 4058
554 4056
555 4056
556 4055
557 4056
558 4055
559 4056
560 4056
561 4055
562 4058
563 4054
564 4056
565 4059
566 4058
567 4057
568 4056
569 4055
570 4058
571 4059
572 4056
573 4059
574 4056
575 4057
576 4056
577 4053
578 4056
579 4058
580 4060
581 4058
582 4060
583 4059
584 4058
585 4056
586 4058
587 4058
588 4059
589 4059
590 4055
591 4055
592 4056
593 4056
594 4058
595 4056
596 4058
597 4054
598 4058
599 4057
600 4057
601 4058
602 4056
603 4056
604 4054
605 4058
606 4058
607 4059
608 4057
609 4059
610 4056
611 4058
612 4057
613 4056
614 4058
615 4054
616 4056
617 4060
618 4058
619 4056
620 4055
621 4058
622 4058
623 4056
624 4055
625 4055
626 4053
627 4058
628 4057
629 4059
630 4056
631 4056
632 4057
633 4057
634 4056
635 4056
636 4054
637 4057
638 4054
639 4057
640 4057
641 4059
642 4057
643 4056
644 4056
645 4056
646 4056
647 4060
648 4054
649 4058
650 4058
651 4060
652 4057
653 4057
654 4056
655 4060
656 4054
657 4058
658 4058
659 4056
660 4054
661 4056
662 4056
663 4056
664 4057
665 4057
666 4058
667 4058
668 4054
669 4058
670 4058
671 4057
672 4056
673 4055
674 4056
675 4059
676 4056
677 4058
678 4058
679 4056
680 4056
681 4053
682 4058
683 4058
684 4055
685 4058
686 4057
687 4054
688 4056
689 4060
690 4056
691 4060
692 4057
693 4060
694 4054
695 4056
696 4056
697 4060
698 4054
699 4059
700 4057
701 4058
702 4053
703 4058
704 4056
705 4058
706 4060
707 4058
708 4056
709 4059
710 4058
711 4056
712 4052
713 4054
714 4061
715 4057
716 4060
717 4057
718 4057
719 4058
720 4058
721 4056
722 4059
723 4058
724 4058
725 4056
726 4057
727 4054
728 4056
729 4058
730 4056
731 4060
732 4057
733 4057
734 4054
735 4056
736 4058
737 4056
738 4056
739 4058
740 4054
741 4057
742 4058
743 4054
744 4052
745 4055
746 4054
747 4056
748 4058
749 4059
750 4052
751 4058
752 4057
753 4058
754 4057
755 4056
756 4056
757 4058
758 4056
759 4058
760 4058
761 4057
762 4055
763 4055
764 4056
765 4054
766 4058
767 4056
768 4055
769 4058
770 4054
771 4056
772 4059
773 4055
774 4056
775 4056
776 4056
777 4053
778 4054
779 4056
780 4059
781 4058
782 4056
783 4059
784 4056
785 4056
786 4056
787 4057
788 4054
789 4058
790 4056
791 4060
792 4059
793 4059
794 4059
795 4058
796 4056
797 4057
798 4058
799 4059
800 4058
801 4060
802 4057
803 4055
804 4059
805 4057
806 4057
807 4058
808 4054
809 4055
810 4055
811 4054
812 4056
813 4057
814 4059
815 4056
816 4058
817 4056
818 4056
819 4056
820 4056
821 4057
822 4055
823 4055
824 4056
825 4056
826 4056
827 4056
828 4056
829 4056
830 4057
831 4058
832 4058
833 4057
834 4053
835 4057
836 4058
837 4056
838 4056
839 4057
840 4055
841 4058
842 4058
843 4059
844 4060
845 4060
846 4054
847 4061
848 4056
849 4055
850 4056
851 4061
852 4054
853 4056
854 4054
855 4056
856 4054
857 4054
858 4057
859 4056
860 4056
861 4058
862 4056
863 4056
864 4058
865 4057
866 4058
867 4058
868 4055
869 4058
870 4056
871 4056
872 4058
873 4058
874 4058
875 4059
876 4056
877 4058
878 4055
879 4058
880 4054
881 4058
882 4055
883 4056
884 4058
885 4054
886 4056
887 4056
888 4054
889 4057
890 4056
891 4056
892 4052
893 4058
894 4056
895 4055
896 4058
897 4054
898 4054
899 4057
900 4059
901 4059
902 4057
903 4057
904 4056
905 4055
906 4056
907 4058
908 4056
909 4056
910 4054
911 4053
912 4054
913 4059
914 4056
915 4056
916 4055
917 4057
918 4054
919 4058
920 4058
921 4055
922 4058
923 4056
924 4056
925 4056
926 4054
927 4057
928 4054
929 4055
930 4055
931 4056
932 4054
933 4061
934 4056
935 4057
936 4058
937 4052
938 4054
939 4058
940 4053
941 4056
942 4056
943 4057
944 4056
945 4054
946 4056
947 4054
948 4057
949 4055
950 4055
951 4058
952 4054
953 4056
954 4055
955 4056
956 4056
957 4056
958 4058
959 4058
960 4056
961 4055
962 4058
963 4059
964 4057
965 4058
966 4056
967 4056
968 4056
969 4057
970 4056
971 4054
972 4054
973 4058
974 4059
975 4058
976 4059
977 4056
978 4056
979 4059
980 4056
981 4058
982 4058
983 4058
984 4056
985 4056
986 4058
987 4058
988 4056
989 4058
990 4060
991 4055
992 4054
993 4054
994 4058
995 4055
996 4050
997 4055
998 4056
999 4055
1000 4057
1001 4061
1002 4056
1003 4057
1004 4057
1005 4056
1006 4058
1007 4058
1008 4058
1009 4056
1010 4056
1011 4057
1012 4058
1013 4057
1014 4056
1015 4056
1016 4058
1017 4054
1018 4056
1019 4060
1020 4057
1021 4058
1022 4055
1023 4056
1024 4055
1025 4057
1026 4056
1027 4055
1028 4055
1029 4056
1030 4058
1031 4057
1032 4057
1033 4056
1034 4058
1035 4059
1036 4056
1037 4056
1038 4054
1039 4057
1040 4058
1041 4057
1042 4056
1043 4057
1044 4054
1045 4059
1046 4058
1047 4058
1048 4052
1049 4058
1050 4054
1051 4060
1052 4056
1053 4058
1054 4058
1055 4056
1056 4057
1057 4056
1058 4056
1059 4053
1060 4058
1061 4057
1062 4058
1063 4056
1064 4058
1065 4056
1066 4054
1067 4058
1068 4055
1069 4054
1070 4056
1071 4059
1072 4052
1073 4058
1074 4057
1075 4057
1076 4056
1077 4056
1078 4054
1079 4056
1080 4056
1081 4057
1082 4054
1083 4058
1084 4058
1085 4055
1086 4054
1087 4055
1088 4054
1089 4059
1090 4058
1091 4058
1092 4054
1093 4056
1094 4054
1095 4058
1096 4054
1097 4057
1098 4058
1099 4054
1100 4060
1101 4058
1102 4058
1103 4056
1104 4056
1105 4056
1106 4056
1107 4056
1108 4058
1109 4056
1110 4056
1111 4057
1112 4058
1113 4057
1114 4059
1115 4057
1116 4054
1117 4058
1118 4057
1119 4055
1120 4056
1121 4059
1122 4055
1123 4056
1124 4057
1125 4054
1126 4058
1127 4056
1128 4054
1129 4055
1130 4056
1131 4057
1132 4054
1133 4054
1134 4056
1135 4057
1136 4054
1137 4056
1138 4052
1139 4058
1140 4054
1141 4056
1142 4056
1143 4056
1144 4053
1145 4058
1146 4054
1147 4057
1148 4056
1149 4056
1150 4057
1151 4058
1152 4054
1153 4054
1154 4058
1155 4058
1156 4058
1157 4057
1158 4058
1159 4054
1160 4058
1161 4062
1162 4056
1163 4057
1164 4056
1165 4058
1166 4060
1167 4056
1168 4056
1169 4057
1170 4057
1171 4054
1172 4058
1173 4053
1174 4055
1175 4056
1176 4058
1177 4058
1178 4057
1179 4057
1180 4058
1181 4055
1182 4055
1183 4055
1184 4054
1185 4056
1186 4057
1187 4056
1188 4054
1189 4058
1190 4055
1191 4059
1192 4055
1193 4059
1194 4057
1195 4054
1196 4055
1197 4058
1198 4057
1199 4058
1200 4056
1201 4056
1202 4052
1203 4058
1204 4056
1205 4054
1206 4059
1207 4058
1208 4059
1209 4058
1210 4054
1211 4056
1212 4058
1213 4052
1214 4060
1215 4054
1216 4056
1217 4056
1218 4056
1219 4056
1220 4056
1221 4058
1222 4058
1223 4060
1224 4052
1225 4054
1226 4057
1227 4058
1228 4056
1229 4056
1230 4056
1231 4057
1232 4057
1233 4054
1234 4054
1235 4056
1236 4056
1237 4055
1238 4055
1239 4060
1240 4056
1241 4054
1242 4058
1243 4056
1244 4056
1245 4056
1246 4057
1247 4054
1248 4056
1249 4060
1250 4056
1251 4057
1252 4053
1253 4058
1254 4057
1255 4056
1256 4058
1257 4059
1258 4054
1259 4058
1260 4057
1261 4057
1262 4058
1263 4054
1264 4056
1265 4056
1266 4055
1267 4054
1268 4058
1269 4056
1270 4057
1271 4060
1272 4053
1273 4054
1274 4052
1275 4058
1276 4054
1277 4056
1278 4061
1279 4056
1280 4054
1281 4056
1282 4056
1283 4057
1284 4058
1285 4057
1286 4056
1287 4056
1288 4058
1289 4062
1290 4050
1291 4057
1292 4059
1293 4055
1294 4058
1295 4058
1296 4057
1297 4059
1298 4056
1299 4057
1300 4056
1301 4061
1302 4054
1303 4056
1304 4060
1305 4058
1306 4055
1307 4054
1308 4058
1309 4056
1310 4056
1311 4058
1312 4056
1313 4054
1314 4058
1315 4059
1316 4056
1317 4058
1318 4060
1319 4058
1320 4054
1321 4060
1322 4055
1323 4060
1324 4056
1325 4056
1326 4057
1327 4057
1328 4058
1329 4056
1330 4054
1331 4060
1332 4057
1333 4055
1334 4057
1335 4056
1336 4054
1337 4054
1338 4056
1339 4058
1340 4054
1341 4058
1342 4056
1343 4062
1344 4056
1345 4056
1346 4054
1347 4059
1348 4056
1349 4059
1350 4056
1351 4060
1352 4054
1353 4058
1354 4052
1355 4056
1356 4058
1357 4060
1358 4054
1359 4057
1360 4056
1361 4060
1362 4061
1363 4058
1364 4058
1365 4054
1366 4058
1367 4056
1368 4057
1369 4059
1370 4056
1371 4058
1372 4055
1373 4056
1374 4056
1375 4058
1376 4056
1377 4059
1378 4054
1379 4056
1380 4058
1381 4058
1382 4056
1383 4058
1384 4056
1385 4059
1386 4057
1387 4058
1388 4055
1389 4059
1390 4056
1391 4058
1392 4060
1393 4057
1394 4056
1395 4056
1396 4059
1397 4056
1398 4057
1399 4057
1400 4058
1401 4058
1402 4052
1403 4056
1404 4056
1405 4056
1406 4058
1407 4060
1408 4056
1409 4056
1410 4057
1411 4056
1412 4054
1413 4054
1414 4058
1415 4056
1416 4056
1417 4059
1418 4056
1419 4059
1420 4054
1421 4058
1422 4057
1423 4055
1424 4056
1425 4058
1426 4056
1427 4057
1428 4055
1429 4056
1430 4057
1431 4056
1432 4060
1433 4058
1434 4056
1435 4058
1436 4060
1437 4060
1438 4054
1439 4058
1440 4060
1441 4057
1442 4058
1443 4054
1444 4056
1445 4057
1446 4056
1447 4060
1448 4058
1449 4058
1450 4056
1451 4062
1452 4057
1453 4057
1454 4056
1455 4058
1456 4058
1457 4056
1458 4056
1459 4054
1460 4058
1461 4061
1462 4058
1463 4056
1464 4060
1465 4053
1466 4056
1467 4058
1468 4056
1469 4058
1470 4056
1471 4058
1472 4059
1473 4058
1474 4054
1475 4058
1476 4054
1477 4055
1478 4058
1479 4060
1480 4056
1481 4058
1482 4058
1483 4056
1484 4060
1485 4056
1486 4054
1487 4057
1488 4056
1489 4058
1490 4058
1491 4060
1492 4058
1493 4060
1494 4057
1495 4057
1496 4056
1497 4056
1498 4054
1499 4058
1500 4056
1501 4060
1502 4056
1503 4056
1504 4060
1505 4060
1506 4056
1507 4056
1508 4059
1509 4060
1510 4056
1511 4057
1512 4057
1513 4056
1514 4058
1515 4056
1516 4058
1517 4056
1518 4061
1519 4056
1520 4056
1521 4056
1522 4057
1523 4058
1524 4058
1525 4058
1526 4057
1527 4058
1528 4054
1529 4056
1530 4056
1531 4054
1532 4058
1533 4054
1534 4054
1535 4057
1536 4057
1537 4060
1538 4054
1539 4058
1540 4052
1541 4056
1542 4058
1543 4054
1544 4057
1545 4058
1546 4055
1547 4056
1548 4058
1549 4058
1550 4056
1551 4058
1552 4052
1553 4058
1554 4056
1555 4057
1556 4060
1557 4058
1558 4056
1559 4060
1560 4055
1561 4058
1562 4054
1563 4055
1564 4057
1565 4055
1566 4056
1567 4056
1568 4057
1569 4056
1570 4054
1571 4059
1572 4060
1573 4056
1574 4057
1575 4055
1576 4056
1577 4053
1578 4055
1579 4058
1580 4058
1581 4056
1582 4057
1583 4056
1584 4058
1585 4059
1586 4057
1587 4058
1588 4057
1589 4056
1590 4056
1591 4054
1592 4054
1593 4058
1594 4058
1595 4056
1596 4058
1597 4059
1598 4056
1599 4057
1600 4056
1601 4058
1602 4052
1603 4056
1604 4063
1605 4056
1606 4054
1607 4059
1608 4057
1609 4058
1610 4058
1611 4054
1612 4056
1613 4057
1614 4058
1615 4054
1616 4058
1617 4056
1618 4057
1619 4058
1620 4058
1621 4056
1622 4055
1623 4054
1624 4058
1625 4057
1626 4056
1627 4058
1628 4056
1629 4054
1630 4054
1631 4056
1632 4057
1633 4057
1634 4053
1635 4056
1636 4059
1637 4058
1638 4055
1639 4057
1640 4057
1641 4055
1642 4055
1643 4058
1644 4057
1645 4055
1646 4056
1647 4052
1648 4056
1649 4056
1650 4056
1651 4060
1652 4055
1653 4056
1654 4058
1655 4057
1656 4052
1657 4057
1658 4058
1659 4059
1660 4056
1661 4056
1662 4056
1663 4057
1664 4058
1665 4056
1666 4058
1667 4054
1668 4056
1669 4057
1670 4054
1671 4058
1672 4058
1673 4054
1674 4054
1675 4056
1676 4056
1677 4057
1678 4056
1679 4058
1680 4056
1681 4058
1682 4054
1683 4056
1684 4057
1685 4055
1686 4054
1687 4056
1688 4055
1689 4060
1690 4057
1691 4056
1692 4056
1693 4056
1694 4056
1695 4057
1696 4056
1697 4057
1698 4058
1699 4057
1700 4054
1701 4055
1702 4056
1703 4056
1704 4056
1705 4056
1706 4056
1707 4054
1708 4055
1709 4058
1710 4054
1711 4056
1712 4056
1713 4058
1714 4056
1715 4056
1716 4055
1717 4052
1718 4057
1719 4057
1720 4054
1721 4058
1722 4059
1723 4056
1724 4060
1725 4054
1726 4060
1727 4059
1728 4056
1729 4057
1730 4054
1731 4058
1732 4055
1733 4058
1734 4056
1735 4054
1736 4056
1737 4056
1738 4056
1739 4056
1740 4057
1741 4056
1742 4053
1743 4059
1744 4055
1745 4060
1746 4059
1747 4058
1748 4060
1749 4059
1750 4054
1751 4058
1752 4054
1753 4056
1754 4058
1755 4058
1756 4058
1757 4055
1758 4056
1759 4057
1760 4056
1761 4057
1762 4052
1763 4056
1764 4057
1765 4054
1766 4053
1767 4057
1768 4052
1769 4058
1770 4060
1771 4057
1772 4056
1773 4056
1774 4058
1775 4056
1776 4057
1777 4054
1778 4057
1779 4056
1780 4058
1781 4054
1782 4054
1783 4058
1784 4057
1785 4058
1786 4057
1787 4058
1788 4053
1789 4058
1790 4057
1791 4058
1792 4056
1793 4056
1794 4052
1795 4058
1796 4056
1797 4056
1798 4056
1799 4058
1800 4059
1801 4061
1802 4054
1803 4056
1804 4056
1805 4058
1806 4056
1807 4055
1808 4058
1809 4058
1810 4055
1811 4055
1812 4054
1813 4055
1814 4060
1815 4057
1816 4056
1817 4056
1818 4054
1819 4056
1820 4056
1821 4053
1822 4057
1823 4056
1824 4056
1825 4059
1826 4056
1827 4056
1828 4056
1829 4054
1830 4058
1831 4056
1832 4056
1833 4059
1834 4055
1835 4058
1836 4056
1837 4058
1838 4055
1839 4058
1840 4054
1841 4057
1842 4056
1843 4054
1844 4056
1845 4058
1846 4056
1847 4056
1848 4056
1849 4058
1850 4055
1851 4058
1852 4057
1853 4056
1854 4053
1855 4056
1856 4054
1857 4059
1858 4053
1859 4058
1860 4056
1861 4057
1862 4057
1863 4052
1864 4056
1865 4056
1866 4056
1867 4058
1868 4056
1869 4059
1870 4056
1871 4058
1872 4055
1873 4057
1874 4062
1875 4057
1876 4058
1877 4054
1878 4058
1879 4056
1880 4060
1881 4058
1882 4058
1883 4057
1884 4054
1885 4054
1886 4058
1887 4056
1888 4057
1889 4057
1890 4058
1891 4056
1892 4054
1893 4056
1894 4056
1895 4054
1896 4057
1897 4059
1898 4058
1899 4058
1900 4054
1901 4059
1902 4054
1903 4056
1904 4054
1905 4056
1906 4053
1907 4057
1908 4058
1909 4057
1910 4056
1911 4060
1912 4056
1913 4058
1914 4058
1915 4056
1916 4056
1917 4056
1918 4054
1919 4056
1920 4053
1921 4056
1922 4058
1923 4057
1924 4056
1925 4054
1926 4056
1927 4058
1928 4054
1929 4060
1930 4054
1931 4056
1932 4056
1933 4056
1934 4055
1935 4056
1936 4057
1937 4058
1938 4056
1939 4057
1940 4058
1941 4059
1942 4060
1943 4058
1944 4054
1945 4058
1946 4056
1947 4054
1948 4057
1949 4056
1950 4058
1951 4058
1952 4053
1953 4057
1954 4054
1955 4058
1956 4056
1957 4058
1958 4056
1959 4056
1960 4060
1961 4058
1962 4055
1963 4056
1964 4056
1965 4054
1966 4058
1967 4061
1968 4056
1969 4054
1970 4057
1971 4058
1972 4056
1973 4058
1974 4058
1975 4056
1976 4056
1977 4060
1978 4056
1979 4056
1980 4056
1981 4056
1982 4056
1983 4060
1984 4055
1985 4058
1986 4058
1987 4060
1988 4056
1989 4059
1990 4056
1991 4056
1992 4057
1993 4060
1994 4059
1995 4058
1996 4056
1997 4058
1998 4056
1999 4058
2000 4054
2001 4060
2002 4052
2003 4056
2004 4056
2005 4061
2006 4056
2007 4058
2008 4056
2009 4056
2010 4054
2011 4059
2012 4058
2013 4055
2014 4058
2015 4058
2016 4057
2017 4059
2018 4056
2019 4057
2020 4054
2021 4058
2022 4056
2023 4056
2024 4058
2025 4056
2026 4055
2027 4055
2028 4057
2029 4054
2030 4056
2031 4058
2032 4058
2033 4056
2034 4056
2035 4054
2036 4058
2037 4056
2038 4053
2039 4058
2040 4054
2041 4056
2042 4060
2043 4054
2044 4056
2045 4058
2046 4057
2047 4059
2048 4053
2049 4054
2050 4059
2051 4059
2052 4054
2053 4056
2054 4057
2055 4056
2056 4060
2057 4058
2058 4059
2059 4053
2060 4054
2061 4055
2062 4056
2063 4050
2064 4061
2065 4054
2066 4056
2067 4058
2068 4056
2069 4058
2070 4054
2071 4056
2072 4056
2073 4050
2074 4056
2075 4057
2076 4058
2077 4057
2078 4058
2079 4057
2080 4058
2081 4056
2082 4054
2083 4057
2084 4059
2085 4058
2086 4056
2087 4056
2088 4052
2089 4058
2090 4058
2091 4053
2092 4057
2093 4056
2094 4056
2095 4058
2096 4056
2097 4056
2098 4056
2099 4057
2100 4054
2101 4059
2102 4050
2103 4058
2104 4056
2105 4056
2106 4055
2107 4058
2108 4056
2109 4058
2110 4056
2111 4056
2112 4054
2113 4058
2114 4056
2115 4056
2116 4056
2117 4057
2118 4055
2119 4056
2120 4056
2121 4060
2122 4058
2123 4057
2124 4056
2125 4058
2126 4056
2127 4054
2128 4056
2129 4058
2130 4057
2131 4058
2132 4056
2133 4056
2134 4055
2135 4057
2136 4056
2137 4058
2138 4054
2139 4056
2140 4055
2141 4056
2142 4053
2143 4058
2144 4055
2145 4057
2146 4056
2147 4056
2148 4058
2149 4056
2150 4056
2151 4060
2152 4051
2153 4057
2154 4058
2155 4058
2156 4052
2157 4058
2158 4056
2159 4057
2160 4056
2161 4057
2162 4055
2163 4057
2164 4057
2165 4056
2166 4056
2167 4061
2168 4058
2169 4056
2170 4052
2171 4056
2172 4054
2173 4056
2174 4058
2175 4058
2176 4058
2177 4056
2178 4056
2179 4057
2180 4057
2181 4058
2182 4056
2183 4060
2184 4059
2185 4056
2186 4054
2187 4056
2188 4063
2189 4059
2190 4054
2191 4057
2192 4056
2193 4058
2194 4059
2195 4057
2196 4058
2197 4056
2198 4058
2199 4058
2200 4058
2201 4061
2202 4054
2203 4057
2204 4054
2205 4059
2206 4056
2207 4054
2208 4058
2209 4056
2210 4058
2211 4055
2212 4056
2213 4056
2214 4058
2215 4056
2216 4059
2217 4057
2218 4057
2219 4056
2220 4056
2221 4058
2222 4057
2223 4058
2224 4056
2225 4058
2226 4056
2227 4056
2228 4056
2229 4060
2230 4056
2231 4059
2232 4059
2233 4056
2234 4058
2235 4060
2236 4058
2237 4056
2238 4056
2239 4058
2240 4056
2241 4054
2242 4058
2243 4054
2244 4058
2245 4056
2246 4056
2247 4058
2248 4057
2249 4056
2250 4054
2251 4060
2252 4056
2253 4056
2254 4057
2255 4054
2256 4056
2257 4061
2258 4054
2259 4057
2260 4058
2261 4062
2262 4059
2263 4055
2264 4056
2265 4054
2266 4056
2267 4058
2268 4056
2269 4055
2270 4058
2271 4058
2272 4056
2273 4056
2274 4057
2275 4060
2276 4056
2277 4056
2278 4056
2279 4057
2280 4058
2281 4058
2282 4058
2283 4057
2284 4056
2285 4056
2286 4060
2287 4054
2288 4056
2289 4058
2290 4055
2291 4053
2292 4056
2293 4056
2294 4055
2295 4056
2296 4056
2297 4058
2298 4055
2299 4059
2300 4055
2301 4058
2302 4052
2303 4058
2304 4058
2305 4056
2306 4058
2307 4058
2308 4054
2309 4057
2310 4057
2311 4056
2312 4054
2313 4057
2314 4057
2315 4056
2316 4058
2317 4057
2318 4056
2319 4054
2320 4057
2321 4057
2322 4059
2323 4056
2324 4056
2325 4058
2326 4054
2327 4058
2328 4055
2329 4052
2330 4056
2331 4059
2332 4061
2333 4060
2334 4053
2335 4053
2336 4056
2337 4058
2338 4056
2339 4058
2340 4058
2341 4058
2342 4054
2343 4056
2344 4054
2345 4056
2346 4059
2347 4060
2348 4059
2349 4058
2350 4057
2351 4060
2352 4054
2353 4056
2354 4055
2355 4056
2356 4057
2357 4056
2358 4058
2359 4056
2360 4056
2361 4059
2362 4056
2363 4056
2364 4058
2365 4058
2366 4058
2367 4059
2368 4059
2369 4056
2370 4058
2371 4058
2372 4057
2373 4054
2374 4057
2375 4054
2376 4058
2377 4058
2378 4056
2379 4058
2380 4052
2381 4054
2382 4056
2383 4057
2384 4058
2385 4056
2386 4057
2387 4059
2388 4056
2389 4057
2390 4055
2391 4054
2392 4056
2393 4057
2394 4057
2395 4057
2396 4055
2397 4056
2398 4058
2399 4059
2400 4055
2401 4058
2402 4053
2403 4058
2404 4056
2405 4058
2406 4054
2407 4056
2408 4055
2409 4056
2410 4056
2411 4059
2412 4058
2413 4055
2414 4058
2415 4056
2416 4056
2417 4058
2418 4058
2419 4058
2420 4058
2421 4057
2422 4054
2423 4052
2424 4056
2425 4056
2426 4057
2427 4058
2428 4056
2429 4056
2430 4059
2431 4054
2432 4057
2433 4058
2434 4058
2435 4059
2436 4057
2437 4056
2438 4054
2439 4056
2440 4058
2441 4058
2442 4054
2443 4059
2444 4056
2445 4059
2446 4059
2447 4056
2448 4057
2449 4059
2450 4056
2451 4061
2452 4054
2453 4058
2454 4054
2455 4058
2456 4057
2457 4056
2458 4051
2459 4057
2460 4056
2461 4056
2462 4058
2463 4056
2464 4056
2465 4058
2466 4053
2467 4054
2468 4057
2469 4056
2470 4058
2471 4056
2472 4054
2473 4056
2474 4056
2475 4056
2476 4058
2477 4055
2478 4054
2479 4056
2480 4058
2481 4056
2482 4056
2483 4056
2484 4054
2485 4058
2486 4057
2487 4056
2488 4056
2489 4055
2490 4056
2491 4056
2492 4056
2493 4056
2494 4061
2495 4058
2496 4056
2497 4058
2498 4052
2499 4057
2500 4054
2501 4062
2502 4056
2503 4056
2504 4058
2505 4056
2506 4056
2507 4058
2508 4052
2509 4057
2510 4056
2511 4058
2512 4054
2513 4055
2514 4056
2515 4055
2516 4058
2517 4059
2518 4054
2519 4058
2520 4056
2521 4056
2522 4055
2523 4058
2524 4054
2525 4056
2526 4055
2527 4058
2528 4055
2529 4058
2530 4052
2531 4057
2532 4054
2533 4058
2534 4057
2535 4058
2536 4055
2537 4057
2538 4054
2539 4060
2540 4054
2541 4058
2542 4058
2543 4056
2544 4057
2545 4058
2546 4060
2547 4056
2548 4057
2549 4056
2550 4057
2551 4060
2552 4053
2553 4058
2554 4054
2555 4056
2556 4057
2557 4056
2558 4054
2559 4058
2560 4058
2561 4057
2562 4061
2563 4056
2564 4061
2565 4055
2566 4058
2567 4058
2568 4055
2569 4058
2570 4058
2571 4058
2572 4056
2573 4056
2574 4058
2575 4058
2576 4057
2577 4056
2578 4055
2579 4056
2580 4055
2581 4056
2582 4057
2583 4056
2584 4056
2585 4058
2586 4059
2587 4058
2588 4058
2589 4058
2590 4059
2591 4056
2592 4053
2593 4059
2594 4054
2595 4058
2596 4056
2597 4055
2598 4057
2599 4057
2600 4057
2601 4061
2602 4056
2603 4057
2604 4054
2605 4060
2606 4053
2607 4056
2608 4056
2609 4057
2610 4056
2611 4059
2612 4057
2613 4054
2614 4058
2615 4038
2616 4056
2617 4058
2618 4056
2619 4056
2620 4058
2621 4058
2622 4055
2623 4058
2624 4056
2625 4058
2626 4054
2627 4058
2628 4052
2629 4057
2630 4054
2631 4058
2632 4058
2633 4060
2634 4053
2635 4056
2636 4057
2637 4056
2638 4056
2639 4057
2640 4057
2641 4057
2642 4056
2643 4060
2644 4054
2645 4056
2646 4057
2647 4056
2648 4057
2649 4057
2650 4054
2651 4060
2652 4054
2653 4058
2654 4052
2655 4059
2656 4055
2657 4057
2658 4058
2659 4059
2660 4056
2661 4058
2662 4056
2663 4056
2664 4057
2665 4058
2666 4056
2667 4056
2668 4058
2669 4055
2670 4057
2671 4059
2672 4056
2673 4056
2674 4059
2675 4060
2676 4054
2677 4057
2678 4056
2679 4058
2680 4056
2681 4058
2682 4058
2683 4054
2684 4054
2685 4057
2686 4056
2687 4058
2688 4054
2689 4056
2690 4054
2691 4058
2692 4060
2693 4058
2694 4059
2695 4055
2696 4056
2697 4057
2698 4060
2699 4058
2700 4060
2701 4060
2702 4052
2703 4059
2704 4055
2705 4056
2706 4058
2707 4057
2708 4056
2709 4057
2710 4054
2711 4056
2712 4058
2713 4058
2714 4056
2715 4054
2716 4052
2717 4058
2718 4057
2719 4059
2720 4056
2721 4057
2722 4054
2723 4057
2724 4058
2725 4056
2726 4058
2727 4058
2728 4052
2729 4056
2730 4057
2731 4056
2732 4055
2733 4057
2734 4057
2735 4058
2736 4057
2737 4056
2738 4056
2739 4056
2740 4057
2741 4056
2742 4058
2743 4057
2744 4058
2745 4056
2746 4060
2747 4057
2748 4052
2749 4052
2750 4054
2751 4059
2752 4056
2753 4059
2754 4056
2755 4060
2756 4056
2757 4056
2758 4056
2759 4056
2760 4055
2761 4055
2762 4058
2763 4054
2764 4058
2765 4056
2766 4056
2767 4056
2768 4054
2769 4060
2770 4057
2771 4057
2772 4055
2773 4060
2774 4055
2775 4056
2776 4056
2777 4058
2778 4056
2779 4054
2780 4058
2781 4057
2782 4057
2783 4056
2784 4052
2785 4055
2786 4058
2787 4056
2788 4056
2789 4054
2790 4054
2791 4056
2792 4056
2793 4057
2794 4056
2795 4054
2796 4055
2797 4053
2798 4054
2799 4054
2800 4053
2801 4056
2802 4053
2803 4054
2804 4052
2805 4051
2806 4048
2807 4052
2808 4048
2809 4048
2810 4044
2811 4042
2812 4036
2813 4031
2814 4031
2815 4036
2816 4030
2817 4028
2818 4029
2819 4030
2820 4031
2821 4025
2822 4028
2823 4024
2824 4030
2825 4028
2826 4023
2827 4020
2828 4022
2829 4017
2830 4022
2831 4021
2832 4023
2833 4026
2834 4031
2835 4031
2836 4027
2837 4031
2838 4035
2839 4037
2840 4038
2841 4036
2842 4038
2843 4040
2844 4041
2845 4041
2846 4043
2847 4044
2848 4042
2849 4044
2850 4044
2851 4050
2852 4048
2853 4049
2854 4047
2855 4050
2856 4049
2857 4051
2858 4050
2859 4053
2860 4053
2861 4056
2862 4055
2863 4057
2864 4054
2865 4054
2866 4058
2867 4057
2868 4061
2869 4058
2870 4056
2871 4058
2872 4054
2873 4057
2874 4058
2875 4056
2876 4056
2877 4057
2878 4054
2879 4057
2880 4054
2881 4059
2882 4056
2883 4056
2884 4056
2885 4055
2886 4055
2887 4056
2888 4056
2889 4057
2890 4054
2891 4058
2892 4058
2893 4056
2894 4056
2895 4056
2896 4058
2897 4053
2898 4058
2899 4060
2900 4056
2901 4057
2902 4056
2903 4056
2904 4060
2905 4056
2906 4054
2907 4056
2908 4057
2909 4054
2910 4056
2911 4054
2912 4052
2913 4060
2914 4056
2915 4060
2916 4056
2917 4056
2918 4054
2919 4054
2920 4058
2921 4055
2922 4056
2923 4055
2924 4054
2925 4054
2926 4057
2927 4056
2928 4054
2929 4058
2930 4056
2931 4060
2932 4057
2933 4054
2934 4053
2935 4056
2936 4059
2937 4056
2938 4059
2939 4058
2940 4060
2941 4056
2942 4057
2943 4057
2944 4056
2945 4056
2946 4056
2947 4056
2948 4056
2949 4054
2950 4054
2951 4060
2952 4054
2953 4058
2954 4060
2955 4056
2956 4055
2957 4057
2958 4056
2959 4052
2960 4059
2961 4056
2962 4056
2963 4056
2964 4059
2965 4054
2966 4057
2967 4056
2968 4058
2969 4058
2970 4058
2971 4059
2972 4060
2973 4058
2974 4058
2975 4056
2976 4056
2977 4058
2978 4056
2979 4057
2980 4053
2981 4056
2982 4059
2983 4058
2984 4055
2985 4058
2986 4055
2987 4058
2988 4056
2989 4056
2990 4054
2991 4056
2992 4054
2993 4058
2994 4056
2995 4052
2996 4059
2997 4058
2998 4057
2999 4056
3000 4058
3001 4059
3002 4056
3003 4054
3004 4059
3005 4058
3006 4056
3007 4058
3008 4056
3009 4058
3010 4058
3011 4055
3012 4057
3013 4056
3014 4060
3015 4056
3016 4056
3017 4056
3018 4056
3019 4058
3020 4057
3021 4060
3022 4059
3023 4056
3024 4058
3025 4056
3026 4056
3027 4057
3028 4056
3029 4058
3030 4058
3031 4055
3032 4058
3033 4059
3034 4056
3035 4058
3036 4056
3037 4058
3038 4054
3039 4056
3040 4058
3041 4056
3042 4056
3043 4058
3044 4055
3045 4057
3046 4055
3047 4056
3048 4057
3049 4056
3050 4058
3051 4059
3052 4055
3053 4058
3054 4060
3055 4057
3056 4052
3057 4054
3058 4056
3059 4056
3060 4054
3061 4056
3062 4056
3063 4056
3064 4058
3065 4059
3066 4053
3067 4058
3068 4057
3069 4056
3070 4058
3071 4056
3072 4056
3073 4054
3074 4059
3075 4059
3076 4056
3077 4056
3078 4054
3079 4058
3080 4058
3081 4057
3082 4053
3083 4059
3084 4055
3085 4061
3086 4059
3087 4057
3088 4060
3089 4054
3090 4057
3091 4060
3092 4056
3093 4059
3094 4053
3095 4054
3096 4056
3097 4055
3098 4056
3099 4056
3100 4056
3101 4058
3102 4052
3103 4055
3104 4057
3105 4057
3106 4052
3107 4058
3108 4057
3109 4058
3110 4058
3111 4057
3112 4054
3113 4058
3114 4054
3115 4060
3116 4058
3117 4054
3118 4057
3119 4058
3120 4057
3121 4057
3122 4056
3123 4056
3124 4056
3125 4058
3126 4055
3127 4056
3128 4056
3129 4055
3130 4057
3131 4058
3132 4058
3133 4058
3134 4059
3135 4056
3136 4056
3137 4054
3138 4054
3139 4057
3140 4054
3141 4058
3142 4056
3143 4056
3144 4056
3145 4058
3146 4058
3147 4058
3148 4058
3149 4055
3150 4055
3151 4059
3152 4053
3153 4059
3154 4057
3155 4058
3156 4058
3157 4059
3158 4052
3159 4058
3160 4057
3161 4060
3162 4055
3163 4057
3164 4054
3165 4056
3166 4057
3167 4056
3168 4054
3169 4058
3170 4058
3171 4058
3172 4054
3173 4054
3174 4057
3175 4057
3176 4056
3177 4056
3178 4056
3179 4058
3180 4057
3181 4054
3182 4057
3183 4058
3184 4057
3185 4059
3186 4059
3187 4057
3188 4059
3189 4058
3190 4058
3191 4054
3192 4056
3193 4056
3194 4053
3195 4059
3196 4056
3197 4057
3198 4055
3199 4050
3200 4056
3201 4060
3202 4053
3203 4055
3204 4058
3205 4056
3206 4057
3207 4056
3208 4057
3209 4059
3210 4056
3211 4060
3212 4058
3213 4057
3214 4056
3215 4058
3216 4058
3217 4056
3218 4058
3219 4056
3220 4059
3221 4056
3222 4056
3223 4056
3224 4054
3225 4055
3226 4056
3227 4057
3228 4052
3229 4058
3230 4056
3231 4058
3232 4054
3233 4059
3234 4052
3235 4061
3236 4055
3237 4058
3238 4058
3239 4056
3240 4058
3241 4058
3242 4054
3243 4058
3244 4057
3245 4057
3246 4054
3247 4056
3248 4057
3249 4056
3250 4055
3251 4059
3252 4054
3253 4056
3254 4056
3255 4057
3256 4056
3257 4055
3258 4053
3259 4056
3260 4056
3261 4056
3262 4058
3263 4056
3264 4056
3265 4058
3266 4056
3267 4058
3268 4060
3269 4056
3270 4055
3271 4054
3272 4055
3273 4056
3274 4057
3275 4060
3276 4058
3277 4056
3278 4055
3279 4056
3280 4057
3281 4055
3282 4054
3283 4056
3284 4060
3285 4054
3286 4056
3287 4058
3288 4054
3289 4061
3290 4056
3291 4058
3292 4058
3293 4059
3294 4058
3295 4057
3296 4056
3297 4057
3298 4054
3299 4056
3300 4056
3301 4061
3302 4054
3303 4053
3304 4056
3305 4058
3306 4055
3307 4057
3308 4060
3309 4058
3310 4056
3311 4058
3312 4060
3313 4058
3314 4056
3315 4056
3316 4054
3317 4057
3318 4054
3319 4058
3320 4056
3321 4055
3322 4054
3323 4056
3324 4058
3325 4056
3326 4056
3327 4060
3328 4056
3329 4057
3330 4056
3331 4055
3332 4054
3333 4060
3334 4056
3335 4056
3336 4056
3337 4056
3338 4060
3339 4056
3340 4052
3341 4056
3342 4054
3343 4058
3344 4057
3345 4054
3346 4057
3347 4058
3348 4054
3349 4057
3350 4056
3351 4058
3352 4055
3353 4059
3354 4056
3355 4056
3356 4060
3357 4056
3358 4056
3359 4056
3360 4056
3361 4056
3362 4057
3363 4058
3364 4058
3365 4061
3366 4058
3367 4057
3368 4058
3369 4058
3370 4057
3371 4058
3372 4054
3373 4056
3374 4058
3375 4057
3376 4055
3377 4059
3378 4058
3379 4056
3380 4056
3381 4056
3382 4056
3383 4056
3384 4053
3385 4054
3386 4055
3387 4058
3388 4056
3389 4060
3390 4062
3391 4056
3392 4056
3393 4056
3394 4054
3395 4057
3396 4056
3397 4058
3398 4057
3399 4057
3400 4056
3401 4060
3402 4058
3403 4054
3404 4055
3405 4056
3406 4057
3407 4058
3408 4058
3409 4056
3410 4057
3411 4057
3412 4056
3413 4058
3414 4060
3415 4055
3416 4056
3417 4058
3418 4058
3419 4057
3420 4058
3421 4058
3422 4056
3423 4060
3424 4057
3425 4057
3426 4055
3427 4056
3428 4056
3429 4058
3430 4056
3431 4056
3432 4056
3433 4056
3434 4059
3435 4055
3436 4056
3437 4060
3438 4054
3439 4058
3440 4056
3441 4056
3442 4058
3443 4058
3444 4059
3445 4056
3446 4054
3447 4056
3448 4057
3449 4057
3450 4056
3451 4056
3452 4056
3453 4057
3454 4056
3455 4058
3456 4054
3457 4058
3458 4056
3459 4057
3460 4056
3461 4058
3462 4054
3463 4056
3464 4057
3465 4056
3466 4058
3467 4056
3468 4056
3469 4057
3470 4058
3471 4058
3472 4056
3473 4058
3474 4057
3475 4058
3476 4058
3477 4058
3478 4058
3479 4056
3480 4054
3481 4056
3482 4061
3483 4054
3484 4058
3485 4058
3486 4058
3487 4056
3488 4054
3489 4055
3490 4054
3491 4059
3492 4056
3493 4060
3494 4057
3495 4057
3496 4056
3497 4056
3498 4056
3499 4056
3500 4058
3501 4060
3502 4055
3503 4056
3504 4058
3505 4058
3506 4055
3507 4054
3508 4056
3509 4059
3510 4058
3511 4058
3512 4056
3513 4065
3514 4058
3515 4055
3516 4057
3517 4057
3518 4060
3519 4056
3520 4056
3521 4057
3522 4058
3523 4058
3524 4056
3525 4054
3526 4054
3527 4056
3528 4056
3529 4057
3530 4056
3531 4054
3532 4057
3533 4056
3534 4059
3535 4057
3536 4054
3537 4058
3538 4059
3539 4054
3540 4058
3541 4058
3542 4058
3543 4059
3544 4056
3545 4057
3546 4056
3547 4058
3548 4056
3549 4055
3550 4056
3551 4059
3552 4052
3553 4056
3554 4056
3555 4057
3556 4056
3557 4058
3558 4059
3559 4058
3560 4057
3561 4060
3562 4056
3563 4057
3564 4057
3565 4058
3566 4055
3567 4058
3568 4057
3569 4056
3570 4057
3571 4057
3572 4056
3573 4058
3574 4054
3575 4056
3576 4056
3577 4053
3578 4056
3579 4058
3580 4055
3581 4056
3582 4057
3583 4056
3584 4054
3585 4056
3586 4057
3587 4056
3588 4056
3589 4058
3590 4056
3591 4057
3592 4055
3593 4059
3594 4060
3595 4058
3596 4056
3597 4056
3598 4057
3599 4058
3600 4052
3601 4063
3602 4053
3603 4058
3604 4058
3605 4058
3606 4056
3607 4056
3608 4058
3609 4058
3610 4056
3611 4058
3612 4056
3613 4056
3614 4055
3615 4057
3616 4054
3617 4058
3618 4058
3619 4058
3620 4061
3621 4054
3622 4059
3623 4054
3624 4058
3625 4056
3626 4052
3627 4054
3628 4054
3629 4058
3630 4058
3631 4058
3632 4055
3633 4057
3634 4056
3635 4056
3636 4058
3637 4058
3638 4056
3639 4059
3640 4056
3641 4057
3642 4058
3643 4056
3644 4054
3645 4056
3646 4058
3647 4057
3648 4052
3649 4056
3650 4056
3651 4058
3652 4054
3653 4057
3654 4058
3655 4058
3656 4054
3657 4058
3658 4056
3659 4058
3660 4055
3661 4059
3662 4057
3663 4054
3664 4060
3665 4059
3666 4058
3667 4058
3668 4062
3669 4058
3670 4056
3671 4057
3672 4055
3673 4057
3674 4058
3675 4060
3676 4056
3677 4062
3678 4054
3679 4061
3680 4056
3681 4056
3682 4060
3683 4056
3684 4061
3685 4056
3686 4059
3687 4058
3688 4058
3689 4058
3690 4055
3691 4058
3692 4058
3693 4058
3694 4057
