#Data from the TCD1304 linear CCD
#column 1 = pixelnumber , column 2 = pixelvalue
#Pixel 1-32 and 3679-3694 and are dummy pixels
#SH-period: 200    ICG-period: 100000    Integration time: 100.0 us
2 4037
3 4039
4 4063
5 4061
6 4062
7 4063
8 4063
9 4060
10 4062
11 4062
12 4063
13 4062
14 4063
15 4063
16 4063
17 4063
18 4063
19 4062
20 4063
21 4059
22 4062
23 4063
24 4063
25 4059
26 4063
27 4062
28 4061
29 4063
30 4060
31 4062
32 4063
34 4062
35 4066
36 4062
37 4062
38 4062
39 4061
40 4062
41 4063
42 4060
43 4062
44 4060
45 4062
46 4061
47 4060
48 4062
49 4062
50 4056
51 4063
52 4061
53 4066
54 4061
55 4065
56 4063
57 4060
58 4063
59 4063
60 4061
61 4061
62 4063
63 4060
64 4060
65 4063
66 4063
67 4063
68 4061
69 4063
70 4061
71 4062
72 4062
73 4060
74 4062
75 4061
76 4062
77 4061
78 4060
79 4066
80 4063
81 4062
82 4060
83 4061
84 4062
85 4063
86 4061
87 4066
88 4061
89 4061
90 4063
91 4062
92 4063
93 4063
94 4060
95 4063
96 4060
97 4063
98 4060
99 4063
100 4060
101 4062
102 4059
103 4062
104 4061
105 4062
106 4059
107 4060
108 4065
109 4066
110 4062
111 4061
112 4060
113 4063
114 4058
115 4062
116 4063
117 4062
118 4062
119 4060
120 4062
121 4063
122 4062
123 4066
124 4066
125 4059
126 4066
127 4061
128 4060
129 4061
130 4063
131 4063
132 4062
133 4062
134 4060
135 4063
136 4063
137 4063
138 4062
139 4062
140 4063
141 4066
142 4061
143 4063
144 4061
145 4063
146 4062
147 4061
148 4065
149 4063
150 4065
151 4063
152 4059
153 4059
154 4062
155 4062
156 4062
157 4062
158 4061
159 4063
160 4061
161 4065
162 4063
163 4063
164 4062
165 4063
166 4061
167 4062
168 4059
169 4063
170 4062
171 4065
172 4061
173 4063
174 4063
175 4061
176 4062
177 4060
178 4063
179 4065
180 4063
181 4060
182 4063
183 4063
184 4059
185 4061
186 4062
187 4063
188 4059
189 4061
190 4063
191 4062
192 4061
193 4063
194 4063
195 4062
196 4063
197 4062
198 4062
199 4063
200 4061
201 4066
202 4058
203 4062
204 4061
205 4059
206 4060
207 4063
208 4061
209 4062
210 4062
211 4060
212 4063
213 4062
214 4063
215 4058
216 4059
217 4066
218 4061
219 4063
220 4061
221 4064
222 4063
223 4063
224 4060
225 4063
226 4063
227 4062
228 4062
229 4066
230 4063
231 4062
232 4065
233 4063
234 4062
235 4066
236 4060
237 4060
238 4060
239 4062
240 4063
241 4063
242 4062
243 4063
244 4063
245 4063
246 4060
247 4063
248 4061
249 4063
250 4063
251 4063
252 4059
253 4062
254 4061
255 4063
256 4060
257 4063
258 4063
259 4061
260 4063
261 4062
262 4060
263 4062
264 4062
265 4063
266 4063
267 4061
268 4063
269 4060
270 4063
271 4062
272 4063
273 4065
274 4063
275 4062
276 4063
277 4063
278 4062
279 4058
280 4062
281 4059
282 4066
283 4063
284 4063
285 4062
286 4063
287 4061
288 4061
289 4062
290 4063
291 4063
292 4062
293 4062
294 4062
295 4062
296 4063
297 4063
298 4061
299 4061
300 4058
301 4066
302 4060
303 4062
304 4061
305 4062
306 4062
307 4062
308 4063
309 4063
310 4061
311 4063
312 4063
313 4062
314 4061
315 4062
316 4063
317 4063
318 4063
319 4063
320 4063
321 4063
322 4061
323 4061
324 4060
325 4061
326 4061
327 4066
328 4065
329 4063
330 4062
331 4062
332 4063
333 4062
334 4061
335 4062
336 4063
337 4063
338 4062
339 4062
340 4063
341 4062
342 4060
343 4060
344 4060
345 4063
346 4063
347 4062
348 4061
349 4063
350 4063
351 4062
352 4058
353 4063
354 4065
355 4062
356 4063
357 4062
358 4063
359 4062
360 4062
361 4062
362 4063
363 4062
364 4063
365 4062
366 4063
367 4061
368 4063
369 4060
370 4061
371 4061
372 4062
373 4066
374 4062
375 4063
376 4062
377 4063
378 4059
379 4061
380 4062
381 4063
382 4062
383 4066
384 4063
385 4063
386 4062
387 4063
388 4063
389 4063
390 4060
391 4063
392 4063
393 4062
394 4058
395 4061
396 4065
397 4061
398 4063
399 4062
400 4061
401 4063
402 4061
403 4060
404 4060
405 4059
406 4062
407 4061
408 4063
409 4061
410 4059
411 4062
412 4063
413 4062
414 4063
415 4062
416 4062
417 4065
418 4063
419 4061
420 4063
421 4063
422 4058
423 4063
424 4062
425 4063
426 4063
427 4062
428 4061
429 4060
430 4060
431 4063
432 4062
433 4061
434 4063
435 4065
436 4063
437 4063
438 4060
439 4060
440 4062
441 4061
442 4061
443 4063
444 4066
445 4066
446 4061
447 4066
448 4063
449 4063
450 4062
451 4063
452 4058
453 4063
454 4061
455 4063
456 4060
457 4063
458 4063
459 4063
460 4063
461 4063
462 4062
463 4059
464 4062
465 4061
466 4066
467 4058
468 4061
469 4061
470 4062
471 4061
472 4062
473 4063
474 4062
475 4059
476 4065
477 4062
478 4059
479 4063
480 4063
481 4063
482 4062
483 4060
484 4063
485 4062
486 4063
487 4066
488 4060
489 4063
490 4063
491 4063
492 4059
493 4065
494 4059
495 4061
496 4063
497 4063
498 4062
499 4063
500 4061
501 4065
502 4058
503 4063
504 4062
505 4063
506 4062
507 4061
508 4062
509 4061
510 4063
511 4063
512 4060
513 4063
514 4062
515 4062
516 4061
517 4063
518 4063
519 4060
520 4062
521 4062
522 4059
523 4063
524 4063
525 4059
526 4060
527 4063
528 4062
529 4060
530 4063
531 4063
532 4060
533 4063
534 4060
535 4063
536 4062
537 4062
538 4061
539 4059
540 4066
541 4063
542 4058
543 4060
544 4063
545 4063
546 4063
547 4062
548 4060
549 4062
550 4061
551 4063
552 4055
553 4063
554 4063
555 4062
556 4063
557 4062
558 4058
559 4063
560 4060
561 4063
562 4062
563 4061
564 4062
565 4060
566 4063
567 4063
568 4062
569 4060
570 4063
571 4063
572 4062
573 4061
574 4062
575 4059
576 4060
577 4062
578 4063
579 4058
580 4063
581 4061
582 4062
583 4065
584 4062
585 4062
586 4062
587 4063
588 4063
589 4060
590 4063
591 4063
592 4060
593 4061
594 4061
595 4061
596 4062
597 4062
598 4062
599 4068
600 4062
601 4066
602 4061
603 4063
604 4062
605 4063
606 4062
607 4063
608 4062
609 4063
610 4063
611 4059
612 4061
613 4062
614 4061
615 4063
616 4060
617 4060
618 4063
619 4063
620 4062
621 4062
622 4061
623 4062
624 4062
625 4060
626 4063
627 4060
628 4062
629 4063
630 4063
631 4060
632 4062
633 4063
634 4061
635 4063
636 4063
637 4063
638 4062
639 4060
640 4062
641 4063
642 4060
643 4066
644 4062
645 4063
646 4062
647 4063
648 4063
649 4066
650 4063
651 4063
652 4062
653 4062
654 4062
655 4062
656 4061
657 4062
658 4061
659 4059
660 4060
661 4063
662 4063
663 4063
664 4063
665 4065
666 4065
667 4063
668 4063
669 4065
670 4062
671 4063
672 4058
673 4063
674 4060
675 4061
676 4062
677 4062
678 4063
679 4062
680 4062
681 4063
682 4066
683 4063
684 4062
685 4060
686 4063
687 4061
688 4063
689 4063
690 4062
691 4063
692 4060
693 4059
694 4063
695 4061
696 4062
697 4062
698 4062
699 4061
700 4063
701 4062
702 4060
703 4063
704 4063
705 4062
706 4065
707 4062
708 4063
709 4063
710 4062
711 4062
712 4058
713 4059
714 4062
715 4060
716 4062
717 4063
718 4059
719 4063
720 4062
721 4063
722 4063
723 4063
724 4063
725 4066
726 4063
727 4062
728 4059
729 4063
730 4060
731 4063
732 4058
733 4063
734 4063
735 4061
736 4062
737 4063
738 4062
739 4062
740 4061
741 4061
742 4062
743 4062
744 4063
745 4061
746 4062
747 4060
748 4062
749 4063
750 4062
751 4066
752 4061
753 4062
754 4061
755 4061
756 4061
757 4062
758 4063
759 4063
760 4060
761 4062
762 4061
763 4059
764 4062
765 4063
766 4063
767 4067
768 4062
769 4062
770 4062
771 4060
772 4062
773 4063
774 4062
775 4063
776 4058
777 4063
778 4061
779 4060
780 4062
781 4063
782 4060
783 4062
784 4062
785 4066
786 4065
787 4067
788 4062
789 4062
790 4066
791 4060
792 4063
793 4060
794 4063
795 4060
796 4062
797 4061
798 4063
799 4063
800 4063
801 4063
802 4061
803 4059
804 4062
805 4063
806 4063
807 4063
808 4061
809 4063
810 4062
811 4063
812 4065
813 4060
814 4061
815 4062
816 4063
817 4062
818 4061
819 4063
820 4063
821 4061
822 4062
823 4063
824 4061
825 4066
826 4063
827 4062
828 4059
829 4063
830 4062
831 4063
832 4062
833 4062
834 4062
835 4062
836 4063
837 4063
838 4063
839 4063
840 4062
841 4063
842 4062
843 4062
844 4063
845 4060
846 4061
847 4063
848 4061
849 4062
850 4063
851 4067
852 4061
853 4063
854 4062
855 4061
856 4061
857 4063
858 4063
859 4059
860 4063
861 4063
862 4062
863 4062
864 4062
865 4063
866 4060
867 4062
868 4063
869 4063
870 4062
871 4062
872 4063
873 4060
874 4060
875 4063
876 4060
877 4062
878 4067
879 4060
880 4062
881 4063
882 4060
883 4062
884 4064
885 4062
886 4065
887 4060
888 4062
889 4063
890 4063
891 4062
892 4059
893 4062
894 4061
895 4062
896 4061
897 4062
898 4061
899 4062
900 4058
901 4066
902 4061
903 4063
904 4061
905 4058
906 4062
907 4063
908 4062
909 4060
910 4063
911 4062
912 4062
913 4063
914 4062
915 4063
916 4065
917 4066
918 4062
919 4061
920 4062
921 4063
922 4063
923 4063
924 4060
925 4062
926 4062
927 4063
928 4063
929 4063
930 4060
931 4063
932 4063
933 4059
934 4063
935 4063
936 4062
937 4062
938 4061
939 4061
940 4063
941 4066
942 4062
943 4058
944 4065
945 4062
946 4063
947 4060
948 4062
949 4061
950 4063
951 4063
952 4060
953 4062
954 4066
955 4060
956 4059
957 4065
958 4062
959 4063
960 4060
961 4058
962 4058
963 4063
964 4062
965 4063
966 4061
967 4063
968 4062
969 4062
970 4062
971 4060
972 4061
973 4062
974 4062
975 4060
976 4061
977 4062
978 4059
979 4063
980 4063
981 4063
982 4061
983 4062
984 4061
985 4062
986 4063
987 4065
988 4062
989 4058
990 4063
991 4063
992 4062
993 4063
994 4061
995 4062
996 4063
997 4060
998 4063
999 4062
1000 4058
1001 4067
1002 4060
1003 4062
1004 4063
1005 4061
1006 4062
1007 4057
1008 4063
1009 4061
1010 4061
1011 4063
1012 4063
1013 4062
1014 4062
1015 4065
1016 4063
1017 4063
1018 4063
1019 4063
1020 4062
1021 4062
1022 4062
1023 4063
1024 4069
1025 4061
1026 4063
1027 4062
1028 4063
1029 4060
1030 4063
1031 4059
1032 4062
1033 4062
1034 4062
1035 4063
1036 4063
1037 4062
1038 4061
1039 4065
1040 4060
1041 4063
1042 4063
1043 4062
1044 4063
1045 4062
1046 4063
1047 4064
1048 4059
1049 4062
1050 4062
1051 4068
1052 4059
1053 4062
1054 4064
1055 4062
1056 4062
1057 4061
1058 4063
1059 4062
1060 4063
1061 4062
1062 4062
1063 4063
1064 4060
1065 4063
1066 4063
1067 4063
1068 4063
1069 4060
1070 4062
1071 4059
1072 4063
1073 4062
1074 4062
1075 4063
1076 4058
1077 4063
1078 4060
1079 4061
1080 4062
1081 4059
1082 4061
1083 4062
1084 4063
1085 4063
1086 4063
1087 4062
1088 4061
1089 4061
1090 4063
1091 4063
1092 4062
1093 4058
1094 4062
1095 4062
1096 4061
1097 4062
1098 4061
1099 4060
1100 4061
1101 4061
1102 4060
1103 4061
1104 4061
1105 4063
1106 4062
1107 4062
1108 4063
1109 4062
1110 4062
1111 4063
1112 4063
1113 4060
1114 4061
1115 4061
1116 4063
1117 4063
1118 4059
1119 4061
1120 4059
1121 4062
1122 4060
1123 4059
1124 4062
1125 4063
1126 4061
1127 4063
1128 4062
1129 4063
1130 4061
1131 4063
1132 4058
1133 4063
1134 4060
1135 4062
1136 4062
1137 4062
1138 4060
1139 4060
1140 4062
1141 4063
1142 4061
1143 4062
1144 4063
1145 4063
1146 4061
1147 4062
1148 4059
1149 4063
1150 4061
1151 4063
1152 4061
1153 4062
1154 4058
1155 4060
1156 4059
1157 4061
1158 4062
1159 4061
1160 4057
1161 4063
1162 4062
1163 4059
1164 4062
1165 4057
1166 4063
1167 4059
1168 4061
1169 4060
1170 4063
1171 4063
1172 4065
1173 4059
1174 4062
1175 4062
1176 4062
1177 4063
1178 4062
1179 4060
1180 4060
1181 4060
1182 4061
1183 4060
1184 4062
1185 4063
1186 4063
1187 4063
1188 4062
1189 4062
1190 4063
1191 4063
1192 4062
1193 4063
1194 4060
1195 4062
1196 4062
1197 4063
1198 4062
1199 4062
1200 4059
1201 4063
1202 4060
1203 4063
1204 4063
1205 4060
1206 4063
1207 4057
1208 4061
1209 4063
1210 4060
1211 4062
1212 4062
1213 4060
1214 4061
1215 4062
1216 4063
1217 4060
1218 4062
1219 4063
1220 4058
1221 4063
1222 4062
1223 4061
1224 4063
1225 4060
1226 4061
1227 4063
1228 4063
1229 4063
1230 4062
1231 4063
1232 4062
1233 4062
1234 4063
1235 4063
1236 4062
1237 4062
1238 4061
1239 4060
1240 4061
1241 4061
1242 4063
1243 4066
1244 4058
1245 4062
1246 4062
1247 4060
1248 4062
1249 4062
1250 4060
1251 4060
1252 4059
1253 4062
1254 4063
1255 4062
1256 4062
1257 4062
1258 4062
1259 4062
1260 4062
1261 4060
1262 4063
1263 4059
1264 4062
1265 4062
1266 4063
1267 4063
1268 4062
1269 4062
1270 4061
1271 4062
1272 4060
1273 4061
1274 4063
1275 4065
1276 4059
1277 4062
1278 4060
1279 4063
1280 4059
1281 4063
1282 4061
1283 4059
1284 4063
1285 4061
1286 4056
1287 4066
1288 4062
1289 4063
1290 4061
1291 4066
1292 4061
1293 4062
1294 4060
1295 4061
1296 4058
1297 4062
1298 4062
1299 4062
1300 4063
1301 4061
1302 4059
1303 4062
1304 4058
1305 4061
1306 4065
1307 4059
1308 4062
1309 4062
1310 4062
1311 4066
1312 4063
1313 4062
1314 4063
1315 4063
1316 4065
1317 4060
1318 4061
1319 4062
1320 4060
1321 4063
1322 4062
1323 4060
1324 4063
1325 4063
1326 4063
1327 4061
1328 4063
1329 4063
1330 4060
1331 4063
1332 4063
1333 4063
1334 4059
1335 4063
1336 4061
1337 4063
1338 4060
1339 4060
1340 4062
1341 4062
1342 4061
1343 4063
1344 4062
1345 4060
1346 4060
1347 4060
1348 4062
1349 4066
1350 4062
1351 4063
1352 4062
1353 4062
1354 4063
1355 4063
1356 4060
1357 4063
1358 4063
1359 4060
1360 4063
1361 4063
1362 4063
1363 4063
1364 4062
1365 4060
1366 4063
1367 4063
1368 4067
1369 4062
1370 4063
1371 4062
1372 4059
1373 4063
1374 4063
1375 4061
1376 4061
1377 4063
1378 4063
1379 4063
1380 4061
1381 4062
1382 4065
1383 4062
1384 4061
1385 4062
1386 4063
1387 4063
1388 4062
1389 4063
1390 4063
1391 4058
1392 4060
1393 4062
1394 4061
1395 4062
1396 4061
1397 4063
1398 4061
1399 4061
1400 4062
1401 4063
1402 4060
1403 4063
1404 4059
1405 4062
1406 4062
1407 4062
1408 4063
1409 4066
1410 4059
1411 4065
1412 4062
1413 4063
1414 4062
1415 4062
1416 4059
1417 4061
1418 4062
1419 4063
1420 4059
1421 4063
1422 4062
1423 4061
1424 4063
1425 4059
1426 4061
1427 4060
1428 4062
1429 4058
1430 4061
1431 4063
1432 4062
1433 4062
1434 4063
1435 4066
1436 4063
1437 4063
1438 4063
1439 4063
1440 4062
1441 4063
1442 4057
1443 4062
1444 4063
1445 4063
1446 4060
1447 4063
1448 4060
1449 4063
1450 4062
1451 4062
1452 4061
1453 4061
1454 4063
1455 4060
1456 4059
1457 4062
1458 4060
1459 4063
1460 4058
1461 4060
1462 4060
1463 4063
1464 4060
1465 4063
1466 4063
1467 4061
1468 4063
1469 4059
1470 4062
1471 4060
1472 4061
1473 4061
1474 4060
1475 4059
1476 4062
1477 4058
1478 4061
1479 4061
1480 4059
1481 4063
1482 4062
1483 4063
1484 4061
1485 4063
1486 4059
1487 4061
1488 4060
1489 4064
1490 4063
1491 4062
1492 4059
1493 4063
1494 4062
1495 4062
1496 4060
1497 4062
1498 4063
1499 4063
1500 4060
1501 4066
1502 4062
1503 4062
1504 4063
1505 4063
1506 4058
1507 4058
1508 4062
1509 4062
1510 4062
1511 4062
1512 4063
1513 4059
1514 4063
1515 4065
1516 4063
1517 4065
1518 4061
1519 4059
1520 4063
1521 4061
1522 4063
1523 4063
1524 4062
1525 4063
1526 4061
1527 4062
1528 4060
1529 4063
1530 4063
1531 4066
1532 4061
1533 4062
1534 4060
1535 4063
1536 4063
1537 4065
1538 4061
1539 4061
1540 4059
1541 4063
1542 4060
1543 4063
1544 4063
1545 4060
1546 4065
1547 4062
1548 4063
1549 4062
1550 4067
1551 4063
1552 4060
1553 4063
1554 4063
1555 4062
1556 4063
1557 4063
1558 4063
1559 4060
1560 4063
1561 4063
1562 4062
1563 4062
1564 4063
1565 4060
1566 4061
1567 4062
1568 4059
1569 4062
1570 4059
1571 4063
1572 4063
1573 4062
1574 4062
1575 4062
1576 4063
1577 4061
1578 4063
1579 4062
1580 4062
1581 4061
1582 4063
1583 4060
1584 4059
1585 4063
1586 4060
1587 4060
1588 4063
1589 4060
1590 4061
1591 4062
1592 4060
1593 4062
1594 4063
1595 4063
1596 4062
1597 4061
1598 4063
1599 4061
1600 4061
1601 4063
1602 4057
1603 4063
1604 4060
1605 4063
1606 4066
1607 4061
1608 4063
1609 4060
1610 4063
1611 4061
1612 4063
1613 4063
1614 4059
1615 4059
1616 4065
1617 4060
1618 4065
1619 4063
1620 4060
1621 4060
1622 4062
1623 4063
1624 4062
1625 4060
1626 4061
1627 4061
1628 4061
1629 4060
1630 4062
1631 4063
1632 4058
1633 4058
1634 4063
1635 4062
1636 4061
1637 4062
1638 4062
1639 4057
1640 4062
1641 4063
1642 4063
1643 4061
1644 4062
1645 4060
1646 4062
1647 4060
1648 4062
1649 4065
1650 4058
1651 4066
1652 4061
1653 4063
1654 4060
1655 4063
1656 4062
1657 4060
1658 4062
1659 4061
1660 4060
1661 4062
1662 4062
1663 4066
1664 4061
1665 4063
1666 4060
1667 4063
1668 4060
1669 4061
1670 4062
1671 4062
1672 4062
1673 4062
1674 4059
1675 4065
1676 4059
1677 4064
1678 4060
1679 4060
1680 4059
1681 4063
1682 4060
1683 4062
1684 4060
1685 4061
1686 4059
1687 4063
1688 4063
1689 4061
1690 4063
1691 4063
1692 4062
1693 4062
1694 4062
1695 4063
1696 4060
1697 4062
1698 4062
1699 4062
1700 4061
1701 4062
1702 4058
1703 4060
1704 4062
1705 4063
1706 4061
1707 4063
1708 4060
1709 4060
1710 4062
1711 4059
1712 4062
1713 4062
1714 4062
1715 4058
1716 4063
1717 4062
1718 4063
1719 4062
1720 4062
1721 4061
1722 4061
1723 4060
1724 4063
1725 4061
1726 4062
1727 4062
1728 4062
1729 4061
1730 4063
1731 4059
1732 4061
1733 4060
1734 4063
1735 4060
1736 4062
1737 4063
1738 4059
1739 4062
1740 4063
1741 4058
1742 4059
1743 4063
1744 4062
1745 4057
1746 4063
1747 4065
1748 4063
1749 4063
1750 4062
1751 4067
1752 4058
1753 4063
1754 4060
1755 4060
1756 4063
1757 4058
1758 4059
1759 4060
1760 4062
1761 4060
1762 4063
1763 4063
1764 4060
1765 4060
1766 4066
1767 4062
1768 4062
1769 4062
1770 4061
1771 4061
1772 4063
1773 4062
1774 4061
1775 4062
1776 4060
1777 4061
1778 4059
1779 4062
1780 4062
1781 4062
1782 4060
1783 4063
1784 4062
1785 4063
1786 4063
1787 4063
1788 4066
1789 4065
1790 4062
1791 4066
1792 4063
1793 4062
1794 4062
1795 4063
1796 4060
1797 4061
1798 4059
1799 4059
1800 4063
1801 4063
1802 4060
1803 4060
1804 4061
1805 4061
1806 4063
1807 4062
1808 4063
1809 4062
1810 4061
1811 4063
1812 4063
1813 4065
1814 4063
1815 4062
1816 4063
1817 4061
1818 4060
1819 4061
1820 4063
1821 4060
1822 4063
1823 4063
1824 4063
1825 4060
1826 4063
1827 4062
1828 4059
1829 4062
1830 4063
1831 4062
1832 4060
1833 4063
1834 4062
1835 4063
1836 4058
1837 4062
1838 4063
1839 4060
1840 4059
1841 4063
1842 4062
1843 4061
1844 4062
1845 4060
1846 4062
1847 4063
1848 4060
1849 4062
1850 4064
1851 4065
1852 4060
1853 4062
1854 4060
1855 4063
1856 4063
1857 4058
1858 4061
1859 4066
1860 4061
1861 4061
1862 4059
1863 4062
1864 4059
1865 4060
1866 4063
1867 4061
1868 4061
1869 4061
1870 4063
1871 4063
1872 4061
1873 4063
1874 4060
1875 4065
1876 4059
1877 4059
1878 4062
1879 4063
1880 4060
1881 4065
1882 4062
1883 4061
1884 4062
1885 4062
1886 4063
1887 4063
1888 4061
1889 4059
1890 4063
1891 4059
1892 4062
1893 4062
1894 4061
1895 4063
1896 4060
1897 4060
1898 4060
1899 4062
1900 4063
1901 4063
1902 4058
1903 4062
1904 4060
1905 4063
1906 4062
1907 4063
1908 4062
1909 4062
1910 4059
1911 4062
1912 4061
1913 4060
1914 4061
1915 4060
1916 4062
1917 4062
1918 4062
1919 4063
1920 4058
1921 4063
1922 4063
1923 4061
1924 4058
1925 4063
1926 4061
1927 4062
1928 4062
1929 4060
1930 4063
1931 4063
1932 4062
1933 4063
1934 4062
1935 4063
1936 4062
1937 4062
1938 4059
1939 4062
1940 4061
1941 4062
1942 4063
1943 4062
1944 4066
1945 4061
1946 4063
1947 4060
1948 4061
1949 4063
1950 4067
1951 4063
1952 4061
1953 4063
1954 4063
1955 4061
1956 4058
1957 4062
1958 4062
1959 4062
1960 4063
1961 4060
1962 4062
1963 4065
1964 4060
1965 4063
1966 4063
1967 4060
1968 4056
1969 4062
1970 4061
1971 4063
1972 4063
1973 4063
1974 4060
1975 4060
1976 4058
1977 4063
1978 4061
1979 4063
1980 4062
1981 4063
1982 4062
1983 4063
1984 4063
1985 4061
1986 4066
1987 4063
1988 4061
1989 4059
1990 4060
1991 4066
1992 4062
1993 4060
1994 4061
1995 4063
1996 4060
1997 4062
1998 4059
1999 4062
2000 4062
2001 4066
2002 4058
2003 4063
2004 4059
2005 4060
2006 4061
2007 4059
2008 4061
2009 4063
2010 4061
2011 4059
2012 4061
2013 4061
2014 4061
2015 4063
2016 4058
2017 4063
2018 4059
2019 4059
2020 4062
2021 4063
2022 4060
2023 4062
2024 4061
2025 4063
2026 4060
2027 4063
2028 4063
2029 4062
2030 4059
2031 4063
2032 4061
2033 4061
2034 4061
2035 4060
2036 4061
2037 4060
2038 4060
2039 4063
2040 4063
2041 4062
2042 4061
2043 4063
2044 4062
2045 4063
2046 4063
2047 4059
2048 4058
2049 4063
2050 4063
2051 4063
2052 4056
2053 4061
2054 4061
2055 4061
2056 4059
2057 4062
2058 4061
2059 4063
2060 4059
2061 4061
2062 4062
2063 4062
2064 4063
2065 4063
2066 4063
2067 4062
2068 4063
2069 4060
2070 4061
2071 4063
2072 4061
2073 4060
2074 4062
2075 4062
2076 4061
2077 4063
2078 4061
2079 4063
2080 4060
2081 4062
2082 4059
2083 4063
2084 4062
2085 4063
2086 4063
2087 4066
2088 4061
2089 4060
2090 4063
2091 4065
2092 4061
2093 4061
2094 4059
2095 4062
2096 4061
2097 4063
2098 4063
2099 4059
2100 4063
2101 4063
2102 4058
2103 4060
2104 4063
2105 4062
2106 4059
2107 4061
2108 4063
2109 4060
2110 4062
2111 4063
2112 4060
2113 4063
2114 4061
2115 4061
2116 4060
2117 4060
2118 4060
2119 4060
2120 4063
2121 4060
2122 4058
2123 4062
2124 4063
2125 4062
2126 4061
2127 4062
2128 4063
2129 4062
2130 4061
2131 4061
2132 4062
2133 4063
2134 4063
2135 4063
2136 4063
2137 4062
2138 4060
2139 4062
2140 4065
2141 4063
2142 4059
2143 4062
2144 4061
2145 4062
2146 4062
2147 4063
2148 4062
2149 4059
2150 4063
2151 4063
2152 4063
2153 4062
2154 4063
2155 4062
2156 4063
2157 4061
2158 4062
2159 4062
2160 4061
2161 4063
2162 4063
2163 4062
2164 4062
2165 4063
2166 4063
2167 4063
2168 4062
2169 4063
2170 4063
2171 4063
2172 4063
2173 4059
2174 4062
2175 4062
2176 4060
2177 4063
2178 4063
2179 4059
2180 4059
2181 4061
2182 4062
2183 4063
2184 4062
2185 4062
2186 4061
2187 4063
2188 4063
2189 4062
2190 4059
2191 4063
2192 4060
2193 4062
2194 4063
2195 4061
2196 4062
2197 4063
2198 4063
2199 4063
2200 4066
2201 4063
2202 4055
2203 4062
2204 4063
2205 4059
2206 4063
2207 4062
2208 4062
2209 4060
2210 4063
2211 4062
2212 4063
2213 4061
2214 4063
2215 4063
2216 4062
2217 4065
2218 4061
2219 4063
2220 4062
2221 4063
2222 4063
2223 4062
2224 4060
2225 4061
2226 4060
2227 4063
2228 4062
2229 4063
2230 4059
2231 4062
2232 4061
2233 4062
2234 4062
2235 4061
2236 4063
2237 4063
2238 4060
2239 4060
2240 4060
2241 4063
2242 4061
2243 4065
2244 4061
2245 4062
2246 4063
2247 4063
2248 4060
2249 4063
2250 4062
2251 4065
2252 4058
2253 4061
2254 4062
2255 4061
2256 4060
2257 4062
2258 4060
2259 4066
2260 4057
2261 4063
2262 4063
2263 4058
2264 4065
2265 4062
2266 4062
2267 4061
2268 4062
2269 4062
2270 4062
2271 4062
2272 4063
2273 4061
2274 4063
2275 4063
2276 4061
2277 4063
2278 4061
2279 4059
2280 4062
2281 4061
2282 4063
2283 4062
2284 4060
2285 4061
2286 4063
2287 4062
2288 4063
2289 4063
2290 4063
2291 4062
2292 4059
2293 4063
2294 4063
2295 4063
2296 4063
2297 4063
2298 4065
2299 4062
2300 4060
2301 4063
2302 4059
2303 4063
2304 4062
2305 4063
2306 4059
2307 4063
2308 4060
2309 4063
2310 4059
2311 4066
2312 4063
2313 4063
2314 4062
2315 4063
2316 4062
2317 4061
2318 4062
2319 4063
2320 4066
2321 4065
2322 4066
2323 4062
2324 4063
2325 4063
2326 4060
2327 4063
2328 4062
2329 4062
2330 4062
2331 4063
2332 4059
2333 4063
2334 4065
2335 4062
2336 4062
2337 4063
2338 4062
2339 4062
2340 4063
2341 4063
2342 4063
2343 4060
2344 4059
2345 4062
2346 4063
2347 4063
2348 4061
2349 4062
2350 4062
2351 4063
2352 4058
2353 4066
2354 4061
2355 4062
2356 4062
2357 4059
2358 4060
2359 4063
2360 4060
2361 4063
2362 4063
2363 4062
2364 4060
2365 4061
2366 4063
2367 4061
2368 4062
2369 4063
2370 4063
2371 4057
2372 4061
2373 4060
2374 4061
2375 4062
2376 4061
2377 4059
2378 4061
2379 4062
2380 4063
2381 4062
2382 4059
2383 4063
2384 4062
2385 4062
2386 4062
2387 4060
2388 4063
2389 4060
2390 4062
2391 4062
2392 4062
2393 4066
2394 4060
2395 4063
2396 4063
2397 4063
2398 4063
2399 4060
2400 4063
2401 4063
2402 4061
2403 4063
2404 4061
2405 4063
2406 4062
2407 4063
2408 4063
2409 4062
2410 4059
2411 4062
2412 4060
2413 4061
2414 4060
2415 4062
2416 4063
2417 4062
2418 4063
2419 4062
2420 4060
2421 4062
2422 4063
2423 4063
2424 4062
2425 4062
2426 4062
2427 4062
2428 4063
2429 4061
2430 4063
2431 4063
2432 4063
2433 4063
2434 4063
2435 4062
2436 4059
2437 4061
2438 4062
2439 4060
2440 4060
2441 4060
2442 4060
2443 4067
2444 4061
2445 4062
2446 4063
2447 4065
2448 4061
2449 4060
2450 4063
2451 4062
2452 4058
2453 4062
2454 4059
2455 4063
2456 4062
2457 4062
2458 4059
2459 4062
2460 4062
2461 4062
2462 4063
2463 4066
2464 4062
2465 4062
2466 4061
2467 4063
2468 4061
2469 4059
2470 4062
2471 4061
2472 4063
2473 4063
2474 4063
2475 4062
2476 4062
2477 4062
2478 4063
2479 4065
2480 4059
2481 4062
2482 4063
2483 4063
2484 4061
2485 4063
2486 4061
2487 4063
2488 4059
2489 4062
2490 4063
2491 4068
2492 4060
2493 4062
2494 4062
2495 4063
2496 4063
2497 4061
2498 4062
2499 4062
2500 4062
2501 4063
2502 4059
2503 4062
2504 4062
2505 4061
2506 4063
2507 4063
2508 4060
2509 4063
2510 4065
2511 4063
2512 4062
2513 4066
2514 4063
2515 4062
2516 4062
2517 4062
2518 4060
2519 4061
2520 4060
2521 4063
2522 4063
2523 4059
2524 4062
2525 4068
2526 4061
2527 4059
2528 4060
2529 4062
2530 4063
2531 4062
2532 4060
2533 4061
2534 4060
2535 4063
2536 4061
2537 4063
2538 4063
2539 4062
2540 4061
2541 4065
2542 4059
2543 4060
2544 4061
2545 4060
2546 4060
2547 4063
2548 4061
2549 4062
2550 4062
2551 4063
2552 4062
2553 4062
2554 4063
2555 4066
2556 4063
2557 4065
2558 4061
2559 4061
2560 4060
2561 4066
2562 4060
2563 4062
2564 4060
2565 4063
2566 4063
2567 4062
2568 4063
2569 4060
2570 4063
2571 4061
2572 4062
2573 4063
2574 4059
2575 4062
2576 4061
2577 4060
2578 4061
2579 4060
2580 4062
2581 4059
2582 4063
2583 4063
2584 4063
2585 4063
2586 4063
2587 4063
2588 4058
2589 4063
2590 4063
2591 4063
2592 4059
2593 4060
2594 4060
2595 4063
2596 4059
2597 4060
2598 4063
2599 4062
2600 4061
2601 4063
2602 4058
2603 4061
2604 4062
2605 4063
2606 4062
2607 4060
2608 4061
2609 4060
2610 4062
2611 4062
2612 4063
2613 4062
2614 4063
2615 4060
2616 4062
2617 4062
2618 4061
2619 4061
2620 4063
2621 4061
2622 4063
2623 4063
2624 4059
2625 4062
2626 4062
2627 4061
2628 4062
2629 4058
2630 4058
2631 4060
2632 4062
2633 4060
2634 4063
2635 4060
2636 4062
2637 4061
2638 4063
2639 4065
2640 4063
2641 4062
2642 4061
2643 4062
2644 4062
2645 4062
2646 4062
2647 4063
2648 4061
2649 4063
2650 4061
2651 4067
2652 4060
2653 4067
2654 4061
2655 4060
2656 4062
2657 4062
2658 4062
2659 4062
2660 4063
2661 4061
2662 4062
2663 4063
2664 4063
2665 4063
2666 4063
2667 4063
2668 4060
2669 4062
2670 4060
2671 4063
2672 4062
2673 4062
2674 4063
2675 4063
2676 4063
2677 4062
2678 4063
2679 4060
2680 4059
2681 4063
2682 4062
2683 4063
2684 4063
2685 4063
2686 4063
2687 4062
2688 4063
2689 4062
2690 4062
2691 4062
2692 4062
2693 4062
2694 4061
2695 4062
2696 4060
2697 4060
2698 4059
2699 4062
2700 4063
2701 4063
2702 4059
2703 4063
2704 4062
2705 4062
2706 4060
2707 4062
2708 4063
2709 4062
2710 4060
2711 4063
2712 4063
2713 4062
2714 4061
2715 4061
2716 4062
2717 4061
2718 4062
2719 4063
2720 4061
2721 4063
2722 4063
2723 4063
2724 4062
2725 4063
2726 4060
2727 4063
2728 4062
2729 4060
2730 4062
2731 4059
2732 4062
2733 4062
2734 4063
2735 4061
2736 4063
2737 4063
2738 4061
2739 4063
2740 4060
2741 4063
2742 4062
2743 4059
2744 4063
2745 4061
2746 4058
2747 4062
2748 4062
2749 4063
2750 4066
2751 4067
2752 4060
2753 4063
2754 4063
2755 4060
2756 4062
2757 4062
2758 4063
2759 4063
2760 4061
2761 4061
2762 4062
2763 4063
2764 4060
2765 4062
2766 4062
2767 4063
2768 4059
2769 4060
2770 4061
2771 4063
2772 4060
2773 4062
2774 4060
2775 4063
2776 4063
2777 4063
2778 4061
2779 4063
2780 4063
2781 4061
2782 4062
2783 4061
2784 4061
2785 4062
2786 4062
2787 4063
2788 4062
2789 4063
2790 4062
2791 4063
2792 4062
2793 4063
2794 4063
2795 4061
2796 4060
2797 4063
2798 4062
2799 4063
2800 4063
2801 4062
2802 4057
2803 4062
2804 4059
2805 4060
2806 4061
2807 4063
2808 4060
2809 4060
2810 4058
2811 4059
2812 4059
2813 4057
2814 4054
2815 4058
2816 4057
2817 4058
2818 4058
2819 4055
2820 4056
2821 4060
2822 4054
2823 4056
2824 4052
2825 4056
2826 4055
2827 4055
2828 4055
2829 4056
2830 4057
2831 4056
2832 4058
2833 4056
2834 4056
2835 4056
2836 4058
2837 4058
2838 4058
2839 4057
2840 4058
2841 4058
2842 4057
2843 4059
2844 4056
2845 4059
2846 4058
2847 4063
2848 4059
2849 4061
2850 4058
2851 4063
2852 4059
2853 4061
2854 4059
2855 4062
2856 4059
2857 4058
2858 4063
2859 4060
2860 4060
2861 4060
2862 4058
2863 4060
2864 4061
2865 4063
2866 4063
2867 4061
2868 4060
2869 4061
2870 4063
2871 4063
2872 4063
2873 4063
2874 4061
2875 4059
2876 4063
2877 4061
2878 4063
2879 4061
2880 4062
2881 4063
2882 4060
2883 4063
2884 4063
2885 4063
2886 4061
2887 4060
2888 4063
2889 4060
2890 4060
2891 4063
2892 4059
2893 4062
2894 4061
2895 4063
2896 4059
2897 4065
2898 4065
2899 4062
2900 4061
2901 4066
2902 4061
2903 4062
2904 4062
2905 4060
2906 4061
2907 4061
2908 4063
2909 4063
2910 4063
2911 4063
2912 4063
2913 4063
2914 4062
2915 4063
2916 4063
2917 4062
2918 4061
2919 4063
2920 4063
2921 4063
2922 4063
2923 4068
2924 4063
2925 4061
2926 4063
2927 4063
2928 4061
2929 4063
2930 4060
2931 4062
2932 4061
2933 4063
2934 4062
2935 4062
2936 4063
2937 4063
2938 4062
2939 4062
2940 4063
2941 4061
2942 4060
2943 4062
2944 4062
2945 4060
2946 4059
2947 4063
2948 4060
2949 4060
2950 4062
2951 4063
2952 4062
2953 4061
2954 4061
2955 4063
2956 4062
2957 4061
2958 4065
2959 4060
2960 4060
2961 4062
2962 4063
2963 4062
2964 4059
2965 4058
2966 4065
2967 4062
2968 4059
2969 4065
2970 4062
2971 4062
2972 4063
2973 4063
2974 4066
2975 4063
2976 4063
2977 4060
2978 4063
2979 4060
2980 4061
2981 4062
2982 4060
2983 4060
2984 4061
2985 4060
2986 4060
2987 4063
2988 4060
2989 4061
2990 4060
2991 4066
2992 4060
2993 4063
2994 4063
2995 4061
2996 4060
2997 4063
2998 4062
2999 4063
3000 4062
3001 4063
3002 4061
3003 4062
3004 4062
3005 4061
3006 4062
3007 4060
3008 4059
3009 4063
3010 4059
3011 4062
3012 4062
3013 4061
3014 4062
3015 4061
3016 4062
3017 4060
3018 4062
3019 4066
3020 4063
3021 4061
3022 4061
3023 4061
3024 4061
3025 4063
3026 4062
3027 4063
3028 4062
3029 4060
3030 4062
3031 4063
3032 4059
3033 4063
3034 4062
3035 4062
3036 4060
3037 4062
3038 4058
3039 4063
3040 4066
3041 4059
3042 4062
3043 4060
3044 4062
3045 4062
3046 4061
3047 4066
3048 4061
3049 4062
3050 4062
3051 4063
3052 4061
3053 4060
3054 4063
3055 4062
3056 4060
3057 4062
3058 4061
3059 4063
3060 4059
3061 4062
3062 4063
3063 4060
3064 4065
3065 4063
3066 4063
3067 4061
3068 4062
3069 4065
3070 4062
3071 4062
3072 4062
3073 4063
3074 4062
3075 4062
3076 4062
3077 4063
3078 4066
3079 4063
3080 4062
3081 4066
3082 4063
3083 4062
3084 4063
3085 4063
3086 4062
3087 4063
3088 4062
3089 4062
3090 4058
3091 4066
3092 4060
3093 4062
3094 4061
3095 4063
3096 4063
3097 4061
3098 4063
3099 4060
3100 4063
3101 4068
3102 4059
3103 4061
3104 4062
3105 4061
3106 4060
3107 4059
3108 4060
3109 4062
3110 4062
3111 4063
3112 4063
3113 4062
3114 4066
3115 4061
3116 4061
3117 4059
3118 4063
3119 4058
3120 4061
3121 4060
3122 4062
3123 4062
3124 4062
3125 4063
3126 4061
3127 4063
3128 4060
3129 4063
3130 4061
3131 4062
3132 4061
3133 4062
3134 4061
3135 4063
3136 4063
3137 4063
3138 4062
3139 4063
3140 4059
3141 4060
3142 4063
3143 4058
3144 4064
3145 4062
3146 4063
3147 4063
3148 4063
3149 4062
3150 4063
3151 4066
3152 4054
3153 4059
3154 4066
3155 4059
3156 4060
3157 4063
3158 4061
3159 4063
3160 4063
3161 4062
3162 4061
3163 4063
3164 4063
3165 4061
3166 4062
3167 4058
3168 4060
3169 4062
3170 4063
3171 4063
3172 4066
3173 4062
3174 4060
3175 4063
3176 4060
3177 4063
3178 4062
3179 4063
3180 4059
3181 4062
3182 4063
3183 4063
3184 4060
3185 4061
3186 4063
3187 4060
3188 4061
3189 4063
3190 4062
3191 4065
3192 4062
3193 4060
3194 4062
3195 4063
3196 4065
3197 4062
3198 4061
3199 4062
3200 4060
3201 4063
3202 4058
3203 4062
3204 4062
3205 4061
3206 4063
3207 4061
3208 4060
3209 4062
3210 4062
3211 4062
3212 4060
3213 4063
3214 4062
3215 4062
3216 4063
3217 4062
3218 4060
3219 4061
3220 4060
3221 4061
3222 4060
3223 4063
3224 4061
3225 4063
3226 4063
3227 4062
3228 4062
3229 4061
3230 4062
3231 4061
3232 4061
3233 4062
3234 4062
3235 4063
3236 4062
3237 4067
3238 4060
3239 4063
3240 4062
3241 4062
3242 4060
3243 4061
3244 4063
3245 4063
3246 4060
3247 4063
3248 4065
3249 4061
3250 4063
3251 4063
3252 4062
3253 4063
3254 4065
3255 4062
3256 4063
3257 4062
3258 4060
3259 4061
3260 4062
3261 4062
3262 4062
3263 4059
3264 4063
3265 4057
3266 4062
3267 4063
3268 4060
3269 4061
3270 4062
3271 4061
3272 4063
3273 4063
3274 4062
3275 4060
3276 4062
3277 4063
3278 4063
3279 4062
3280 4061
3281 4062
3282 4062
3283 4063
3284 4063
3285 4061
3286 4061
3287 4062
3288 4062
3289 4062
3290 4059
3291 4063
3292 4062
3293 4063
3294 4061
3295 4063
3296 4062
3297 4065
3298 4061
3299 4061
3300 4064
3301 4065
3302 4057
3303 4062
3304 4060
3305 4062
3306 4062
3307 4062
3308 4062
3309 4059
3310 4063
3311 4063
3312 4062
3313 4063
3314 4061
3315 4062
3316 4062
3317 4062
3318 4063
3319 4062
3320 4064
3321 4062
3322 4063
3323 4060
3324 4063
3325 4063
3326 4060
3327 4060
3328 4062
3329 4063
3330 4061
3331 4061
3332 4062
3333 4062
3334 4060
3335 4062
3336 4063
3337 4066
3338 4063
3339 4063
3340 4060
3341 4063
3342 4059
3343 4063
3344 4060
3345 4063
3346 4063
3347 4061
3348 4062
3349 4063
3350 4062
3351 4065
3352 4059
3353 4063
3354 4060
3355 4060
3356 4066
3357 4060
3358 4060
3359 4063
3360 4062
3361 4061
3362 4059
3363 4066
3364 4059
3365 4062
3366 4063
3367 4063
3368 4062
3369 4063
3370 4063
3371 4063
3372 4060
3373 4063
3374 4063
3375 4059
3376 4062
3377 4061
3378 4062
3379 4062
3380 4059
3381 4060
3382 4063
3383 4061
3384 4061
3385 4063
3386 4063
3387 4063
3388 4063
3389 4065
3390 4063
3391 4062
3392 4061
3393 4062
3394 4062
3395 4061
3396 4059
3397 4060
3398 4061
3399 4063
3400 4062
3401 4063
3402 4056
3403 4063
3404 4062
3405 4063
3406 4062
3407 4062
3408 4062
3409 4063
3410 4063
3411 4060
3412 4063
3413 4065
3414 4062
3415 4063
3416 4060
3417 4062
3418 4062
3419 4065
3420 4058
3421 4062
3422 4063
3423 4063
3424 4059
3425 4063
3426 4061
3427 4062
3428 4066
3429 4060
3430 4061
3431 4062
3432 4061
3433 4062
3434 4061
3435 4062
3436 4059
3437 4063
3438 4062
3439 4065
3440 4061
3441 4065
3442 4060
3443 4060
3444 4062
3445 4061
3446 4060
3447 4063
3448 4059
3449 4062
3450 4063
3451 4065
3452 4062
3453 4062
3454 4063
3455 4063
3456 4063
3457 4062
3458 4060
3459 4066
3460 4062
3461 4065
3462 4062
3463 4063
3464 4061
3465 4062
3466 4062
3467 4061
3468 4062
3469 4060
3470 4061
3471 4063
3472 4062
3473 4063
3474 4058
3475 4063
3476 4061
3477 4062
3478 4066
3479 4062
3480 4060
3481 4063
3482 4059
3483 4062
3484 4062
3485 4063
3486 4062
3487 4063
3488 4062
3489 4063
3490 4063
3491 4062
3492 4058
3493 4063
3494 4062
3495 4062
3496 4061
3497 4063
3498 4061
3499 4060
3500 4065
3501 4059
3502 4058
3503 4066
3504 4062
3505 4060
3506 4063
3507 4063
3508 4063
3509 4060
3510 4062
3511 4062
3512 4059
3513 4065
3514 4063
3515 4060
3516 4060
3517 4060
3518 4062
3519 4063
3520 4060
3521 4060
3522 4061
3523 4062
3524 4062
3525 4060
3526 4059
3527 4060
3528 4057
3529 4063
3530 4062
3531 4063
3532 4062
3533 4063
3534 4063
3535 4058
3536 4066
3537 4061
3538 4062
3539 4060
3540 4063
3541 4063
3542 4063
3543 4062
3544 4062
3545 4062
3546 4063
3547 4063
3548 4062
3549 4062
3550 4063
3551 4065
3552 4057
3553 4063
3554 4059
3555 4062
3556 4059
3557 4063
3558 4063
3559 4063
3560 4059
3561 4062
3562 4059
3563 4060
3564 4061
3565 4066
3566 4062
3567 4061
3568 4062
3569 4063
3570 4063
3571 4063
3572 4063
3573 4063
3574 4060
3575 4063
3576 4062
3577 4063
3578 4062
3579 4058
3580 4060
3581 4063
3582 4059
3583 4062
3584 4061
3585 4062
3586 4061
3587 4065
3588 4066
3589 4062
3590 4061
3591 4063
3592 4061
3593 4063
3594 4062
3595 4063
3596 4063
3597 4060
3598 4063
3599 4060
3600 4063
3601 4061
3602 4059
3603 4062
3604 4063
3605 4062
3606 4063
3607 4060
3608 4061
3609 4063
3610 4063
3611 4063
3612 4063
3613 4063
3614 4060
3615 4065
3616 4065
3617 4062
3618 4062
3619 4063
3620 4063
3621 4059
3622 4063
3623 4062
3624 4061
3625 4061
3626 4062
3627 4063
3628 4061
3629 4066
3630 4062
3631 4062
3632 4060
3633 4062
3634 4059
3635 4060
3636 4059
3637 4063
3638 4060
3639 4061
3640 4063
3641 4063
3642 4061
3643 4063
3644 4059
3645 4062
3646 4063
3647 4061
3648 4062
3649 4063
3650 4062
3651 4066
3652 4057
3653 4060
3654 4062
3655 4063
3656 4063
3657 4058
3658 4063
3659 4061
3660 4062
3661 4062
3662 4066
3663 4062
3664 4060
3665 4062
3666 4060
3667 4063
3668 4061
3669 4062
3670 4061
3671 4061
3672 4061
3673 4060
3674 4063
3675 4061
3676 4062
3677 4060
3678 4063
3679 4061
3680 4060
3681 4061
3682 4062
3683 4062
3684 4063
3685 4061
3686 4059
3687 4059
3688 4063
3689 4063
3690 4063
3691 4062
3692 4058
3693 4065
3694 4060
