#Data from the TCD1304 linear CCD
#column 1 = pixelnumber , column 2 = pixelvalue
#Pixel 1-32 and 3679-3694 and are dummy pixels
#SH-period: 200    ICG-period: 100000    Integration time: 100.0 us
2 4039
3 4039
4 4060
5 4060
6 4061
7 4059
8 4062
9 4063
10 4060
11 4059
12 4061
13 4061
14 4062
15 4060
16 4062
17 4060
18 4059
19 4060
20 4062
21 4065
22 4058
23 4061
24 4063
25 4060
26 4058
27 4061
28 4060
29 4059
30 4061
31 4062
32 4058
34 4062
35 4058
36 4058
37 4058
38 4059
39 4056
40 4060
41 4059
42 4061
43 4060
44 4059
45 4056
46 4062
47 4060
48 4059
49 4058
50 4057
51 4058
52 4056
53 4058
54 4055
55 4060
56 4058
57 4057
58 4058
59 4059
60 4054
61 4056
62 4060
63 4060
64 4056
65 4057
66 4060
67 4058
68 4060
69 4056
70 4056
71 4056
72 4058
73 4054
74 4056
75 4058
76 4053
77 4057
78 4056
79 4054
80 4055
81 4056
82 4058
83 4058
84 4056
85 4059
86 4059
87 4059
88 4056
89 4056
90 4056
91 4057
92 4054
93 4061
94 4058
95 4056
96 4059
97 4056
98 4058
99 4058
100 4058
101 4058
102 4053
103 4057
104 4054
105 4060
106 4058
107 4061
108 4056
109 4059
110 4056
111 4055
112 4059
113 4060
114 4061
115 4056
116 4058
117 4061
118 4062
119 4058
120 4059
121 4058
122 4058
123 4059
124 4057
125 4059
126 4059
127 4062
128 4061
129 4061
130 4058
131 4061
132 4059
133 4056
134 4058
135 4059
136 4057
137 4060
138 4058
139 4058
140 4057
141 4059
142 4057
143 4061
144 4057
145 4060
146 4059
147 4060
148 4058
149 4058
150 4058
151 4062
152 4056
153 4057
154 4057
155 4060
156 4057
157 4058
158 4060
159 4059
160 4058
161 4058
162 4058
163 4060
164 4060
165 4059
166 4060
167 4058
168 4061
169 4058
170 4060
171 4061
172 4060
173 4056
174 4060
175 4058
176 4056
177 4058
178 4058
179 4062
180 4062
181 4058
182 4056
183 4061
184 4060
185 4059
186 4060
187 4057
188 4060
189 4061
190 4060
191 4059
192 4062
193 4056
194 4060
195 4061
196 4059
197 4056
198 4056
199 4059
200 4056
201 4056
202 4056
203 4058
204 4058
205 4057
206 4056
207 4060
208 4055
209 4062
210 4057
211 4061
212 4054
213 4058
214 4058
215 4055
216 4057
217 4060
218 4060
219 4062
220 4061
221 4062
222 4058
223 4059
224 4060
225 4059
226 4056
227 4061
228 4056
229 4056
230 4063
231 4060
232 4058
233 4059
234 4062
235 4058
236 4059
237 4059
238 4060
239 4057
240 4056
241 4060
242 4057
243 4063
244 4059
245 4057
246 4058
247 4059
248 4058
249 4061
250 4058
251 4059
252 4060
253 4058
254 4058
255 4059
256 4057
257 4060
258 4060
259 4062
260 4058
261 4063
262 4057
263 4060
264 4056
265 4055
266 4059
267 4062
268 4061
269 4059
270 4058
271 4060
272 4059
273 4060
274 4056
275 4058
276 4060
277 4060
278 4055
279 4058
280 4060
281 4058
282 4060
283 4059
284 4060
285 4060
286 4059
287 4060
288 4060
289 4059
290 4056
291 4061
292 4057
293 4058
294 4060
295 4059
296 4058
297 4057
298 4061
299 4060
300 4058
301 4062
302 4058
303 4056
304 4057
305 4058
306 4059
307 4062
308 4060
309 4058
310 4060
311 4061
312 4060
313 4058
314 4060
315 4056
316 4058
317 4058
318 4061
319 4061
320 4058
321 4059
322 4060
323 4060
324 4060
325 4058
326 4059
327 4061
328 4056
329 4058
330 4060
331 4062
332 4060
333 4060
334 4062
335 4058
336 4058
337 4060
338 4060
339 4061
340 4058
341 4056
342 4058
343 4060
344 4058
345 4056
346 4063
347 4060
348 4056
349 4058
350 4058
351 4062
352 4057
353 4060
354 4061
355 4062
356 4060
357 4061
358 4060
359 4060
360 4061
361 4062
362 4060
363 4059
364 4062
365 4061
366 4062
367 4062
368 4062
369 4057
370 4060
371 4060
372 4061
373 4060
374 4063
375 4059
376 4063
377 4063
378 4060
379 4061
380 4059
381 4062
382 4063
383 4063
384 4060
385 4059
386 4066
387 4058
388 4063
389 4061
390 4058
391 4061
392 4061
393 4062
394 4060
395 4060
396 4061
397 4061
398 4059
399 4061
400 4062
401 4062
402 4062
403 4062
404 4062
405 4061
406 4061
407 4061
408 4060
409 4058
410 4062
411 4063
412 4060
413 4061
414 4060
415 4061
416 4061
417 4061
418 4060
419 4060
420 4058
421 4062
422 4061
423 4063
424 4060
425 4056
426 4060
427 4063
428 4062
429 4062
430 4063
431 4061
432 4062
433 4061
434 4062
435 4063
436 4061
437 4061
438 4062
439 4059
440 4062
441 4063
442 4061
443 4059
444 4062
445 4061
446 4062
447 4061
448 4062
449 4060
450 4058
451 4062
452 4060
453 4062
454 4061
455 4063
456 4061
457 4059
458 4063
459 4060
460 4060
461 4061
462 4060
463 4062
464 4060
465 4063
466 4060
467 4060
468 4062
469 4061
470 4060
471 4062
472 4061
473 4061
474 4060
475 4060
476 4060
477 4060
478 4060
479 4061
480 4060
481 4063
482 4061
483 4060
484 4060
485 4058
486 4059
487 4060
488 4060
489 4060
490 4062
491 4058
492 4059
493 4059
494 4062
495 4062
496 4062
497 4063
498 4058
499 4060
500 4056
501 4062
502 4059
503 4060
504 4061
505 4062
506 4062
507 4062
508 4063
509 4060
510 4062
511 4063
512 4061
513 4060
514 4061
515 4061
516 4060
517 4062
518 4061
519 4061
520 4062
521 4060
522 4060
523 4063
524 4059
525 4061
526 4058
527 4062
528 4061
529 4062
530 4061
531 4059
532 4060
533 4060
534 4058
535 4063
536 4062
537 4060
538 4058
539 4059
540 4062
541 4063
542 4060
543 4062
544 4059
545 4061
546 4061
547 4059
548 4062
549 4062
550 4059
551 4066
552 4057
553 4063
554 4060
555 4062
556 4063
557 4060
558 4058
559 4060
560 4061
561 4061
562 4063
563 4063
564 4060
565 4060
566 4059
567 4061
568 4060
569 4060
570 4060
571 4059
572 4059
573 4060
574 4058
575 4061
576 4059
577 4059
578 4061
579 4062
580 4059
581 4060
582 4062
583 4060
584 4061
585 4060
586 4061
587 4061
588 4063
589 4062
590 4060
591 4060
592 4062
593 4061
594 4062
595 4063
596 4059
597 4062
598 4059
599 4063
600 4060
601 4063
602 4063
603 4060
604 4060
605 4060
606 4063
607 4060
608 4059
609 4059
610 4060
611 4059
612 4063
613 4061
614 4060
615 4058
616 4062
617 4059
618 4059
619 4060
620 4062
621 4058
622 4057
623 4060
624 4060
625 4062
626 4063
627 4063
628 4059
629 4063
630 4059
631 4060
632 4063
633 4061
634 4061
635 4060
636 4060
637 4063
638 4062
639 4060
640 4058
641 4060
642 4062
643 4058
644 4061
645 4061
646 4060
647 4060
648 4059
649 4060
650 4062
651 4060
652 4058
653 4059
654 4059
655 4060
656 4056
657 4061
658 4058
659 4058
660 4060
661 4063
662 4057
663 4058
664 4062
665 4059
666 4060
667 4060
668 4058
669 4058
670 4058
671 4060
672 4059
673 4060
674 4059
675 4060
676 4057
677 4063
678 4060
679 4062
680 4060
681 4062
682 4060
683 4060
684 4059
685 4060
686 4060
687 4062
688 4060
689 4062
690 4060
691 4058
692 4061
693 4060
694 4060
695 4063
696 4058
697 4060
698 4060
699 4060
700 4060
701 4062
702 4058
703 4060
704 4058
705 4061
706 4058
707 4062
708 4058
709 4061
710 4061
711 4065
712 4059
713 4060
714 4063
715 4059
716 4062
717 4058
718 4063
719 4059
720 4061
721 4060
722 4061
723 4061
724 4062
725 4061
726 4059
727 4060
728 4060
729 4060
730 4062
731 4062
732 4061
733 4062
734 4066
735 4056
736 4060
737 4059
738 4060
739 4063
740 4058
741 4061
742 4058
743 4061
744 4058
745 4058
746 4061
747 4060
748 4061
749 4061
750 4061
751 4062
752 4061
753 4062
754 4061
755 4059
756 4058
757 4065
758 4061
759 4063
760 4060
761 4059
762 4062
763 4061
764 4060
765 4060
766 4061
767 4061
768 4060
769 4062
770 4063
771 4062
772 4060
773 4063
774 4060
775 4063
776 4063
777 4060
778 4061
779 4065
780 4058
781 4061
782 4059
783 4062
784 4061
785 4059
786 4062
787 4061
788 4058
789 4061
790 4059
791 4061
792 4061
793 4058
794 4061
795 4065
796 4061
797 4062
798 4060
799 4060
800 4060
801 4063
802 4060
803 4060
804 4060
805 4060
806 4061
807 4062
808 4062
809 4061
810 4062
811 4058
812 4062
813 4060
814 4063
815 4060
816 4060
817 4060
818 4063
819 4056
820 4062
821 4063
822 4061
823 4062
824 4062
825 4061
826 4060
827 4057
828 4058
829 4062
830 4060
831 4056
832 4061
833 4063
834 4060
835 4062
836 4059
837 4061
838 4058
839 4059
840 4061
841 4059
842 4058
843 4062
844 4062
845 4061
846 4059
847 4063
848 4062
849 4062
850 4061
851 4062
852 4061
853 4062
854 4060
855 4057
856 4061
857 4062
858 4061
859 4059
860 4059
861 4062
862 4063
863 4059
864 4062
865 4061
866 4058
867 4062
868 4061
869 4063
870 4061
871 4061
872 4063
873 4061
874 4062
875 4060
876 4058
877 4063
878 4061
879 4062
880 4063
881 4059
882 4060
883 4060
884 4060
885 4061
886 4062
887 4063
888 4059
889 4063
890 4059
891 4060
892 4059
893 4060
894 4063
895 4062
896 4065
897 4063
898 4061
899 4060
900 4063
901 4065
902 4059
903 4060
904 4054
905 4059
906 4062
907 4061
908 4062
909 4061
910 4060
911 4058
912 4060
913 4058
914 4063
915 4059
916 4060
917 4062
918 4060
919 4060
920 4061
921 4063
922 4061
923 4060
924 4060
925 4060
926 4062
927 4061
928 4063
929 4062
930 4061
931 4061
932 4060
933 4063
934 4061
935 4062
936 4061
937 4060
938 4062
939 4063
940 4063
941 4062
942 4061
943 4061
944 4060
945 4062
946 4060
947 4063
948 4061
949 4062
950 4058
951 4062
952 4062
953 4061
954 4062
955 4061
956 4061
957 4058
958 4059
959 4063
960 4061
961 4059
962 4061
963 4063
964 4062
965 4062
966 4059
967 4063
968 4059
969 4061
970 4058
971 4059
972 4059
973 4061
974 4060
975 4062
976 4061
977 4062
978 4062
979 4060
980 4062
981 4058
982 4061
983 4061
984 4066
985 4060
986 4060
987 4062
988 4060
989 4060
990 4061
991 4060
992 4060
993 4062
994 4059
995 4062
996 4062
997 4061
998 4063
999 4060
1000 4059
1001 4063
1002 4059
1003 4061
1004 4060
1005 4061
1006 4060
1007 4060
1008 4063
1009 4058
1010 4061
1011 4059
1012 4066
1013 4063
1014 4059
1015 4058
1016 4063
1017 4060
1018 4061
1019 4062
1020 4063
1021 4062
1022 4059
1023 4061
1024 4058
1025 4063
1026 4062
1027 4063
1028 4060
1029 4062
1030 4062
1031 4061
1032 4062
1033 4063
1034 4060
1035 4061
1036 4062
1037 4062
1038 4060
1039 4063
1040 4061
1041 4057
1042 4063
1043 4061
1044 4061
1045 4060
1046 4062
1047 4059
1048 4061
1049 4060
1050 4062
1051 4063
1052 4057
1053 4061
1054 4060
1055 4061
1056 4061
1057 4060
1058 4061
1059 4063
1060 4061
1061 4063
1062 4057
1063 4061
1064 4060
1065 4061
1066 4062
1067 4063
1068 4060
1069 4061
1070 4061
1071 4063
1072 4063
1073 4061
1074 4060
1075 4060
1076 4060
1077 4063
1078 4060
1079 4063
1080 4063
1081 4061
1082 4063
1083 4063
1084 4062
1085 4061
1086 4063
1087 4063
1088 4061
1089 4063
1090 4062
1091 4063
1092 4063
1093 4062
1094 4059
1095 4062
1096 4061
1097 4061
1098 4062
1099 4063
1100 4058
1101 4061
1102 4062
1103 4058
1104 4059
1105 4062
1106 4060
1107 4061
1108 4060
1109 4059
1110 4062
1111 4060
1112 4062
1113 4060
1114 4060
1115 4061
1116 4061
1117 4061
1118 4063
1119 4062
1120 4060
1121 4061
1122 4062
1123 4063
1124 4061
1125 4063
1126 4062
1127 4062
1128 4058
1129 4062
1130 4063
1131 4063
1132 4062
1133 4061
1134 4057
1135 4059
1136 4062
1137 4061
1138 4060
1139 4062
1140 4060
1141 4061
1142 4060
1143 4060
1144 4063
1145 4060
1146 4061
1147 4062
1148 4061
1149 4060
1150 4061
1151 4062
1152 4060
1153 4060
1154 4060
1155 4060
1156 4061
1157 4063
1158 4060
1159 4059
1160 4059
1161 4058
1162 4066
1163 4062
1164 4060
1165 4063
1166 4060
1167 4059
1168 4060
1169 4062
1170 4062
1171 4062
1172 4059
1173 4059
1174 4060
1175 4063
1176 4061
1177 4063
1178 4059
1179 4063
1180 4060
1181 4060
1182 4062
1183 4063
1184 4060
1185 4059
1186 4058
1187 4062
1188 4063
1189 4063
1190 4065
1191 4060
1192 4060
1193 4062
1194 4063
1195 4061
1196 4063
1197 4063
1198 4062
1199 4063
1200 4057
1201 4061
1202 4063
1203 4059
1204 4057
1205 4062
1206 4058
1207 4062
1208 4062
1209 4059
1210 4059
1211 4060
1212 4063
1213 4062
1214 4061
1215 4060
1216 4059
1217 4063
1218 4060
1219 4060
1220 4063
1221 4062
1222 4058
1223 4062
1224 4062
1225 4061
1226 4062
1227 4065
1228 4057
1229 4063
1230 4062
1231 4061
1232 4065
1233 4062
1234 4061
1235 4059
1236 4063
1237 4063
1238 4060
1239 4060
1240 4060
1241 4062
1242 4062
1243 4060
1244 4062
1245 4059
1246 4063
1247 4063
1248 4058
1249 4059
1250 4063
1251 4063
1252 4058
1253 4062
1254 4059
1255 4063
1256 4060
1257 4059
1258 4061
1259 4060
1260 4060
1261 4062
1262 4062
1263 4060
1264 4061
1265 4061
1266 4061
1267 4063
1268 4061
1269 4060
1270 4060
1271 4065
1272 4062
1273 4062
1274 4061
1275 4061
1276 4060
1277 4063
1278 4062
1279 4055
1280 4061
1281 4060
1282 4060
1283 4060
1284 4062
1285 4061
1286 4060
1287 4062
1288 4060
1289 4058
1290 4062
1291 4063
1292 4060
1293 4065
1294 4062
1295 4060
1296 4058
1297 4058
1298 4061
1299 4061
1300 4058
1301 4063
1302 4059
1303 4058
1304 4061
1305 4062
1306 4061
1307 4059
1308 4063
1309 4059
1310 4061
1311 4059
1312 4063
1313 4063
1314 4058
1315 4063
1316 4060
1317 4059
1318 4063
1319 4059
1320 4062
1321 4060
1322 4063
1323 4058
1324 4060
1325 4060
1326 4059
1327 4060
1328 4062
1329 4060
1330 4061
1331 4063
1332 4058
1333 4058
1334 4060
1335 4060
1336 4062
1337 4062
1338 4062
1339 4061
1340 4063
1341 4058
1342 4059
1343 4062
1344 4058
1345 4058
1346 4060
1347 4060
1348 4058
1349 4059
1350 4058
1351 4063
1352 4059
1353 4061
1354 4059
1355 4063
1356 4060
1357 4062
1358 4061
1359 4062
1360 4059
1361 4059
1362 4062
1363 4060
1364 4062
1365 4061
1366 4060
1367 4063
1368 4060
1369 4062
1370 4060
1371 4060
1372 4059
1373 4061
1374 4061
1375 4064
1376 4061
1377 4062
1378 4059
1379 4059
1380 4060
1381 4063
1382 4063
1383 4062
1384 4056
1385 4057
1386 4063
1387 4061
1388 4063
1389 4062
1390 4063
1391 4062
1392 4060
1393 4058
1394 4060
1395 4060
1396 4061
1397 4061
1398 4063
1399 4060
1400 4060
1401 4062
1402 4059
1403 4061
1404 4058
1405 4063
1406 4060
1407 4061
1408 4060
1409 4060
1410 4063
1411 4062
1412 4058
1413 4060
1414 4061
1415 4058
1416 4058
1417 4063
1418 4059
1419 4060
1420 4061
1421 4060
1422 4062
1423 4060
1424 4063
1425 4061
1426 4059
1427 4060
1428 4062
1429 4060
1430 4063
1431 4060
1432 4063
1433 4063
1434 4060
1435 4061
1436 4059
1437 4059
1438 4062
1439 4060
1440 4062
1441 4059
1442 4059
1443 4062
1444 4060
1445 4061
1446 4058
1447 4060
1448 4063
1449 4061
1450 4059
1451 4062
1452 4058
1453 4060
1454 4058
1455 4062
1456 4057
1457 4061
1458 4061
1459 4063
1460 4062
1461 4063
1462 4061
1463 4061
1464 4059
1465 4062
1466 4059
1467 4062
1468 4060
1469 4062
1470 4060
1471 4063
1472 4060
1473 4060
1474 4060
1475 4061
1476 4060
1477 4062
1478 4059
1479 4060
1480 4060
1481 4059
1482 4063
1483 4061
1484 4063
1485 4062
1486 4063
1487 4061
1488 4060
1489 4061
1490 4060
1491 4060
1492 4063
1493 4059
1494 4061
1495 4061
1496 4066
1497 4062
1498 4061
1499 4061
1500 4060
1501 4063
1502 4057
1503 4062
1504 4060
1505 4062
1506 4062
1507 4060
1508 4059
1509 4061
1510 4062
1511 4059
1512 4060
1513 4062
1514 4061
1515 4060
1516 4062
1517 4060
1518 4060
1519 4063
1520 4058
1521 4062
1522 4062
1523 4063
1524 4063
1525 4059
1526 4061
1527 4063
1528 4063
1529 4062
1530 4062
1531 4061
1532 4066
1533 4059
1534 4060
1535 4060
1536 4063
1537 4059
1538 4063
1539 4061
1540 4063
1541 4060
1542 4058
1543 4061
1544 4060
1545 4063
1546 4061
1547 4060
1548 4059
1549 4062
1550 4062
1551 4066
1552 4060
1553 4062
1554 4059
1555 4063
1556 4060
1557 4061
1558 4060
1559 4059
1560 4060
1561 4062
1562 4056
1563 4060
1564 4062
1565 4063
1566 4058
1567 4059
1568 4062
1569 4060
1570 4062
1571 4061
1572 4060
1573 4059
1574 4059
1575 4062
1576 4059
1577 4060
1578 4062
1579 4060
1580 4059
1581 4062
1582 4062
1583 4060
1584 4059
1585 4063
1586 4060
1587 4058
1588 4061
1589 4063
1590 4060
1591 4062
1592 4065
1593 4063
1594 4059
1595 4062
1596 4061
1597 4062
1598 4058
1599 4060
1600 4059
1601 4060
1602 4061
1603 4059
1604 4062
1605 4059
1606 4061
1607 4058
1608 4059
1609 4062
1610 4060
1611 4059
1612 4061
1613 4059
1614 4060
1615 4063
1616 4061
1617 4063
1618 4063
1619 4062
1620 4063
1621 4063
1622 4060
1623 4060
1624 4058
1625 4060
1626 4060
1627 4064
1628 4061
1629 4063
1630 4061
1631 4060
1632 4062
1633 4063
1634 4060
1635 4061
1636 4061
1637 4060
1638 4061
1639 4063
1640 4062
1641 4061
1642 4058
1643 4061
1644 4060
1645 4059
1646 4062
1647 4061
1648 4063
1649 4063
1650 4058
1651 4062
1652 4060
1653 4062
1654 4062
1655 4058
1656 4063
1657 4062
1658 4062
1659 4059
1660 4060
1661 4059
1662 4063
1663 4061
1664 4059
1665 4062
1666 4063
1667 4062
1668 4063
1669 4062
1670 4060
1671 4063
1672 4059
1673 4059
1674 4061
1675 4061
1676 4060
1677 4060
1678 4058
1679 4063
1680 4062
1681 4062
1682 4062
1683 4063
1684 4062
1685 4062
1686 4063
1687 4063
1688 4063
1689 4062
1690 4061
1691 4060
1692 4061
1693 4061
1694 4062
1695 4063
1696 4062
1697 4063
1698 4060
1699 4060
1700 4061
1701 4062
1702 4060
1703 4062
1704 4062
1705 4062
1706 4059
1707 4063
1708 4058
1709 4061
1710 4063
1711 4063
1712 4058
1713 4062
1714 4060
1715 4059
1716 4058
1717 4061
1718 4060
1719 4063
1720 4060
1721 4061
1722 4058
1723 4063
1724 4062
1725 4063
1726 4060
1727 4062
1728 4061
1729 4061
1730 4062
1731 4062
1732 4063
1733 4060
1734 4058
1735 4061
1736 4063
1737 4063
1738 4060
1739 4059
1740 4059
1741 4063
1742 4059
1743 4062
1744 4060
1745 4062
1746 4058
1747 4059
1748 4061
1749 4063
1750 4060
1751 4061
1752 4062
1753 4061
1754 4060
1755 4062
1756 4059
1757 4063
1758 4062
1759 4062
1760 4063
1761 4063
1762 4058
1763 4060
1764 4062
1765 4061
1766 4061
1767 4060
1768 4059
1769 4063
1770 4059
1771 4059
1772 4060
1773 4062
1774 4062
1775 4058
1776 4060
1777 4066
1778 4056
1779 4059
1780 4060
1781 4063
1782 4059
1783 4063
1784 4060
1785 4061
1786 4058
1787 4062
1788 4061
1789 4060
1790 4058
1791 4062
1792 4059
1793 4062
1794 4061
1795 4060
1796 4059
1797 4058
1798 4061
1799 4062
1800 4059
1801 4066
1802 4061
1803 4061
1804 4060
1805 4062
1806 4060
1807 4061
1808 4062
1809 4061
1810 4061
1811 4062
1812 4061
1813 4060
1814 4063
1815 4060
1816 4062
1817 4068
1818 4062
1819 4063
1820 4060
1821 4061
1822 4062
1823 4061
1824 4063
1825 4060
1826 4063
1827 4063
1828 4060
1829 4059
1830 4059
1831 4062
1832 4060
1833 4065
1834 4061
1835 4061
1836 4063
1837 4063
1838 4060
1839 4062
1840 4060
1841 4061
1842 4062
1843 4058
1844 4058
1845 4062
1846 4060
1847 4059
1848 4059
1849 4063
1850 4061
1851 4063
1852 4060
1853 4062
1854 4059
1855 4059
1856 4061
1857 4062
1858 4063
1859 4063
1860 4059
1861 4061
1862 4062
1863 4061
1864 4063
1865 4060
1866 4061
1867 4061
1868 4062
1869 4060
1870 4062
1871 4061
1872 4060
1873 4063
1874 4059
1875 4063
1876 4061
1877 4063
1878 4061
1879 4060
1880 4062
1881 4063
1882 4062
1883 4063
1884 4063
1885 4059
1886 4057
1887 4061
1888 4060
1889 4060
1890 4063
1891 4062
1892 4062
1893 4062
1894 4058
1895 4062
1896 4061
1897 4059
1898 4062
1899 4060
1900 4060
1901 4063
1902 4058
1903 4065
1904 4061
1905 4061
1906 4059
1907 4059
1908 4059
1909 4060
1910 4062
1911 4061
1912 4060
1913 4059
1914 4063
1915 4062
1916 4061
1917 4061
1918 4057
1919 4062
1920 4059
1921 4063
1922 4059
1923 4059
1924 4061
1925 4061
1926 4060
1927 4063
1928 4063
1929 4060
1930 4060
1931 4060
1932 4061
1933 4065
1934 4060
1935 4059
1936 4060
1937 4060
1938 4060
1939 4063
1940 4059
1941 4060
1942 4061
1943 4061
1944 4063
1945 4063
1946 4061
1947 4059
1948 4062
1949 4062
1950 4060
1951 4062
1952 4059
1953 4062
1954 4060
1955 4062
1956 4058
1957 4060
1958 4061
1959 4063
1960 4061
1961 4059
1962 4059
1963 4061
1964 4061
1965 4062
1966 4058
1967 4062
1968 4060
1969 4061
1970 4060
1971 4060
1972 4060
1973 4060
1974 4059
1975 4061
1976 4060
1977 4061
1978 4060
1979 4062
1980 4063
1981 4061
1982 4058
1983 4058
1984 4062
1985 4060
1986 4062
1987 4061
1988 4059
1989 4062
1990 4061
1991 4061
1992 4062
1993 4062
1994 4061
1995 4062
1996 4062
1997 4062
1998 4062
1999 4058
2000 4058
2001 4061
2002 4056
2003 4060
2004 4060
2005 4062
2006 4062
2007 4062
2008 4056
2009 4061
2010 4060
2011 4062
2012 4062
2013 4063
2014 4063
2015 4063
2016 4060
2017 4060
2018 4060
2019 4060
2020 4059
2021 4062
2022 4061
2023 4059
2024 4061
2025 4063
2026 4061
2027 4060
2028 4059
2029 4062
2030 4061
2031 4063
2032 4058
2033 4062
2034 4058
2035 4058
2036 4063
2037 4061
2038 4062
2039 4060
2040 4061
2041 4060
2042 4060
2043 4059
2044 4065
2045 4059
2046 4058
2047 4063
2048 4060
2049 4063
2050 4060
2051 4061
2052 4062
2053 4061
2054 4057
2055 4058
2056 4059
2057 4060
2058 4063
2059 4060
2060 4059
2061 4058
2062 4061
2063 4062
2064 4060
2065 4063
2066 4060
2067 4059
2068 4060
2069 4061
2070 4062
2071 4062
2072 4063
2073 4059
2074 4059
2075 4057
2076 4058
2077 4062
2078 4061
2079 4061
2080 4060
2081 4061
2082 4060
2083 4062
2084 4058
2085 4058
2086 4056
2087 4063
2088 4059
2089 4061
2090 4063
2091 4062
2092 4061
2093 4063
2094 4059
2095 4060
2096 4065
2097 4058
2098 4063
2099 4061
2100 4059
2101 4063
2102 4062
2103 4063
2104 4059
2105 4062
2106 4060
2107 4063
2108 4059
2109 4062
2110 4061
2111 4062
2112 4062
2113 4061
2114 4061
2115 4062
2116 4059
2117 4063
2118 4060
2119 4058
2120 4063
2121 4063
2122 4060
2123 4058
2124 4062
2125 4062
2126 4061
2127 4062
2128 4062
2129 4061
2130 4062
2131 4063
2132 4060
2133 4060
2134 4062
2135 4063
2136 4065
2137 4060
2138 4063
2139 4061
2140 4060
2141 4063
2142 4061
2143 4059
2144 4063
2145 4062
2146 4061
2147 4063
2148 4062
2149 4061
2150 4062
2151 4062
2152 4062
2153 4061
2154 4062
2155 4062
2156 4060
2157 4065
2158 4058
2159 4063
2160 4058
2161 4062
2162 4058
2163 4062
2164 4060
2165 4062
2166 4062
2167 4062
2168 4062
2169 4060
2170 4060
2171 4059
2172 4060
2173 4063
2174 4060
2175 4060
2176 4062
2177 4063
2178 4061
2179 4063
2180 4060
2181 4061
2182 4063
2183 4063
2184 4060
2185 4060
2186 4061
2187 4060
2188 4060
2189 4060
2190 4060
2191 4060
2192 4058
2193 4062
2194 4060
2195 4060
2196 4060
2197 4062
2198 4061
2199 4061
2200 4058
2201 4063
2202 4060
2203 4060
2204 4062
2205 4061
2206 4061
2207 4060
2208 4062
2209 4060
2210 4056
2211 4060
2212 4063
2213 4060
2214 4063
2215 4059
2216 4058
2217 4061
2218 4061
2219 4061
2220 4061
2221 4060
2222 4061
2223 4063
2224 4062
2225 4061
2226 4059
2227 4063
2228 4057
2229 4063
2230 4061
2231 4063
2232 4059
2233 4061
2234 4061
2235 4059
2236 4063
2237 4061
2238 4060
2239 4059
2240 4061
2241 4060
2242 4062
2243 4061
2244 4061
2245 4059
2246 4057
2247 4062
2248 4060
2249 4063
2250 4063
2251 4065
2252 4058
2253 4062
2254 4060
2255 4061
2256 4061
2257 4057
2258 4062
2259 4062
2260 4059
2261 4060
2262 4067
2263 4061
2264 4055
2265 4059
2266 4062
2267 4061
2268 4063
2269 4060
2270 4060
2271 4061
2272 4062
2273 4060
2274 4060
2275 4062
2276 4063
2277 4062
2278 4060
2279 4060
2280 4061
2281 4063
2282 4062
2283 4062
2284 4061
2285 4061
2286 4061
2287 4062
2288 4060
2289 4062
2290 4058
2291 4060
2292 4060
2293 4061
2294 4059
2295 4063
2296 4061
2297 4062
2298 4059
2299 4062
2300 4061
2301 4063
2302 4059
2303 4060
2304 4062
2305 4063
2306 4062
2307 4060
2308 4057
2309 4061
2310 4060
2311 4061
2312 4059
2313 4062
2314 4060
2315 4060
2316 4060
2317 4060
2318 4060
2319 4062
2320 4062
2321 4058
2322 4060
2323 4061
2324 4057
2325 4061
2326 4058
2327 4063
2328 4060
2329 4060
2330 4061
2331 4063
2332 4059
2333 4063
2334 4060
2335 4060
2336 4058
2337 4060
2338 4063
2339 4063
2340 4062
2341 4060
2342 4058
2343 4061
2344 4060
2345 4062
2346 4060
2347 4062
2348 4058
2349 4063
2350 4060
2351 4061
2352 4063
2353 4061
2354 4060
2355 4063
2356 4061
2357 4062
2358 4061
2359 4065
2360 4057
2361 4061
2362 4062
2363 4063
2364 4062
2365 4062
2366 4055
2367 4062
2368 4062
2369 4059
2370 4062
2371 4063
2372 4061
2373 4063
2374 4062
2375 4061
2376 4057
2377 4061
2378 4056
2379 4062
2380 4061
2381 4062
2382 4063
2383 4063
2384 4060
2385 4063
2386 4060
2387 4060
2388 4060
2389 4062
2390 4063
2391 4057
2392 4060
2393 4063
2394 4062
2395 4061
2396 4059
2397 4060
2398 4063
2399 4063
2400 4062
2401 4060
2402 4058
2403 4061
2404 4062
2405 4059
2406 4062
2407 4060
2408 4059
2409 4060
2410 4062
2411 4062
2412 4060
2413 4061
2414 4062
2415 4060
2416 4062
2417 4060
2418 4061
2419 4063
2420 4058
2421 4063
2422 4061
2423 4062
2424 4061
2425 4063
2426 4062
2427 4061
2428 4061
2429 4062
2430 4062
2431 4060
2432 4061
2433 4061
2434 4062
2435 4062
2436 4062
2437 4061
2438 4061
2439 4061
2440 4061
2441 4061
2442 4063
2443 4060
2444 4062
2445 4063
2446 4063
2447 4061
2448 4062
2449 4061
2450 4061
2451 4062
2452 4059
2453 4058
2454 4058
2455 4059
2456 4058
2457 4057
2458 4062
2459 4059
2460 4061
2461 4060
2462 4062
2463 4060
2464 4059
2465 4061
2466 4060
2467 4062
2468 4059
2469 4058
2470 4059
2471 4062
2472 4062
2473 4062
2474 4059
2475 4062
2476 4062
2477 4060
2478 4063
2479 4060
2480 4058
2481 4060
2482 4061
2483 4061
2484 4061
2485 4063
2486 4060
2487 4060
2488 4061
2489 4058
2490 4061
2491 4060
2492 4060
2493 4063
2494 4060
2495 4063
2496 4059
2497 4059
2498 4061
2499 4063
2500 4059
2501 4063
2502 4059
2503 4063
2504 4058
2505 4060
2506 4060
2507 4061
2508 4061
2509 4061
2510 4059
2511 4060
2512 4059
2513 4062
2514 4059
2515 4060
2516 4062
2517 4064
2518 4063
2519 4059
2520 4060
2521 4061
2522 4061
2523 4060
2524 4061
2525 4061
2526 4058
2527 4063
2528 4060
2529 4059
2530 4060
2531 4060
2532 4061
2533 4062
2534 4062
2535 4062
2536 4061
2537 4063
2538 4060
2539 4060
2540 4060
2541 4060
2542 4060
2543 4061
2544 4063
2545 4063
2546 4062
2547 4062
2548 4063
2549 4063
2550 4060
2551 4063
2552 4061
2553 4062
2554 4061
2555 4062
2556 4061
2557 4061
2558 4060
2559 4060
2560 4060
2561 4061
2562 4063
2563 4062
2564 4060
2565 4061
2566 4061
2567 4062
2568 4063
2569 4058
2570 4062
2571 4062
2572 4060
2573 4062
2574 4063
2575 4060
2576 4058
2577 4061
2578 4060
2579 4060
2580 4061
2581 4061
2582 4060
2583 4060
2584 4061
2585 4062
2586 4062
2587 4060
2588 4062
2589 4062
2590 4060
2591 4062
2592 4060
2593 4061
2594 4060
2595 4059
2596 4062
2597 4053
2598 4060
2599 4063
2600 4062
2601 4062
2602 4061
2603 4061
2604 4061
2605 4059
2606 4063
2607 4061
2608 4059
2609 4061
2610 4061
2611 4059
2612 4063
2613 4060
2614 4063
2615 4061
2616 4060
2617 4063
2618 4060
2619 4063
2620 4063
2621 4061
2622 4058
2623 4063
2624 4061
2625 4061
2626 4061
2627 4063
2628 4062
2629 4063
2630 4063
2631 4062
2632 4061
2633 4058
2634 4060
2635 4063
2636 4063
2637 4060
2638 4062
2639 4062
2640 4062
2641 4060
2642 4060
2643 4062
2644 4060
2645 4059
2646 4057
2647 4062
2648 4061
2649 4063
2650 4062
2651 4063
2652 4059
2653 4061
2654 4059
2655 4061
2656 4061
2657 4062
2658 4063
2659 4059
2660 4059
2661 4061
2662 4060
2663 4061
2664 4060
2665 4062
2666 4060
2667 4062
2668 4063
2669 4060
2670 4062
2671 4058
2672 4059
2673 4060
2674 4060
2675 4060
2676 4059
2677 4062
2678 4058
2679 4062
2680 4062
2681 4062
2682 4061
2683 4061
2684 4058
2685 4062
2686 4062
2687 4063
2688 4059
2689 4060
2690 4058
2691 4063
2692 4061
2693 4063
2694 4063
2695 4060
2696 4061
2697 4057
2698 4061
2699 4061
2700 4059
2701 4063
2702 4059
2703 4062
2704 4063
2705 4060
2706 4060
2707 4060
2708 4061
2709 4063
2710 4060
2711 4058
2712 4063
2713 4065
2714 4061
2715 4059
2716 4060
2717 4057
2718 4059
2719 4063
2720 4061
2721 4061
2722 4060
2723 4060
2724 4059
2725 4062
2726 4061
2727 4062
2728 4063
2729 4061
2730 4061
2731 4059
2732 4061
2733 4063
2734 4061
2735 4063
2736 4062
2737 4061
2738 4061
2739 4058
2740 4063
2741 4060
2742 4062
2743 4061
2744 4061
2745 4063
2746 4062
2747 4059
2748 4058
2749 4057
2750 4061
2751 4063
2752 4061
2753 4062
2754 4061
2755 4059
2756 4062
2757 4059
2758 4062
2759 4060
2760 4061
2761 4063
2762 4063
2763 4060
2764 4063
2765 4062
2766 4060
2767 4060
2768 4062
2769 4062
2770 4059
2771 4062
2772 4060
2773 4062
2774 4060
2775 4060
2776 4061
2777 4060
2778 4060
2779 4062
2780 4060
2781 4061
2782 4063
2783 4058
2784 4063
2785 4063
2786 4060
2787 4063
2788 4057
2789 4060
2790 4061
2791 4062
2792 4062
2793 4063
2794 4061
2795 4062
2796 4061
2797 4062
2798 4059
2799 4062
2800 4058
2801 4059
2802 4058
2803 4057
2804 4057
2805 4056
2806 4054
2807 4056
2808 4049
2809 4050
2810 4049
2811 4045
2812 4042
2813 4042
2814 4040
2815 4033
2816 4028
2817 4033
2818 4028
2819 4023
2820 4026
2821 4020
2822 4024
2823 4023
2824 4021
2825 4022
2826 4022
2827 4021
2828 4022
2829 4016
2830 4013
2831 4015
2832 4018
2833 4019
2834 4029
2835 4027
2836 4031
2837 4031
2838 4029
2839 4032
2840 4037
2841 4036
2842 4041
2843 4040
2844 4042
2845 4040
2846 4043
2847 4044
2848 4045
2849 4048
2850 4046
2851 4048
2852 4051
2853 4051
2854 4050
2855 4056
2856 4056
2857 4055
2858 4057
2859 4057
2860 4058
2861 4058
2862 4057
2863 4056
2864 4061
2865 4060
2866 4061
2867 4059
2868 4061
2869 4059
2870 4062
2871 4061
2872 4061
2873 4061
2874 4060
2875 4061
2876 4061
2877 4063
2878 4059
2879 4061
2880 4059
2881 4062
2882 4062
2883 4061
2884 4060
2885 4062
2886 4063
2887 4061
2888 4059
2889 4063
2890 4060
2891 4059
2892 4062
2893 4060
2894 4060
2895 4062
2896 4062
2897 4061
2898 4061
2899 4062
2900 4061
2901 4063
2902 4060
2903 4060
2904 4062
2905 4061
2906 4062
2907 4062
2908 4061
2909 4061
2910 4060
2911 4062
2912 4060
2913 4063
2914 4063
2915 4061
2916 4061
2917 4061
2918 4062
2919 4060
2920 4061
2921 4060
2922 4059
2923 4065
2924 4062
2925 4060
2926 4060
2927 4065
2928 4062
2929 4062
2930 4060
2931 4060
2932 4062
2933 4060
2934 4061
2935 4058
2936 4061
2937 4062
2938 4061
2939 4063
2940 4060
2941 4060
2942 4061
2943 4061
2944 4059
2945 4062
2946 4059
2947 4059
2948 4062
2949 4060
2950 4060
2951 4063
2952 4060
2953 4061
2954 4060
2955 4062
2956 4058
2957 4063
2958 4062
2959 4061
2960 4061
2961 4061
2962 4062
2963 4062
2964 4060
2965 4061
2966 4060
2967 4061
2968 4061
2969 4063
2970 4060
2971 4063
2972 4061
2973 4062
2974 4059
2975 4061
2976 4058
2977 4060
2978 4062
2979 4061
2980 4059
2981 4063
2982 4060
2983 4062
2984 4062
2985 4060
2986 4058
2987 4061
2988 4059
2989 4060
2990 4065
2991 4062
2992 4061
2993 4062
2994 4061
2995 4063
2996 4062
2997 4061
2998 4060
2999 4063
3000 4062
3001 4062
3002 4058
3003 4061
3004 4062
3005 4062
3006 4062
3007 4060
3008 4059
3009 4063
3010 4060
3011 4063
3012 4062
3013 4066
3014 4062
3015 4065
3016 4059
3017 4060
3018 4062
3019 4062
3020 4062
3021 4062
3022 4061
3023 4061
3024 4062
3025 4063
3026 4060
3027 4067
3028 4063
3029 4063
3030 4061
3031 4065
3032 4058
3033 4062
3034 4063
3035 4062
3036 4061
3037 4062
3038 4060
3039 4062
3040 4057
3041 4063
3042 4063
3043 4060
3044 4061
3045 4063
3046 4060
3047 4061
3048 4060
3049 4062
3050 4060
3051 4063
3052 4059
3053 4061
3054 4060
3055 4062
3056 4062
3057 4061
3058 4062
3059 4060
3060 4061
3061 4063
3062 4063
3063 4060
3064 4058
3065 4063
3066 4061
3067 4061
3068 4061
3069 4063
3070 4063
3071 4063
3072 4063
3073 4062
3074 4059
3075 4061
3076 4059
3077 4058
3078 4058
3079 4062
3080 4058
3081 4060
3082 4060
3083 4063
3084 4059
3085 4063
3086 4061
3087 4063
3088 4062
3089 4062
3090 4059
3091 4063
3092 4056
3093 4059
3094 4060
3095 4060
3096 4058
3097 4061
3098 4061
3099 4061
3100 4060
3101 4065
3102 4061
3103 4058
3104 4061
3105 4057
3106 4061
3107 4061
3108 4062
3109 4060
3110 4059
3111 4062
3112 4058
3113 4062
3114 4060
3115 4062
3116 4060
3117 4061
3118 4061
3119 4063
3120 4062
3121 4062
3122 4061
3123 4062
3124 4062
3125 4062
3126 4062
3127 4061
3128 4063
3129 4061
3130 4062
3131 4061
3132 4060
3133 4060
3134 4059
3135 4061
3136 4060
3137 4058
3138 4062
3139 4061
3140 4060
3141 4060
3142 4061
3143 4065
3144 4054
3145 4062
3146 4063
3147 4063
3148 4058
3149 4063
3150 4063
3151 4063
3152 4062
3153 4063
3154 4062
3155 4058
3156 4063
3157 4061
3158 4060
3159 4061
3160 4061
3161 4061
3162 4062
3163 4063
3164 4060
3165 4062
3166 4060
3167 4061
3168 4063
3169 4058
3170 4059
3171 4063
3172 4061
3173 4059
3174 4060
3175 4063
3176 4062
3177 4060
3178 4060
3179 4062
3180 4061
3181 4062
3182 4062
3183 4060
3184 4062
3185 4062
3186 4060
3187 4061
3188 4061
3189 4065
3190 4059
3191 4061
3192 4060
3193 4063
3194 4060
3195 4063
3196 4063
3197 4060
3198 4059
3199 4063
3200 4060
3201 4062
3202 4062
3203 4063
3204 4059
3205 4063
3206 4063
3207 4060
3208 4060
3209 4063
3210 4059
3211 4062
3212 4062
3213 4062
3214 4060
3215 4060
3216 4059
3217 4062
3218 4059
3219 4063
3220 4061
3221 4062
3222 4062
3223 4062
3224 4062
3225 4061
3226 4060
3227 4062
3228 4062
3229 4062
3230 4062
3231 4058
3232 4062
3233 4063
3234 4060
3235 4061
3236 4063
3237 4059
3238 4060
3239 4063
3240 4057
3241 4063
3242 4063
3243 4060
3244 4059
3245 4063
3246 4060
3247 4062
3248 4062
3249 4062
3250 4061
3251 4061
3252 4061
3253 4059
3254 4062
3255 4063
3256 4063
3257 4064
3258 4058
3259 4058
3260 4062
3261 4062
3262 4060
3263 4061
3264 4060
3265 4060
3266 4059
3267 4060
3268 4059
3269 4062
3270 4062
3271 4062
3272 4062
3273 4060
3274 4061
3275 4063
3276 4058
3277 4061
3278 4063
3279 4059
3280 4061
3281 4061
3282 4063
3283 4062
3284 4059
3285 4059
3286 4062
3287 4062
3288 4062
3289 4062
3290 4061
3291 4062
3292 4060
3293 4060
3294 4061
3295 4061
3296 4062
3297 4061
3298 4062
3299 4059
3300 4061
3301 4063
3302 4060
3303 4061
3304 4061
3305 4063
3306 4063
3307 4063
3308 4062
3309 4062
3310 4059
3311 4061
3312 4061
3313 4062
3314 4061
3315 4060
3316 4059
3317 4062
3318 4060
3319 4062
3320 4060
3321 4065
3322 4058
3323 4063
3324 4058
3325 4059
3326 4063
3327 4062
3328 4060
3329 4059
3330 4062
3331 4061
3332 4059
3333 4060
3334 4062
3335 4061
3336 4060
3337 4062
3338 4061
3339 4061
3340 4063
3341 4060
3342 4063
3343 4063
3344 4059
3345 4061
3346 4059
3347 4061
3348 4062
3349 4063
3350 4062
3351 4063
3352 4060
3353 4062
3354 4058
3355 4063
3356 4063
3357 4063
3358 4063
3359 4059
3360 4060
3361 4062
3362 4065
3363 4060
3364 4060
3365 4063
3366 4058
3367 4060
3368 4059
3369 4062
3370 4063
3371 4058
3372 4057
3373 4060
3374 4058
3375 4061
3376 4063
3377 4063
3378 4063
3379 4060
3380 4060
3381 4063
3382 4062
3383 4058
3384 4063
3385 4059
3386 4060
3387 4061
3388 4059
3389 4063
3390 4063
3391 4060
3392 4062
3393 4059
3394 4062
3395 4063
3396 4062
3397 4060
3398 4061
3399 4062
3400 4060
3401 4062
3402 4056
3403 4060
3404 4062
3405 4063
3406 4062
3407 4060
3408 4061
3409 4061
3410 4060
3411 4063
3412 4062
3413 4061
3414 4058
3415 4062
3416 4060
3417 4058
3418 4061
3419 4060
3420 4061
3421 4061
3422 4063
3423 4060
3424 4060
3425 4062
3426 4061
3427 4060
3428 4060
3429 4059
3430 4061
3431 4060
3432 4059
3433 4061
3434 4061
3435 4060
3436 4059
3437 4062
3438 4058
3439 4063
3440 4061
3441 4059
3442 4060
3443 4062
3444 4063
3445 4063
3446 4059
3447 4061
3448 4058
3449 4063
3450 4062
3451 4063
3452 4061
3453 4060
3454 4062
3455 4060
3456 4062
3457 4060
3458 4062
3459 4063
3460 4060
3461 4063
3462 4061
3463 4063
3464 4060
3465 4061
3466 4060
3467 4059
3468 4059
3469 4061
3470 4059
3471 4066
3472 4059
3473 4060
3474 4063
3475 4062
3476 4063
3477 4058
3478 4060
3479 4061
3480 4060
3481 4059
3482 4061
3483 4061
3484 4060
3485 4062
3486 4060
3487 4061
3488 4060
3489 4063
3490 4060
3491 4060
3492 4062
3493 4062
3494 4062
3495 4062
3496 4061
3497 4060
3498 4059
3499 4061
3500 4062
3501 4064
3502 4060
3503 4061
3504 4061
3505 4058
3506 4062
3507 4063
3508 4063
3509 4062
3510 4063
3511 4062
3512 4059
3513 4058
3514 4061
3515 4060
3516 4057
3517 4062
3518 4060
3519 4059
3520 4062
3521 4063
3522 4059
3523 4059
3524 4061
3525 4066
3526 4060
3527 4062
3528 4062
3529 4063
3530 4061
3531 4062
3532 4063
3533 4062
3534 4063
3535 4061
3536 4058
3537 4060
3538 4061
3539 4062
3540 4063
3541 4062
3542 4060
3543 4061
3544 4062
3545 4061
3546 4061
3547 4062
3548 4061
3549 4060
3550 4062
3551 4063
3552 4061
3553 4061
3554 4062
3555 4059
3556 4061
3557 4062
3558 4063
3559 4066
3560 4059
3561 4061
3562 4062
3563 4063
3564 4059
3565 4061
3566 4062
3567 4062
3568 4058
3569 4062
3570 4062
3571 4060
3572 4061
3573 4061
3574 4062
3575 4061
3576 4059
3577 4062
3578 4062
3579 4061
3580 4061
3581 4062
3582 4060
3583 4061
3584 4060
3585 4063
3586 4060
3587 4062
3588 4062
3589 4062
3590 4061
3591 4060
3592 4062
3593 4062
3594 4063
3595 4062
3596 4062
3597 4063
3598 4061
3599 4062
3600 4059
3601 4063
3602 4060
3603 4060
3604 4060
3605 4060
3606 4061
3607 4062
3608 4059
3609 4063
3610 4058
3611 4061
3612 4061
3613 4061
3614 4063
3615 4062
3616 4061
3617 4058
3618 4062
3619 4062
3620 4065
3621 4060
3622 4063
3623 4061
3624 4058
3625 4062
3626 4060
3627 4063
3628 4058
3629 4062
3630 4061
3631 4062
3632 4063
3633 4060
3634 4060
3635 4062
3636 4060
3637 4060
3638 4060
3639 4060
3640 4061
3641 4060
3642 4060
3643 4063
3644 4063
3645 4060
3646 4063
3647 4059
3648 4062
3649 4063
3650 4062
3651 4063
3652 4058
3653 4060
3654 4061
3655 4061
3656 4063
3657 4060
3658 4060
3659 4061
3660 4062
3661 4063
3662 4063
3663 4060
3664 4061
3665 4060
3666 4062
3667 4066
3668 4062
3669 4062
3670 4061
3671 4062
3672 4062
3673 4063
3674 4060
3675 4059
3676 4062
3677 4063
3678 4063
3679 4060
3680 4062
3681 4062
3682 4059
3683 4058
3684 4061
3685 4063
3686 4060
3687 4062
3688 4061
3689 4061
3690 4062
3691 4061
3692 4060
3693 4063
3694 4060
