#Data from the TCD1304 linear CCD
#column 1 = pixelnumber , column 2 = pixelvalue
#Pixel 1-32 and 3679-3694 and are dummy pixels
#SH-period: 200    ICG-period: 100000    Integration time: 100.0 us
2 4039
3 4040
4 4062
5 4059
6 4060
7 4063
8 4059
9 4060
10 4058
11 4059
12 4060
13 4061
14 4058
15 4058
16 4062
17 4061
18 4060
19 4060
20 4059
21 4060
22 4060
23 4058
24 4061
25 4059
26 4058
27 4062
28 4060
29 4060
30 4058
31 4060
32 4058
34 4058
35 4059
36 4057
37 4058
38 4063
39 4060
40 4060
41 4059
42 4056
43 4062
44 4061
45 4060
46 4060
47 4061
48 4058
49 4060
50 4061
51 4063
52 4057
53 4060
54 4060
55 4057
56 4060
57 4056
58 4060
59 4060
60 4059
61 4060
62 4060
63 4060
64 4060
65 4062
66 4058
67 4060
68 4060
69 4060
70 4063
71 4060
72 4062
73 4059
74 4060
75 4060
76 4062
77 4060
78 4060
79 4058
80 4060
81 4060
82 4060
83 4057
84 4060
85 4061
86 4059
87 4058
88 4057
89 4058
90 4062
91 4061
92 4058
93 4060
94 4060
95 4060
96 4062
97 4061
98 4063
99 4063
100 4062
101 4066
102 4058
103 4058
104 4059
105 4060
106 4056
107 4060
108 4061
109 4060
110 4058
111 4059
112 4061
113 4062
114 4063
115 4058
116 4060
117 4062
118 4062
119 4059
120 4059
121 4062
122 4060
123 4060
124 4060
125 4060
126 4060
127 4062
128 4060
129 4063
130 4060
131 4060
132 4061
133 4061
134 4060
135 4058
136 4061
137 4060
138 4058
139 4060
140 4060
141 4060
142 4061
143 4063
144 4060
145 4060
146 4061
147 4061
148 4063
149 4061
150 4060
151 4058
152 4058
153 4058
154 4062
155 4058
156 4058
157 4060
158 4058
159 4062
160 4060
161 4059
162 4062
163 4057
164 4058
165 4062
166 4062
167 4060
168 4058
169 4063
170 4057
171 4062
172 4061
173 4060
174 4062
175 4058
176 4060
177 4062
178 4057
179 4062
180 4058
181 4060
182 4062
183 4061
184 4056
185 4060
186 4058
187 4062
188 4062
189 4060
190 4062
191 4056
192 4058
193 4060
194 4061
195 4062
196 4058
197 4059
198 4060
199 4060
200 4058
201 4063
202 4054
203 4058
204 4058
205 4062
206 4061
207 4060
208 4060
209 4062
210 4062
211 4062
212 4063
213 4059
214 4058
215 4058
216 4056
217 4060
218 4062
219 4063
220 4060
221 4062
222 4058
223 4062
224 4058
225 4060
226 4058
227 4062
228 4060
229 4062
230 4057
231 4058
232 4062
233 4060
234 4058
235 4062
236 4058
237 4060
238 4061
239 4060
240 4060
241 4060
242 4060
243 4057
244 4060
245 4058
246 4058
247 4059
248 4063
249 4062
250 4061
251 4059
252 4056
253 4062
254 4060
255 4062
256 4060
257 4056
258 4060
259 4060
260 4060
261 4060
262 4057
263 4061
264 4060
265 4061
266 4059
267 4059
268 4058
269 4062
270 4062
271 4060
272 4060
273 4060
274 4061
275 4057
276 4061
277 4061
278 4060
279 4062
280 4056
281 4060
282 4059
283 4059
284 4060
285 4061
286 4060
287 4060
288 4061
289 4060
290 4062
291 4060
292 4062
293 4059
294 4062
295 4060
296 4057
297 4060
298 4060
299 4060
300 4059
301 4063
302 4058
303 4060
304 4062
305 4060
306 4058
307 4061
308 4058
309 4060
310 4055
311 4062
312 4056
313 4059
314 4059
315 4061
316 4062
317 4062
318 4058
319 4061
320 4062
321 4057
322 4058
323 4060
324 4058
325 4059
326 4061
327 4060
328 4058
329 4063
330 4060
331 4063
332 4058
333 4060
334 4058
335 4059
336 4060
337 4058
338 4058
339 4060
340 4058
341 4058
342 4060
343 4058
344 4060
345 4060
346 4060
347 4061
348 4060
349 4058
350 4062
351 4062
352 4058
353 4060
354 4061
355 4062
356 4059
357 4062
358 4060
359 4058
360 4062
361 4060
362 4062
363 4060
364 4058
365 4061
366 4060
367 4059
368 4061
369 4060
370 4060
371 4060
372 4058
373 4060
374 4060
375 4062
376 4059
377 4063
378 4059
379 4061
380 4062
381 4060
382 4060
383 4060
384 4060
385 4057
386 4060
387 4063
388 4060
389 4060
390 4058
391 4060
392 4059
393 4059
394 4056
395 4058
396 4056
397 4060
398 4058
399 4060
400 4063
401 4061
402 4055
403 4057
404 4060
405 4060
406 4058
407 4060
408 4058
409 4062
410 4061
411 4058
412 4058
413 4058
414 4062
415 4058
416 4060
417 4063
418 4058
419 4060
420 4061
421 4057
422 4058
423 4061
424 4058
425 4060
426 4058
427 4061
428 4062
429 4059
430 4060
431 4060
432 4060
433 4057
434 4058
435 4060
436 4060
437 4060
438 4060
439 4061
440 4061
441 4062
442 4062
443 4058
444 4059
445 4060
446 4062
447 4060
448 4062
449 4058
450 4060
451 4060
452 4054
453 4058
454 4063
455 4058
456 4060
457 4058
458 4058
459 4059
460 4060
461 4060
462 4060
463 4058
464 4060
465 4060
466 4061
467 4060
468 4062
469 4060
470 4058
471 4060
472 4058
473 4062
474 4060
475 4062
476 4063
477 4062
478 4056
479 4060
480 4062
481 4057
482 4060
483 4058
484 4060
485 4061
486 4061
487 4062
488 4061
489 4060
490 4062
491 4060
492 4060
493 4062
494 4060
495 4060
496 4060
497 4058
498 4058
499 4060
500 4059
501 4061
502 4056
503 4060
504 4060
505 4059
506 4060
507 4060
508 4063
509 4063
510 4058
511 4060
512 4061
513 4060
514 4062
515 4061
516 4060
517 4063
518 4060
519 4063
520 4056
521 4058
522 4060
523 4060
524 4062
525 4063
526 4059
527 4062
528 4060
529 4063
530 4060
531 4060
532 4058
533 4060
534 4058
535 4063
536 4062
537 4060
538 4060
539 4060
540 4060
541 4060
542 4058
543 4060
544 4061
545 4060
546 4059
547 4056
548 4062
549 4060
550 4061
551 4062
552 4056
553 4057
554 4062
555 4058
556 4059
557 4060
558 4057
559 4060
560 4058
561 4062
562 4060
563 4060
564 4061
565 4061
566 4062
567 4062
568 4060
569 4062
570 4058
571 4060
572 4058
573 4061
574 4060
575 4060
576 4063
577 4060
578 4061
579 4062
580 4059
581 4057
582 4060
583 4060
584 4063
585 4060
586 4060
587 4058
588 4060
589 4060
590 4059
591 4058
592 4063
593 4062
594 4058
595 4062
596 4060
597 4060
598 4061
599 4061
600 4058
601 4063
602 4056
603 4062
604 4063
605 4060
606 4058
607 4063
608 4058
609 4061
610 4058
611 4057
612 4060
613 4062
614 4060
615 4060
616 4058
617 4058
618 4060
619 4062
620 4059
621 4060
622 4061
623 4060
624 4060
625 4062
626 4062
627 4060
628 4058
629 4060
630 4060
631 4062
632 4061
633 4063
634 4062
635 4062
636 4062
637 4060
638 4062
639 4058
640 4060
641 4060
642 4060
643 4060
644 4060
645 4058
646 4062
647 4060
648 4059
649 4060
650 4060
651 4063
652 4058
653 4062
654 4061
655 4060
656 4058
657 4060
658 4060
659 4063
660 4060
661 4061
662 4061
663 4058
664 4062
665 4061
666 4060
667 4055
668 4057
669 4063
670 4060
671 4059
672 4060
673 4062
674 4060
675 4059
676 4058
677 4058
678 4060
679 4061
680 4060
681 4058
682 4058
683 4060
684 4060
685 4062
686 4060
687 4062
688 4061
689 4062
690 4060
691 4062
692 4063
693 4059
694 4058
695 4062
696 4062
697 4061
698 4060
699 4058
700 4061
701 4062
702 4054
703 4063
704 4063
705 4060
706 4058
707 4058
708 4060
709 4060
710 4060
711 4060
712 4061
713 4060
714 4056
715 4060
716 4058
717 4059
718 4058
719 4063
720 4059
721 4060
722 4060
723 4059
724 4061
725 4060
726 4063
727 4062
728 4060
729 4061
730 4056
731 4060
732 4061
733 4062
734 4060
735 4062
736 4062
737 4056
738 4059
739 4060
740 4058
741 4062
742 4059
743 4057
744 4060
745 4062
746 4060
747 4056
748 4061
749 4058
750 4060
751 4060
752 4054
753 4060
754 4060
755 4062
756 4058
757 4061
758 4061
759 4060
760 4060
761 4060
762 4060
763 4062
764 4060
765 4058
766 4060
767 4062
768 4060
769 4058
770 4062
771 4060
772 4060
773 4063
774 4060
775 4058
776 4061
777 4059
778 4059
779 4060
780 4058
781 4060
782 4060
783 4059
784 4061
785 4061
786 4062
787 4063
788 4058
789 4062
790 4059
791 4060
792 4060
793 4059
794 4060
795 4056
796 4059
797 4061
798 4061
799 4062
800 4058
801 4062
802 4060
803 4058
804 4059
805 4059
806 4057
807 4063
808 4060
809 4060
810 4061
811 4060
812 4062
813 4060
814 4058
815 4061
816 4062
817 4060
818 4060
819 4062
820 4061
821 4062
822 4062
823 4060
824 4056
825 4060
826 4059
827 4062
828 4058
829 4061
830 4058
831 4062
832 4060
833 4060
834 4061
835 4058
836 4063
837 4062
838 4058
839 4063
840 4060
841 4061
842 4058
843 4057
844 4062
845 4060
846 4062
847 4061
848 4062
849 4061
850 4060
851 4061
852 4060
853 4060
854 4062
855 4060
856 4060
857 4063
858 4058
859 4060
860 4060
861 4060
862 4060
863 4060
864 4059
865 4062
866 4061
867 4061
868 4058
869 4058
870 4060
871 4063
872 4060
873 4060
874 4058
875 4060
876 4060
877 4063
878 4057
879 4063
880 4060
881 4059
882 4060
883 4060
884 4060
885 4061
886 4061
887 4062
888 4060
889 4058
890 4058
891 4058
892 4060
893 4060
894 4061
895 4058
896 4060
897 4060
898 4063
899 4060
900 4062
901 4060
902 4056
903 4058
904 4060
905 4060
906 4058
907 4062
908 4061
909 4059
910 4062
911 4060
912 4058
913 4060
914 4061
915 4058
916 4063
917 4060
918 4062
919 4058
920 4060
921 4060
922 4061
923 4060
924 4061
925 4062
926 4061
927 4061
928 4062
929 4058
930 4063
931 4060
932 4063
933 4057
934 4060
935 4062
936 4060
937 4061
938 4060
939 4060
940 4060
941 4058
942 4062
943 4063
944 4062
945 4060
946 4062
947 4058
948 4061
949 4061
950 4063
951 4062
952 4058
953 4062
954 4060
955 4059
956 4061
957 4060
958 4062
959 4060
960 4060
961 4060
962 4062
963 4061
964 4058
965 4058
966 4061
967 4060
968 4060
969 4060
970 4060
971 4062
972 4059
973 4061
974 4060
975 4063
976 4062
977 4060
978 4060
979 4060
980 4059
981 4060
982 4062
983 4058
984 4058
985 4060
986 4058
987 4060
988 4062
989 4060
990 4059
991 4059
992 4059
993 4060
994 4061
995 4062
996 4060
997 4059
998 4060
999 4060
1000 4060
1001 4063
1002 4060
1003 4060
1004 4063
1005 4060
1006 4060
1007 4063
1008 4060
1009 4061
1010 4062
1011 4063
1012 4060
1013 4059
1014 4062
1015 4061
1016 4060
1017 4060
1018 4057
1019 4060
1020 4060
1021 4059
1022 4058
1023 4060
1024 4060
1025 4062
1026 4061
1027 4059
1028 4058
1029 4059
1030 4060
1031 4060
1032 4062
1033 4061
1034 4058
1035 4062
1036 4058
1037 4060
1038 4060
1039 4061
1040 4061
1041 4060
1042 4062
1043 4059
1044 4059
1045 4060
1046 4058
1047 4061
1048 4060
1049 4062
1050 4061
1051 4062
1052 4056
1053 4061
1054 4063
1055 4061
1056 4058
1057 4060
1058 4059
1059 4060
1060 4060
1061 4060
1062 4060
1063 4060
1064 4061
1065 4062
1066 4056
1067 4062
1068 4060
1069 4060
1070 4059
1071 4057
1072 4061
1073 4062
1074 4060
1075 4058
1076 4059
1077 4060
1078 4059
1079 4062
1080 4063
1081 4058
1082 4058
1083 4060
1084 4060
1085 4060
1086 4060
1087 4061
1088 4058
1089 4062
1090 4058
1091 4060
1092 4058
1093 4062
1094 4060
1095 4059
1096 4062
1097 4060
1098 4057
1099 4058
1100 4061
1101 4063
1102 4058
1103 4058
1104 4062
1105 4058
1106 4062
1107 4058
1108 4061
1109 4061
1110 4062
1111 4060
1112 4058
1113 4062
1114 4060
1115 4058
1116 4060
1117 4062
1118 4060
1119 4058
1120 4060
1121 4060
1122 4063
1123 4066
1124 4062
1125 4057
1126 4061
1127 4061
1128 4058
1129 4060
1130 4062
1131 4062
1132 4060
1133 4061
1134 4058
1135 4061
1136 4060
1137 4059
1138 4060
1139 4060
1140 4058
1141 4060
1142 4060
1143 4056
1144 4061
1145 4060
1146 4060
1147 4056
1148 4063
1149 4062
1150 4060
1151 4066
1152 4060
1153 4060
1154 4062
1155 4057
1156 4058
1157 4060
1158 4060
1159 4060
1160 4059
1161 4060
1162 4059
1163 4060
1164 4060
1165 4061
1166 4060
1167 4062
1168 4062
1169 4061
1170 4060
1171 4058
1172 4061
1173 4060
1174 4059
1175 4062
1176 4060
1177 4061
1178 4062
1179 4063
1180 4057
1181 4060
1182 4058
1183 4060
1184 4059
1185 4060
1186 4062
1187 4060
1188 4060
1189 4058
1190 4062
1191 4061
1192 4060
1193 4060
1194 4058
1195 4062
1196 4060
1197 4061
1198 4060
1199 4058
1200 4062
1201 4063
1202 4058
1203 4060
1204 4060
1205 4060
1206 4062
1207 4059
1208 4060
1209 4060
1210 4062
1211 4058
1212 4061
1213 4058
1214 4061
1215 4061
1216 4058
1217 4062
1218 4060
1219 4062
1220 4060
1221 4059
1222 4060
1223 4061
1224 4060
1225 4058
1226 4062
1227 4063
1228 4059
1229 4058
1230 4058
1231 4062
1232 4059
1233 4060
1234 4059
1235 4060
1236 4063
1237 4060
1238 4058
1239 4058
1240 4061
1241 4060
1242 4060
1243 4057
1244 4059
1245 4060
1246 4060
1247 4060
1248 4060
1249 4062
1250 4062
1251 4060
1252 4056
1253 4057
1254 4060
1255 4061
1256 4060
1257 4060
1258 4060
1259 4058
1260 4057
1261 4060
1262 4060
1263 4063
1264 4060
1265 4059
1266 4060
1267 4062
1268 4060
1269 4062
1270 4061
1271 4060
1272 4058
1273 4061
1274 4060
1275 4062
1276 4060
1277 4058
1278 4061
1279 4060
1280 4058
1281 4062
1282 4060
1283 4060
1284 4061
1285 4060
1286 4058
1287 4062
1288 4058
1289 4058
1290 4057
1291 4059
1292 4060
1293 4058
1294 4058
1295 4063
1296 4060
1297 4058
1298 4060
1299 4061
1300 4060
1301 4063
1302 4057
1303 4060
1304 4060
1305 4059
1306 4060
1307 4060
1308 4057
1309 4061
1310 4060
1311 4062
1312 4059
1313 4058
1314 4062
1315 4058
1316 4058
1317 4060
1318 4058
1319 4060
1320 4062
1321 4056
1322 4060
1323 4058
1324 4060
1325 4061
1326 4062
1327 4061
1328 4060
1329 4062
1330 4060
1331 4060
1332 4058
1333 4061
1334 4060
1335 4062
1336 4062
1337 4060
1338 4058
1339 4062
1340 4060
1341 4061
1342 4060
1343 4060
1344 4060
1345 4060
1346 4061
1347 4059
1348 4060
1349 4058
1350 4060
1351 4063
1352 4060
1353 4060
1354 4060
1355 4063
1356 4060
1357 4061
1358 4060
1359 4058
1360 4060
1361 4061
1362 4060
1363 4060
1364 4062
1365 4060
1366 4056
1367 4058
1368 4060
1369 4060
1370 4060
1371 4062
1372 4060
1373 4062
1374 4060
1375 4059
1376 4058
1377 4058
1378 4059
1379 4062
1380 4060
1381 4060
1382 4059
1383 4060
1384 4058
1385 4063
1386 4060
1387 4060
1388 4063
1389 4060
1390 4061
1391 4060
1392 4060
1393 4057
1394 4058
1395 4060
1396 4059
1397 4060
1398 4061
1399 4062
1400 4060
1401 4062
1402 4055
1403 4057
1404 4060
1405 4062
1406 4061
1407 4058
1408 4060
1409 4058
1410 4061
1411 4060
1412 4062
1413 4062
1414 4061
1415 4060
1416 4058
1417 4060
1418 4050
1419 4058
1420 4060
1421 4063
1422 4060
1423 4058
1424 4061
1425 4060
1426 4060
1427 4062
1428 4058
1429 4060
1430 4060
1431 4060
1432 4060
1433 4060
1434 4060
1435 4063
1436 4062
1437 4060
1438 4062
1439 4062
1440 4060
1441 4062
1442 4058
1443 4063
1444 4057
1445 4059
1446 4060
1447 4060
1448 4056
1449 4060
1450 4060
1451 4062
1452 4056
1453 4062
1454 4060
1455 4061
1456 4060
1457 4060
1458 4063
1459 4060
1460 4060
1461 4058
1462 4060
1463 4060
1464 4060
1465 4060
1466 4057
1467 4060
1468 4058
1469 4058
1470 4062
1471 4060
1472 4061
1473 4060
1474 4062
1475 4061
1476 4060
1477 4057
1478 4058
1479 4060
1480 4058
1481 4060
1482 4060
1483 4060
1484 4060
1485 4059
1486 4056
1487 4061
1488 4060
1489 4061
1490 4063
1491 4058
1492 4058
1493 4062
1494 4061
1495 4061
1496 4062
1497 4060
1498 4060
1499 4060
1500 4062
1501 4060
1502 4057
1503 4058
1504 4062
1505 4057
1506 4057
1507 4060
1508 4057
1509 4060
1510 4060
1511 4058
1512 4062
1513 4060
1514 4060
1515 4060
1516 4062
1517 4060
1518 4059
1519 4060
1520 4062
1521 4060
1522 4062
1523 4061
1524 4058
1525 4062
1526 4062
1527 4062
1528 4058
1529 4066
1530 4060
1531 4061
1532 4060
1533 4062
1534 4062
1535 4061
1536 4060
1537 4060
1538 4062
1539 4059
1540 4061
1541 4060
1542 4058
1543 4060
1544 4060
1545 4060
1546 4060
1547 4060
1548 4060
1549 4060
1550 4060
1551 4063
1552 4059
1553 4060
1554 4059
1555 4058
1556 4058
1557 4062
1558 4061
1559 4058
1560 4062
1561 4062
1562 4061
1563 4058
1564 4060
1565 4062
1566 4058
1567 4055
1568 4059
1569 4060
1570 4061
1571 4058
1572 4063
1573 4061
1574 4060
1575 4062
1576 4060
1577 4060
1578 4059
1579 4062
1580 4058
1581 4059
1582 4060
1583 4062
1584 4061
1585 4062
1586 4061
1587 4058
1588 4063
1589 4061
1590 4062
1591 4060
1592 4058
1593 4062
1594 4060
1595 4060
1596 4057
1597 4060
1598 4058
1599 4061
1600 4061
1601 4062
1602 4058
1603 4060
1604 4062
1605 4058
1606 4058
1607 4063
1608 4060
1609 4061
1610 4057
1611 4062
1612 4058
1613 4063
1614 4058
1615 4060
1616 4060
1617 4060
1618 4060
1619 4058
1620 4062
1621 4061
1622 4058
1623 4058
1624 4060
1625 4058
1626 4060
1627 4060
1628 4059
1629 4060
1630 4058
1631 4060
1632 4062
1633 4058
1634 4062
1635 4060
1636 4058
1637 4060
1638 4061
1639 4058
1640 4058
1641 4061
1642 4058
1643 4061
1644 4059
1645 4058
1646 4061
1647 4062
1648 4060
1649 4058
1650 4062
1651 4063
1652 4058
1653 4061
1654 4058
1655 4062
1656 4057
1657 4060
1658 4058
1659 4059
1660 4060
1661 4058
1662 4056
1663 4060
1664 4060
1665 4061
1666 4060
1667 4062
1668 4060
1669 4060
1670 4060
1671 4062
1672 4062
1673 4059
1674 4058
1675 4060
1676 4058
1677 4062
1678 4060
1679 4059
1680 4056
1681 4061
1682 4060
1683 4069
1684 4060
1685 4060
1686 4060
1687 4061
1688 4062
1689 4060
1690 4061
1691 4060
1692 4060
1693 4060
1694 4059
1695 4060
1696 4061
1697 4061
1698 4061
1699 4062
1700 4060
1701 4060
1702 4060
1703 4058
1704 4062
1705 4060
1706 4057
1707 4058
1708 4061
1709 4061
1710 4058
1711 4062
1712 4060
1713 4060
1714 4060
1715 4062
1716 4061
1717 4061
1718 4063
1719 4061
1720 4060
1721 4060
1722 4061
1723 4060
1724 4060
1725 4061
1726 4062
1727 4060
1728 4060
1729 4058
1730 4060
1731 4060
1732 4061
1733 4062
1734 4061
1735 4061
1736 4060
1737 4061
1738 4060
1739 4062
1740 4058
1741 4060
1742 4063
1743 4057
1744 4060
1745 4062
1746 4061
1747 4062
1748 4062
1749 4062
1750 4061
1751 4062
1752 4057
1753 4058
1754 4059
1755 4060
1756 4058
1757 4061
1758 4060
1759 4058
1760 4060
1761 4058
1762 4062
1763 4061
1764 4060
1765 4060
1766 4060
1767 4060
1768 4059
1769 4061
1770 4058
1771 4060
1772 4062
1773 4062
1774 4060
1775 4063
1776 4060
1777 4063
1778 4058
1779 4061
1780 4059
1781 4063
1782 4061
1783 4058
1784 4060
1785 4062
1786 4058
1787 4061
1788 4058
1789 4060
1790 4061
1791 4061
1792 4060
1793 4058
1794 4060
1795 4063
1796 4062
1797 4061
1798 4060
1799 4058
1800 4061
1801 4062
1802 4057
1803 4062
1804 4062
1805 4062
1806 4060
1807 4063
1808 4061
1809 4056
1810 4061
1811 4060
1812 4060
1813 4060
1814 4062
1815 4060
1816 4062
1817 4061
1818 4060
1819 4063
1820 4061
1821 4062
1822 4060
1823 4061
1824 4062
1825 4060
1826 4061
1827 4061
1828 4060
1829 4060
1830 4060
1831 4063
1832 4063
1833 4060
1834 4061
1835 4060
1836 4058
1837 4056
1838 4062
1839 4060
1840 4060
1841 4062
1842 4060
1843 4060
1844 4060
1845 4060
1846 4058
1847 4061
1848 4061
1849 4060
1850 4060
1851 4062
1852 4056
1853 4060
1854 4061
1855 4059
1856 4058
1857 4058
1858 4061
1859 4062
1860 4062
1861 4060
1862 4062
1863 4059
1864 4058
1865 4062
1866 4057
1867 4056
1868 4062
1869 4061
1870 4060
1871 4063
1872 4061
1873 4062
1874 4058
1875 4062
1876 4061
1877 4060
1878 4058
1879 4059
1880 4060
1881 4060
1882 4062
1883 4060
1884 4060
1885 4060
1886 4061
1887 4061
1888 4062
1889 4062
1890 4060
1891 4061
1892 4061
1893 4059
1894 4057
1895 4060
1896 4056
1897 4062
1898 4062
1899 4059
1900 4059
1901 4062
1902 4054
1903 4062
1904 4060
1905 4060
1906 4058
1907 4061
1908 4060
1909 4061
1910 4057
1911 4060
1912 4060
1913 4060
1914 4057
1915 4062
1916 4061
1917 4058
1918 4060
1919 4061
1920 4058
1921 4060
1922 4063
1923 4060
1924 4060
1925 4057
1926 4060
1927 4060
1928 4058
1929 4063
1930 4056
1931 4062
1932 4061
1933 4060
1934 4061
1935 4061
1936 4060
1937 4058
1938 4060
1939 4062
1940 4063
1941 4060
1942 4061
1943 4060
1944 4060
1945 4059
1946 4060
1947 4060
1948 4062
1949 4058
1950 4062
1951 4061
1952 4057
1953 4061
1954 4058
1955 4062
1956 4062
1957 4060
1958 4060
1959 4060
1960 4060
1961 4060
1962 4058
1963 4060
1964 4062
1965 4060
1966 4060
1967 4061
1968 4063
1969 4060
1970 4061
1971 4062
1972 4062
1973 4060
1974 4060
1975 4063
1976 4061
1977 4066
1978 4058
1979 4062
1980 4058
1981 4059
1982 4060
1983 4062
1984 4056
1985 4062
1986 4062
1987 4061
1988 4060
1989 4062
1990 4063
1991 4059
1992 4061
1993 4060
1994 4060
1995 4062
1996 4062
1997 4060
1998 4060
1999 4062
2000 4058
2001 4063
2002 4057
2003 4060
2004 4062
2005 4061
2006 4060
2007 4058
2008 4059
2009 4061
2010 4060
2011 4060
2012 4062
2013 4062
2014 4058
2015 4060
2016 4062
2017 4060
2018 4062
2019 4062
2020 4062
2021 4062
2022 4058
2023 4061
2024 4058
2025 4058
2026 4058
2027 4061
2028 4058
2029 4062
2030 4058
2031 4060
2032 4060
2033 4060
2034 4060
2035 4062
2036 4062
2037 4062
2038 4060
2039 4061
2040 4060
2041 4063
2042 4060
2043 4063
2044 4058
2045 4061
2046 4060
2047 4062
2048 4062
2049 4062
2050 4061
2051 4063
2052 4059
2053 4058
2054 4061
2055 4059
2056 4060
2057 4062
2058 4060
2059 4060
2060 4058
2061 4061
2062 4060
2063 4063
2064 4060
2065 4060
2066 4058
2067 4058
2068 4061
2069 4062
2070 4060
2071 4062
2072 4059
2073 4062
2074 4058
2075 4060
2076 4061
2077 4060
2078 4059
2079 4060
2080 4062
2081 4060
2082 4059
2083 4060
2084 4061
2085 4062
2086 4062
2087 4058
2088 4058
2089 4061
2090 4062
2091 4061
2092 4058
2093 4060
2094 4060
2095 4061
2096 4061
2097 4062
2098 4062
2099 4060
2100 4060
2101 4063
2102 4057
2103 4059
2104 4063
2105 4060
2106 4058
2107 4058
2108 4060
2109 4060
2110 4062
2111 4058
2112 4059
2113 4058
2114 4062
2115 4060
2116 4061
2117 4058
2118 4061
2119 4059
2120 4058
2121 4062
2122 4062
2123 4061
2124 4060
2125 4058
2126 4060
2127 4062
2128 4061
2129 4060
2130 4060
2131 4061
2132 4060
2133 4062
2134 4060
2135 4061
2136 4061
2137 4060
2138 4063
2139 4062
2140 4063
2141 4060
2142 4058
2143 4063
2144 4060
2145 4060
2146 4060
2147 4063
2148 4060
2149 4061
2150 4056
2151 4061
2152 4061
2153 4060
2154 4060
2155 4058
2156 4060
2157 4060
2158 4060
2159 4061
2160 4058
2161 4061
2162 4060
2163 4060
2164 4059
2165 4062
2166 4061
2167 4058
2168 4061
2169 4063
2170 4060
2171 4060
2172 4061
2173 4059
2174 4060
2175 4060
2176 4060
2177 4060
2178 4062
2179 4060
2180 4060
2181 4058
2182 4059
2183 4060
2184 4057
2185 4060
2186 4058
2187 4060
2188 4061
2189 4058
2190 4060
2191 4058
2192 4062
2193 4060
2194 4060
2195 4060
2196 4058
2197 4063
2198 4060
2199 4060
2200 4058
2201 4063
2202 4058
2203 4058
2204 4060
2205 4060
2206 4060
2207 4061
2208 4061
2209 4060
2210 4058
2211 4060
2212 4060
2213 4054
2214 4060
2215 4062
2216 4058
2217 4060
2218 4062
2219 4062
2220 4060
2221 4060
2222 4063
2223 4060
2224 4062
2225 4056
2226 4059
2227 4060
2228 4061
2229 4062
2230 4058
2231 4060
2232 4060
2233 4059
2234 4060
2235 4060
2236 4062
2237 4059
2238 4061
2239 4059
2240 4061
2241 4061
2242 4060
2243 4060
2244 4061
2245 4061
2246 4060
2247 4060
2248 4058
2249 4062
2250 4063
2251 4063
2252 4056
2253 4059
2254 4061
2255 4062
2256 4058
2257 4061
2258 4060
2259 4062
2260 4060
2261 4060
2262 4058
2263 4060
2264 4062
2265 4061
2266 4062
2267 4058
2268 4060
2269 4060
2270 4060
2271 4056
2272 4062
2273 4057
2274 4058
2275 4058
2276 4058
2277 4057
2278 4060
2279 4061
2280 4060
2281 4060
2282 4059
2283 4058
2284 4059
2285 4062
2286 4058
2287 4061
2288 4060
2289 4057
2290 4062
2291 4060
2292 4058
2293 4063
2294 4060
2295 4062
2296 4059
2297 4061
2298 4058
2299 4060
2300 4063
2301 4063
2302 4056
2303 4060
2304 4059
2305 4062
2306 4059
2307 4060
2308 4059
2309 4060
2310 4057
2311 4060
2312 4057
2313 4062
2314 4060
2315 4062
2316 4060
2317 4060
2318 4063
2319 4063
2320 4060
2321 4058
2322 4058
2323 4059
2324 4060
2325 4059
2326 4058
2327 4062
2328 4060
2329 4060
2330 4057
2331 4061
2332 4060
2333 4060
2334 4058
2335 4060
2336 4058
2337 4059
2338 4060
2339 4060
2340 4058
2341 4060
2342 4060
2343 4060
2344 4060
2345 4062
2346 4060
2347 4060
2348 4058
2349 4060
2350 4060
2351 4062
2352 4058
2353 4062
2354 4058
2355 4060
2356 4063
2357 4060
2358 4059
2359 4062
2360 4060
2361 4058
2362 4060
2363 4058
2364 4060
2365 4060
2366 4062
2367 4056
2368 4058
2369 4059
2370 4060
2371 4060
2372 4060
2373 4061
2374 4060
2375 4061
2376 4058
2377 4060
2378 4060
2379 4058
2380 4058
2381 4062
2382 4058
2383 4057
2384 4060
2385 4060
2386 4060
2387 4060
2388 4060
2389 4058
2390 4060
2391 4059
2392 4060
2393 4059
2394 4060
2395 4062
2396 4061
2397 4058
2398 4058
2399 4060
2400 4062
2401 4062
2402 4060
2403 4058
2404 4062
2405 4060
2406 4060
2407 4060
2408 4060
2409 4060
2410 4058
2411 4059
2412 4060
2413 4062
2414 4058
2415 4061
2416 4058
2417 4060
2418 4060
2419 4062
2420 4058
2421 4060
2422 4060
2423 4058
2424 4060
2425 4058
2426 4062
2427 4058
2428 4057
2429 4060
2430 4062
2431 4060
2432 4058
2433 4061
2434 4060
2435 4062
2436 4060
2437 4063
2438 4062
2439 4061
2440 4061
2441 4061
2442 4060
2443 4060
2444 4058
2445 4056
2446 4058
2447 4062
2448 4058
2449 4059
2450 4061
2451 4063
2452 4058
2453 4060
2454 4063
2455 4056
2456 4060
2457 4063
2458 4061
2459 4058
2460 4058
2461 4063
2462 4060
2463 4060
2464 4058
2465 4060
2466 4058
2467 4059
2468 4060
2469 4058
2470 4059
2471 4059
2472 4059
2473 4060
2474 4060
2475 4060
2476 4061
2477 4061
2478 4057
2479 4063
2480 4058
2481 4059
2482 4063
2483 4058
2484 4060
2485 4060
2486 4060
2487 4060
2488 4060
2489 4060
2490 4061
2491 4060
2492 4059
2493 4060
2494 4058
2495 4061
2496 4058
2497 4062
2498 4062
2499 4061
2500 4063
2501 4063
2502 4058
2503 4060
2504 4061
2505 4062
2506 4059
2507 4060
2508 4062
2509 4063
2510 4060
2511 4060
2512 4060
2513 4060
2514 4060
2515 4060
2516 4059
2517 4062
2518 4060
2519 4061
2520 4060
2521 4060
2522 4058
2523 4063
2524 4060
2525 4062
2526 4061
2527 4058
2528 4062
2529 4060
2530 4060
2531 4061
2532 4058
2533 4061
2534 4058
2535 4060
2536 4058
2537 4061
2538 4060
2539 4058
2540 4063
2541 4059
2542 4058
2543 4060
2544 4063
2545 4058
2546 4059
2547 4060
2548 4060
2549 4062
2550 4062
2551 4060
2552 4056
2553 4060
2554 4061
2555 4059
2556 4060
2557 4062
2558 4059
2559 4061
2560 4060
2561 4058
2562 4060
2563 4060
2564 4058
2565 4062
2566 4061
2567 4062
2568 4061
2569 4061
2570 4058
2571 4061
2572 4060
2573 4058
2574 4060
2575 4060
2576 4060
2577 4062
2578 4058
2579 4060
2580 4058
2581 4058
2582 4062
2583 4060
2584 4062
2585 4058
2586 4056
2587 4062
2588 4058
2589 4061
2590 4062
2591 4060
2592 4060
2593 4063
2594 4062
2595 4058
2596 4060
2597 4059
2598 4060
2599 4062
2600 4061
2601 4063
2602 4056
2603 4060
2604 4062
2605 4060
2606 4062
2607 4057
2608 4060
2609 4062
2610 4060
2611 4061
2612 4060
2613 4058
2614 4062
2615 4058
2616 4058
2617 4060
2618 4060
2619 4060
2620 4062
2621 4063
2622 4061
2623 4060
2624 4058
2625 4059
2626 4058
2627 4062
2628 4059
2629 4060
2630 4059
2631 4062
2632 4059
2633 4063
2634 4061
2635 4061
2636 4058
2637 4060
2638 4060
2639 4060
2640 4060
2641 4058
2642 4062
2643 4062
2644 4060
2645 4060
2646 4060
2647 4060
2648 4061
2649 4060
2650 4062
2651 4059
2652 4060
2653 4060
2654 4061
2655 4060
2656 4061
2657 4062
2658 4058
2659 4060
2660 4060
2661 4060
2662 4060
2663 4060
2664 4060
2665 4060
2666 4059
2667 4060
2668 4058
2669 4062
2670 4060
2671 4058
2672 4060
2673 4063
2674 4063
2675 4059
2676 4062
2677 4060
2678 4061
2679 4060
2680 4060
2681 4060
2682 4058
2683 4056
2684 4058
2685 4062
2686 4058
2687 4058
2688 4063
2689 4058
2690 4060
2691 4058
2692 4056
2693 4062
2694 4060
2695 4063
2696 4056
2697 4062
2698 4060
2699 4058
2700 4060
2701 4060
2702 4058
2703 4060
2704 4060
2705 4060
2706 4060
2707 4060
2708 4058
2709 4056
2710 4058
2711 4060
2712 4061
2713 4060
2714 4058
2715 4059
2716 4060
2717 4056
2718 4059
2719 4061
2720 4060
2721 4060
2722 4060
2723 4059
2724 4058
2725 4059
2726 4061
2727 4061
2728 4058
2729 4059
2730 4056
2731 4056
2732 4060
2733 4060
2734 4062
2735 4058
2736 4058
2737 4058
2738 4060
2739 4062
2740 4058
2741 4062
2742 4058
2743 4058
2744 4062
2745 4062
2746 4058
2747 4058
2748 4061
2749 4058
2750 4060
2751 4062
2752 4057
2753 4063
2754 4060
2755 4060
2756 4060
2757 4057
2758 4060
2759 4059
2760 4058
2761 4060
2762 4060
2763 4058
2764 4058
2765 4062
2766 4058
2767 4054
2768 4060
2769 4060
2770 4060
2771 4059
2772 4058
2773 4061
2774 4059
2775 4059
2776 4060
2777 4057
2778 4057
2779 4057
2780 4057
2781 4058
2782 4057
2783 4058
2784 4060
2785 4060
2786 4057
2787 4056
2788 4056
2789 4056
2790 4052
2791 4050
2792 4050
2793 4044
2794 4038
2795 4031
2796 4018
2797 4014
2798 3999
2799 3994
2800 3982
2801 3972
2802 3956
2803 3943
2804 3917
2805 3890
2806 3869
2807 3849
2808 3812
2809 3801
2810 3779
2811 3772
2812 3740
2813 3720
2814 3711
2815 3694
2816 3672
2817 3670
2818 3684
2819 3631
2820 3629
2821 3615
2822 3605
2823 3629
2824 3631
2825 3626
2826 3646
2827 3609
2828 3628
2829 3640
2830 3654
2831 3697
2832 3685
2833 3738
2834 3754
2835 3773
2836 3790
2837 3793
2838 3822
2839 3820
2840 3844
2841 3869
2842 3887
2843 3900
2844 3927
2845 3937
2846 3955
2847 3967
2848 3988
2849 3996
2850 4013
2851 4024
2852 4028
2853 4036
2854 4042
2855 4040
2856 4045
2857 4052
2858 4049
2859 4054
2860 4052
2861 4054
2862 4054
2863 4055
2864 4056
2865 4057
2866 4056
2867 4057
2868 4054
2869 4058
2870 4056
2871 4058
2872 4057
2873 4056
2874 4062
2875 4056
2876 4058
2877 4061
2878 4058
2879 4057
2880 4060
2881 4058
2882 4058
2883 4060
2884 4059
2885 4060
2886 4060
2887 4060
2888 4059
2889 4058
2890 4058
2891 4058
2892 4058
2893 4058
2894 4057
2895 4059
2896 4060
2897 4056
2898 4058
2899 4058
2900 4056
2901 4060
2902 4057
2903 4060
2904 4060
2905 4058
2906 4059
2907 4062
2908 4060
2909 4061
2910 4060
2911 4058
2912 4059
2913 4060
2914 4058
2915 4060
2916 4061
2917 4060
2918 4062
2919 4060
2920 4060
2921 4058
2922 4059
2923 4060
2924 4062
2925 4058
2926 4062
2927 4058
2928 4060
2929 4060
2930 4060
2931 4058
2932 4057
2933 4060
2934 4060
2935 4057
2936 4058
2937 4060
2938 4061
2939 4063
2940 4060
2941 4062
2942 4055
2943 4058
2944 4058
2945 4058
2946 4061
2947 4058
2948 4058
2949 4060
2950 4061
2951 4063
2952 4054
2953 4063
2954 4062
2955 4060
2956 4058
2957 4060
2958 4059
2959 4058
2960 4061
2961 4059
2962 4058
2963 4060
2964 4063
2965 4063
2966 4058
2967 4062
2968 4058
2969 4058
2970 4058
2971 4061
2972 4056
2973 4061
2974 4060
2975 4058
2976 4059
2977 4062
2978 4057
2979 4061
2980 4062
2981 4059
2982 4059
2983 4060
2984 4060
2985 4062
2986 4058
2987 4060
2988 4059
2989 4062
2990 4063
2991 4058
2992 4056
2993 4062
2994 4058
2995 4063
2996 4059
2997 4060
2998 4056
2999 4062
3000 4062
3001 4062
3002 4058
3003 4056
3004 4060
3005 4060
3006 4061
3007 4062
3008 4060
3009 4060
3010 4062
3011 4058
3012 4061
3013 4060
3014 4062
3015 4060
3016 4062
3017 4058
3018 4060
3019 4062
3020 4060
3021 4062
3022 4059
3023 4061
3024 4058
3025 4062
3026 4060
3027 4061
3028 4061
3029 4062
3030 4059
3031 4060
3032 4058
3033 4060
3034 4060
3035 4062
3036 4062
3037 4058
3038 4060
3039 4063
3040 4057
3041 4060
3042 4058
3043 4062
3044 4060
3045 4061
3046 4060
3047 4063
3048 4061
3049 4060
3050 4060
3051 4062
3052 4056
3053 4061
3054 4060
3055 4058
3056 4058
3057 4058
3058 4061
3059 4060
3060 4058
3061 4060
3062 4062
3063 4062
3064 4057
3065 4058
3066 4062
3067 4062
3068 4060
3069 4060
3070 4059
3071 4060
3072 4063
3073 4060
3074 4061
3075 4059
3076 4061
3077 4058
3078 4059
3079 4062
3080 4063
3081 4060
3082 4058
3083 4059
3084 4062
3085 4060
3086 4061
3087 4059
3088 4063
3089 4062
3090 4058
3091 4058
3092 4058
3093 4060
3094 4060
3095 4061
3096 4060
3097 4060
3098 4060
3099 4060
3100 4059
3101 4060
3102 4056
3103 4058
3104 4061
3105 4058
3106 4058
3107 4060
3108 4060
3109 4060
3110 4060
3111 4062
3112 4062
3113 4060
3114 4061
3115 4060
3116 4060
3117 4056
3118 4060
3119 4060
3120 4057
3121 4061
3122 4061
3123 4058
3124 4062
3125 4062
3126 4060
3127 4062
3128 4057
3129 4060
3130 4056
3131 4060
3132 4062
3133 4058
3134 4060
3135 4060
3136 4062
3137 4060
3138 4062
3139 4059
3140 4059
3141 4058
3142 4058
3143 4060
3144 4061
3145 4060
3146 4057
3147 4061
3148 4062
3149 4059
3150 4058
3151 4062
3152 4060
3153 4058
3154 4059
3155 4059
3156 4058
3157 4059
3158 4060
3159 4060
3160 4060
3161 4060
3162 4057
3163 4061
3164 4058
3165 4062
3166 4059
3167 4061
3168 4058
3169 4061
3170 4058
3171 4062
3172 4058
3173 4060
3174 4062
3175 4060
3176 4058
3177 4061
3178 4062
3179 4062
3180 4060
3181 4060
3182 4059
3183 4060
3184 4059
3185 4060
3186 4060
3187 4062
3188 4058
3189 4062
3190 4060
3191 4063
3192 4061
3193 4062
3194 4058
3195 4063
3196 4060
3197 4062
3198 4060
3199 4057
3200 4062
3201 4062
3202 4057
3203 4058
3204 4060
3205 4059
3206 4059
3207 4060
3208 4060
3209 4060
3210 4062
3211 4063
3212 4060
3213 4062
3214 4061
3215 4060
3216 4063
3217 4059
3218 4058
3219 4060
3220 4060
3221 4059
3222 4060
3223 4060
3224 4060
3225 4061
3226 4060
3227 4061
3228 4060
3229 4060
3230 4058
3231 4062
3232 4062
3233 4060
3234 4058
3235 4061
3236 4061
3237 4059
3238 4060
3239 4062
3240 4060
3241 4060
3242 4060
3243 4058
3244 4062
3245 4062
3246 4060
3247 4060
3248 4062
3249 4060
3250 4058
3251 4063
3252 4056
3253 4060
3254 4062
3255 4060
3256 4060
3257 4060
3258 4058
3259 4059
3260 4060
3261 4060
3262 4059
3263 4063
3264 4062
3265 4060
3266 4063
3267 4060
3268 4058
3269 4060
3270 4060
3271 4060
3272 4060
3273 4062
3274 4058
3275 4060
3276 4061
3277 4062
3278 4062
3279 4058
3280 4056
3281 4062
3282 4060
3283 4058
3284 4060
3285 4060
3286 4060
3287 4060
3288 4060
3289 4059
3290 4063
3291 4060
3292 4062
3293 4058
3294 4062
3295 4060
3296 4062
3297 4058
3298 4060
3299 4060
3300 4058
3301 4063
3302 4058
3303 4060
3304 4060
3305 4058
3306 4060
3307 4060
3308 4058
3309 4062
3310 4062
3311 4060
3312 4060
3313 4063
3314 4062
3315 4061
3316 4060
3317 4061
3318 4058
3319 4062
3320 4059
3321 4060
3322 4060
3323 4060
3324 4057
3325 4056
3326 4062
3327 4060
3328 4059
3329 4058
3330 4062
3331 4060
3332 4061
3333 4060
3334 4060
3335 4060
3336 4060
3337 4057
3338 4058
3339 4063
3340 4060
3341 4058
3342 4062
3343 4056
3344 4060
3345 4061
3346 4058
3347 4060
3348 4059
3349 4062
3350 4062
3351 4060
3352 4057
3353 4058
3354 4058
3355 4059
3356 4061
3357 4056
3358 4059
3359 4060
3360 4059
3361 4058
3362 4056
3363 4061
3364 4058
3365 4060
3366 4061
3367 4059
3368 4060
3369 4060
3370 4060
3371 4057
3372 4060
3373 4060
3374 4060
3375 4061
3376 4058
3377 4062
3378 4058
3379 4063
3380 4058
3381 4061
3382 4058
3383 4062
3384 4058
3385 4060
3386 4061
3387 4060
3388 4061
3389 4060
3390 4058
3391 4060
3392 4061
3393 4061
3394 4062
3395 4060
3396 4060
3397 4058
3398 4057
3399 4063
3400 4062
3401 4062
3402 4059
3403 4060
3404 4058
3405 4062
3406 4060
3407 4060
3408 4060
3409 4060
3410 4060
3411 4058
3412 4060
3413 4060
3414 4058
3415 4058
3416 4060
3417 4060
3418 4057
3419 4062
3420 4061
3421 4060
3422 4058
3423 4058
3424 4058
3425 4060
3426 4060
3427 4062
3428 4060
3429 4062
3430 4058
3431 4059
3432 4062
3433 4058
3434 4058
3435 4063
3436 4058
3437 4060
3438 4061
3439 4060
3440 4059
3441 4062
3442 4060
3443 4060
3444 4060
3445 4062
3446 4060
3447 4062
3448 4062
3449 4060
3450 4063
3451 4060
3452 4058
3453 4062
3454 4060
3455 4060
3456 4060
3457 4060
3458 4060
3459 4062
3460 4062
3461 4060
3462 4058
3463 4058
3464 4060
3465 4062
3466 4058
3467 4062
3468 4059
3469 4060
3470 4058
3471 4063
3472 4058
3473 4060
3474 4061
3475 4062
3476 4062
3477 4062
3478 4061
3479 4060
3480 4062
3481 4058
3482 4060
3483 4062
3484 4060
3485 4058
3486 4058
3487 4060
3488 4063
3489 4059
3490 4060
3491 4060
3492 4061
3493 4062
3494 4062
3495 4062
3496 4057
3497 4058
3498 4062
3499 4062
3500 4058
3501 4062
3502 4058
3503 4060
3504 4060
3505 4058
3506 4060
3507 4061
3508 4058
3509 4059
3510 4060
3511 4063
3512 4058
3513 4062
3514 4057
3515 4062
3516 4060
3517 4060
3518 4062
3519 4062
3520 4060
3521 4058
3522 4057
3523 4057
3524 4061
3525 4060
3526 4062
3527 4062
3528 4060
3529 4061
3530 4057
3531 4060
3532 4060
3533 4060
3534 4062
3535 4060
3536 4058
3537 4060
3538 4063
3539 4060
3540 4062
3541 4063
3542 4060
3543 4058
3544 4060
3545 4060
3546 4060
3547 4062
3548 4058
3549 4059
3550 4061
3551 4059
3552 4059
3553 4062
3554 4062
3555 4060
3556 4059
3557 4063
3558 4060
3559 4061
3560 4060
3561 4062
3562 4056
3563 4060
3564 4060
3565 4060
3566 4061
3567 4063
3568 4058
3569 4058
3570 4058
3571 4061
3572 4060
3573 4061
3574 4057
3575 4062
3576 4061
3577 4060
3578 4060
3579 4062
3580 4058
3581 4062
3582 4060
3583 4058
3584 4062
3585 4060
3586 4060
3587 4060
3588 4061
3589 4060
3590 4060
3591 4062
3592 4060
3593 4060
3594 4056
3595 4062
3596 4062
3597 4062
3598 4060
3599 4060
3600 4060
3601 4062
3602 4054
3603 4060
3604 4058
3605 4059
3606 4058
3607 4062
3608 4058
3609 4062
3610 4058
3611 4060
3612 4059
3613 4060
3614 4062
3615 4058
3616 4060
3617 4055
3618 4060
3619 4059
3620 4058
3621 4060
3622 4060
3623 4062
3624 4058
3625 4060
3626 4061
3627 4060
3628 4056
3629 4060
3630 4060
3631 4058
3632 4063
3633 4062
3634 4058
3635 4062
3636 4061
3637 4060
3638 4060
3639 4066
3640 4059
3641 4058
3642 4058
3643 4062
3644 4061
3645 4060
3646 4058
3647 4061
3648 4062
3649 4056
3650 4062
3651 4062
3652 4058
3653 4060
3654 4060
3655 4058
3656 4060
3657 4060
3658 4060
3659 4058
3660 4060
3661 4061
3662 4058
3663 4060
3664 4058
3665 4060
3666 4062
3667 4062
3668 4058
3669 4061
3670 4058
3671 4061
3672 4060
3673 4058
3674 4058
3675 4060
3676 4060
3677 4060
3678 4060
3679 4063
3680 4058
3681 4062
3682 4062
3683 4058
3684 4060
3685 4061
3686 4062
3687 4059
3688 4060
3689 4060
3690 4056
3691 4060
3692 4063
3693 4061
3694 4062
