#Data from the TCD1304 linear CCD
#column 1 = pixelnumber , column 2 = pixelvalue
#Pixel 1-32 and 3679-3694 and are dummy pixels
#SH-period: 200    ICG-period: 100000    Integration time: 100.0 us
2 4042
3 4043
4 4063
5 4061
6 4066
7 4064
8 4063
9 4063
10 4062
11 4063
12 4063
13 4065
14 4066
15 4066
16 4063
17 4063
18 4063
19 4066
20 4066
21 4066
22 4064
23 4063
24 4063
25 4064
26 4066
27 4068
28 4063
29 4066
30 4063
31 4063
32 4062
34 4063
35 4066
36 4066
37 4066
38 4067
39 4066
40 4060
41 4063
42 4063
43 4067
44 4067
45 4067
46 4062
47 4066
48 4063
49 4065
50 4063
51 4066
52 4063
53 4063
54 4063
55 4063
56 4063
57 4063
58 4063
59 4065
60 4069
61 4062
62 4063
63 4063
64 4066
65 4065
66 4063
67 4069
68 4060
69 4066
70 4064
71 4066
72 4063
73 4063
74 4067
75 4066
76 4066
77 4066
78 4066
79 4065
80 4065
81 4068
82 4065
83 4063
84 4065
85 4066
86 4061
87 4066
88 4066
89 4066
90 4066
91 4063
92 4063
93 4067
94 4063
95 4068
96 4065
97 4068
98 4066
99 4064
100 4063
101 4069
102 4061
103 4063
104 4065
105 4067
106 4066
107 4061
108 4065
109 4065
110 4066
111 4065
112 4063
113 4064
114 4066
115 4066
116 4066
117 4063
118 4067
119 4065
120 4063
121 4063
122 4065
123 4068
124 4063
125 4065
126 4062
127 4063
128 4064
129 4065
130 4063
131 4064
132 4063
133 4066
134 4065
135 4067
136 4066
137 4065
138 4063
139 4063
140 4066
141 4063
142 4063
143 4065
144 4067
145 4063
146 4066
147 4066
148 4063
149 4066
150 4063
151 4069
152 4062
153 4062
154 4065
155 4068
156 4066
157 4066
158 4063
159 4063
160 4063
161 4062
162 4066
163 4066
164 4064
165 4063
166 4066
167 4065
168 4062
169 4066
170 4062
171 4066
172 4066
173 4063
174 4066
175 4063
176 4065
177 4063
178 4067
179 4063
180 4063
181 4063
182 4063
183 4066
184 4063
185 4067
186 4062
187 4065
188 4068
189 4065
190 4063
191 4067
192 4065
193 4063
194 4067
195 4065
196 4063
197 4063
198 4066
199 4066
200 4066
201 4066
202 4063
203 4066
204 4066
205 4063
206 4066
207 4063
208 4066
209 4063
210 4065
211 4066
212 4068
213 4063
214 4066
215 4063
216 4062
217 4063
218 4062
219 4066
220 4065
221 4067
222 4064
223 4063
224 4066
225 4067
226 4066
227 4063
228 4062
229 4066
230 4065
231 4063
232 4066
233 4066
234 4063
235 4065
236 4062
237 4065
238 4068
239 4067
240 4063
241 4067
242 4066
243 4063
244 4065
245 4066
246 4063
247 4066
248 4063
249 4063
250 4063
251 4063
252 4065
253 4066
254 4066
255 4065
256 4065
257 4066
258 4063
259 4066
260 4066
261 4066
262 4063
263 4063
264 4065
265 4063
266 4066
267 4069
268 4063
269 4063
270 4065
271 4065
272 4068
273 4066
274 4065
275 4067
276 4066
277 4067
278 4062
279 4066
280 4063
281 4063
282 4063
283 4063
284 4066
285 4066
286 4066
287 4067
288 4065
289 4066
290 4062
291 4066
292 4066
293 4063
294 4063
295 4063
296 4066
297 4069
298 4066
299 4062
300 4066
301 4067
302 4062
303 4066
304 4068
305 4064
306 4065
307 4063
308 4063
309 4068
310 4066
311 4063
312 4063
313 4067
314 4066
315 4065
316 4063
317 4066
318 4063
319 4066
320 4063
321 4066
322 4066
323 4060
324 4065
325 4066
326 4065
327 4065
328 4063
329 4063
330 4063
331 4063
332 4066
333 4062
334 4062
335 4063
336 4063
337 4065
338 4063
339 4068
340 4066
341 4066
342 4063
343 4063
344 4066
345 4067
346 4067
347 4067
348 4063
349 4063
350 4065
351 4070
352 4061
353 4063
354 4066
355 4063
356 4063
357 4063
358 4065
359 4060
360 4065
361 4062
362 4065
363 4066
364 4063
365 4066
366 4062
367 4065
368 4066
369 4063
370 4062
371 4066
372 4063
373 4066
374 4063
375 4062
376 4063
377 4063
378 4066
379 4067
380 4062
381 4063
382 4063
383 4066
384 4063
385 4065
386 4063
387 4063
388 4067
389 4063
390 4062
391 4063
392 4066
393 4064
394 4063
395 4066
396 4063
397 4063
398 4066
399 4067
400 4066
401 4068
402 4062
403 4064
404 4065
405 4067
406 4063
407 4063
408 4063
409 4067
410 4067
411 4065
412 4063
413 4067
414 4066
415 4068
416 4063
417 4068
418 4065
419 4063
420 4063
421 4065
422 4063
423 4067
424 4063
425 4063
426 4066
427 4066
428 4066
429 4067
430 4062
431 4063
432 4063
433 4067
434 4062
435 4066
436 4063
437 4063
438 4066
439 4066
440 4063
441 4067
442 4066
443 4062
444 4063
445 4063
446 4065
447 4067
448 4065
449 4067
450 4070
451 4066
452 4063
453 4063
454 4065
455 4068
456 4062
457 4065
458 4065
459 4068
460 4062
461 4066
462 4065
463 4066
464 4061
465 4063
466 4063
467 4066
468 4067
469 4065
470 4063
471 4062
472 4065
473 4068
474 4066
475 4065
476 4063
477 4063
478 4065
479 4066
480 4063
481 4063
482 4066
483 4063
484 4065
485 4066
486 4067
487 4069
488 4066
489 4063
490 4067
491 4066
492 4065
493 4065
494 4067
495 4060
496 4063
497 4063
498 4067
499 4063
500 4063
501 4068
502 4060
503 4062
504 4063
505 4063
506 4062
507 4066
508 4065
509 4065
510 4066
511 4067
512 4063
513 4065
514 4065
515 4062
516 4063
517 4063
518 4067
519 4066
520 4063
521 4066
522 4065
523 4065
524 4063
525 4069
526 4066
527 4066
528 4066
529 4063
530 4062
531 4064
532 4067
533 4066
534 4063
535 4066
536 4067
537 4063
538 4066
539 4063
540 4065
541 4063
542 4066
543 4068
544 4067
545 4067
546 4063
547 4062
548 4063
549 4063
550 4065
551 4066
552 4061
553 4063
554 4066
555 4066
556 4066
557 4066
558 4065
559 4065
560 4063
561 4067
562 4063
563 4063
564 4062
565 4063
566 4063
567 4063
568 4063
569 4063
570 4061
571 4068
572 4063
573 4066
574 4063
575 4066
576 4065
577 4063
578 4063
579 4062
580 4066
581 4067
582 4063
583 4063
584 4065
585 4066
586 4062
587 4063
588 4062
589 4069
590 4066
591 4063
592 4068
593 4065
594 4065
595 4066
596 4062
597 4063
598 4063
599 4066
600 4063
601 4070
602 4063
603 4063
604 4065
605 4062
606 4066
607 4063
608 4063
609 4063
610 4063
611 4063
612 4063
613 4066
614 4068
615 4063
616 4062
617 4067
618 4062
619 4067
620 4066
621 4063
622 4063
623 4063
624 4063
625 4065
626 4063
627 4068
628 4062
629 4063
630 4061
631 4063
632 4065
633 4067
634 4062
635 4068
636 4067
637 4066
638 4063
639 4069
640 4063
641 4060
642 4066
643 4065
644 4067
645 4065
646 4064
647 4066
648 4063
649 4066
650 4063
651 4071
652 4065
653 4067
654 4066
655 4064
656 4062
657 4066
658 4063
659 4065
660 4063
661 4063
662 4063
663 4066
664 4066
665 4065
666 4062
667 4065
668 4063
669 4066
670 4068
671 4065
672 4067
673 4066
674 4063
675 4065
676 4065
677 4066
678 4062
679 4065
680 4063
681 4064
682 4065
683 4068
684 4062
685 4067
686 4066
687 4063
688 4063
689 4066
690 4063
691 4064
692 4067
693 4063
694 4063
695 4066
696 4066
697 4063
698 4062
699 4066
700 4062
701 4068
702 4062
703 4065
704 4066
705 4063
706 4068
707 4063
708 4066
709 4063
710 4063
711 4066
712 4066
713 4065
714 4063
715 4063
716 4063
717 4062
718 4068
719 4066
720 4066
721 4066
722 4063
723 4063
724 4066
725 4066
726 4065
727 4068
728 4063
729 4063
730 4063
731 4063
732 4064
733 4062
734 4064
735 4066
736 4067
737 4068
738 4068
739 4063
740 4063
741 4063
742 4065
743 4068
744 4064
745 4066
746 4065
747 4066
748 4063
749 4066
750 4066
751 4067
752 4063
753 4066
754 4063
755 4065
756 4063
757 4066
758 4066
759 4066
760 4065
761 4066
762 4063
763 4062
764 4067
765 4065
766 4065
767 4063
768 4062
769 4068
770 4066
771 4065
772 4063
773 4063
774 4062
775 4063
776 4066
777 4068
778 4065
779 4063
780 4065
781 4063
782 4066
783 4063
784 4065
785 4066
786 4063
787 4066
788 4065
789 4063
790 4063
791 4066
792 4063
793 4065
794 4066
795 4068
796 4067
797 4063
798 4062
799 4066
800 4065
801 4072
802 4061
803 4063
804 4063
805 4061
806 4063
807 4063
808 4066
809 4063
810 4063
811 4066
812 4062
813 4063
814 4062
815 4062
816 4067
817 4068
818 4061
819 4064
820 4066
821 4065
822 4065
823 4066
824 4066
825 4066
826 4065
827 4066
828 4063
829 4069
830 4063
831 4065
832 4067
833 4065
834 4066
835 4065
836 4063
837 4066
838 4066
839 4063
840 4066
841 4066
842 4063
843 4066
844 4063
845 4064
846 4065
847 4063
848 4065
849 4063
850 4067
851 4068
852 4061
853 4067
854 4065
855 4066
856 4065
857 4062
858 4063
859 4063
860 4067
861 4064
862 4063
863 4069
864 4063
865 4066
866 4063
867 4069
868 4065
869 4068
870 4068
871 4066
872 4066
873 4066
874 4066
875 4066
876 4065
877 4066
878 4063
879 4063
880 4066
881 4066
882 4065
883 4063
884 4062
885 4066
886 4064
887 4068
888 4067
889 4066
890 4063
891 4063
892 4067
893 4066
894 4065
895 4065
896 4066
897 4062
898 4063
899 4063
900 4065
901 4070
902 4066
903 4065
904 4066
905 4060
906 4066
907 4062
908 4066
909 4063
910 4067
911 4066
912 4063
913 4063
914 4065
915 4064
916 4063
917 4066
918 4063
919 4066
920 4066
921 4066
922 4066
923 4063
924 4063
925 4062
926 4063
927 4067
928 4062
929 4063
930 4063
931 4063
932 4063
933 4063
934 4066
935 4063
936 4063
937 4063
938 4065
939 4064
940 4062
941 4063
942 4065
943 4062
944 4066
945 4068
946 4063
947 4064
948 4063
949 4068
950 4065
951 4068
952 4063
953 4063
954 4067
955 4066
956 4066
957 4067
958 4063
959 4063
960 4062
961 4063
962 4062
963 4065
964 4067
965 4063
966 4066
967 4062
968 4066
969 4063
970 4066
971 4067
972 4069
973 4065
974 4063
975 4066
976 4066
977 4069
978 4066
979 4066
980 4065
981 4065
982 4061
983 4068
984 4064
985 4065
986 4063
987 4062
988 4064
989 4067
990 4062
991 4063
992 4066
993 4065
994 4067
995 4069
996 4062
997 4063
998 4066
999 4065
1000 4063
1001 4066
1002 4066
1003 4065
1004 4068
1005 4063
1006 4063
1007 4063
1008 4062
1009 4063
1010 4063
1011 4067
1012 4060
1013 4063
1014 4063
1015 4065
1016 4068
1017 4065
1018 4059
1019 4067
1020 4066
1021 4070
1022 4068
1023 4065
1024 4066
1025 4066
1026 4065
1027 4067
1028 4063
1029 4066
1030 4065
1031 4065
1032 4066
1033 4064
1034 4066
1035 4065
1036 4062
1037 4066
1038 4067
1039 4068
1040 4062
1041 4066
1042 4063
1043 4065
1044 4063
1045 4067
1046 4068
1047 4063
1048 4063
1049 4063
1050 4061
1051 4068
1052 4063
1053 4067
1054 4068
1055 4067
1056 4063
1057 4067
1058 4062
1059 4066
1060 4063
1061 4067
1062 4066
1063 4067
1064 4062
1065 4066
1066 4065
1067 4065
1068 4063
1069 4063
1070 4062
1071 4066
1072 4066
1073 4062
1074 4067
1075 4067
1076 4067
1077 4063
1078 4063
1079 4068
1080 4065
1081 4066
1082 4062
1083 4063
1084 4066
1085 4069
1086 4066
1087 4065
1088 4066
1089 4067
1090 4065
1091 4063
1092 4063
1093 4063
1094 4062
1095 4065
1096 4063
1097 4066
1098 4066
1099 4066
1100 4062
1101 4070
1102 4063
1103 4066
1104 4063
1105 4067
1106 4064
1107 4065
1108 4064
1109 4066
1110 4066
1111 4066
1112 4063
1113 4067
1114 4065
1115 4062
1116 4065
1117 4065
1118 4063
1119 4067
1120 4065
1121 4063
1122 4066
1123 4066
1124 4065
1125 4062
1126 4068
1127 4062
1128 4065
1129 4066
1130 4062
1131 4065
1132 4063
1133 4068
1134 4066
1135 4066
1136 4066
1137 4067
1138 4063
1139 4063
1140 4067
1141 4063
1142 4063
1143 4066
1144 4065
1145 4063
1146 4066
1147 4062
1148 4066
1149 4063
1150 4065
1151 4065
1152 4061
1153 4063
1154 4063
1155 4064
1156 4066
1157 4065
1158 4065
1159 4062
1160 4063
1161 4067
1162 4063
1163 4067
1164 4063
1165 4068
1166 4065
1167 4065
1168 4066
1169 4066
1170 4065
1171 4063
1172 4067
1173 4068
1174 4066
1175 4066
1176 4067
1177 4066
1178 4063
1179 4067
1180 4066
1181 4062
1182 4067
1183 4067
1184 4063
1185 4066
1186 4063
1187 4064
1188 4063
1189 4060
1190 4062
1191 4063
1192 4063
1193 4065
1194 4063
1195 4066
1196 4066
1197 4064
1198 4065
1199 4067
1200 4066
1201 4069
1202 4063
1203 4063
1204 4063
1205 4066
1206 4063
1207 4065
1208 4069
1209 4063
1210 4066
1211 4063
1212 4065
1213 4066
1214 4065
1215 4065
1216 4063
1217 4066
1218 4063
1219 4066
1220 4065
1221 4068
1222 4066
1223 4063
1224 4063
1225 4066
1226 4063
1227 4063
1228 4066
1229 4070
1230 4063
1231 4066
1232 4063
1233 4066
1234 4065
1235 4065
1236 4063
1237 4063
1238 4065
1239 4066
1240 4063
1241 4063
1242 4065
1243 4063
1244 4065
1245 4066
1246 4065
1247 4066
1248 4063
1249 4066
1250 4066
1251 4066
1252 4066
1253 4065
1254 4063
1255 4063
1256 4063
1257 4063
1258 4065
1259 4060
1260 4063
1261 4066
1262 4061
1263 4065
1264 4068
1265 4063
1266 4062
1267 4067
1268 4062
1269 4065
1270 4066
1271 4066
1272 4066
1273 4067
1274 4063
1275 4066
1276 4066
1277 4063
1278 4065
1279 4066
1280 4066
1281 4063
1282 4065
1283 4065
1284 4065
1285 4067
1286 4066
1287 4063
1288 4063
1289 4069
1290 4063
1291 4066
1292 4063
1293 4066
1294 4066
1295 4066
1296 4066
1297 4067
1298 4066
1299 4062
1300 4063
1301 4067
1302 4063
1303 4064
1304 4063
1305 4061
1306 4063
1307 4063
1308 4063
1309 4066
1310 4066
1311 4063
1312 4062
1313 4063
1314 4066
1315 4065
1316 4065
1317 4062
1318 4065
1319 4068
1320 4065
1321 4065
1322 4063
1323 4065
1324 4066
1325 4068
1326 4066
1327 4065
1328 4062
1329 4067
1330 4063
1331 4066
1332 4063
1333 4069
1334 4062
1335 4065
1336 4066
1337 4067
1338 4063
1339 4063
1340 4066
1341 4064
1342 4066
1343 4063
1344 4063
1345 4063
1346 4063
1347 4066
1348 4066
1349 4065
1350 4065
1351 4066
1352 4065
1353 4063
1354 4067
1355 4065
1356 4062
1357 4063
1358 4065
1359 4063
1360 4062
1361 4063
1362 4063
1363 4066
1364 4065
1365 4067
1366 4063
1367 4068
1368 4063
1369 4063
1370 4063
1371 4063
1372 4065
1373 4060
1374 4063
1375 4066
1376 4066
1377 4062
1378 4063
1379 4067
1380 4062
1381 4065
1382 4067
1383 4065
1384 4068
1385 4066
1386 4066
1387 4066
1388 4065
1389 4070
1390 4063
1391 4063
1392 4069
1393 4063
1394 4065
1395 4062
1396 4063
1397 4067
1398 4061
1399 4066
1400 4063
1401 4066
1402 4058
1403 4066
1404 4063
1405 4063
1406 4063
1407 4063
1408 4063
1409 4064
1410 4065
1411 4067
1412 4065
1413 4063
1414 4063
1415 4066
1416 4065
1417 4065
1418 4063
1419 4066
1420 4066
1421 4063
1422 4063
1423 4063
1424 4063
1425 4066
1426 4063
1427 4063
1428 4065
1429 4065
1430 4063
1431 4064
1432 4066
1433 4063
1434 4065
1435 4067
1436 4060
1437 4065
1438 4066
1439 4067
1440 4063
1441 4063
1442 4063
1443 4066
1444 4063
1445 4062
1446 4066
1447 4065
1448 4063
1449 4062
1450 4067
1451 4071
1452 4063
1453 4067
1454 4062
1455 4063
1456 4063
1457 4066
1458 4066
1459 4063
1460 4065
1461 4063
1462 4066
1463 4063
1464 4060
1465 4066
1466 4066
1467 4063
1468 4063
1469 4063
1470 4066
1471 4063
1472 4063
1473 4067
1474 4063
1475 4066
1476 4065
1477 4065
1478 4065
1479 4066
1480 4063
1481 4063
1482 4063
1483 4069
1484 4063
1485 4065
1486 4067
1487 4062
1488 4068
1489 4066
1490 4068
1491 4067
1492 4066
1493 4063
1494 4061
1495 4066
1496 4063
1497 4063
1498 4062
1499 4063
1500 4062
1501 4067
1502 4063
1503 4067
1504 4063
1505 4062
1506 4066
1507 4068
1508 4066
1509 4066
1510 4063
1511 4063
1512 4066
1513 4063
1514 4063
1515 4065
1516 4063
1517 4066
1518 4063
1519 4065
1520 4066
1521 4063
1522 4063
1523 4066
1524 4063
1525 4067
1526 4063
1527 4066
1528 4066
1529 4065
1530 4065
1531 4058
1532 4065
1533 4063
1534 4063
1535 4063
1536 4063
1537 4068
1538 4066
1539 4066
1540 4063
1541 4068
1542 4063
1543 4065
1544 4063
1545 4066
1546 4066
1547 4066
1548 4066
1549 4066
1550 4063
1551 4069
1552 4063
1553 4062
1554 4063
1555 4065
1556 4064
1557 4065
1558 4063
1559 4067
1560 4063
1561 4066
1562 4066
1563 4063
1564 4065
1565 4062
1566 4063
1567 4067
1568 4063
1569 4067
1570 4062
1571 4068
1572 4063
1573 4062
1574 4065
1575 4066
1576 4066
1577 4063
1578 4063
1579 4063
1580 4066
1581 4062
1582 4062
1583 4063
1584 4066
1585 4063
1586 4066
1587 4063
1588 4066
1589 4066
1590 4063
1591 4063
1592 4067
1593 4067
1594 4063
1595 4063
1596 4065
1597 4069
1598 4063
1599 4063
1600 4065
1601 4066
1602 4062
1603 4062
1604 4064
1605 4063
1606 4066
1607 4065
1608 4063
1609 4067
1610 4063
1611 4060
1612 4061
1613 4066
1614 4067
1615 4062
1616 4067
1617 4067
1618 4062
1619 4066
1620 4068
1621 4065
1622 4063
1623 4066
1624 4063
1625 4068
1626 4067
1627 4061
1628 4065
1629 4063
1630 4066
1631 4065
1632 4066
1633 4063
1634 4063
1635 4066
1636 4063
1637 4065
1638 4063
1639 4062
1640 4062
1641 4063
1642 4066
1643 4063
1644 4066
1645 4065
1646 4063
1647 4065
1648 4067
1649 4067
1650 4062
1651 4068
1652 4063
1653 4062
1654 4066
1655 4060
1656 4066
1657 4063
1658 4066
1659 4067
1660 4065
1661 4065
1662 4062
1663 4063
1664 4063
1665 4066
1666 4065
1667 4066
1668 4062
1669 4067
1670 4064
1671 4065
1672 4063
1673 4065
1674 4065
1675 4065
1676 4065
1677 4068
1678 4066
1679 4066
1680 4063
1681 4063
1682 4063
1683 4063
1684 4060
1685 4066
1686 4067
1687 4066
1688 4063
1689 4062
1690 4067
1691 4063
1692 4063
1693 4063
1694 4066
1695 4066
1696 4063
1697 4063
1698 4063
1699 4066
1700 4061
1701 4068
1702 4063
1703 4063
1704 4066
1705 4067
1706 4063
1707 4067
1708 4063
1709 4066
1710 4066
1711 4063
1712 4061
1713 4063
1714 4066
1715 4067
1716 4068
1717 4066
1718 4066
1719 4064
1720 4066
1721 4065
1722 4065
1723 4068
1724 4063
1725 4067
1726 4065
1727 4062
1728 4063
1729 4066
1730 4063
1731 4066
1732 4063
1733 4063
1734 4066
1735 4062
1736 4062
1737 4066
1738 4062
1739 4067
1740 4063
1741 4062
1742 4068
1743 4062
1744 4066
1745 4066
1746 4066
1747 4066
1748 4060
1749 4063
1750 4063
1751 4066
1752 4065
1753 4060
1754 4065
1755 4065
1756 4063
1757 4063
1758 4067
1759 4065
1760 4065
1761 4065
1762 4063
1763 4063
1764 4066
1765 4062
1766 4062
1767 4066
1768 4063
1769 4071
1770 4069
1771 4061
1772 4062
1773 4068
1774 4063
1775 4066
1776 4064
1777 4066
1778 4061
1779 4062
1780 4063
1781 4065
1782 4065
1783 4067
1784 4063
1785 4066
1786 4068
1787 4063
1788 4065
1789 4063
1790 4063
1791 4063
1792 4062
1793 4063
1794 4063
1795 4066
1796 4063
1797 4062
1798 4062
1799 4064
1800 4063
1801 4068
1802 4063
1803 4062
1804 4065
1805 4066
1806 4062
1807 4063
1808 4066
1809 4062
1810 4063
1811 4063
1812 4067
1813 4065
1814 4062
1815 4066
1816 4063
1817 4063
1818 4063
1819 4063
1820 4062
1821 4063
1822 4063
1823 4066
1824 4063
1825 4062
1826 4066
1827 4063
1828 4063
1829 4066
1830 4062
1831 4064
1832 4063
1833 4066
1834 4063
1835 4062
1836 4065
1837 4065
1838 4065
1839 4069
1840 4063
1841 4065
1842 4066
1843 4063
1844 4065
1845 4066
1846 4062
1847 4066
1848 4067
1849 4065
1850 4067
1851 4067
1852 4062
1853 4066
1854 4063
1855 4065
1856 4061
1857 4066
1858 4066
1859 4063
1860 4062
1861 4066
1862 4063
1863 4062
1864 4064
1865 4066
1866 4063
1867 4067
1868 4062
1869 4066
1870 4062
1871 4063
1872 4065
1873 4063
1874 4064
1875 4065
1876 4065
1877 4065
1878 4067
1879 4065
1880 4063
1881 4063
1882 4065
1883 4063
1884 4066
1885 4065
1886 4067
1887 4064
1888 4066
1889 4063
1890 4062
1891 4066
1892 4067
1893 4063
1894 4062
1895 4066
1896 4061
1897 4067
1898 4066
1899 4062
1900 4065
1901 4066
1902 4062
1903 4069
1904 4067
1905 4063
1906 4063
1907 4063
1908 4063
1909 4066
1910 4062
1911 4066
1912 4063
1913 4063
1914 4063
1915 4063
1916 4066
1917 4065
1918 4066
1919 4063
1920 4064
1921 4063
1922 4068
1923 4066
1924 4066
1925 4063
1926 4063
1927 4061
1928 4069
1929 4068
1930 4065
1931 4065
1932 4063
1933 4063
1934 4066
1935 4067
1936 4066
1937 4063
1938 4066
1939 4068
1940 4062
1941 4063
1942 4065
1943 4063
1944 4063
1945 4063
1946 4062
1947 4063
1948 4066
1949 4069
1950 4068
1951 4066
1952 4063
1953 4065
1954 4063
1955 4065
1956 4061
1957 4063
1958 4066
1959 4062
1960 4065
1961 4062
1962 4066
1963 4063
1964 4065
1965 4063
1966 4064
1967 4069
1968 4067
1969 4063
1970 4065
1971 4065
1972 4063
1973 4070
1974 4065
1975 4064
1976 4068
1977 4065
1978 4063
1979 4066
1980 4066
1981 4065
1982 4063
1983 4067
1984 4063
1985 4063
1986 4066
1987 4063
1988 4066
1989 4066
1990 4063
1991 4065
1992 4066
1993 4063
1994 4063
1995 4065
1996 4066
1997 4063
1998 4063
1999 4066
2000 4066
2001 4066
2002 4063
2003 4063
2004 4063
2005 4065
2006 4063
2007 4063
2008 4069
2009 4063
2010 4063
2011 4063
2012 4062
2013 4066
2014 4064
2015 4066
2016 4063
2017 4066
2018 4063
2019 4066
2020 4065
2021 4062
2022 4063
2023 4066
2024 4065
2025 4063
2026 4068
2027 4067
2028 4063
2029 4065
2030 4065
2031 4063
2032 4063
2033 4066
2034 4063
2035 4068
2036 4066
2037 4066
2038 4063
2039 4066
2040 4066
2041 4063
2042 4063
2043 4066
2044 4066
2045 4067
2046 4063
2047 4063
2048 4065
2049 4066
2050 4066
2051 4069
2052 4062
2053 4062
2054 4063
2055 4062
2056 4063
2057 4066
2058 4063
2059 4062
2060 4068
2061 4067
2062 4065
2063 4066
2064 4066
2065 4065
2066 4063
2067 4068
2068 4065
2069 4063
2070 4063
2071 4066
2072 4063
2073 4065
2074 4063
2075 4063
2076 4066
2077 4069
2078 4066
2079 4066
2080 4066
2081 4062
2082 4065
2083 4067
2084 4066
2085 4067
2086 4063
2087 4063
2088 4068
2089 4063
2090 4066
2091 4063
2092 4066
2093 4067
2094 4066
2095 4066
2096 4065
2097 4063
2098 4063
2099 4065
2100 4065
2101 4066
2102 4063
2103 4067
2104 4063
2105 4062
2106 4061
2107 4065
2108 4068
2109 4063
2110 4065
2111 4067
2112 4065
2113 4063
2114 4063
2115 4063
2116 4065
2117 4066
2118 4060
2119 4063
2120 4063
2121 4067
2122 4063
2123 4066
2124 4062
2125 4065
2126 4062
2127 4063
2128 4066
2129 4067
2130 4063
2131 4065
2132 4063
2133 4063
2134 4063
2135 4065
2136 4063
2137 4060
2138 4066
2139 4066
2140 4065
2141 4063
2142 4066
2143 4063
2144 4062
2145 4065
2146 4065
2147 4068
2148 4061
2149 4066
2150 4063
2151 4063
2152 4063
2153 4066
2154 4065
2155 4062
2156 4063
2157 4063
2158 4063
2159 4066
2160 4065
2161 4066
2162 4062
2163 4066
2164 4067
2165 4063
2166 4063
2167 4066
2168 4063
2169 4067
2170 4062
2171 4063
2172 4062
2173 4063
2174 4062
2175 4063
2176 4063
2177 4065
2178 4063
2179 4062
2180 4066
2181 4063
2182 4068
2183 4062
2184 4065
2185 4063
2186 4066
2187 4063
2188 4066
2189 4060
2190 4063
2191 4063
2192 4066
2193 4063
2194 4066
2195 4061
2196 4062
2197 4063
2198 4062
2199 4063
2200 4063
2201 4063
2202 4062
2203 4060
2204 4063
2205 4063
2206 4065
2207 4063
2208 4063
2209 4066
2210 4063
2211 4065
2212 4063
2213 4066
2214 4062
2215 4063
2216 4062
2217 4066
2218 4063
2219 4063
2220 4067
2221 4063
2222 4063
2223 4063
2224 4068
2225 4063
2226 4063
2227 4061
2228 4061
2229 4063
2230 4063
2231 4065
2232 4063
2233 4065
2234 4062
2235 4065
2236 4065
2237 4066
2238 4067
2239 4065
2240 4063
2241 4065
2242 4065
2243 4062
2244 4061
2245 4067
2246 4065
2247 4066
2248 4068
2249 4066
2250 4066
2251 4068
2252 4059
2253 4063
2254 4063
2255 4063
2256 4063
2257 4063
2258 4066
2259 4065
2260 4063
2261 4066
2262 4061
2263 4063
2264 4067
2265 4063
2266 4062
2267 4066
2268 4065
2269 4065
2270 4063
2271 4066
2272 4068
2273 4063
2274 4063
2275 4068
2276 4066
2277 4065
2278 4063
2279 4066
2280 4063
2281 4066
2282 4063
2283 4063
2284 4063
2285 4067
2286 4062
2287 4065
2288 4063
2289 4065
2290 4066
2291 4065
2292 4067
2293 4063
2294 4064
2295 4066
2296 4063
2297 4066
2298 4067
2299 4066
2300 4067
2301 4068
2302 4063
2303 4065
2304 4066
2305 4065
2306 4063
2307 4063
2308 4063
2309 4063
2310 4063
2311 4066
2312 4060
2313 4065
2314 4066
2315 4063
2316 4066
2317 4066
2318 4061
2319 4068
2320 4066
2321 4070
2322 4063
2323 4067
2324 4063
2325 4066
2326 4063
2327 4067
2328 4066
2329 4063
2330 4063
2331 4065
2332 4065
2333 4064
2334 4062
2335 4066
2336 4068
2337 4067
2338 4065
2339 4063
2340 4064
2341 4066
2342 4064
2343 4066
2344 4063
2345 4067
2346 4063
2347 4066
2348 4063
2349 4063
2350 4063
2351 4069
2352 4061
2353 4063
2354 4062
2355 4062
2356 4065
2357 4066
2358 4066
2359 4066
2360 4066
2361 4066
2362 4066
2363 4061
2364 4062
2365 4061
2366 4067
2367 4065
2368 4065
2369 4065
2370 4062
2371 4063
2372 4066
2373 4065
2374 4067
2375 4065
2376 4063
2377 4062
2378 4065
2379 4067
2380 4065
2381 4066
2382 4063
2383 4063
2384 4063
2385 4067
2386 4063
2387 4062
2388 4065
2389 4067
2390 4068
2391 4066
2392 4067
2393 4063
2394 4063
2395 4065
2396 4063
2397 4066
2398 4066
2399 4066
2400 4065
2401 4066
2402 4061
2403 4065
2404 4067
2405 4065
2406 4066
2407 4066
2408 4063
2409 4063
2410 4062
2411 4066
2412 4063
2413 4063
2414 4062
2415 4065
2416 4064
2417 4062
2418 4067
2419 4068
2420 4062
2421 4066
2422 4062
2423 4066
2424 4063
2425 4064
2426 4063
2427 4066
2428 4062
2429 4063
2430 4065
2431 4065
2432 4065
2433 4068
2434 4063
2435 4065
2436 4063
2437 4068
2438 4062
2439 4069
2440 4062
2441 4063
2442 4065
2443 4067
2444 4066
2445 4066
2446 4062
2447 4069
2448 4066
2449 4066
2450 4066
2451 4068
2452 4062
2453 4067
2454 4063
2455 4065
2456 4066
2457 4066
2458 4065
2459 4066
2460 4067
2461 4065
2462 4062
2463 4065
2464 4066
2465 4066
2466 4063
2467 4067
2468 4063
2469 4063
2470 4065
2471 4067
2472 4066
2473 4067
2474 4063
2475 4068
2476 4063
2477 4067
2478 4065
2479 4066
2480 4063
2481 4063
2482 4064
2483 4066
2484 4063
2485 4067
2486 4066
2487 4066
2488 4063
2489 4062
2490 4065
2491 4065
2492 4063
2493 4065
2494 4068
2495 4065
2496 4068
2497 4065
2498 4066
2499 4066
2500 4066
2501 4069
2502 4063
2503 4064
2504 4065
2505 4062
2506 4065
2507 4066
2508 4063
2509 4066
2510 4064
2511 4066
2512 4065
2513 4068
2514 4063
2515 4063
2516 4063
2517 4066
2518 4066
2519 4067
2520 4066
2521 4068
2522 4065
2523 4067
2524 4063
2525 4068
2526 4063
2527 4068
2528 4063
2529 4067
2530 4065
2531 4063
2532 4066
2533 4069
2534 4067
2535 4065
2536 4063
2537 4065
2538 4062
2539 4063
2540 4066
2541 4066
2542 4063
2543 4065
2544 4063
2545 4066
2546 4066
2547 4066
2548 4065
2549 4063
2550 4063
2551 4066
2552 4064
2553 4063
2554 4063
2555 4063
2556 4064
2557 4062
2558 4067
2559 4063
2560 4063
2561 4065
2562 4063
2563 4066
2564 4063
2565 4063
2566 4063
2567 4065
2568 4067
2569 4066
2570 4063
2571 4066
2572 4066
2573 4065
2574 4063
2575 4063
2576 4065
2577 4066
2578 4066
2579 4065
2580 4069
2581 4063
2582 4063
2583 4066
2584 4061
2585 4064
2586 4065
2587 4063
2588 4062
2589 4066
2590 4063
2591 4063
2592 4065
2593 4063
2594 4063
2595 4067
2596 4063
2597 4068
2598 4068
2599 4066
2600 4064
2601 4065
2602 4058
2603 4067
2604 4063
2605 4063
2606 4066
2607 4065
2608 4067
2609 4067
2610 4065
2611 4067
2612 4066
2613 4063
2614 4063
2615 4065
2616 4062
2617 4066
2618 4066
2619 4062
2620 4064
2621 4063
2622 4063
2623 4066
2624 4066
2625 4068
2626 4062
2627 4068
2628 4063
2629 4063
2630 4063
2631 4065
2632 4066
2633 4063
2634 4063
2635 4063
2636 4066
2637 4063
2638 4063
2639 4063
2640 4065
2641 4066
2642 4067
2643 4066
2644 4066
2645 4063
2646 4066
2647 4061
2648 4067
2649 4065
2650 4062
2651 4069
2652 4061
2653 4065
2654 4063
2655 4064
2656 4063
2657 4063
2658 4066
2659 4061
2660 4063
2661 4067
2662 4066
2663 4063
2664 4062
2665 4067
2666 4062
2667 4066
2668 4062
2669 4063
2670 4063
2671 4066
2672 4063
2673 4061
2674 4063
2675 4064
2676 4063
2677 4067
2678 4065
2679 4063
2680 4060
2681 4062
2682 4066
2683 4063
2684 4063
2685 4065
2686 4062
2687 4066
2688 4063
2689 4068
2690 4067
2691 4063
2692 4066
2693 4067
2694 4066
2695 4063
2696 4063
2697 4067
2698 4063
2699 4063
2700 4068
2701 4066
2702 4063
2703 4063
2704 4062
2705 4067
2706 4066
2707 4063
2708 4067
2709 4065
2710 4062
2711 4066
2712 4063
2713 4065
2714 4066
2715 4063
2716 4063
2717 4068
2718 4066
2719 4065
2720 4066
2721 4065
2722 4060
2723 4065
2724 4062
2725 4066
2726 4066
2727 4066
2728 4062
2729 4066
2730 4063
2731 4065
2732 4066
2733 4065
2734 4066
2735 4066
2736 4063
2737 4066
2738 4065
2739 4066
2740 4068
2741 4064
2742 4066
2743 4063
2744 4066
2745 4063
2746 4065
2747 4066
2748 4066
2749 4063
2750 4066
2751 4065
2752 4062
2753 4063
2754 4065
2755 4063
2756 4066
2757 4067
2758 4063
2759 4067
2760 4062
2761 4063
2762 4066
2763 4064
2764 4066
2765 4067
2766 4066
2767 4063
2768 4065
2769 4062
2770 4062
2771 4062
2772 4063
2773 4063
2774 4063
2775 4068
2776 4063
2777 4062
2778 4063
2779 4065
2780 4062
2781 4062
2782 4063
2783 4062
2784 4062
2785 4062
2786 4062
2787 4065
2788 4063
2789 4068
2790 4063
2791 4062
2792 4061
2793 4062
2794 4062
2795 4063
2796 4057
2797 4060
2798 4060
2799 4059
2800 4055
2801 4058
2802 4048
2803 4048
2804 4039
2805 4027
2806 4025
2807 4005
2808 3993
2809 3980
2810 3975
2811 3962
2812 3958
2813 3955
2814 3934
2815 3942
2816 3932
2817 3917
2818 3942
2819 3903
2820 3918
2821 3905
2822 3889
2823 3891
2824 3866
2825 3876
2826 3868
2827 3870
2828 3888
2829 3872
2830 3895
2831 3872
2832 3906
2833 3896
2834 3903
2835 3920
2836 3925
2837 3935
2838 3949
2839 3954
2840 3961
2841 3963
2842 3976
2843 3985
2844 3978
2845 3984
2846 3982
2847 3978
2848 3985
2849 3986
2850 3995
2851 4011
2852 4024
2853 4030
2854 4042
2855 4044
2856 4046
2857 4048
2858 4052
2859 4056
2860 4058
2861 4062
2862 4063
2863 4061
2864 4063
2865 4059
2866 4063
2867 4062
2868 4062
2869 4063
2870 4062
2871 4063
2872 4060
2873 4060
2874 4062
2875 4066
2876 4063
2877 4063
2878 4060
2879 4063
2880 4062
2881 4066
2882 4063
2883 4063
2884 4065
2885 4065
2886 4062
2887 4063
2888 4063
2889 4062
2890 4065
2891 4063
2892 4063
2893 4066
2894 4063
2895 4063
2896 4065
2897 4063
2898 4063
2899 4063
2900 4063
2901 4066
2902 4062
2903 4063
2904 4065
2905 4064
2906 4062
2907 4062
2908 4063
2909 4063
2910 4068
2911 4063
2912 4063
2913 4063
2914 4064
2915 4062
2916 4063
2917 4063
2918 4065
2919 4063
2920 4063
2921 4062
2922 4063
2923 4066
2924 4063
2925 4067
2926 4062
2927 4062
2928 4066
2929 4063
2930 4065
2931 4062
2932 4063
2933 4064
2934 4061
2935 4063
2936 4067
2937 4063
2938 4066
2939 4065
2940 4066
2941 4064
2942 4062
2943 4067
2944 4062
2945 4063
2946 4066
2947 4063
2948 4062
2949 4062
2950 4066
2951 4068
2952 4063
2953 4062
2954 4067
2955 4059
2956 4065
2957 4063
2958 4062
2959 4066
2960 4066
2961 4063
2962 4063
2963 4065
2964 4066
2965 4065
2966 4063
2967 4063
2968 4063
2969 4060
2970 4063
2971 4060
2972 4062
2973 4066
2974 4063
2975 4065
2976 4063
2977 4065
2978 4065
2979 4065
2980 4063
2981 4063
2982 4065
2983 4063
2984 4065
2985 4062
2986 4062
2987 4063
2988 4062
2989 4065
2990 4066
2991 4062
2992 4065
2993 4066
2994 4066
2995 4063
2996 4063
2997 4063
2998 4063
2999 4064
3000 4068
3001 4068
3002 4063
3003 4062
3004 4063
3005 4066
3006 4063
3007 4066
3008 4063
3009 4062
3010 4063
3011 4068
3012 4065
3013 4065
3014 4068
3015 4063
3016 4063
3017 4067
3018 4062
3019 4065
3020 4066
3021 4063
3022 4066
3023 4066
3024 4061
3025 4063
3026 4066
3027 4067
3028 4061
3029 4063
3030 4063
3031 4066
3032 4062
3033 4066
3034 4062
3035 4066
3036 4065
3037 4067
3038 4065
3039 4063
3040 4066
3041 4063
3042 4063
3043 4063
3044 4063
3045 4063
3046 4066
3047 4063
3048 4066
3049 4063
3050 4066
3051 4068
3052 4066
3053 4066
3054 4068
3055 4065
3056 4066
3057 4068
3058 4065
3059 4063
3060 4059
3061 4066
3062 4067
3063 4066
3064 4065
3065 4067
3066 4068
3067 4068
3068 4070
3069 4063
3070 4062
3071 4062
3072 4066
3073 4065
3074 4063
3075 4063
3076 4063
3077 4065
3078 4062
3079 4066
3080 4063
3081 4066
3082 4062
3083 4063
3084 4067
3085 4063
3086 4063
3087 4067
3088 4062
3089 4066
3090 4065
3091 4066
3092 4064
3093 4067
3094 4063
3095 4063
3096 4067
3097 4063
3098 4066
3099 4066
3100 4063
3101 4068
3102 4063
3103 4065
3104 4062
3105 4065
3106 4063
3107 4068
3108 4063
3109 4064
3110 4062
3111 4063
3112 4066
3113 4065
3114 4063
3115 4061
3116 4063
3117 4065
3118 4065
3119 4063
3120 4066
3121 4063
3122 4063
3123 4066
3124 4064
3125 4063
3126 4062
3127 4066
3128 4066
3129 4068
3130 4063
3131 4063
3132 4066
3133 4062
3134 4068
3135 4063
3136 4066
3137 4062
3138 4066
3139 4069
3140 4061
3141 4062
3142 4067
3143 4063
3144 4066
3145 4063
3146 4066
3147 4062
3148 4063
3149 4063
3150 4066
3151 4070
3152 4061
3153 4065
3154 4066
3155 4066
3156 4068
3157 4066
3158 4066
3159 4070
3160 4063
3161 4063
3162 4066
3163 4066
3164 4063
3165 4068
3166 4062
3167 4066
3168 4066
3169 4064
3170 4062
3171 4068
3172 4063
3173 4066
3174 4063
3175 4064
3176 4065
3177 4066
3178 4062
3179 4063
3180 4062
3181 4068
3182 4063
3183 4065
3184 4065
3185 4063
3186 4063
3187 4063
3188 4063
3189 4065
3190 4061
3191 4066
3192 4063
3193 4068
3194 4066
3195 4067
3196 4066
3197 4063
3198 4063
3199 4063
3200 4065
3201 4069
3202 4063
3203 4065
3204 4063
3205 4063
3206 4063
3207 4066
3208 4063
3209 4065
3210 4067
3211 4065
3212 4063
3213 4067
3214 4063
3215 4062
3216 4065
3217 4068
3218 4062
3219 4063
3220 4062
3221 4066
3222 4068
3223 4063
3224 4063
3225 4064
3226 4065
3227 4063
3228 4066
3229 4063
3230 4062
3231 4068
3232 4063
3233 4065
3234 4062
3235 4066
3236 4063
3237 4063
3238 4066
3239 4064
3240 4061
3241 4066
3242 4066
3243 4065
3244 4067
3245 4066
3246 4068
3247 4063
3248 4066
3249 4068
3250 4066
3251 4068
3252 4064
3253 4063
3254 4066
3255 4066
3256 4063
3257 4063
3258 4063
3259 4068
3260 4066
3261 4063
3262 4067
3263 4063
3264 4066
3265 4067
3266 4062
3267 4065
3268 4067
3269 4066
3270 4066
3271 4063
3272 4067
3273 4067
3274 4069
3275 4063
3276 4066
3277 4063
3278 4063
3279 4067
3280 4063
3281 4063
3282 4063
3283 4066
3284 4063
3285 4066
3286 4067
3287 4063
3288 4065
3289 4068
3290 4067
3291 4063
3292 4066
3293 4066
3294 4063
3295 4063
3296 4067
3297 4064
3298 4067
3299 4065
3300 4063
3301 4067
3302 4062
3303 4066
3304 4066
3305 4062
3306 4067
3307 4063
3308 4069
3309 4063
3310 4063
3311 4066
3312 4067
3313 4063
3314 4066
3315 4066
3316 4063
3317 4067
3318 4065
3319 4068
3320 4067
3321 4066
3322 4064
3323 4067
3324 4063
3325 4066
3326 4063
3327 4065
3328 4063
3329 4063
3330 4063
3331 4063
3332 4068
3333 4064
3334 4066
3335 4065
3336 4062
3337 4066
3338 4065
3339 4061
3340 4062
3341 4063
3342 4065
3343 4065
3344 4064
3345 4066
3346 4065
3347 4065
3348 4065
3349 4065
3350 4062
3351 4068
3352 4061
3353 4065
3354 4066
3355 4065
3356 4066
3357 4063
3358 4066
3359 4066
3360 4066
3361 4066
3362 4064
3363 4069
3364 4063
3365 4063
3366 4063
3367 4065
3368 4063
3369 4063
3370 4063
3371 4068
3372 4063
3373 4063
3374 4063
3375 4061
3376 4065
3377 4066
3378 4063
3379 4063
3380 4065
3381 4065
3382 4066
3383 4067
3384 4062
3385 4063
3386 4066
3387 4067
3388 4065
3389 4065
3390 4062
3391 4066
3392 4063
3393 4065
3394 4063
3395 4060
3396 4063
3397 4065
3398 4063
3399 4066
3400 4061
3401 4063
3402 4061
3403 4063
3404 4062
3405 4062
3406 4066
3407 4066
3408 4065
3409 4063
3410 4066
3411 4066
3412 4063
3413 4065
3414 4063
3415 4063
3416 4067
3417 4063
3418 4063
3419 4063
3420 4066
3421 4063
3422 4066
3423 4066
3424 4066
3425 4063
3426 4066
3427 4067
3428 4063
3429 4063
3430 4066
3431 4063
3432 4066
3433 4065
3434 4066
3435 4066
3436 4062
3437 4065
3438 4066
3439 4066
3440 4063
3441 4065
3442 4066
3443 4062
3444 4066
3445 4064
3446 4061
3447 4063
3448 4063
3449 4063
3450 4063
3451 4065
3452 4062
3453 4066
3454 4065
3455 4066
3456 4063
3457 4065
3458 4063
3459 4066
3460 4063
3461 4065
3462 4063
3463 4063
3464 4066
3465 4065
3466 4063
3467 4063
3468 4063
3469 4063
3470 4065
3471 4063
3472 4063
3473 4062
3474 4066
3475 4066
3476 4061
3477 4062
3478 4063
3479 4062
3480 4065
3481 4067
3482 4063
3483 4063
3484 4069
3485 4063
3486 4066
3487 4067
3488 4063
3489 4067
3490 4066
3491 4063
3492 4066
3493 4065
3494 4065
3495 4063
3496 4066
3497 4062
3498 4064
3499 4065
3500 4063
3501 4066
3502 4061
3503 4066
3504 4063
3505 4065
3506 4066
3507 4067
3508 4062
3509 4066
3510 4062
3511 4066
3512 4066
3513 4066
3514 4067
3515 4066
3516 4064
3517 4066
3518 4061
3519 4066
3520 4063
3521 4066
3522 4063
3523 4067
3524 4066
3525 4062
3526 4065
3527 4068
3528 4068
3529 4068
3530 4062
3531 4066
3532 4063
3533 4065
3534 4066
3535 4065
3536 4066
3537 4061
3538 4065
3539 4069
3540 4066
3541 4066
3542 4066
3543 4067
3544 4062
3545 4067
3546 4068
3547 4066
3548 4065
3549 4066
3550 4065
3551 4068
3552 4063
3553 4067
3554 4066
3555 4066
3556 4063
3557 4066
3558 4063
3559 4061
3560 4065
3561 4063
3562 4067
3563 4066
3564 4065
3565 4065
3566 4066
3567 4063
3568 4066
3569 4063
3570 4065
3571 4063
3572 4062
3573 4066
3574 4066
3575 4065
3576 4063
3577 4063
3578 4066
3579 4063
3580 4065
3581 4067
3582 4063
3583 4067
3584 4066
3585 4063
3586 4066
3587 4063
3588 4062
3589 4063
3590 4066
3591 4065
3592 4068
3593 4063
3594 4067
3595 4067
3596 4061
3597 4066
3598 4063
3599 4066
3600 4063
3601 4069
3602 4061
3603 4066
3604 4063
3605 4066
3606 4066
3607 4066
3608 4063
3609 4068
3610 4064
3611 4063
3612 4063
3613 4066
3614 4066
3615 4066
3616 4063
3617 4066
3618 4063
3619 4063
3620 4063
3621 4063
3622 4064
3623 4065
3624 4066
3625 4066
3626 4067
3627 4065
3628 4060
3629 4069
3630 4066
3631 4065
3632 4062
3633 4067
3634 4063
3635 4066
3636 4067
3637 4065
3638 4062
3639 4062
3640 4068
3641 4063
3642 4063
3643 4065
3644 4063
3645 4066
3646 4066
3647 4063
3648 4063
3649 4064
3650 4066
3651 4066
3652 4061
3653 4063
3654 4066
3655 4062
3656 4064
3657 4062
3658 4066
3659 4063
3660 4063
3661 4065
3662 4063
3663 4063
3664 4065
3665 4068
3666 4063
3667 4066
3668 4063
3669 4063
3670 4063
3671 4066
3672 4063
3673 4063
3674 4068
3675 4063
3676 4065
3677 4066
3678 4068
3679 4068
3680 4063
3681 4066
3682 4063
3683 4066
3684 4063
3685 4068
3686 4066
3687 4067
3688 4063
3689 4062
3690 4063
3691 4066
3692 4063
3693 4063
3694 4063
