#Data from the TCD1304 linear CCD
#column 1 = pixelnumber , column 2 = pixelvalue
#Pixel 1-32 and 3679-3694 and are dummy pixels
#SH-period: 200    ICG-period: 100000    Integration time: 100.0 us
2 4037
3 4038
4 4060
5 4061
6 4057
7 4057
8 4056
9 4057
10 4060
11 4057
12 4058
13 4057
14 4055
15 4054
16 4056
17 4052
18 4054
19 4059
20 4054
21 4054
22 4054
23 4056
24 4057
25 4055
26 4056
27 4060
28 4054
29 4058
30 4058
31 4056
32 4058
34 4054
35 4056
36 4056
37 4054
38 4055
39 4053
40 4056
41 4062
42 4057
43 4056
44 4055
45 4061
46 4056
47 4057
48 4056
49 4057
50 4054
51 4060
52 4056
53 4056
54 4056
55 4059
56 4054
57 4058
58 4056
59 4056
60 4060
61 4057
62 4056
63 4060
64 4057
65 4057
66 4056
67 4054
68 4058
69 4057
70 4055
71 4058
72 4056
73 4059
74 4057
75 4057
76 4058
77 4056
78 4059
79 4056
80 4056
81 4057
82 4056
83 4057
84 4056
85 4059
86 4060
87 4056
88 4056
89 4057
90 4053
91 4056
92 4058
93 4057
94 4058
95 4059
96 4058
97 4058
98 4056
99 4058
100 4054
101 4059
102 4054
103 4056
104 4057
105 4057
106 4054
107 4057
108 4056
109 4056
110 4056
111 4057
112 4056
113 4056
114 4056
115 4059
116 4061
117 4058
118 4058
119 4058
120 4057
121 4054
122 4054
123 4055
124 4055
125 4056
126 4056
127 4060
128 4054
129 4056
130 4056
131 4056
132 4058
133 4058
134 4055
135 4056
136 4056
137 4058
138 4058
139 4059
140 4058
141 4056
142 4055
143 4057
144 4056
145 4056
146 4058
147 4056
148 4056
149 4057
150 4058
151 4060
152 4051
153 4058
154 4059
155 4058
156 4056
157 4056
158 4057
159 4059
160 4054
161 4057
162 4056
163 4054
164 4056
165 4058
166 4056
167 4056
168 4057
169 4058
170 4056
171 4056
172 4058
173 4055
174 4059
175 4058
176 4057
177 4056
178 4057
179 4059
180 4057
181 4058
182 4056
183 4056
184 4056
185 4056
186 4058
187 4054
188 4056
189 4057
190 4058
191 4059
192 4056
193 4056
194 4059
195 4056
196 4054
197 4053
198 4056
199 4056
200 4055
201 4056
202 4057
203 4057
204 4056
205 4059
206 4055
207 4055
208 4054
209 4059
210 4060
211 4058
212 4056
213 4054
214 4056
215 4057
216 4057
217 4058
218 4058
219 4056
220 4059
221 4057
222 4053
223 4052
224 4056
225 4058
226 4055
227 4057
228 4054
229 4058
230 4058
231 4055
232 4056
233 4057
234 4057
235 4056
236 4054
237 4056
238 4058
239 4056
240 4057
241 4055
242 4059
243 4056
244 4057
245 4057
246 4057
247 4053
248 4059
249 4058
250 4053
251 4062
252 4055
253 4054
254 4057
255 4057
256 4056
257 4056
258 4056
259 4059
260 4056
261 4056
262 4059
263 4054
264 4058
265 4056
266 4058
267 4059
268 4055
269 4059
270 4055
271 4058
272 4055
273 4056
274 4056
275 4056
276 4057
277 4058
278 4056
279 4057
280 4059
281 4059
282 4053
283 4056
284 4060
285 4054
286 4056
287 4057
288 4058
289 4057
290 4056
291 4057
292 4060
293 4056
294 4058
295 4055
296 4052
297 4058
298 4056
299 4054
300 4051
301 4059
302 4053
303 4057
304 4055
305 4057
306 4058
307 4055
308 4059
309 4057
310 4056
311 4056
312 4056
313 4057
314 4056
315 4059
316 4054
317 4057
318 4056
319 4056
320 4056
321 4058
322 4053
323 4058
324 4060
325 4056
326 4059
327 4057
328 4059
329 4057
330 4058
331 4056
332 4058
333 4056
334 4056
335 4056
336 4057
337 4055
338 4054
339 4057
340 4057
341 4055
342 4054
343 4056
344 4057
345 4054
346 4057
347 4055
348 4056
349 4060
350 4056
351 4060
352 4056
353 4056
354 4058
355 4054
356 4056
357 4057
358 4059
359 4055
360 4060
361 4057
362 4056
363 4059
364 4056
365 4057
366 4056
367 4057
368 4056
369 4057
370 4057
371 4058
372 4057
373 4057
374 4056
375 4056
376 4057
377 4057
378 4056
379 4058
380 4053
381 4061
382 4054
383 4056
384 4057
385 4057
386 4054
387 4057
388 4058
389 4057
390 4059
391 4058
392 4058
393 4057
394 4059
395 4056
396 4058
397 4054
398 4055
399 4060
400 4056
401 4060
402 4051
403 4056
404 4056
405 4058
406 4056
407 4056
408 4056
409 4057
410 4056
411 4054
412 4058
413 4056
414 4056
415 4059
416 4057
417 4057
418 4056
419 4055
420 4057
421 4058
422 4057
423 4055
424 4058
425 4056
426 4057
427 4058
428 4053
429 4055
430 4056
431 4056
432 4058
433 4053
434 4054
435 4056
436 4056
437 4059
438 4058
439 4059
440 4054
441 4056
442 4057
443 4058
444 4053
445 4056
446 4056
447 4056
448 4056
449 4059
450 4056
451 4063
452 4052
453 4053
454 4056
455 4057
456 4056
457 4056
458 4056
459 4059
460 4056
461 4054
462 4058
463 4056
464 4056
465 4058
466 4056
467 4054
468 4054
469 4058
470 4055
471 4055
472 4054
473 4056
474 4056
475 4057
476 4057
477 4056
478 4054
479 4057
480 4056
481 4055
482 4057
483 4056
484 4056
485 4054
486 4056
487 4056
488 4056
489 4058
490 4053
491 4056
492 4052
493 4057
494 4054
495 4056
496 4055
497 4054
498 4056
499 4052
500 4054
501 4057
502 4051
503 4056
504 4055
505 4054
506 4056
507 4056
508 4054
509 4056
510 4056
511 4057
512 4053
513 4054
514 4057
515 4054
516 4055
517 4056
518 4056
519 4058
520 4057
521 4056
522 4056
523 4058
524 4056
525 4056
526 4058
527 4058
528 4055
529 4056
530 4053
531 4056
532 4056
533 4057
534 4054
535 4057
536 4053
537 4055
538 4057
539 4057
540 4057
541 4058
542 4059
543 4058
544 4056
545 4056
546 4056
547 4057
548 4054
549 4058
550 4054
551 4063
552 4056
553 4057
554 4057
555 4057
556 4056
557 4053
558 4057
559 4059
560 4056
561 4057
562 4055
563 4056
564 4057
565 4057
566 4058
567 4054
568 4058
569 4057
570 4058
571 4054
572 4056
573 4058
574 4056
575 4057
576 4057
577 4053
578 4057
579 4052
580 4057
581 4057
582 4056
583 4057
584 4060
585 4057
586 4058
587 4057
588 4055
589 4057
590 4056
591 4057
592 4054
593 4057
594 4057
595 4056
596 4056
597 4057
598 4056
599 4056
600 4057
601 4056
602 4054
603 4056
604 4054
605 4058
606 4061
607 4059
608 4059
609 4057
610 4056
611 4056
612 4057
613 4054
614 4058
615 4058
616 4059
617 4058
618 4059
619 4057
620 4059
621 4060
622 4057
623 4057
624 4057
625 4056
626 4059
627 4054
628 4056
629 4058
630 4057
631 4054
632 4056
633 4054
634 4058
635 4057
636 4057
637 4056
638 4056
639 4060
640 4057
641 4056
642 4058
643 4059
644 4056
645 4053
646 4058
647 4057
648 4059
649 4056
650 4057
651 4058
652 4053
653 4055
654 4054
655 4056
656 4055
657 4057
658 4056
659 4056
660 4057
661 4056
662 4058
663 4057
664 4056
665 4055
666 4056
667 4053
668 4056
669 4057
670 4058
671 4059
672 4055
673 4055
674 4056
675 4057
676 4060
677 4059
678 4056
679 4057
680 4057
681 4060
682 4059
683 4058
684 4056
685 4054
686 4053
687 4056
688 4056
689 4058
690 4056
691 4056
692 4056
693 4061
694 4057
695 4054
696 4055
697 4054
698 4053
699 4059
700 4056
701 4059
702 4053
703 4058
704 4056
705 4058
706 4058
707 4058
708 4056
709 4056
710 4056
711 4053
712 4056
713 4059
714 4056
715 4058
716 4056
717 4057
718 4057
719 4057
720 4058
721 4056
722 4054
723 4058
724 4058
725 4058
726 4057
727 4057
728 4059
729 4057
730 4061
731 4057
732 4056
733 4060
734 4056
735 4057
736 4056
737 4056
738 4058
739 4057
740 4058
741 4061
742 4058
743 4057
744 4056
745 4056
746 4057
747 4054
748 4057
749 4057
750 4053
751 4061
752 4051
753 4055
754 4056
755 4055
756 4058
757 4059
758 4054
759 4056
760 4060
761 4057
762 4054
763 4054
764 4054
765 4058
766 4057
767 4056
768 4057
769 4057
770 4057
771 4056
772 4055
773 4059
774 4058
775 4056
776 4057
777 4059
778 4054
779 4058
780 4055
781 4058
782 4058
783 4058
784 4057
785 4060
786 4058
787 4055
788 4052
789 4057
790 4056
791 4056
792 4055
793 4056
794 4057
795 4058
796 4056
797 4055
798 4058
799 4059
800 4054
801 4059
802 4056
803 4057
804 4056
805 4059
806 4056
807 4060
808 4057
809 4053
810 4055
811 4057
812 4059
813 4054
814 4058
815 4058
816 4057
817 4058
818 4056
819 4062
820 4057
821 4058
822 4056
823 4056
824 4058
825 4056
826 4055
827 4057
828 4057
829 4056
830 4057
831 4059
832 4057
833 4056
834 4060
835 4057
836 4055
837 4059
838 4057
839 4056
840 4058
841 4057
842 4058
843 4061
844 4057
845 4058
846 4057
847 4058
848 4058
849 4058
850 4057
851 4062
852 4054
853 4057
854 4055
855 4057
856 4056
857 4057
858 4057
859 4058
860 4058
861 4059
862 4057
863 4059
864 4055
865 4058
866 4058
867 4056
868 4059
869 4059
870 4057
871 4057
872 4058
873 4057
874 4053
875 4057
876 4058
877 4058
878 4059
879 4058
880 4057
881 4058
882 4057
883 4059
884 4058
885 4056
886 4059
887 4058
888 4059
889 4057
890 4058
891 4057
892 4056
893 4058
894 4058
895 4055
896 4058
897 4059
898 4056
899 4056
900 4057
901 4061
902 4054
903 4055
904 4057
905 4058
906 4056
907 4054
908 4056
909 4057
910 4057
911 4060
912 4056
913 4057
914 4057
915 4054
916 4059
917 4057
918 4058
919 4060
920 4058
921 4056
922 4056
923 4054
924 4057
925 4055
926 4055
927 4056
928 4058
929 4056
930 4056
931 4059
932 4056
933 4056
934 4056
935 4057
936 4056
937 4060
938 4056
939 4057
940 4053
941 4059
942 4057
943 4056
944 4054
945 4056
946 4056
947 4058
948 4060
949 4056
950 4056
951 4059
952 4055
953 4059
954 4056
955 4059
956 4058
957 4055
958 4056
959 4059
960 4058
961 4057
962 4054
963 4056
964 4055
965 4055
966 4057
967 4054
968 4057
969 4056
970 4057
971 4057
972 4056
973 4054
974 4055
975 4053
976 4055
977 4056
978 4054
979 4057
980 4058
981 4056
982 4058
983 4056
984 4056
985 4058
986 4053
987 4058
988 4057
989 4056
990 4055
991 4055
992 4058
993 4056
994 4056
995 4057
996 4057
997 4059
998 4054
999 4056
1000 4055
1001 4059
1002 4056
1003 4058
1004 4056
1005 4056
1006 4056
1007 4054
1008 4054
1009 4059
1010 4056
1011 4058
1012 4056
1013 4057
1014 4056
1015 4056
1016 4057
1017 4056
1018 4055
1019 4057
1020 4056
1021 4058
1022 4056
1023 4054
1024 4057
1025 4055
1026 4058
1027 4058
1028 4059
1029 4058
1030 4057
1031 4058
1032 4056
1033 4057
1034 4055
1035 4058
1036 4058
1037 4057
1038 4058
1039 4056
1040 4058
1041 4057
1042 4055
1043 4059
1044 4053
1045 4058
1046 4054
1047 4059
1048 4054
1049 4058
1050 4054
1051 4059
1052 4056
1053 4057
1054 4058
1055 4058
1056 4057
1057 4061
1058 4057
1059 4055
1060 4057
1061 4056
1062 4058
1063 4059
1064 4057
1065 4058
1066 4060
1067 4056
1068 4057
1069 4057
1070 4057
1071 4055
1072 4053
1073 4057
1074 4056
1075 4056
1076 4056
1077 4058
1078 4057
1079 4058
1080 4053
1081 4057
1082 4057
1083 4056
1084 4059
1085 4056
1086 4060
1087 4056
1088 4057
1089 4056
1090 4057
1091 4058
1092 4053
1093 4056
1094 4058
1095 4058
1096 4058
1097 4056
1098 4059
1099 4058
1100 4058
1101 4060
1102 4051
1103 4058
1104 4058
1105 4059
1106 4059
1107 4056
1108 4060
1109 4058
1110 4056
1111 4055
1112 4058
1113 4056
1114 4060
1115 4057
1116 4056
1117 4057
1118 4056
1119 4056
1120 4053
1121 4057
1122 4059
1123 4057
1124 4056
1125 4059
1126 4057
1127 4057
1128 4058
1129 4056
1130 4059
1131 4058
1132 4056
1133 4056
1134 4057
1135 4058
1136 4054
1137 4057
1138 4056
1139 4056
1140 4055
1141 4057
1142 4058
1143 4056
1144 4056
1145 4059
1146 4056
1147 4057
1148 4055
1149 4056
1150 4056
1151 4059
1152 4054
1153 4058
1154 4054
1155 4059
1156 4056
1157 4055
1158 4057
1159 4056
1160 4052
1161 4056
1162 4056
1163 4054
1164 4055
1165 4056
1166 4057
1167 4057
1168 4057
1169 4055
1170 4059
1171 4056
1172 4057
1173 4056
1174 4057
1175 4057
1176 4056
1177 4055
1178 4057
1179 4057
1180 4056
1181 4057
1182 4058
1183 4060
1184 4057
1185 4056
1186 4056
1187 4058
1188 4059
1189 4056
1190 4061
1191 4059
1192 4057
1193 4055
1194 4053
1195 4057
1196 4057
1197 4056
1198 4058
1199 4059
1200 4059
1201 4061
1202 4053
1203 4052
1204 4058
1205 4056
1206 4057
1207 4059
1208 4054
1209 4056
1210 4056
1211 4056
1212 4056
1213 4056
1214 4056
1215 4056
1216 4056
1217 4055
1218 4057
1219 4056
1220 4056
1221 4057
1222 4056
1223 4057
1224 4055
1225 4057
1226 4055
1227 4056
1228 4057
1229 4056
1230 4057
1231 4056
1232 4053
1233 4056
1234 4056
1235 4059
1236 4056
1237 4056
1238 4056
1239 4056
1240 4056
1241 4058
1242 4059
1243 4058
1244 4056
1245 4055
1246 4059
1247 4056
1248 4057
1249 4058
1250 4056
1251 4058
1252 4051
1253 4056
1254 4054
1255 4059
1256 4056
1257 4056
1258 4056
1259 4057
1260 4055
1261 4056
1262 4056
1263 4057
1264 4057
1265 4055
1266 4056
1267 4059
1268 4056
1269 4056
1270 4056
1271 4058
1272 4057
1273 4058
1274 4057
1275 4057
1276 4058
1277 4056
1278 4056
1279 4056
1280 4057
1281 4059
1282 4054
1283 4055
1284 4057
1285 4060
1286 4057
1287 4057
1288 4058
1289 4056
1290 4057
1291 4058
1292 4054
1293 4056
1294 4056
1295 4057
1296 4055
1297 4054
1298 4057
1299 4056
1300 4056
1301 4059
1302 4053
1303 4058
1304 4056
1305 4057
1306 4057
1307 4059
1308 4057
1309 4057
1310 4056
1311 4055
1312 4057
1313 4056
1314 4054
1315 4057
1316 4057
1317 4056
1318 4057
1319 4056
1320 4056
1321 4056
1322 4056
1323 4059
1324 4057
1325 4056
1326 4060
1327 4055
1328 4056
1329 4056
1330 4056
1331 4058
1332 4056
1333 4057
1334 4058
1335 4058
1336 4056
1337 4060
1338 4052
1339 4057
1340 4058
1341 4056
1342 4056
1343 4058
1344 4059
1345 4056
1346 4052
1347 4057
1348 4055
1349 4055
1350 4056
1351 4060
1352 4056
1353 4057
1354 4057
1355 4056
1356 4058
1357 4056
1358 4056
1359 4056
1360 4058
1361 4059
1362 4056
1363 4056
1364 4056
1365 4059
1366 4059
1367 4053
1368 4057
1369 4057
1370 4053
1371 4057
1372 4057
1373 4056
1374 4059
1375 4058
1376 4059
1377 4057
1378 4059
1379 4056
1380 4057
1381 4052
1382 4056
1383 4057
1384 4056
1385 4056
1386 4058
1387 4056
1388 4056
1389 4054
1390 4057
1391 4053
1392 4058
1393 4057
1394 4058
1395 4058
1396 4056
1397 4055
1398 4059
1399 4057
1400 4060
1401 4060
1402 4053
1403 4061
1404 4057
1405 4053
1406 4055
1407 4056
1408 4057
1409 4054
1410 4057
1411 4058
1412 4056
1413 4055
1414 4056
1415 4058
1416 4056
1417 4057
1418 4056
1419 4055
1420 4057
1421 4059
1422 4058
1423 4057
1424 4057
1425 4056
1426 4060
1427 4059
1428 4057
1429 4057
1430 4059
1431 4058
1432 4057
1433 4056
1434 4059
1435 4056
1436 4058
1437 4057
1438 4059
1439 4056
1440 4056
1441 4058
1442 4056
1443 4057
1444 4057
1445 4057
1446 4055
1447 4058
1448 4059
1449 4057
1450 4056
1451 4059
1452 4053
1453 4059
1454 4058
1455 4058
1456 4058
1457 4057
1458 4057
1459 4057
1460 4057
1461 4058
1462 4054
1463 4056
1464 4056
1465 4054
1466 4057
1467 4057
1468 4058
1469 4056
1470 4058
1471 4060
1472 4056
1473 4057
1474 4059
1475 4058
1476 4056
1477 4054
1478 4054
1479 4056
1480 4057
1481 4054
1482 4059
1483 4057
1484 4055
1485 4056
1486 4056
1487 4059
1488 4056
1489 4058
1490 4056
1491 4057
1492 4057
1493 4058
1494 4059
1495 4058
1496 4059
1497 4057
1498 4058
1499 4054
1500 4057
1501 4059
1502 4056
1503 4058
1504 4054
1505 4059
1506 4058
1507 4058
1508 4053
1509 4060
1510 4056
1511 4054
1512 4059
1513 4058
1514 4056
1515 4057
1516 4057
1517 4056
1518 4057
1519 4056
1520 4055
1521 4057
1522 4057
1523 4056
1524 4056
1525 4053
1526 4057
1527 4058
1528 4059
1529 4057
1530 4061
1531 4056
1532 4057
1533 4057
1534 4054
1535 4056
1536 4055
1537 4058
1538 4057
1539 4058
1540 4054
1541 4058
1542 4056
1543 4055
1544 4057
1545 4056
1546 4056
1547 4058
1548 4057
1549 4055
1550 4058
1551 4063
1552 4052
1553 4059
1554 4054
1555 4059
1556 4056
1557 4053
1558 4055
1559 4056
1560 4057
1561 4060
1562 4056
1563 4058
1564 4059
1565 4053
1566 4057
1567 4058
1568 4056
1569 4058
1570 4056
1571 4057
1572 4058
1573 4058
1574 4057
1575 4058
1576 4056
1577 4057
1578 4058
1579 4057
1580 4056
1581 4057
1582 4055
1583 4056
1584 4059
1585 4058
1586 4056
1587 4055
1588 4057
1589 4055
1590 4059
1591 4056
1592 4056
1593 4058
1594 4058
1595 4059
1596 4056
1597 4056
1598 4056
1599 4057
1600 4056
1601 4063
1602 4054
1603 4057
1604 4058
1605 4054
1606 4057
1607 4057
1608 4056
1609 4055
1610 4057
1611 4056
1612 4056
1613 4058
1614 4055
1615 4059
1616 4057
1617 4058
1618 4054
1619 4056
1620 4053
1621 4056
1622 4057
1623 4058
1624 4056
1625 4057
1626 4058
1627 4057
1628 4054
1629 4058
1630 4053
1631 4053
1632 4056
1633 4058
1634 4058
1635 4057
1636 4060
1637 4058
1638 4058
1639 4053
1640 4057
1641 4058
1642 4055
1643 4058
1644 4056
1645 4058
1646 4057
1647 4057
1648 4057
1649 4058
1650 4058
1651 4056
1652 4055
1653 4055
1654 4056
1655 4056
1656 4056
1657 4058
1658 4059
1659 4056
1660 4056
1661 4056
1662 4056
1663 4056
1664 4056
1665 4056
1666 4058
1667 4056
1668 4059
1669 4058
1670 4058
1671 4056
1672 4059
1673 4058
1674 4058
1675 4055
1676 4057
1677 4062
1678 4057
1679 4059
1680 4057
1681 4057
1682 4057
1683 4057
1684 4055
1685 4056
1686 4059
1687 4055
1688 4059
1689 4057
1690 4059
1691 4057
1692 4056
1693 4060
1694 4059
1695 4057
1696 4054
1697 4058
1698 4056
1699 4059
1700 4057
1701 4060
1702 4054
1703 4057
1704 4056
1705 4054
1706 4055
1707 4056
1708 4054
1709 4056
1710 4053
1711 4057
1712 4053
1713 4058
1714 4056
1715 4056
1716 4058
1717 4059
1718 4054
1719 4056
1720 4059
1721 4057
1722 4058
1723 4058
1724 4056
1725 4056
1726 4059
1727 4056
1728 4056
1729 4054
1730 4057
1731 4058
1732 4057
1733 4057
1734 4057
1735 4058
1736 4058
1737 4059
1738 4057
1739 4061
1740 4055
1741 4056
1742 4058
1743 4056
1744 4058
1745 4059
1746 4056
1747 4058
1748 4059
1749 4060
1750 4060
1751 4061
1752 4052
1753 4055
1754 4059
1755 4056
1756 4056
1757 4057
1758 4054
1759 4056
1760 4056
1761 4056
1762 4056
1763 4057
1764 4056
1765 4056
1766 4057
1767 4058
1768 4054
1769 4059
1770 4056
1771 4057
1772 4056
1773 4056
1774 4057
1775 4056
1776 4057
1777 4056
1778 4058
1779 4058
1780 4056
1781 4057
1782 4056
1783 4054
1784 4057
1785 4057
1786 4057
1787 4058
1788 4058
1789 4057
1790 4056
1791 4055
1792 4056
1793 4056
1794 4055
1795 4051
1796 4056
1797 4056
1798 4057
1799 4056
1800 4055
1801 4056
1802 4055
1803 4056
1804 4056
1805 4059
1806 4058
1807 4058
1808 4057
1809 4056
1810 4058
1811 4058
1812 4058
1813 4058
1814 4057
1815 4054
1816 4061
1817 4056
1818 4056
1819 4057
1820 4057
1821 4056
1822 4056
1823 4056
1824 4059
1825 4056
1826 4058
1827 4053
1828 4056
1829 4056
1830 4055
1831 4058
1832 4058
1833 4053
1834 4060
1835 4057
1836 4057
1837 4058
1838 4057
1839 4056
1840 4057
1841 4057
1842 4058
1843 4056
1844 4057
1845 4058
1846 4054
1847 4055
1848 4058
1849 4057
1850 4054
1851 4061
1852 4054
1853 4058
1854 4057
1855 4056
1856 4058
1857 4057
1858 4057
1859 4057
1860 4056
1861 4056
1862 4053
1863 4059
1864 4056
1865 4057
1866 4056
1867 4058
1868 4056
1869 4056
1870 4056
1871 4058
1872 4055
1873 4056
1874 4055
1875 4053
1876 4054
1877 4054
1878 4056
1879 4060
1880 4056
1881 4056
1882 4054
1883 4054
1884 4057
1885 4055
1886 4055
1887 4057
1888 4057
1889 4053
1890 4058
1891 4056
1892 4058
1893 4058
1894 4056
1895 4056
1896 4061
1897 4056
1898 4053
1899 4057
1900 4059
1901 4062
1902 4055
1903 4056
1904 4055
1905 4056
1906 4058
1907 4055
1908 4057
1909 4056
1910 4054
1911 4056
1912 4053
1913 4057
1914 4055
1915 4056
1916 4056
1917 4058
1918 4057
1919 4057
1920 4056
1921 4057
1922 4056
1923 4055
1924 4057
1925 4054
1926 4056
1927 4054
1928 4056
1929 4056
1930 4056
1931 4059
1932 4056
1933 4056
1934 4056
1935 4060
1936 4054
1937 4059
1938 4060
1939 4059
1940 4057
1941 4057
1942 4056
1943 4058
1944 4058
1945 4056
1946 4059
1947 4058
1948 4055
1949 4057
1950 4053
1951 4058
1952 4056
1953 4056
1954 4057
1955 4057
1956 4055
1957 4057
1958 4056
1959 4056
1960 4056
1961 4056
1962 4061
1963 4056
1964 4052
1965 4056
1966 4059
1967 4056
1968 4054
1969 4057
1970 4057
1971 4058
1972 4059
1973 4056
1974 4057
1975 4053
1976 4059
1977 4057
1978 4056
1979 4056
1980 4058
1981 4056
1982 4056
1983 4057
1984 4057
1985 4060
1986 4053
1987 4057
1988 4056
1989 4059
1990 4055
1991 4058
1992 4059
1993 4056
1994 4055
1995 4054
1996 4054
1997 4054
1998 4058
1999 4054
2000 4056
2001 4060
2002 4053
2003 4056
2004 4059
2005 4057
2006 4056
2007 4058
2008 4058
2009 4056
2010 4058
2011 4057
2012 4061
2013 4058
2014 4055
2015 4057
2016 4056
2017 4058
2018 4057
2019 4056
2020 4056
2021 4054
2022 4056
2023 4057
2024 4056
2025 4056
2026 4057
2027 4055
2028 4056
2029 4057
2030 4060
2031 4057
2032 4057
2033 4056
2034 4059
2035 4057
2036 4059
2037 4057
2038 4058
2039 4058
2040 4057
2041 4056
2042 4056
2043 4055
2044 4056
2045 4060
2046 4058
2047 4058
2048 4056
2049 4059
2050 4056
2051 4062
2052 4053
2053 4058
2054 4055
2055 4060
2056 4057
2057 4057
2058 4056
2059 4057
2060 4059
2061 4056
2062 4056
2063 4061
2064 4056
2065 4057
2066 4056
2067 4056
2068 4058
2069 4055
2070 4057
2071 4057
2072 4058
2073 4057
2074 4055
2075 4054
2076 4059
2077 4056
2078 4057
2079 4058
2080 4057
2081 4057
2082 4056
2083 4057
2084 4056
2085 4056
2086 4057
2087 4057
2088 4059
2089 4058
2090 4056
2091 4058
2092 4058
2093 4057
2094 4057
2095 4058
2096 4055
2097 4057
2098 4058
2099 4058
2100 4055
2101 4062
2102 4056
2103 4058
2104 4058
2105 4060
2106 4057
2107 4056
2108 4056
2109 4057
2110 4057
2111 4057
2112 4057
2113 4056
2114 4059
2115 4056
2116 4059
2117 4056
2118 4056
2119 4054
2120 4058
2121 4055
2122 4057
2123 4055
2124 4056
2125 4059
2126 4054
2127 4057
2128 4056
2129 4060
2130 4057
2131 4056
2132 4059
2133 4056
2134 4056
2135 4057
2136 4056
2137 4057
2138 4058
2139 4056
2140 4058
2141 4055
2142 4056
2143 4058
2144 4056
2145 4059
2146 4054
2147 4060
2148 4054
2149 4056
2150 4056
2151 4059
2152 4051
2153 4056
2154 4057
2155 4057
2156 4054
2157 4056
2158 4056
2159 4060
2160 4054
2161 4058
2162 4057
2163 4057
2164 4054
2165 4055
2166 4059
2167 4059
2168 4057
2169 4056
2170 4056
2171 4057
2172 4056
2173 4057
2174 4054
2175 4059
2176 4057
2177 4056
2178 4053
2179 4057
2180 4057
2181 4056
2182 4056
2183 4060
2184 4056
2185 4058
2186 4055
2187 4056
2188 4060
2189 4056
2190 4058
2191 4059
2192 4056
2193 4059
2194 4057
2195 4055
2196 4059
2197 4057
2198 4057
2199 4054
2200 4057
2201 4062
2202 4056
2203 4054
2204 4059
2205 4059
2206 4056
2207 4059
2208 4057
2209 4056
2210 4054
2211 4057
2212 4057
2213 4056
2214 4058
2215 4060
2216 4057
2217 4056
2218 4056
2219 4059
2220 4058
2221 4056
2222 4058
2223 4056
2224 4058
2225 4057
2226 4059
2227 4057
2228 4056
2229 4055
2230 4057
2231 4060
2232 4059
2233 4058
2234 4056
2235 4058
2236 4058
2237 4056
2238 4059
2239 4055
2240 4057
2241 4056
2242 4057
2243 4057
2244 4055
2245 4059
2246 4056
2247 4056
2248 4057
2249 4057
2250 4056
2251 4063
2252 4055
2253 4060
2254 4056
2255 4057
2256 4056
2257 4058
2258 4059
2259 4057
2260 4058
2261 4057
2262 4053
2263 4060
2264 4057
2265 4059
2266 4056
2267 4058
2268 4056
2269 4057
2270 4056
2271 4058
2272 4059
2273 4058
2274 4056
2275 4058
2276 4058
2277 4059
2278 4057
2279 4056
2280 4057
2281 4056
2282 4056
2283 4059
2284 4055
2285 4059
2286 4057
2287 4053
2288 4053
2289 4058
2290 4055
2291 4056
2292 4057
2293 4058
2294 4054
2295 4056
2296 4058
2297 4056
2298 4055
2299 4056
2300 4056
2301 4059
2302 4051
2303 4059
2304 4059
2305 4054
2306 4055
2307 4059
2308 4057
2309 4056
2310 4056
2311 4056
2312 4053
2313 4058
2314 4057
2315 4057
2316 4056
2317 4057
2318 4056
2319 4059
2320 4056
2321 4058
2322 4058
2323 4056
2324 4057
2325 4056
2326 4054
2327 4058
2328 4058
2329 4055
2330 4058
2331 4054
2332 4056
2333 4059
2334 4057
2335 4056
2336 4056
2337 4053
2338 4056
2339 4056
2340 4054
2341 4056
2342 4056
2343 4058
2344 4058
2345 4059
2346 4057
2347 4057
2348 4055
2349 4057
2350 4057
2351 4059
2352 4051
2353 4056
2354 4054
2355 4054
2356 4057
2357 4055
2358 4058
2359 4058
2360 4056
2361 4055
2362 4056
2363 4057
2364 4054
2365 4057
2366 4053
2367 4054
2368 4054
2369 4057
2370 4058
2371 4057
2372 4056
2373 4058
2374 4057
2375 4056
2376 4057
2377 4056
2378 4052
2379 4056
2380 4057
2381 4052
2382 4056
2383 4057
2384 4054
2385 4058
2386 4057
2387 4054
2388 4056
2389 4056
2390 4058
2391 4056
2392 4057
2393 4057
2394 4054
2395 4056
2396 4059
2397 4058
2398 4059
2399 4058
2400 4056
2401 4059
2402 4052
2403 4058
2404 4059
2405 4057
2406 4059
2407 4056
2408 4058
2409 4058
2410 4058
2411 4058
2412 4058
2413 4058
2414 4055
2415 4056
2416 4056
2417 4058
2418 4058
2419 4056
2420 4056
2421 4060
2422 4056
2423 4057
2424 4054
2425 4054
2426 4056
2427 4057
2428 4058
2429 4058
2430 4056
2431 4056
2432 4058
2433 4056
2434 4056
2435 4055
2436 4058
2437 4056
2438 4056
2439 4057
2440 4055
2441 4058
2442 4057
2443 4058
2444 4056
2445 4056
2446 4058
2447 4060
2448 4059
2449 4056
2450 4056
2451 4061
2452 4054
2453 4057
2454 4053
2455 4056
2456 4059
2457 4061
2458 4053
2459 4059
2460 4058
2461 4056
2462 4058
2463 4056
2464 4059
2465 4057
2466 4053
2467 4057
2468 4056
2469 4054
2470 4053
2471 4056
2472 4056
2473 4054
2474 4057
2475 4056
2476 4052
2477 4056
2478 4057
2479 4052
2480 4056
2481 4055
2482 4055
2483 4054
2484 4057
2485 4056
2486 4054
2487 4056
2488 4057
2489 4056
2490 4058
2491 4055
2492 4056
2493 4051
2494 4056
2495 4056
2496 4056
2497 4057
2498 4054
2499 4056
2500 4053
2501 4062
2502 4055
2503 4057
2504 4054
2505 4055
2506 4054
2507 4054
2508 4054
2509 4056
2510 4054
2511 4056
2512 4058
2513 4057
2514 4053
2515 4054
2516 4059
2517 4057
2518 4059
2519 4058
2520 4059
2521 4056
2522 4058
2523 4056
2524 4055
2525 4058
2526 4057
2527 4053
2528 4058
2529 4058
2530 4056
2531 4061
2532 4054
2533 4056
2534 4052
2535 4057
2536 4057
2537 4059
2538 4054
2539 4054
2540 4056
2541 4053
2542 4056
2543 4057
2544 4057
2545 4056
2546 4056
2547 4058
2548 4058
2549 4056
2550 4055
2551 4062
2552 4056
2553 4055
2554 4056
2555 4059
2556 4056
2557 4057
2558 4056
2559 4060
2560 4058
2561 4058
2562 4057
2563 4056
2564 4058
2565 4056
2566 4057
2567 4057
2568 4055
2569 4057
2570 4056
2571 4057
2572 4058
2573 4059
2574 4058
2575 4054
2576 4060
2577 4056
2578 4056
2579 4057
2580 4059
2581 4058
2582 4054
2583 4056
2584 4056
2585 4056
2586 4056
2587 4058
2588 4056
2589 4056
2590 4057
2591 4057
2592 4057
2593 4058
2594 4059
2595 4058
2596 4059
2597 4059
2598 4056
2599 4057
2600 4054
2601 4061
2602 4053
2603 4055
2604 4057
2605 4060
2606 4056
2607 4056
2608 4056
2609 4056
2610 4056
2611 4057
2612 4058
2613 4058
2614 4059
2615 4057
2616 4055
2617 4056
2618 4059
2619 4057
2620 4057
2621 4058
2622 4058
2623 4058
2624 4056
2625 4058
2626 4056
2627 4059
2628 4056
2629 4055
2630 4056
2631 4057
2632 4058
2633 4056
2634 4053
2635 4061
2636 4056
2637 4058
2638 4059
2639 4057
2640 4057
2641 4058
2642 4057
2643 4060
2644 4056
2645 4058
2646 4056
2647 4056
2648 4058
2649 4058
2650 4053
2651 4059
2652 4054
2653 4056
2654 4059
2655 4058
2656 4057
2657 4058
2658 4056
2659 4059
2660 4057
2661 4055
2662 4056
2663 4056
2664 4055
2665 4056
2666 4054
2667 4058
2668 4057
2669 4056
2670 4059
2671 4058
2672 4059
2673 4054
2674 4059
2675 4057
2676 4055
2677 4056
2678 4057
2679 4059
2680 4060
2681 4058
2682 4056
2683 4056
2684 4056
2685 4055
2686 4058
2687 4058
2688 4057
2689 4056
2690 4054
2691 4058
2692 4056
2693 4057
2694 4055
2695 4056
2696 4056
2697 4054
2698 4058
2699 4058
2700 4054
2701 4058
2702 4050
2703 4056
2704 4056
2705 4059
2706 4054
2707 4054
2708 4057
2709 4059
2710 4052
2711 4058
2712 4057
2713 4056
2714 4054
2715 4058
2716 4059
2717 4054
2718 4059
2719 4055
2720 4057
2721 4056
2722 4057
2723 4056
2724 4057
2725 4056
2726 4055
2727 4055
2728 4058
2729 4061
2730 4058
2731 4058
2732 4058
2733 4057
2734 4059
2735 4057
2736 4058
2737 4057
2738 4054
2739 4052
2740 4058
2741 4058
2742 4056
2743 4056
2744 4059
2745 4056
2746 4056
2747 4056
2748 4056
2749 4058
2750 4055
2751 4061
2752 4056
2753 4056
2754 4057
2755 4058
2756 4057
2757 4059
2758 4056
2759 4056
2760 4054
2761 4057
2762 4056
2763 4057
2764 4056
2765 4058
2766 4056
2767 4053
2768 4056
2769 4056
2770 4054
2771 4057
2772 4055
2773 4056
2774 4057
2775 4057
2776 4058
2777 4057
2778 4057
2779 4059
2780 4056
2781 4062
2782 4056
2783 4056
2784 4058
2785 4058
2786 4059
2787 4057
2788 4055
2789 4055
2790 4056
2791 4059
2792 4056
2793 4056
2794 4059
2795 4056
2796 4058
2797 4056
2798 4060
2799 4054
2800 4056
2801 4058
2802 4052
2803 4054
2804 4052
2805 4051
2806 4051
2807 4046
2808 4051
2809 4045
2810 4045
2811 4043
2812 4040
2813 4041
2814 4040
2815 4036
2816 4031
2817 4029
2818 4031
2819 4027
2820 4030
2821 4029
2822 4028
2823 4029
2824 4026
2825 4027
2826 4026
2827 4022
2828 4027
2829 4024
2830 4022
2831 4027
2832 4025
2833 4030
2834 4029
2835 4028
2836 4024
2837 4028
2838 4027
2839 4027
2840 4030
2841 4030
2842 4031
2843 4038
2844 4035
2845 4037
2846 4037
2847 4037
2848 4037
2849 4041
2850 4041
2851 4045
2852 4044
2853 4049
2854 4048
2855 4049
2856 4049
2857 4051
2858 4050
2859 4053
2860 4050
2861 4048
2862 4049
2863 4056
2864 4054
2865 4055
2866 4053
2867 4057
2868 4057
2869 4056
2870 4056
2871 4056
2872 4056
2873 4057
2874 4058
2875 4056
2876 4057
2877 4057
2878 4057
2879 4059
2880 4054
2881 4056
2882 4054
2883 4058
2884 4061
2885 4056
2886 4055
2887 4055
2888 4057
2889 4056
2890 4054
2891 4057
2892 4058
2893 4057
2894 4053
2895 4056
2896 4058
2897 4058
2898 4059
2899 4056
2900 4055
2901 4058
2902 4054
2903 4056
2904 4058
2905 4058
2906 4057
2907 4057
2908 4057
2909 4055
2910 4056
2911 4055
2912 4056
2913 4057
2914 4056
2915 4059
2916 4058
2917 4058
2918 4056
2919 4058
2920 4056
2921 4056
2922 4057
2923 4056
2924 4053
2925 4056
2926 4056
2927 4056
2928 4056
2929 4056
2930 4056
2931 4056
2932 4057
2933 4058
2934 4056
2935 4057
2936 4057
2937 4053
2938 4055
2939 4059
2940 4054
2941 4056
2942 4053
2943 4059
2944 4053
2945 4059
2946 4057
2947 4054
2948 4058
2949 4059
2950 4056
2951 4060
2952 4056
2953 4056
2954 4057
2955 4058
2956 4057
2957 4056
2958 4054
2959 4054
2960 4057
2961 4059
2962 4056
2963 4056
2964 4057
2965 4057
2966 4056
2967 4056
2968 4057
2969 4057
2970 4057
2971 4059
2972 4056
2973 4056
2974 4058
2975 4056
2976 4057
2977 4054
2978 4056
2979 4058
2980 4056
2981 4056
2982 4052
2983 4057
2984 4057
2985 4058
2986 4056
2987 4057
2988 4058
2989 4055
2990 4056
2991 4056
2992 4056
2993 4057
2994 4055
2995 4059
2996 4057
2997 4056
2998 4057
2999 4055
3000 4056
3001 4061
3002 4055
3003 4057
3004 4057
3005 4056
3006 4057
3007 4056
3008 4057
3009 4059
3010 4056
3011 4059
3012 4056
3013 4058
3014 4056
3015 4056
3016 4053
3017 4056
3018 4056
3019 4060
3020 4057
3021 4056
3022 4057
3023 4058
3024 4059
3025 4057
3026 4058
3027 4057
3028 4054
3029 4057
3030 4054
3031 4056
3032 4055
3033 4058
3034 4058
3035 4056
3036 4052
3037 4058
3038 4057
3039 4057
3040 4059
3041 4056
3042 4057
3043 4058
3044 4059
3045 4057
3046 4056
3047 4056
3048 4056
3049 4056
3050 4056
3051 4062
3052 4056
3053 4058
3054 4057
3055 4058
3056 4056
3057 4056
3058 4056
3059 4058
3060 4058
3061 4060
3062 4060
3063 4053
3064 4056
3065 4058
3066 4056
3067 4056
3068 4062
3069 4056
3070 4053
3071 4054
3072 4055
3073 4056
3074 4056
3075 4056
3076 4056
3077 4059
3078 4056
3079 4054
3080 4057
3081 4057
3082 4057
3083 4056
3084 4058
3085 4058
3086 4054
3087 4056
3088 4059
3089 4054
3090 4058
3091 4058
3092 4054
3093 4056
3094 4053
3095 4056
3096 4054
3097 4056
3098 4054
3099 4059
3100 4056
3101 4061
3102 4053
3103 4054
3104 4057
3105 4056
3106 4058
3107 4058
3108 4057
3109 4057
3110 4056
3111 4061
3112 4056
3113 4057
3114 4057
3115 4057
3116 4055
3117 4054
3118 4058
3119 4060
3120 4056
3121 4057
3122 4054
3123 4054
3124 4057
3125 4058
3126 4056
3127 4060
3128 4057
3129 4056
3130 4054
3131 4058
3132 4057
3133 4057
3134 4055
3135 4058
3136 4054
3137 4058
3138 4058
3139 4057
3140 4056
3141 4058
3142 4059
3143 4059
3144 4054
3145 4058
3146 4057
3147 4054
3148 4057
3149 4056
3150 4056
3151 4059
3152 4058
3153 4058
3154 4057
3155 4058
3156 4059
3157 4057
3158 4060
3159 4056
3160 4057
3161 4058
3162 4058
3163 4058
3164 4057
3165 4056
3166 4057
3167 4057
3168 4056
3169 4057
3170 4054
3171 4059
3172 4056
3173 4056
3174 4054
3175 4058
3176 4058
3177 4057
3178 4056
3179 4058
3180 4054
3181 4056
3182 4058
3183 4056
3184 4057
3185 4059
3186 4057
3187 4056
3188 4057
3189 4055
3190 4053
3191 4059
3192 4056
3193 4058
3194 4058
3195 4056
3196 4058
3197 4057
3198 4061
3199 4055
3200 4053
3201 4058
3202 4053
3203 4059
3204 4056
3205 4057
3206 4060
3207 4056
3208 4056
3209 4058
3210 4054
3211 4056
3212 4056
3213 4058
3214 4056
3215 4057
3216 4056
3217 4058
3218 4056
3219 4056
3220 4057
3221 4058
3222 4058
3223 4054
3224 4056
3225 4056
3226 4058
3227 4056
3228 4056
3229 4058
3230 4057
3231 4059
3232 4057
3233 4057
3234 4057
3235 4056
3236 4054
3237 4056
3238 4057
3239 4056
3240 4053
3241 4056
3242 4058
3243 4057
3244 4055
3245 4056
3246 4056
3247 4058
3248 4055
3249 4056
3250 4057
3251 4060
3252 4053
3253 4056
3254 4053
3255 4056
3256 4056
3257 4057
3258 4057
3259 4056
3260 4056
3261 4057
3262 4058
3263 4058
3264 4055
3265 4056
3266 4054
3267 4057
3268 4054
3269 4056
3270 4056
3271 4058
3272 4059
3273 4056
3274 4054
3275 4057
3276 4059
3277 4058
3278 4056
3279 4056
3280 4056
3281 4056
3282 4056
3283 4059
3284 4056
3285 4054
3286 4055
3287 4056
3288 4057
3289 4054
3290 4060
3291 4056
3292 4055
3293 4059
3294 4061
3295 4059
3296 4056
3297 4059
3298 4059
3299 4054
3300 4059
3301 4062
3302 4054
3303 4056
3304 4057
3305 4056
3306 4056
3307 4056
3308 4057
3309 4054
3310 4057
3311 4058
3312 4054
3313 4058
3314 4057
3315 4056
3316 4058
3317 4055
3318 4057
3319 4057
3320 4056
3321 4057
3322 4056
3323 4056
3324 4056
3325 4058
3326 4056
3327 4056
3328 4059
3329 4058
3330 4056
3331 4056
3332 4057
3333 4056
3334 4057
3335 4058
3336 4056
3337 4058
3338 4058
3339 4057
3340 4058
3341 4057
3342 4059
3343 4058
3344 4058
3345 4062
3346 4060
3347 4056
3348 4057
3349 4055
3350 4056
3351 4056
3352 4055
3353 4059
3354 4055
3355 4056
3356 4058
3357 4058
3358 4058
3359 4054
3360 4057
3361 4054
3362 4055
3363 4058
3364 4056
3365 4056
3366 4059
3367 4058
3368 4056
3369 4056
3370 4060
3371 4056
3372 4056
3373 4057
3374 4056
3375 4058
3376 4057
3377 4057
3378 4056
3379 4055
3380 4056
3381 4056
3382 4056
3383 4055
3384 4056
3385 4057
3386 4056
3387 4059
3388 4057
3389 4056
3390 4054
3391 4058
3392 4057
3393 4059
3394 4056
3395 4055
3396 4058
3397 4055
3398 4053
3399 4056
3400 4058
3401 4063
3402 4054
3403 4056
3404 4055
3405 4059
3406 4058
3407 4056
3408 4056
3409 4057
3410 4050
3411 4054
3412 4057
3413 4056
3414 4056
3415 4057
3416 4056
3417 4058
3418 4054
3419 4056
3420 4056
3421 4055
3422 4056
3423 4059
3424 4054
3425 4054
3426 4057
3427 4057
3428 4056
3429 4056
3430 4059
3431 4059
3432 4056
3433 4058
3434 4056
3435 4058
3436 4056
3437 4057
3438 4058
3439 4056
3440 4056
3441 4056
3442 4059
3443 4053
3444 4056
3445 4056
3446 4054
3447 4058
3448 4056
3449 4057
3450 4056
3451 4058
3452 4055
3453 4056
3454 4056
3455 4058
3456 4058
3457 4058
3458 4056
3459 4059
3460 4055
3461 4059
3462 4058
3463 4058
3464 4056
3465 4057
3466 4058
3467 4059
3468 4056
3469 4057
3470 4054
3471 4060
3472 4057
3473 4055
3474 4053
3475 4056
3476 4056
3477 4054
3478 4054
3479 4056
3480 4056
3481 4057
3482 4056
3483 4057
3484 4056
3485 4056
3486 4058
3487 4056
3488 4056
3489 4058
3490 4054
3491 4058
3492 4055
3493 4058
3494 4057
3495 4058
3496 4056
3497 4053
3498 4056
3499 4056
3500 4058
3501 4060
3502 4054
3503 4057
3504 4056
3505 4056
3506 4056
3507 4056
3508 4056
3509 4058
3510 4056
3511 4053
3512 4055
3513 4058
3514 4056
3515 4055
3516 4059
3517 4057
3518 4057
3519 4058
3520 4054
3521 4056
3522 4055
3523 4056
3524 4057
3525 4053
3526 4057
3527 4056
3528 4057
3529 4056
3530 4058
3531 4057
3532 4054
3533 4056
3534 4058
3535 4053
3536 4055
3537 4057
3538 4056
3539 4058
3540 4057
3541 4054
3542 4056
3543 4054
3544 4051
3545 4056
3546 4056
3547 4056
3548 4055
3549 4054
3550 4051
3551 4060
3552 4056
3553 4056
3554 4053
3555 4058
3556 4052
3557 4056
3558 4056
3559 4056
3560 4058
3561 4052
3562 4058
3563 4056
3564 4054
3565 4054
3566 4056
3567 4056
3568 4055
3569 4056
3570 4058
3571 4054
3572 4051
3573 4053
3574 4056
3575 4053
3576 4056
3577 4055
3578 4057
3579 4056
3580 4056
3581 4055
3582 4056
3583 4056
3584 4055
3585 4058
3586 4056
3587 4055
3588 4056
3589 4058
3590 4054
3591 4056
3592 4054
3593 4054
3594 4055
3595 4054
3596 4056
3597 4057
3598 4054
3599 4053
3600 4058
3601 4059
3602 4053
3603 4054
3604 4053
3605 4057
3606 4053
3607 4055
3608 4055
3609 4057
3610 4056
3611 4055
3612 4056
3613 4057
3614 4054
3615 4056
3616 4058
3617 4056
3618 4056
3619 4057
3620 4056
3621 4057
3622 4057
3623 4055
3624 4056
3625 4055
3626 4056
3627 4057
3628 4056
3629 4056
3630 4054
3631 4058
3632 4056
3633 4058
3634 4056
3635 4054
3636 4056
3637 4056
3638 4054
3639 4055
3640 4057
3641 4057
3642 4054
3643 4053
3644 4057
3645 4056
3646 4057
3647 4056
3648 4056
3649 4054
3650 4056
3651 4058
3652 4051
3653 4056
3654 4054
3655 4056
3656 4056
3657 4056
3658 4057
3659 4058
3660 4054
3661 4057
3662 4056
3663 4053
3664 4056
3665 4057
3666 4058
3667 4058
3668 4056
3669 4058
3670 4056
3671 4056
3672 4056
3673 4057
3674 4056
3675 4054
3676 4056
3677 4055
3678 4057
3679 4060
3680 4059
3681 4056
3682 4052
3683 4057
3684 4057
3685 4056
3686 4056
3687 4058
3688 4054
3689 4059
3690 4056
3691 4056
3692 4058
3693 4056
3694 4057
