#Data from the TCD1304 linear CCD
#column 1 = pixelnumber , column 2 = pixelvalue
#Pixel 1-32 and 3679-3694 and are dummy pixels
#SH-period: 200    ICG-period: 100000    Integration time: 100.0 us
2 4042
3 4045
4 4063
5 4058
6 4060
7 4060
8 4058
9 4060
10 4058
11 4060
12 4062
13 4057
14 4060
15 4058
16 4060
17 4060
18 4061
19 4060
20 4056
21 4060
22 4063
23 4057
24 4057
25 4060
26 4060
27 4057
28 4063
29 4060
30 4058
31 4058
32 4060
34 4058
35 4058
36 4060
37 4060
38 4060
39 4058
40 4060
41 4057
42 4062
43 4060
44 4061
45 4058
46 4062
47 4060
48 4062
49 4061
50 4061
51 4061
52 4058
53 4058
54 4059
55 4058
56 4060
57 4060
58 4058
59 4058
60 4062
61 4060
62 4062
63 4060
64 4058
65 4057
66 4061
67 4058
68 4060
69 4057
70 4060
71 4060
72 4061
73 4058
74 4063
75 4062
76 4061
77 4058
78 4060
79 4061
80 4063
81 4060
82 4060
83 4061
84 4063
85 4060
86 4060
87 4058
88 4062
89 4057
90 4063
91 4060
92 4062
93 4062
94 4065
95 4059
96 4062
97 4058
98 4060
99 4058
100 4061
101 4061
102 4060
103 4060
104 4061
105 4062
106 4060
107 4060
108 4060
109 4058
110 4062
111 4059
112 4060
113 4060
114 4061
115 4058
116 4061
117 4060
118 4063
119 4058
120 4062
121 4057
122 4062
123 4060
124 4060
125 4062
126 4061
127 4062
128 4063
129 4059
130 4062
131 4060
132 4059
133 4059
134 4062
135 4061
136 4063
137 4062
138 4061
139 4058
140 4060
141 4062
142 4059
143 4060
144 4061
145 4056
146 4061
147 4060
148 4061
149 4058
150 4060
151 4063
152 4058
153 4059
154 4061
155 4058
156 4062
157 4059
158 4060
159 4058
160 4061
161 4058
162 4062
163 4058
164 4062
165 4060
166 4057
167 4059
168 4063
169 4058
170 4060
171 4060
172 4062
173 4058
174 4062
175 4061
176 4060
177 4058
178 4062
179 4062
180 4063
181 4060
182 4060
183 4059
184 4063
185 4062
186 4060
187 4058
188 4060
189 4058
190 4060
191 4060
192 4062
193 4057
194 4058
195 4060
196 4061
197 4060
198 4062
199 4056
200 4060
201 4062
202 4061
203 4060
204 4062
205 4060
206 4060
207 4062
208 4060
209 4058
210 4061
211 4061
212 4062
213 4060
214 4060
215 4060
216 4059
217 4056
218 4062
219 4060
220 4060
221 4060
222 4063
223 4060
224 4060
225 4058
226 4060
227 4060
228 4060
229 4055
230 4060
231 4059
232 4060
233 4060
234 4061
235 4060
236 4062
237 4060
238 4066
239 4060
240 4060
241 4060
242 4062
243 4059
244 4060
245 4059
246 4063
247 4061
248 4060
249 4060
250 4060
251 4060
252 4060
253 4058
254 4061
255 4058
256 4058
257 4059
258 4060
259 4058
260 4060
261 4057
262 4060
263 4058
264 4063
265 4058
266 4060
267 4060
268 4060
269 4061
270 4060
271 4060
272 4060
273 4062
274 4060
275 4058
276 4062
277 4056
278 4063
279 4058
280 4063
281 4056
282 4061
283 4059
284 4066
285 4057
286 4060
287 4057
288 4063
289 4058
290 4060
291 4060
292 4058
293 4058
294 4060
295 4058
296 4060
297 4062
298 4060
299 4059
300 4060
301 4060
302 4057
303 4060
304 4060
305 4060
306 4058
307 4061
308 4061
309 4060
310 4062
311 4059
312 4062
313 4058
314 4061
315 4058
316 4058
317 4058
318 4063
319 4060
320 4060
321 4058
322 4060
323 4060
324 4063
325 4060
326 4062
327 4060
328 4060
329 4058
330 4060
331 4061
332 4060
333 4056
334 4060
335 4062
336 4059
337 4056
338 4062
339 4059
340 4062
341 4063
342 4062
343 4058
344 4062
345 4060
346 4062
347 4062
348 4062
349 4058
350 4062
351 4060
352 4056
353 4060
354 4060
355 4059
356 4060
357 4060
358 4061
359 4056
360 4062
361 4058
362 4063
363 4058
364 4060
365 4057
366 4061
367 4058
368 4061
369 4058
370 4061
371 4058
372 4062
373 4060
374 4063
375 4058
376 4060
377 4058
378 4062
379 4060
380 4060
381 4056
382 4060
383 4060
384 4062
385 4060
386 4060
387 4060
388 4062
389 4058
390 4060
391 4058
392 4062
393 4063
394 4059
395 4059
396 4061
397 4059
398 4058
399 4058
400 4062
401 4062
402 4059
403 4061
404 4058
405 4060
406 4061
407 4060
408 4063
409 4060
410 4058
411 4058
412 4058
413 4056
414 4060
415 4058
416 4063
417 4062
418 4058
419 4060
420 4056
421 4060
422 4060
423 4054
424 4061
425 4058
426 4060
427 4060
428 4062
429 4059
430 4061
431 4059
432 4065
433 4060
434 4061
435 4059
436 4060
437 4060
438 4062
439 4056
440 4058
441 4058
442 4060
443 4060
444 4060
445 4058
446 4059
447 4061
448 4062
449 4058
450 4060
451 4062
452 4059
453 4056
454 4062
455 4057
456 4057
457 4059
458 4060
459 4060
460 4060
461 4059
462 4060
463 4062
464 4061
465 4056
466 4058
467 4058
468 4058
469 4058
470 4060
471 4056
472 4062
473 4058
474 4060
475 4057
476 4060
477 4060
478 4062
479 4058
480 4061
481 4056
482 4059
483 4057
484 4063
485 4058
486 4060
487 4060
488 4058
489 4058
490 4061
491 4058
492 4060
493 4060
494 4060
495 4057
496 4058
497 4058
498 4060
499 4058
500 4063
501 4062
502 4056
503 4061
504 4058
505 4060
506 4060
507 4062
508 4060
509 4059
510 4062
511 4060
512 4059
513 4060
514 4060
515 4061
516 4059
517 4063
518 4062
519 4057
520 4061
521 4059
522 4066
523 4058
524 4060
525 4058
526 4060
527 4059
528 4059
529 4059
530 4059
531 4057
532 4060
533 4057
534 4062
535 4058
536 4061
537 4058
538 4060
539 4060
540 4061
541 4061
542 4059
543 4058
544 4062
545 4058
546 4062
547 4062
548 4058
549 4058
550 4060
551 4060
552 4060
553 4058
554 4060
555 4060
556 4059
557 4056
558 4060
559 4060
560 4058
561 4058
562 4061
563 4060
564 4058
565 4060
566 4063
567 4059
568 4058
569 4059
570 4059
571 4058
572 4061
573 4058
574 4058
575 4057
576 4058
577 4060
578 4063
579 4056
580 4062
581 4057
582 4062
583 4059
584 4062
585 4062
586 4058
587 4059
588 4058
589 4060
590 4060
591 4058
592 4062
593 4058
594 4061
595 4058
596 4061
597 4059
598 4058
599 4059
600 4061
601 4061
602 4060
603 4058
604 4060
605 4057
606 4060
607 4060
608 4063
609 4062
610 4060
611 4056
612 4062
613 4061
614 4060
615 4056
616 4060
617 4056
618 4058
619 4061
620 4060
621 4056
622 4060
623 4062
624 4058
625 4058
626 4062
627 4060
628 4063
629 4060
630 4058
631 4058
632 4063
633 4057
634 4061
635 4059
636 4060
637 4057
638 4062
639 4057
640 4058
641 4063
642 4062
643 4062
644 4060
645 4058
646 4060
647 4060
648 4062
649 4058
650 4060
651 4062
652 4056
653 4057
654 4060
655 4058
656 4058
657 4060
658 4061
659 4059
660 4059
661 4058
662 4062
663 4058
664 4058
665 4059
666 4063
667 4058
668 4061
669 4056
670 4063
671 4062
672 4058
673 4058
674 4060
675 4063
676 4061
677 4058
678 4061
679 4058
680 4063
681 4058
682 4060
683 4063
684 4059
685 4060
686 4059
687 4058
688 4062
689 4059
690 4062
691 4062
692 4062
693 4058
694 4060
695 4060
696 4062
697 4058
698 4060
699 4056
700 4058
701 4060
702 4062
703 4058
704 4062
705 4056
706 4061
707 4058
708 4059
709 4060
710 4061
711 4058
712 4062
713 4060
714 4058
715 4059
716 4062
717 4059
718 4062
719 4060
720 4059
721 4058
722 4062
723 4057
724 4062
725 4061
726 4060
727 4059
728 4060
729 4058
730 4060
731 4062
732 4063
733 4058
734 4061
735 4060
736 4060
737 4058
738 4061
739 4062
740 4062
741 4058
742 4063
743 4060
744 4062
745 4059
746 4062
747 4058
748 4062
749 4058
750 4062
751 4059
752 4058
753 4062
754 4063
755 4057
756 4061
757 4060
758 4060
759 4060
760 4062
761 4060
762 4059
763 4058
764 4060
765 4058
766 4060
767 4060
768 4062
769 4058
770 4060
771 4056
772 4061
773 4060
774 4061
775 4058
776 4061
777 4058
778 4060
779 4058
780 4062
781 4060
782 4060
783 4060
784 4062
785 4062
786 4063
787 4061
788 4060
789 4060
790 4063
791 4058
792 4058
793 4063
794 4060
795 4061
796 4060
797 4058
798 4062
799 4060
800 4060
801 4061
802 4059
803 4060
804 4060
805 4058
806 4060
807 4060
808 4059
809 4059
810 4056
811 4060
812 4062
813 4062
814 4058
815 4058
816 4063
817 4060
818 4062
819 4058
820 4066
821 4060
822 4062
823 4060
824 4062
825 4058
826 4062
827 4060
828 4060
829 4059
830 4057
831 4060
832 4060
833 4062
834 4061
835 4056
836 4061
837 4059
838 4060
839 4061
840 4063
841 4058
842 4061
843 4062
844 4062
845 4058
846 4061
847 4061
848 4063
849 4057
850 4063
851 4060
852 4060
853 4059
854 4058
855 4060
856 4062
857 4058
858 4063
859 4062
860 4058
861 4060
862 4061
863 4060
864 4060
865 4060
866 4060
867 4060
868 4060
869 4060
870 4060
871 4058
872 4061
873 4058
874 4060
875 4058
876 4061
877 4058
878 4062
879 4058
880 4060
881 4060
882 4058
883 4060
884 4058
885 4057
886 4062
887 4058
888 4061
889 4059
890 4059
891 4060
892 4060
893 4060
894 4061
895 4060
896 4058
897 4058
898 4061
899 4060
900 4061
901 4061
902 4060
903 4060
904 4062
905 4058
906 4061
907 4060
908 4063
909 4061
910 4063
911 4060
912 4060
913 4058
914 4062
915 4063
916 4062
917 4056
918 4062
919 4063
920 4058
921 4062
922 4060
923 4058
924 4062
925 4058
926 4061
927 4057
928 4062
929 4058
930 4062
931 4061
932 4063
933 4058
934 4060
935 4060
936 4061
937 4055
938 4062
939 4056
940 4061
941 4058
942 4063
943 4058
944 4062
945 4056
946 4058
947 4058
948 4060
949 4056
950 4060
951 4061
952 4058
953 4062
954 4058
955 4058
956 4060
957 4060
958 4058
959 4058
960 4060
961 4058
962 4062
963 4058
964 4062
965 4056
966 4062
967 4060
968 4061
969 4061
970 4060
971 4060
972 4060
973 4060
974 4062
975 4057
976 4062
977 4061
978 4063
979 4060
980 4057
981 4058
982 4062
983 4063
984 4060
985 4060
986 4060
987 4060
988 4066
989 4058
990 4060
991 4060
992 4066
993 4060
994 4060
995 4058
996 4060
997 4056
998 4063
999 4058
1000 4056
1001 4061
1002 4057
1003 4058
1004 4061
1005 4056
1006 4059
1007 4058
1008 4061
1009 4062
1010 4063
1011 4060
1012 4060
1013 4058
1014 4063
1015 4060
1016 4061
1017 4059
1018 4060
1019 4060
1020 4061
1021 4056
1022 4061
1023 4060
1024 4060
1025 4058
1026 4060
1027 4058
1028 4061
1029 4058
1030 4060
1031 4057
1032 4062
1033 4056
1034 4060
1035 4058
1036 4059
1037 4058
1038 4056
1039 4057
1040 4060
1041 4059
1042 4063
1043 4058
1044 4060
1045 4057
1046 4062
1047 4058
1048 4061
1049 4060
1050 4062
1051 4061
1052 4057
1053 4058
1054 4060
1055 4060
1056 4060
1057 4058
1058 4061
1059 4058
1060 4060
1061 4058
1062 4060
1063 4060
1064 4059
1065 4057
1066 4059
1067 4060
1068 4059
1069 4060
1070 4061
1071 4057
1072 4061
1073 4060
1074 4060
1075 4060
1076 4057
1077 4058
1078 4063
1079 4057
1080 4060
1081 4060
1082 4060
1083 4060
1084 4058
1085 4056
1086 4060
1087 4058
1088 4062
1089 4057
1090 4058
1091 4059
1092 4061
1093 4060
1094 4061
1095 4058
1096 4059
1097 4058
1098 4062
1099 4060
1100 4063
1101 4060
1102 4058
1103 4062
1104 4062
1105 4057
1106 4062
1107 4058
1108 4062
1109 4059
1110 4060
1111 4057
1112 4059
1113 4059
1114 4058
1115 4060
1116 4059
1117 4062
1118 4060
1119 4057
1120 4058
1121 4057
1122 4060
1123 4057
1124 4060
1125 4058
1126 4060
1127 4060
1128 4062
1129 4059
1130 4060
1131 4058
1132 4062
1133 4058
1134 4058
1135 4055
1136 4058
1137 4058
1138 4059
1139 4056
1140 4062
1141 4054
1142 4058
1143 4058
1144 4057
1145 4058
1146 4059
1147 4057
1148 4061
1149 4056
1150 4061
1151 4060
1152 4058
1153 4058
1154 4061
1155 4058
1156 4060
1157 4058
1158 4061
1159 4057
1160 4058
1161 4058
1162 4058
1163 4060
1164 4062
1165 4058
1166 4059
1167 4060
1168 4058
1169 4057
1170 4056
1171 4060
1172 4063
1173 4056
1174 4062
1175 4058
1176 4061
1177 4058
1178 4062
1179 4058
1180 4058
1181 4060
1182 4060
1183 4058
1184 4060
1185 4058
1186 4059
1187 4058
1188 4061
1189 4058
1190 4060
1191 4060
1192 4060
1193 4060
1194 4059
1195 4060
1196 4060
1197 4063
1198 4060
1199 4058
1200 4060
1201 4059
1202 4057
1203 4057
1204 4063
1205 4057
1206 4058
1207 4060
1208 4066
1209 4058
1210 4060
1211 4058
1212 4058
1213 4060
1214 4062
1215 4057
1216 4058
1217 4058
1218 4060
1219 4057
1220 4060
1221 4060
1222 4060
1223 4060
1224 4060
1225 4056
1226 4059
1227 4060
1228 4060
1229 4057
1230 4060
1231 4058
1232 4056
1233 4058
1234 4062
1235 4058
1236 4062
1237 4058
1238 4061
1239 4057
1240 4060
1241 4060
1242 4062
1243 4060
1244 4062
1245 4057
1246 4062
1247 4056
1248 4062
1249 4056
1250 4060
1251 4062
1252 4056
1253 4056
1254 4062
1255 4058
1256 4062
1257 4057
1258 4060
1259 4058
1260 4061
1261 4060
1262 4062
1263 4058
1264 4060
1265 4058
1266 4059
1267 4060
1268 4060
1269 4054
1270 4057
1271 4058
1272 4059
1273 4061
1274 4062
1275 4056
1276 4061
1277 4057
1278 4060
1279 4052
1280 4061
1281 4058
1282 4062
1283 4062
1284 4060
1285 4060
1286 4060
1287 4059
1288 4063
1289 4057
1290 4062
1291 4056
1292 4061
1293 4056
1294 4060
1295 4056
1296 4060
1297 4058
1298 4060
1299 4061
1300 4058
1301 4063
1302 4058
1303 4058
1304 4062
1305 4059
1306 4060
1307 4058
1308 4063
1309 4057
1310 4061
1311 4059
1312 4060
1313 4062
1314 4060
1315 4058
1316 4057
1317 4058
1318 4061
1319 4059
1320 4060
1321 4058
1322 4060
1323 4056
1324 4060
1325 4056
1326 4063
1327 4058
1328 4063
1329 4060
1330 4060
1331 4060
1332 4062
1333 4060
1334 4061
1335 4058
1336 4060
1337 4059
1338 4062
1339 4057
1340 4060
1341 4060
1342 4062
1343 4058
1344 4060
1345 4060
1346 4062
1347 4056
1348 4058
1349 4059
1350 4058
1351 4061
1352 4058
1353 4060
1354 4061
1355 4056
1356 4060
1357 4058
1358 4062
1359 4060
1360 4060
1361 4056
1362 4062
1363 4060
1364 4058
1365 4058
1366 4060
1367 4057
1368 4063
1369 4062
1370 4062
1371 4058
1372 4062
1373 4058
1374 4058
1375 4058
1376 4060
1377 4060
1378 4057
1379 4060
1380 4062
1381 4057
1382 4062
1383 4058
1384 4063
1385 4058
1386 4060
1387 4058
1388 4061
1389 4060
1390 4060
1391 4058
1392 4060
1393 4061
1394 4060
1395 4058
1396 4059
1397 4057
1398 4059
1399 4058
1400 4058
1401 4061
1402 4060
1403 4058
1404 4062
1405 4058
1406 4058
1407 4060
1408 4063
1409 4058
1410 4060
1411 4060
1412 4059
1413 4057
1414 4059
1415 4059
1416 4060
1417 4060
1418 4060
1419 4062
1420 4060
1421 4058
1422 4060
1423 4058
1424 4062
1425 4056
1426 4060
1427 4057
1428 4056
1429 4057
1430 4058
1431 4056
1432 4060
1433 4058
1434 4061
1435 4061
1436 4059
1437 4058
1438 4060
1439 4059
1440 4060
1441 4062
1442 4060
1443 4058
1444 4061
1445 4060
1446 4060
1447 4059
1448 4059
1449 4058
1450 4056
1451 4062
1452 4056
1453 4060
1454 4060
1455 4060
1456 4062
1457 4058
1458 4060
1459 4058
1460 4059
1461 4058
1462 4060
1463 4060
1464 4060
1465 4060
1466 4063
1467 4060
1468 4058
1469 4058
1470 4063
1471 4060
1472 4062
1473 4060
1474 4062
1475 4060
1476 4060
1477 4059
1478 4058
1479 4060
1480 4060
1481 4058
1482 4061
1483 4058
1484 4063
1485 4060
1486 4058
1487 4058
1488 4063
1489 4056
1490 4060
1491 4060
1492 4057
1493 4059
1494 4060
1495 4060
1496 4058
1497 4060
1498 4060
1499 4060
1500 4058
1501 4059
1502 4058
1503 4060
1504 4060
1505 4058
1506 4061
1507 4059
1508 4060
1509 4060
1510 4056
1511 4056
1512 4063
1513 4060
1514 4060
1515 4056
1516 4058
1517 4056
1518 4058
1519 4058
1520 4062
1521 4056
1522 4060
1523 4060
1524 4059
1525 4058
1526 4060
1527 4059
1528 4058
1529 4060
1530 4062
1531 4058
1532 4061
1533 4057
1534 4060
1535 4057
1536 4060
1537 4059
1538 4060
1539 4057
1540 4060
1541 4060
1542 4060
1543 4058
1544 4060
1545 4058
1546 4058
1547 4059
1548 4062
1549 4060
1550 4062
1551 4058
1552 4058
1553 4059
1554 4061
1555 4060
1556 4058
1557 4058
1558 4062
1559 4058
1560 4060
1561 4056
1562 4057
1563 4061
1564 4061
1565 4056
1566 4060
1567 4058
1568 4063
1569 4058
1570 4060
1571 4058
1572 4057
1573 4058
1574 4060
1575 4057
1576 4060
1577 4057
1578 4062
1579 4060
1580 4059
1581 4059
1582 4058
1583 4055
1584 4060
1585 4058
1586 4058
1587 4056
1588 4062
1589 4059
1590 4062
1591 4060
1592 4061
1593 4060
1594 4060
1595 4058
1596 4061
1597 4059
1598 4060
1599 4061
1600 4060
1601 4058
1602 4060
1603 4055
1604 4061
1605 4058
1606 4060
1607 4060
1608 4057
1609 4056
1610 4061
1611 4060
1612 4059
1613 4060
1614 4059
1615 4060
1616 4060
1617 4056
1618 4062
1619 4058
1620 4062
1621 4062
1622 4063
1623 4060
1624 4058
1625 4058
1626 4060
1627 4058
1628 4060
1629 4062
1630 4059
1631 4057
1632 4061
1633 4059
1634 4060
1635 4060
1636 4060
1637 4060
1638 4058
1639 4056
1640 4060
1641 4058
1642 4062
1643 4060
1644 4060
1645 4058
1646 4062
1647 4058
1648 4061
1649 4062
1650 4062
1651 4062
1652 4058
1653 4060
1654 4062
1655 4059
1656 4059
1657 4058
1658 4060
1659 4060
1660 4060
1661 4060
1662 4058
1663 4057
1664 4058
1665 4059
1666 4058
1667 4056
1668 4058
1669 4060
1670 4062
1671 4056
1672 4063
1673 4059
1674 4060
1675 4056
1676 4060
1677 4060
1678 4060
1679 4058
1680 4062
1681 4060
1682 4058
1683 4058
1684 4058
1685 4061
1686 4060
1687 4060
1688 4061
1689 4057
1690 4058
1691 4060
1692 4060
1693 4058
1694 4059
1695 4059
1696 4061
1697 4056
1698 4058
1699 4056
1700 4061
1701 4060
1702 4060
1703 4056
1704 4057
1705 4058
1706 4060
1707 4058
1708 4056
1709 4061
1710 4060
1711 4057
1712 4060
1713 4054
1714 4057
1715 4059
1716 4060
1717 4056
1718 4062
1719 4056
1720 4060
1721 4059
1722 4060
1723 4060
1724 4059
1725 4060
1726 4060
1727 4056
1728 4058
1729 4058
1730 4062
1731 4058
1732 4059
1733 4059
1734 4059
1735 4056
1736 4060
1737 4058
1738 4058
1739 4056
1740 4060
1741 4060
1742 4061
1743 4058
1744 4062
1745 4060
1746 4063
1747 4058
1748 4060
1749 4057
1750 4060
1751 4058
1752 4056
1753 4060
1754 4060
1755 4056
1756 4059
1757 4055
1758 4058
1759 4059
1760 4060
1761 4060
1762 4060
1763 4056
1764 4060
1765 4056
1766 4058
1767 4059
1768 4058
1769 4058
1770 4056
1771 4060
1772 4060
1773 4055
1774 4059
1775 4057
1776 4060
1777 4060
1778 4056
1779 4058
1780 4056
1781 4057
1782 4060
1783 4056
1784 4057
1785 4060
1786 4058
1787 4054
1788 4060
1789 4060
1790 4057
1791 4055
1792 4062
1793 4058
1794 4060
1795 4059
1796 4061
1797 4054
1798 4058
1799 4056
1800 4060
1801 4057
1802 4058
1803 4058
1804 4058
1805 4058
1806 4057
1807 4055
1808 4055
1809 4058
1810 4060
1811 4056
1812 4056
1813 4058
1814 4059
1815 4056
1816 4059
1817 4056
1818 4058
1819 4058
1820 4057
1821 4054
1822 4061
1823 4058
1824 4063
1825 4056
1826 4059
1827 4056
1828 4058
1829 4060
1830 4058
1831 4058
1832 4057
1833 4058
1834 4059
1835 4058
1836 4058
1837 4054
1838 4062
1839 4059
1840 4062
1841 4058
1842 4060
1843 4056
1844 4057
1845 4057
1846 4061
1847 4056
1848 4060
1849 4060
1850 4061
1851 4062
1852 4056
1853 4056
1854 4059
1855 4059
1856 4056
1857 4058
1858 4060
1859 4058
1860 4060
1861 4056
1862 4060
1863 4058
1864 4058
1865 4057
1866 4060
1867 4058
1868 4058
1869 4059
1870 4059
1871 4056
1872 4059
1873 4058
1874 4057
1875 4056
1876 4060
1877 4062
1878 4058
1879 4060
1880 4060
1881 4056
1882 4060
1883 4055
1884 4060
1885 4056
1886 4058
1887 4057
1888 4060
1889 4058
1890 4056
1891 4057
1892 4060
1893 4060
1894 4058
1895 4060
1896 4061
1897 4056
1898 4057
1899 4058
1900 4060
1901 4062
1902 4057
1903 4056
1904 4058
1905 4056
1906 4060
1907 4056
1908 4062
1909 4059
1910 4062
1911 4054
1912 4056
1913 4058
1914 4060
1915 4058
1916 4056
1917 4054
1918 4060
1919 4056
1920 4058
1921 4061
1922 4062
1923 4056
1924 4060
1925 4060
1926 4056
1927 4058
1928 4060
1929 4061
1930 4056
1931 4056
1932 4058
1933 4053
1934 4058
1935 4060
1936 4060
1937 4058
1938 4058
1939 4056
1940 4057
1941 4056
1942 4057
1943 4057
1944 4059
1945 4058
1946 4059
1947 4058
1948 4054
1949 4056
1950 4058
1951 4056
1952 4056
1953 4054
1954 4056
1955 4058
1956 4057
1957 4056
1958 4059
1959 4056
1960 4060
1961 4058
1962 4056
1963 4058
1964 4058
1965 4056
1966 4058
1967 4054
1968 4056
1969 4054
1970 4058
1971 4056
1972 4058
1973 4060
1974 4057
1975 4056
1976 4058
1977 4059
1978 4062
1979 4056
1980 4058
1981 4054
1982 4057
1983 4054
1984 4060
1985 4054
1986 4059
1987 4055
1988 4060
1989 4058
1990 4059
1991 4056
1992 4056
1993 4058
1994 4056
1995 4057
1996 4060
1997 4057
1998 4058
1999 4058
2000 4058
2001 4058
2002 4056
2003 4056
2004 4058
2005 4057
2006 4060
2007 4056
2008 4058
2009 4059
2010 4062
2011 4056
2012 4056
2013 4058
2014 4058
2015 4055
2016 4055
2017 4056
2018 4056
2019 4056
2020 4058
2021 4054
2022 4058
2023 4056
2024 4058
2025 4059
2026 4059
2027 4056
2028 4058
2029 4056
2030 4056
2031 4058
2032 4056
2033 4055
2034 4058
2035 4059
2036 4060
2037 4058
2038 4058
2039 4058
2040 4059
2041 4055
2042 4057
2043 4056
2044 4056
2045 4054
2046 4056
2047 4058
2048 4060
2049 4054
2050 4060
2051 4056
2052 4058
2053 4056
2054 4057
2055 4055
2056 4057
2057 4059
2058 4057
2059 4054
2060 4058
2061 4057
2062 4059
2063 4058
2064 4062
2065 4056
2066 4056
2067 4057
2068 4056
2069 4056
2070 4058
2071 4056
2072 4058
2073 4058
2074 4058
2075 4058
2076 4056
2077 4056
2078 4056
2079 4055
2080 4054
2081 4054
2082 4056
2083 4058
2084 4058
2085 4056
2086 4057
2087 4054
2088 4060
2089 4058
2090 4057
2091 4054
2092 4058
2093 4054
2094 4058
2095 4058
2096 4060
2097 4056
2098 4056
2099 4057
2100 4058
2101 4056
2102 4056
2103 4052
2104 4057
2105 4052
2106 4057
2107 4056
2108 4058
2109 4054
2110 4058
2111 4057
2112 4058
2113 4056
2114 4058
2115 4056
2116 4058
2117 4056
2118 4056
2119 4057
2120 4055
2121 4054
2122 4058
2123 4056
2124 4058
2125 4058
2126 4060
2127 4056
2128 4056
2129 4056
2130 4058
2131 4057
2132 4056
2133 4056
2134 4058
2135 4058
2136 4058
2137 4060
2138 4061
2139 4055
2140 4058
2141 4054
2142 4056
2143 4056
2144 4057
2145 4057
2146 4057
2147 4054
2148 4057
2149 4056
2150 4056
2151 4058
2152 4056
2153 4055
2154 4054
2155 4058
2156 4056
2157 4053
2158 4057
2159 4057
2160 4060
2161 4056
2162 4054
2163 4056
2164 4057
2165 4054
2166 4058
2167 4056
2168 4055
2169 4054
2170 4054
2171 4054
2172 4057
2173 4059
2174 4058
2175 4051
2176 4056
2177 4052
2178 4056
2179 4058
2180 4057
2181 4055
2182 4055
2183 4054
2184 4056
2185 4054
2186 4056
2187 4058
2188 4058
2189 4054
2190 4058
2191 4054
2192 4058
2193 4055
2194 4058
2195 4053
2196 4054
2197 4058
2198 4057
2199 4054
2200 4054
2201 4058
2202 4056
2203 4055
2204 4058
2205 4054
2206 4056
2207 4054
2208 4058
2209 4052
2210 4060
2211 4054
2212 4057
2213 4056
2214 4058
2215 4053
2216 4056
2217 4054
2218 4056
2219 4055
2220 4060
2221 4056
2222 4057
2223 4058
2224 4060
2225 4058
2226 4054
2227 4054
2228 4058
2229 4054
2230 4055
2231 4054
2232 4058
2233 4056
2234 4056
2235 4055
2236 4057
2237 4057
2238 4058
2239 4056
2240 4055
2241 4054
2242 4055
2243 4057
2244 4056
2245 4053
2246 4056
2247 4052
2248 4056
2249 4060
2250 4054
2251 4056
2252 4052
2253 4053
2254 4054
2255 4057
2256 4052
2257 4053
2258 4053
2259 4049
2260 4053
2261 4054
2262 4054
2263 4052
2264 4056
2265 4056
2266 4055
2267 4053
2268 4056
2269 4050
2270 4056
2271 4052
2272 4055
2273 4052
2274 4052
2275 4055
2276 4054
2277 4054
2278 4054
2279 4055
2280 4052
2281 4054
2282 4058
2283 4054
2284 4058
2285 4054
2286 4054
2287 4052
2288 4057
2289 4054
2290 4051
2291 4054
2292 4054
2293 4054
2294 4054
2295 4054
2296 4054
2297 4051
2298 4056
2299 4050
2300 4056
2301 4060
2302 4052
2303 4053
2304 4054
2305 4056
2306 4057
2307 4054
2308 4056
2309 4052
2310 4056
2311 4052
2312 4052
2313 4055
2314 4054
2315 4053
2316 4053
2317 4052
2318 4052
2319 4051
2320 4053
2321 4052
2322 4052
2323 4050
2324 4054
2325 4052
2326 4054
2327 4052
2328 4053
2329 4055
2330 4056
2331 4049
2332 4052
2333 4053
2334 4056
2335 4049
2336 4054
2337 4052
2338 4057
2339 4050
2340 4055
2341 4054
2342 4054
2343 4050
2344 4050
2345 4052
2346 4052
2347 4047
2348 4050
2349 4055
2350 4054
2351 4053
2352 4051
2353 4053
2354 4053
2355 4049
2356 4055
2357 4050
2358 4053
2359 4053
2360 4054
2361 4054
2362 4054
2363 4052
2364 4054
2365 4050
2366 4051
2367 4052
2368 4054
2369 4048
2370 4056
2371 4048
2372 4050
2373 4053
2374 4054
2375 4054
2376 4052
2377 4052
2378 4053
2379 4053
2380 4050
2381 4050
2382 4054
2383 4045
2384 4050
2385 4052
2386 4051
2387 4050
2388 4052
2389 4050
2390 4054
2391 4051
2392 4051
2393 4052
2394 4050
2395 4048
2396 4051
2397 4050
2398 4054
2399 4049
2400 4052
2401 4050
2402 4049
2403 4050
2404 4054
2405 4052
2406 4047
2407 4050
2408 4052
2409 4050
2410 4048
2411 4048
2412 4051
2413 4050
2414 4052
2415 4052
2416 4052
2417 4050
2418 4050
2419 4050
2420 4052
2421 4047
2422 4052
2423 4047
2424 4050
2425 4047
2426 4049
2427 4052
2428 4051
2429 4050
2430 4052
2431 4047
2432 4051
2433 4047
2434 4051
2435 4047
2436 4050
2437 4051
2438 4050
2439 4049
2440 4052
2441 4048
2442 4050
2443 4050
2444 4052
2445 4050
2446 4052
2447 4046
2448 4050
2449 4050
2450 4051
2451 4050
2452 4047
2453 4046
2454 4048
2455 4046
2456 4052
2457 4050
2458 4052
2459 4048
2460 4052
2461 4052
2462 4052
2463 4046
2464 4050
2465 4047
2466 4047
2467 4047
2468 4050
2469 4047
2470 4051
2471 4050
2472 4050
2473 4047
2474 4050
2475 4047
2476 4050
2477 4047
2478 4053
2479 4047
2480 4050
2481 4045
2482 4050
2483 4046
2484 4047
2485 4042
2486 4047
2487 4044
2488 4051
2489 4044
2490 4044
2491 4043
2492 4049
2493 4041
2494 4047
2495 4044
2496 4047
2497 4046
2498 4046
2499 4044
2500 4049
2501 4044
2502 4045
2503 4045
2504 4044
2505 4042
2506 4043
2507 4044
2508 4045
2509 4047
2510 4044
2511 4044
2512 4046
2513 4045
2514 4047
2515 4044
2516 4044
2517 4042
2518 4043
2519 4044
2520 4042
2521 4044
2522 4045
2523 4040
2524 4042
2525 4044
2526 4045
2527 4042
2528 4042
2529 4040
2530 4046
2531 4043
2532 4043
2533 4039
2534 4043
2535 4042
2536 4046
2537 4042
2538 4044
2539 4042
2540 4044
2541 4041
2542 4042
2543 4039
2544 4041
2545 4040
2546 4042
2547 4040
2548 4042
2549 4041
2550 4040
2551 4042
2552 4042
2553 4036
2554 4040
2555 4040
2556 4042
2557 4038
2558 4042
2559 4042
2560 4040
2561 4038
2562 4040
2563 4040
2564 4041
2565 4038
2566 4040
2567 4038
2568 4038
2569 4036
2570 4040
2571 4038
2572 4038
2573 4037
2574 4038
2575 4038
2576 4040
2577 4034
2578 4036
2579 4034
2580 4036
2581 4031
2582 4038
2583 4031
2584 4039
2585 4034
2586 4040
2587 4036
2588 4040
2589 4035
2590 4037
2591 4034
2592 4037
2593 4031
2594 4036
2595 4029
2596 4034
2597 4030
2598 4035
2599 4031
2600 4038
2601 4034
2602 4031
2603 4031
2604 4034
2605 4031
2606 4034
2607 4030
2608 4034
2609 4028
2610 4031
2611 4030
2612 4028
2613 4029
2614 4031
2615 4026
2616 4031
2617 4028
2618 4028
2619 4027
2620 4026
2621 4025
2622 4027
2623 4026
2624 4024
2625 4020
2626 4024
2627 4018
2628 4019
2629 4019
2630 4020
2631 4019
2632 4020
2633 4017
2634 4015
2635 4018
2636 4017
2637 4015
2638 4015
2639 4013
2640 4012
2641 4012
2642 4015
2643 4010
2644 4015
2645 4010
2646 4014
2647 4013
2648 4012
2649 4008
2650 4012
2651 4008
2652 4004
2653 4006
2654 4004
2655 4008
2656 4009
2657 4009
2658 4009
2659 3999
2660 4008
2661 4002
2662 4007
2663 3998
2664 4002
2665 4002
2666 3999
2667 3999
2668 3999
2669 3996
2670 3998
2671 3988
2672 3993
2673 3994
2674 3995
2675 3996
2676 3983
2677 3995
2678 3991
2679 3991
2680 3985
2681 3989
2682 3990
2683 3986
2684 3988
2685 3980
2686 3986
2687 3982
2688 3986
2689 3977
2690 3982
2691 3978
2692 3980
2693 3973
2694 3970
2695 3969
2696 3971
2697 3962
2698 3969
2699 3962
2700 3960
2701 3956
2702 3955
2703 3951
2704 3950
2705 3951
2706 3944
2707 3947
2708 3946
2709 3945
2710 3947
2711 3940
2712 3946
2713 3940
2714 3935
2715 3932
2716 3927
2717 3935
2718 3930
2719 3921
2720 3922
2721 3915
2722 3906
2723 3911
2724 3915
2725 3908
2726 3902
2727 3898
2728 3903
2729 3894
2730 3891
2731 3890
2732 3886
2733 3877
2734 3880
2735 3874
2736 3873
2737 3877
2738 3870
2739 3867
2740 3861
2741 3848
2742 3854
2743 3839
2744 3849
2745 3836
2746 3825
2747 3823
2748 3806
2749 3794
2750 3784
2751 3782
2752 3770
2753 3759
2754 3759
2755 3762
2756 3738
2757 3753
2758 3729
2759 3722
2760 3732
2761 3708
2762 3705
2763 3690
2764 3674
2765 3660
2766 3664
2767 3625
2768 3626
2769 3606
2770 3592
2771 3566
2772 3553
2773 3560
2774 3538
2775 3492
2776 3517
2777 3469
2778 3453
2779 3455
2780 3419
2781 3386
2782 3341
2783 3336
2784 3280
2785 3218
2786 3197
2787 3154
2788 3080
2789 3045
2790 2941
2791 2794
2792 2706
2793 2456
2794 2058
2795 1756
2796 1649
2797 1632
2798 1611
2799 1602
2800 1592
2801 1586
2802 1580
2803 1576
2804 1575
2805 1570
2806 1569
2807 1566
2808 1566
2809 1563
2810 1563
2811 1561
2812 1558
2813 1560
2814 1559
2815 1557
2816 1558
2817 1556
2818 1557
2819 1554
2820 1555
2821 1554
2822 1555
2823 1553
2824 1554
2825 1553
2826 1552
2827 1550
2828 1552
2829 1550
2830 1550
2831 1548
2832 1551
2833 1548
2834 1549
2835 1549
2836 1549
2837 1546
2838 1549
2839 1546
2840 1547
2841 1546
2842 1547
2843 1545
2844 1546
2845 1546
2846 1547
2847 1544
2848 1546
2849 1544
2850 1547
2851 1544
2852 1546
2853 1544
2854 1544
2855 1544
2856 1544
2857 1543
2858 1543
2859 1542
2860 1544
2861 1542
2862 1543
2863 1542
2864 1542
2865 1540
2866 1544
2867 1541
2868 1542
2869 1541
2870 1542
2871 1540
2872 1541
2873 1540
2874 1541
2875 1540
2876 1541
2877 1539
2878 1540
2879 1539
2880 1541
2881 1539
2882 1539
2883 1539
2884 1540
2885 1538
2886 1541
2887 1538
2888 1540
2889 1537
2890 1540
2891 1539
2892 1539
2893 1538
2894 1539
2895 1537
2896 1538
2897 1538
2898 1540
2899 1536
2900 1538
2901 1537
2902 1539
2903 1536
2904 1538
2905 1536
2906 1538
2907 1536
2908 1538
2909 1536
2910 1536
2911 1537
2912 1537
2913 1535
2914 1537
2915 1535
2916 1537
2917 1536
2918 1536
2919 1535
2920 1536
2921 1534
2922 1536
2923 1534
2924 1535
2925 1534
2926 1537
2927 1534
2928 1535
2929 1535
2930 1535
2931 1534
2932 1536
2933 1534
2934 1534
2935 1534
2936 1535
2937 1534
2938 1535
2939 1533
2940 1535
2941 1533
2942 1534
2943 1534
2944 1535
2945 1533
2946 1534
2947 1535
2948 1534
2949 1531
2950 1534
2951 1533
2952 1534
2953 1533
2954 1535
2955 1532
2956 1533
2957 1532
2958 1534
2959 1532
2960 1534
2961 1532
2962 1533
2963 1532
2964 1533
2965 1532
2966 1532
2967 1531
2968 1532
2969 1532
2970 1533
2971 1532
2972 1532
2973 1531
2974 1532
2975 1532
2976 1534
2977 1531
2978 1533
2979 1531
2980 1531
2981 1531
2982 1532
2983 1531
2984 1533
2985 1531
2986 1532
2987 1530
2988 1532
2989 1530
2990 1531
2991 1529
2992 1531
2993 1531
2994 1531
2995 1529
2996 1531
2997 1529
2998 1530
2999 1531
3000 1532
3001 1530
3002 1531
3003 1529
3004 1531
3005 1530
3006 1531
3007 1529
3008 1530
3009 1530
3010 1532
3011 1529
3012 1530
3013 1530
3014 1531
3015 1530
3016 1531
3017 1529
3018 1530
3019 1529
3020 1530
3021 1529
3022 1530
3023 1529
3024 1530
3025 1529
3026 1531
3027 1529
3028 1530
3029 1528
3030 1529
3031 1529
3032 1530
3033 1528
3034 1529
3035 1528
3036 1529
3037 1528
3038 1529
3039 1528
3040 1529
3041 1529
3042 1530
3043 1528
3044 1529
3045 1528
3046 1529
3047 1527
3048 1529
3049 1528
3050 1529
3051 1527
3052 1529
3053 1527
3054 1529
3055 1529
3056 1528
3057 1527
3058 1528
3059 1527
3060 1528
3061 1527
3062 1528
3063 1528
3064 1528
3065 1527
3066 1528
3067 1527
3068 1528
3069 1527
3070 1527
3071 1526
3072 1527
3073 1527
3074 1528
3075 1527
3076 1528
3077 1527
3078 1527
3079 1527
3080 1528
3081 1527
3082 1528
3083 1526
3084 1529
3085 1526
3086 1528
3087 1526
3088 1528
3089 1525
3090 1527
3091 1526
3092 1526
3093 1526
3094 1528
3095 1527
3096 1527
3097 1526
3098 1527
3099 1526
3100 1527
3101 1526
3102 1526
3103 1525
3104 1527
3105 1526
3106 1526
3107 1527
3108 1526
3109 1525
3110 1526
3111 1525
3112 1527
3113 1526
3114 1526
3115 1525
3116 1526
3117 1524
3118 1527
3119 1525
3120 1527
3121 1526
3122 1526
3123 1524
3124 1526
3125 1526
3126 1527
3127 1525
3128 1527
3129 1525
3130 1526
3131 1525
3132 1526
3133 1526
3134 1526
3135 1524
3136 1526
3137 1524
3138 1525
3139 1525
3140 1526
3141 1524
3142 1525
3143 1525
3144 1525
3145 1525
3146 1526
3147 1524
3148 1525
3149 1524
3150 1526
3151 1524
3152 1526
3153 1525
3154 1525
3155 1524
3156 1525
3157 1523
3158 1526
3159 1523
3160 1525
3161 1524
3162 1524
3163 1525
3164 1526
3165 1524
3166 1525
3167 1524
3168 1525
3169 1523
3170 1525
3171 1524
3172 1525
3173 1524
3174 1524
3175 1524
3176 1524
3177 1523
3178 1524
3179 1524
3180 1524
3181 1523
3182 1525
3183 1525
3184 1524
3185 1524
3186 1525
3187 1523
3188 1525
3189 1523
3190 1524
3191 1524
3192 1525
3193 1523
3194 1524
3195 1524
3196 1524
3197 1523
3198 1524
3199 1523
3200 1523
3201 1523
3202 1524
3203 1522
3204 1523
3205 1522
3206 1524
3207 1523
3208 1524
3209 1523
3210 1524
3211 1523
3212 1523
3213 1523
3214 1524
3215 1522
3216 1523
3217 1522
3218 1524
3219 1522
3220 1524
3221 1522
3222 1524
3223 1523
3224 1524
3225 1522
3226 1524
3227 1523
3228 1523
3229 1522
3230 1523
3231 1522
3232 1523
3233 1522
3234 1523
3235 1522
3236 1523
3237 1522
3238 1524
3239 1521
3240 1523
3241 1521
3242 1523
3243 1522
3244 1523
3245 1523
3246 1522
3247 1522
3248 1523
3249 1522
3250 1523
3251 1522
3252 1523
3253 1522
3254 1523
3255 1522
3256 1522
3257 1521
3258 1522
3259 1522
3260 1524
3261 1521
3262 1522
3263 1522
3264 1522
3265 1522
3266 1524
3267 1522
3268 1523
3269 1521
3270 1523
3271 1521
3272 1523
3273 1522
3274 1523
3275 1521
3276 1522
3277 1520
3278 1522
3279 1522
3280 1523
3281 1521
3282 1522
3283 1521
3284 1522
3285 1522
3286 1523
3287 1521
3288 1522
3289 1521
3290 1522
3291 1521
3292 1523
3293 1521
3294 1522
3295 1521
3296 1522
3297 1520
3298 1523
3299 1521
3300 1522
3301 1521
3302 1521
3303 1521
3304 1522
3305 1521
3306 1522
3307 1521
3308 1522
3309 1520
3310 1522
3311 1521
3312 1522
3313 1522
3314 1522
3315 1520
3316 1522
3317 1521
3318 1521
3319 1521
3320 1521
3321 1521
3322 1522
3323 1520
3324 1522
3325 1521
3326 1522
3327 1606
3328 1522
3329 4095
3330 1541
3331 4095
3332 3993
3333 4010
3334 4006
3335 4021
3336 4015
3337 4020
3338 4018
3339 4028
3340 4021
3341 4027
3342 4028
3343 4028
3344 4031
3345 4028
3346 4027
3347 4031
3348 4031
3349 4031
3350 4034
3351 4038
3352 4031
3353 4033
3354 4034
3355 4038
3356 4036
3357 4037
3358 4038
3359 4041
3360 4038
3361 4040
3362 4039
3363 4039
3364 4041
3365 4038
3366 4043
3367 4040
3368 4042
3369 4041
3370 4043
3371 4042
3372 4042
3373 4042
3374 4041
3375 4042
3376 4045
3377 4042
3378 4046
3379 4043
3380 4045
3381 4042
3382 4044
3383 4044
3384 4044
3385 4044
3386 4046
3387 4042
3388 4047
3389 4044
3390 4044
3391 4046
3392 4047
3393 4042
3394 4046
3395 4047
3396 4050
3397 4044
3398 4050
3399 4045
3400 4046
3401 4047
3402 4047
3403 4048
3404 4050
3405 4045
3406 4050
3407 4044
3408 4050
3409 4049
3410 4047
3411 4046
3412 4049
3413 4049
3414 4047
3415 4050
3416 4050
3417 4048
3418 4047
3419 4049
3420 4050
3421 4047
3422 4050
3423 4047
3424 4052
3425 4046
3426 4047
3427 4047
3428 4046
3429 4050
3430 4052
3431 4048
3432 4050
3433 4051
3434 4048
3435 4051
3436 4052
3437 4048
3438 4052
3439 4047
3440 4053
3441 4048
3442 4050
3443 4050
3444 4050
3445 4050
3446 4054
3447 4052
3448 4053
3449 4050
3450 4052
3451 4050
3452 4046
3453 4048
3454 4048
3455 4050
3456 4052
3457 4052
3458 4049
3459 4047
3460 4054
3461 4053
3462 4054
3463 4047
3464 4052
3465 4050
3466 4054
3467 4049
3468 4054
3469 4050
3470 4054
3471 4050
3472 4054
3473 4052
3474 4053
3475 4052
3476 4053
3477 4052
3478 4053
3479 4052
3480 4052
3481 4047
3482 4054
3483 4049
3484 4052
3485 4047
3486 4052
3487 4054
3488 4054
3489 4050
3490 4052
3491 4052
3492 4053
3493 4050
3494 4052
3495 4047
3496 4054
3497 4050
3498 4052
3499 4050
3500 4056
3501 4054
3502 4050
3503 4051
3504 4056
3505 4051
3506 4053
3507 4054
3508 4054
3509 4052
3510 4055
3511 4054
3512 4056
3513 4050
3514 4054
3515 4053
3516 4051
3517 4052
3518 4052
3519 4052
3520 4056
3521 4053
3522 4054
3523 4050
3524 4056
3525 4052
3526 4052
3527 4052
3528 4054
3529 4056
3530 4053
3531 4051
3532 4056
3533 4052
3534 4052
3535 4056
3536 4056
3537 4054
3538 4053
3539 4052
3540 4051
3541 4054
3542 4055
3543 4050
3544 4055
3545 4051
3546 4054
3547 4054
3548 4052
3549 4049
3550 4054
3551 4056
3552 4055
3553 4052
3554 4054
3555 4053
3556 4056
3557 4054
3558 4054
3559 4055
3560 4054
3561 4054
3562 4056
3563 4056
3564 4056
3565 4052
3566 4054
3567 4052
3568 4056
3569 4054
3570 4056
3571 4052
3572 4056
3573 4056
3574 4054
3575 4052
3576 4056
3577 4052
3578 4056
3579 4056
3580 4053
3581 4054
3582 4056
3583 4054
3584 4056
3585 4054
3586 4054
3587 4056
3588 4054
3589 4052
3590 4058
3591 4054
3592 4053
3593 4055
3594 4058
3595 4055
3596 4054
3597 4052
3598 4055
3599 4052
3600 4056
3601 4056
3602 4050
3603 4053
3604 4056
3605 4056
3606 4056
3607 4056
3608 4056
3609 4054
3610 4058
3611 4054
3612 4055
3613 4054
3614 4054
3615 4052
3616 4057
3617 4054
3618 4054
3619 4056
3620 4056
3621 4056
3622 4058
3623 4055
3624 4054
3625 4055
3626 4056
3627 4054
3628 4058
3629 4056
3630 4056
3631 4054
3632 4058
3633 4056
3634 4056
3635 4056
3636 4056
3637 4056
3638 4056
3639 4056
3640 4058
3641 4053
3642 4057
3643 4054
3644 4056
3645 4056
3646 4056
3647 4056
3648 4058
3649 4053
3650 4057
3651 4058
3652 4054
3653 4053
3654 4057
3655 4056
3656 4057
3657 4056
3658 4056
3659 4054
3660 4058
3661 4054
3662 4060
3663 4058
3664 4056
3665 4057
3666 4058
3667 4054
3668 4056
3669 4054
3670 4058
3671 4054
3672 4056
3673 4058
3674 4056
3675 4054
3676 4058
3677 4055
3678 4057
3679 4058
3680 4058
3681 4054
3682 4058
3683 4054
3684 4058
3685 4059
3686 4056
3687 4059
3688 4058
3689 4058
3690 4058
3691 4056
3692 4058
3693 4058
3694 4058
