#Data from the TCD1304 linear CCD
#column 1 = pixelnumber , column 2 = pixelvalue
#Pixel 1-32 and 3679-3694 and are dummy pixels
#SH-period: 200    ICG-period: 100000    Integration time: 100.0 us
2 4036
3 4037
4 4056
5 4053
6 4055
7 4054
8 4056
9 4050
10 4054
11 4052
12 4051
13 4053
14 4055
15 4056
16 4056
17 4055
18 4055
19 4055
20 4052
21 4058
22 4055
23 4056
24 4057
25 4052
26 4051
27 4051
28 4052
29 4054
30 4052
31 4056
32 4054
34 4053
35 4054
36 4054
37 4055
38 4052
39 4053
40 4051
41 4059
42 4054
43 4055
44 4053
45 4053
46 4052
47 4054
48 4053
49 4054
50 4053
51 4057
52 4051
53 4054
54 4054
55 4053
56 4056
57 4053
58 4053
59 4054
60 4054
61 4054
62 4054
63 4051
64 4053
65 4052
66 4053
67 4056
68 4050
69 4055
70 4053
71 4053
72 4056
73 4053
74 4053
75 4054
76 4053
77 4057
78 4054
79 4056
80 4053
81 4054
82 4055
83 4054
84 4056
85 4054
86 4054
87 4054
88 4054
89 4056
90 4056
91 4058
92 4054
93 4054
94 4058
95 4053
96 4054
97 4054
98 4054
99 4053
100 4054
101 4061
102 4049
103 4053
104 4054
105 4058
106 4055
107 4055
108 4056
109 4052
110 4056
111 4054
112 4053
113 4056
114 4055
115 4056
116 4054
117 4054
118 4053
119 4052
120 4056
121 4056
122 4056
123 4054
124 4052
125 4056
126 4052
127 4054
128 4055
129 4057
130 4056
131 4052
132 4056
133 4057
134 4050
135 4054
136 4053
137 4054
138 4056
139 4055
140 4056
141 4053
142 4055
143 4055
144 4054
145 4056
146 4055
147 4057
148 4055
149 4054
150 4054
151 4056
152 4051
153 4056
154 4057
155 4057
156 4052
157 4053
158 4056
159 4053
160 4055
161 4055
162 4052
163 4056
164 4053
165 4052
166 4052
167 4054
168 4054
169 4052
170 4051
171 4053
172 4054
173 4055
174 4054
175 4054
176 4053
177 4054
178 4054
179 4054
180 4054
181 4057
182 4053
183 4054
184 4055
185 4056
186 4054
187 4054
188 4056
189 4053
190 4056
191 4055
192 4054
193 4056
194 4053
195 4061
196 4053
197 4054
198 4051
199 4053
200 4054
201 4056
202 4053
203 4055
204 4056
205 4056
206 4056
207 4056
208 4056
209 4054
210 4054
211 4054
212 4054
213 4051
214 4054
215 4054
216 4054
217 4056
218 4054
219 4053
220 4057
221 4053
222 4052
223 4054
224 4056
225 4056
226 4052
227 4054
228 4055
229 4056
230 4055
231 4053
232 4052
233 4056
234 4050
235 4054
236 4053
237 4051
238 4056
239 4052
240 4056
241 4056
242 4053
243 4054
244 4052
245 4058
246 4054
247 4057
248 4056
249 4055
250 4054
251 4059
252 4053
253 4056
254 4054
255 4061
256 4053
257 4053
258 4051
259 4056
260 4054
261 4056
262 4056
263 4056
264 4055
265 4056
266 4056
267 4053
268 4055
269 4054
270 4056
271 4056
272 4054
273 4050
274 4055
275 4056
276 4056
277 4052
278 4057
279 4053
280 4054
281 4055
282 4058
283 4056
284 4052
285 4055
286 4053
287 4057
288 4051
289 4056
290 4056
291 4054
292 4051
293 4054
294 4054
295 4054
296 4053
297 4055
298 4056
299 4054
300 4056
301 4059
302 4052
303 4053
304 4056
305 4058
306 4055
307 4055
308 4054
309 4052
310 4054
311 4056
312 4054
313 4055
314 4053
315 4053
316 4055
317 4053
318 4053
319 4056
320 4054
321 4056
322 4053
323 4052
324 4052
325 4053
326 4054
327 4056
328 4057
329 4054
330 4054
331 4053
332 4056
333 4056
334 4054
335 4056
336 4056
337 4052
338 4056
339 4056
340 4054
341 4056
342 4055
343 4056
344 4054
345 4057
346 4054
347 4054
348 4052
349 4056
350 4056
351 4057
352 4053
353 4053
354 4052
355 4056
356 4056
357 4058
358 4053
359 4053
360 4056
361 4055
362 4053
363 4055
364 4052
365 4053
366 4051
367 4056
368 4054
369 4056
370 4054
371 4055
372 4054
373 4056
374 4055
375 4056
376 4051
377 4051
378 4053
379 4056
380 4055
381 4054
382 4057
383 4053
384 4054
385 4056
386 4052
387 4056
388 4057
389 4056
390 4052
391 4056
392 4054
393 4052
394 4055
395 4056
396 4055
397 4054
398 4054
399 4055
400 4056
401 4060
402 4051
403 4056
404 4056
405 4054
406 4056
407 4052
408 4055
409 4053
410 4056
411 4055
412 4055
413 4053
414 4051
415 4052
416 4055
417 4052
418 4055
419 4053
420 4056
421 4052
422 4052
423 4057
424 4055
425 4051
426 4053
427 4054
428 4054
429 4054
430 4051
431 4052
432 4054
433 4053
434 4051
435 4054
436 4056
437 4053
438 4050
439 4053
440 4055
441 4054
442 4053
443 4052
444 4058
445 4054
446 4054
447 4052
448 4053
449 4052
450 4051
451 4057
452 4052
453 4052
454 4055
455 4055
456 4054
457 4051
458 4053
459 4054
460 4053
461 4056
462 4053
463 4051
464 4058
465 4055
466 4056
467 4054
468 4049
469 4057
470 4052
471 4056
472 4054
473 4058
474 4054
475 4054
476 4053
477 4052
478 4055
479 4053
480 4053
481 4054
482 4054
483 4056
484 4056
485 4054
486 4055
487 4054
488 4053
489 4054
490 4053
491 4053
492 4058
493 4053
494 4056
495 4055
496 4051
497 4056
498 4054
499 4054
500 4053
501 4057
502 4048
503 4054
504 4054
505 4056
506 4051
507 4054
508 4056
509 4054
510 4056
511 4057
512 4053
513 4055
514 4056
515 4052
516 4054
517 4054
518 4054
519 4055
520 4051
521 4056
522 4054
523 4053
524 4056
525 4056
526 4058
527 4053
528 4052
529 4056
530 4054
531 4056
532 4056
533 4056
534 4053
535 4056
536 4054
537 4055
538 4055
539 4053
540 4056
541 4055
542 4051
543 4056
544 4051
545 4051
546 4053
547 4056
548 4053
549 4055
550 4053
551 4056
552 4051
553 4053
554 4053
555 4054
556 4053
557 4056
558 4054
559 4055
560 4053
561 4052
562 4053
563 4053
564 4051
565 4053
566 4053
567 4056
568 4054
569 4050
570 4057
571 4056
572 4055
573 4054
574 4054
575 4054
576 4051
577 4055
578 4056
579 4054
580 4053
581 4054
582 4052
583 4055
584 4054
585 4055
586 4052
587 4056
588 4053
589 4052
590 4057
591 4056
592 4056
593 4054
594 4053
595 4054
596 4050
597 4054
598 4056
599 4053
600 4056
601 4057
602 4050
603 4057
604 4054
605 4053
606 4055
607 4054
608 4053
609 4054
610 4054
611 4054
612 4052
613 4057
614 4050
615 4052
616 4056
617 4054
618 4055
619 4056
620 4056
621 4055
622 4057
623 4056
624 4054
625 4053
626 4054
627 4056
628 4054
629 4056
630 4054
631 4056
632 4054
633 4056
634 4054
635 4053
636 4051
637 4056
638 4057
639 4054
640 4053
641 4054
642 4053
643 4057
644 4056
645 4056
646 4054
647 4058
648 4055
649 4054
650 4054
651 4055
652 4053
653 4056
654 4055
655 4053
656 4053
657 4053
658 4051
659 4050
660 4054
661 4056
662 4056
663 4056
664 4053
665 4053
666 4053
667 4056
668 4054
669 4056
670 4055
671 4051
672 4055
673 4056
674 4054
675 4055
676 4054
677 4054
678 4053
679 4053
680 4053
681 4056
682 4056
683 4057
684 4052
685 4053
686 4056
687 4054
688 4055
689 4053
690 4056
691 4053
692 4052
693 4056
694 4053
695 4054
696 4055
697 4054
698 4052
699 4054
700 4055
701 4056
702 4051
703 4054
704 4057
705 4054
706 4052
707 4056
708 4054
709 4052
710 4054
711 4049
712 4056
713 4053
714 4053
715 4053
716 4053
717 4055
718 4055
719 4056
720 4054
721 4053
722 4052
723 4051
724 4055
725 4052
726 4052
727 4055
728 4052
729 4052
730 4056
731 4054
732 4056
733 4055
734 4051
735 4055
736 4052
737 4053
738 4055
739 4056
740 4054
741 4055
742 4053
743 4054
744 4052
745 4055
746 4053
747 4056
748 4053
749 4055
750 4053
751 4054
752 4053
753 4056
754 4052
755 4053
756 4052
757 4054
758 4052
759 4056
760 4053
761 4056
762 4052
763 4054
764 4054
765 4053
766 4053
767 4054
768 4054
769 4056
770 4053
771 4056
772 4058
773 4054
774 4052
775 4056
776 4053
777 4057
778 4056
779 4057
780 4052
781 4053
782 4053
783 4052
784 4053
785 4053
786 4053
787 4055
788 4053
789 4056
790 4053
791 4053
792 4056
793 4056
794 4056
795 4056
796 4053
797 4059
798 4056
799 4058
800 4056
801 4056
802 4053
803 4055
804 4057
805 4053
806 4054
807 4053
808 4053
809 4056
810 4053
811 4056
812 4056
813 4053
814 4056
815 4054
816 4054
817 4052
818 4050
819 4056
820 4054
821 4053
822 4056
823 4056
824 4054
825 4054
826 4051
827 4054
828 4054
829 4057
830 4051
831 4057
832 4053
833 4052
834 4054
835 4054
836 4053
837 4054
838 4054
839 4053
840 4053
841 4052
842 4054
843 4053
844 4056
845 4056
846 4056
847 4057
848 4054
849 4056
850 4053
851 4057
852 4052
853 4052
854 4056
855 4053
856 4054
857 4056
858 4054
859 4056
860 4057
861 4053
862 4053
863 4054
864 4055
865 4056
866 4054
867 4056
868 4056
869 4051
870 4056
871 4054
872 4056
873 4054
874 4052
875 4056
876 4054
877 4054
878 4056
879 4055
880 4054
881 4054
882 4053
883 4054
884 4053
885 4055
886 4054
887 4054
888 4053
889 4054
890 4056
891 4053
892 4051
893 4056
894 4056
895 4056
896 4056
897 4054
898 4055
899 4054
900 4053
901 4060
902 4053
903 4056
904 4056
905 4054
906 4057
907 4053
908 4055
909 4056
910 4056
911 4057
912 4055
913 4055
914 4053
915 4056
916 4056
917 4051
918 4053
919 4053
920 4052
921 4055
922 4053
923 4055
924 4054
925 4052
926 4054
927 4054
928 4053
929 4056
930 4054
931 4056
932 4054
933 4056
934 4057
935 4054
936 4052
937 4056
938 4053
939 4053
940 4056
941 4055
942 4057
943 4055
944 4055
945 4056
946 4054
947 4053
948 4057
949 4056
950 4052
951 4059
952 4054
953 4054
954 4053
955 4056
956 4052
957 4055
958 4051
959 4055
960 4052
961 4056
962 4055
963 4055
964 4053
965 4058
966 4054
967 4053
968 4053
969 4049
970 4056
971 4056
972 4054
973 4056
974 4056
975 4051
976 4053
977 4054
978 4054
979 4052
980 4053
981 4054
982 4056
983 4058
984 4051
985 4056
986 4055
987 4054
988 4052
989 4054
990 4052
991 4052
992 4053
993 4055
994 4052
995 4053
996 4053
997 4055
998 4056
999 4057
1000 4054
1001 4056
1002 4050
1003 4056
1004 4053
1005 4053
1006 4056
1007 4054
1008 4054
1009 4052
1010 4054
1011 4053
1012 4053
1013 4054
1014 4054
1015 4054
1016 4053
1017 4054
1018 4054
1019 4052
1020 4054
1021 4052
1022 4056
1023 4052
1024 4052
1025 4054
1026 4053
1027 4055
1028 4055
1029 4056
1030 4053
1031 4057
1032 4054
1033 4052
1034 4054
1035 4054
1036 4052
1037 4054
1038 4055
1039 4058
1040 4055
1041 4054
1042 4054
1043 4056
1044 4056
1045 4054
1046 4056
1047 4056
1048 4054
1049 4051
1050 4056
1051 4057
1052 4050
1053 4054
1054 4056
1055 4051
1056 4054
1057 4056
1058 4056
1059 4053
1060 4053
1061 4053
1062 4054
1063 4052
1064 4053
1065 4054
1066 4056
1067 4056
1068 4052
1069 4054
1070 4054
1071 4057
1072 4055
1073 4059
1074 4050
1075 4054
1076 4054
1077 4054
1078 4055
1079 4054
1080 4051
1081 4055
1082 4055
1083 4054
1084 4054
1085 4057
1086 4056
1087 4054
1088 4053
1089 4055
1090 4054
1091 4053
1092 4056
1093 4051
1094 4051
1095 4053
1096 4055
1097 4054
1098 4056
1099 4058
1100 4056
1101 4056
1102 4053
1103 4056
1104 4052
1105 4053
1106 4051
1107 4055
1108 4053
1109 4056
1110 4053
1111 4052
1112 4052
1113 4057
1114 4054
1115 4056
1116 4052
1117 4054
1118 4054
1119 4054
1120 4056
1121 4054
1122 4055
1123 4052
1124 4056
1125 4053
1126 4053
1127 4061
1128 4052
1129 4056
1130 4053
1131 4056
1132 4053
1133 4051
1134 4057
1135 4056
1136 4054
1137 4055
1138 4053
1139 4056
1140 4055
1141 4056
1142 4053
1143 4054
1144 4057
1145 4056
1146 4054
1147 4056
1148 4051
1149 4050
1150 4054
1151 4059
1152 4056
1153 4054
1154 4056
1155 4054
1156 4053
1157 4056
1158 4053
1159 4056
1160 4054
1161 4054
1162 4055
1163 4056
1164 4055
1165 4056
1166 4054
1167 4056
1168 4057
1169 4057
1170 4051
1171 4056
1172 4052
1173 4056
1174 4053
1175 4052
1176 4053
1177 4056
1178 4054
1179 4053
1180 4052
1181 4054
1182 4053
1183 4056
1184 4053
1185 4053
1186 4053
1187 4053
1188 4055
1189 4053
1190 4056
1191 4058
1192 4054
1193 4056
1194 4052
1195 4054
1196 4055
1197 4057
1198 4054
1199 4052
1200 4057
1201 4058
1202 4050
1203 4053
1204 4053
1205 4052
1206 4056
1207 4053
1208 4056
1209 4052
1210 4053
1211 4054
1212 4056
1213 4053
1214 4054
1215 4057
1216 4053
1217 4055
1218 4052
1219 4052
1220 4056
1221 4055
1222 4056
1223 4053
1224 4056
1225 4056
1226 4053
1227 4054
1228 4053
1229 4053
1230 4057
1231 4054
1232 4053
1233 4055
1234 4054
1235 4056
1236 4053
1237 4054
1238 4054
1239 4053
1240 4057
1241 4051
1242 4053
1243 4058
1244 4057
1245 4056
1246 4056
1247 4053
1248 4053
1249 4056
1250 4054
1251 4059
1252 4055
1253 4054
1254 4056
1255 4054
1256 4056
1257 4054
1258 4056
1259 4053
1260 4052
1261 4056
1262 4055
1263 4056
1264 4055
1265 4054
1266 4055
1267 4055
1268 4055
1269 4053
1270 4055
1271 4055
1272 4054
1273 4051
1274 4056
1275 4053
1276 4054
1277 4053
1278 4052
1279 4056
1280 4054
1281 4057
1282 4053
1283 4053
1284 4053
1285 4057
1286 4055
1287 4050
1288 4056
1289 4056
1290 4054
1291 4054
1292 4056
1293 4055
1294 4055
1295 4055
1296 4052
1297 4056
1298 4054
1299 4052
1300 4054
1301 4056
1302 4051
1303 4056
1304 4055
1305 4053
1306 4054
1307 4057
1308 4053
1309 4053
1310 4053
1311 4054
1312 4056
1313 4053
1314 4055
1315 4057
1316 4053
1317 4054
1318 4055
1319 4053
1320 4051
1321 4056
1322 4054
1323 4054
1324 4052
1325 4054
1326 4055
1327 4054
1328 4052
1329 4053
1330 4054
1331 4052
1332 4053
1333 4050
1334 4055
1335 4054
1336 4051
1337 4053
1338 4053
1339 4054
1340 4054
1341 4056
1342 4055
1343 4056
1344 4054
1345 4054
1346 4056
1347 4054
1348 4056
1349 4054
1350 4054
1351 4058
1352 4053
1353 4054
1354 4055
1355 4054
1356 4053
1357 4054
1358 4052
1359 4053
1360 4053
1361 4056
1362 4056
1363 4056
1364 4056
1365 4056
1366 4053
1367 4053
1368 4051
1369 4056
1370 4056
1371 4054
1372 4056
1373 4051
1374 4055
1375 4055
1376 4056
1377 4056
1378 4054
1379 4055
1380 4052
1381 4055
1382 4056
1383 4053
1384 4055
1385 4054
1386 4051
1387 4053
1388 4053
1389 4054
1390 4052
1391 4054
1392 4056
1393 4054
1394 4053
1395 4054
1396 4056
1397 4055
1398 4057
1399 4054
1400 4051
1401 4060
1402 4052
1403 4056
1404 4056
1405 4054
1406 4053
1407 4054
1408 4055
1409 4051
1410 4058
1411 4054
1412 4054
1413 4053
1414 4056
1415 4053
1416 4056
1417 4056
1418 4054
1419 4054
1420 4055
1421 4051
1422 4055
1423 4054
1424 4056
1425 4051
1426 4055
1427 4057
1428 4052
1429 4051
1430 4052
1431 4056
1432 4055
1433 4057
1434 4054
1435 4056
1436 4054
1437 4056
1438 4055
1439 4054
1440 4056
1441 4054
1442 4053
1443 4052
1444 4054
1445 4055
1446 4054
1447 4053
1448 4054
1449 4056
1450 4054
1451 4056
1452 4049
1453 4056
1454 4058
1455 4055
1456 4055
1457 4058
1458 4053
1459 4054
1460 4056
1461 4056
1462 4054
1463 4053
1464 4052
1465 4054
1466 4053
1467 4057
1468 4053
1469 4055
1470 4055
1471 4054
1472 4055
1473 4055
1474 4052
1475 4056
1476 4051
1477 4052
1478 4053
1479 4055
1480 4053
1481 4054
1482 4053
1483 4056
1484 4054
1485 4057
1486 4054
1487 4056
1488 4051
1489 4057
1490 4055
1491 4054
1492 4053
1493 4054
1494 4053
1495 4054
1496 4051
1497 4056
1498 4055
1499 4056
1500 4054
1501 4059
1502 4052
1503 4053
1504 4051
1505 4056
1506 4053
1507 4058
1508 4053
1509 4056
1510 4053
1511 4051
1512 4053
1513 4051
1514 4054
1515 4054
1516 4056
1517 4052
1518 4055
1519 4054
1520 4053
1521 4054
1522 4056
1523 4056
1524 4056
1525 4056
1526 4053
1527 4052
1528 4054
1529 4055
1530 4051
1531 4054
1532 4056
1533 4055
1534 4050
1535 4054
1536 4053
1537 4055
1538 4054
1539 4054
1540 4055
1541 4056
1542 4054
1543 4053
1544 4056
1545 4054
1546 4054
1547 4056
1548 4054
1549 4054
1550 4057
1551 4056
1552 4052
1553 4054
1554 4057
1555 4056
1556 4053
1557 4055
1558 4054
1559 4056
1560 4053
1561 4055
1562 4052
1563 4056
1564 4056
1565 4057
1566 4054
1567 4056
1568 4055
1569 4052
1570 4053
1571 4055
1572 4057
1573 4051
1574 4055
1575 4054
1576 4052
1577 4058
1578 4053
1579 4056
1580 4053
1581 4056
1582 4056
1583 4056
1584 4052
1585 4056
1586 4056
1587 4054
1588 4051
1589 4055
1590 4056
1591 4053
1592 4055
1593 4055
1594 4056
1595 4053
1596 4055
1597 4056
1598 4054
1599 4055
1600 4055
1601 4057
1602 4052
1603 4053
1604 4056
1605 4053
1606 4057
1607 4052
1608 4056
1609 4054
1610 4054
1611 4057
1612 4054
1613 4056
1614 4057
1615 4051
1616 4056
1617 4053
1618 4052
1619 4055
1620 4053
1621 4051
1622 4054
1623 4053
1624 4056
1625 4056
1626 4055
1627 4054
1628 4054
1629 4055
1630 4055
1631 4054
1632 4055
1633 4053
1634 4051
1635 4053
1636 4052
1637 4055
1638 4057
1639 4050
1640 4053
1641 4056
1642 4056
1643 4056
1644 4057
1645 4055
1646 4052
1647 4053
1648 4053
1649 4056
1650 4054
1651 4058
1652 4052
1653 4054
1654 4053
1655 4054
1656 4053
1657 4054
1658 4052
1659 4052
1660 4053
1661 4053
1662 4057
1663 4054
1664 4054
1665 4055
1666 4054
1667 4052
1668 4055
1669 4056
1670 4054
1671 4056
1672 4052
1673 4053
1674 4054
1675 4054
1676 4055
1677 4054
1678 4054
1679 4055
1680 4056
1681 4054
1682 4052
1683 4055
1684 4053
1685 4055
1686 4056
1687 4056
1688 4054
1689 4055
1690 4056
1691 4055
1692 4053
1693 4056
1694 4058
1695 4054
1696 4053
1697 4059
1698 4053
1699 4054
1700 4056
1701 4058
1702 4052
1703 4053
1704 4056
1705 4053
1706 4051
1707 4054
1708 4052
1709 4055
1710 4054
1711 4056
1712 4052
1713 4053
1714 4056
1715 4053
1716 4054
1717 4056
1718 4053
1719 4053
1720 4054
1721 4054
1722 4054
1723 4056
1724 4056
1725 4056
1726 4052
1727 4054
1728 4057
1729 4054
1730 4056
1731 4055
1732 4056
1733 4054
1734 4051
1735 4056
1736 4056
1737 4055
1738 4052
1739 4057
1740 4053
1741 4051
1742 4055
1743 4052
1744 4054
1745 4053
1746 4053
1747 4055
1748 4052
1749 4054
1750 4054
1751 4058
1752 4053
1753 4056
1754 4053
1755 4055
1756 4054
1757 4055
1758 4056
1759 4053
1760 4053
1761 4054
1762 4056
1763 4052
1764 4055
1765 4056
1766 4051
1767 4054
1768 4054
1769 4054
1770 4052
1771 4056
1772 4058
1773 4054
1774 4055
1775 4054
1776 4052
1777 4056
1778 4057
1779 4056
1780 4054
1781 4053
1782 4052
1783 4054
1784 4053
1785 4053
1786 4053
1787 4054
1788 4054
1789 4056
1790 4052
1791 4054
1792 4054
1793 4052
1794 4054
1795 4056
1796 4051
1797 4056
1798 4053
1799 4056
1800 4051
1801 4056
1802 4053
1803 4050
1804 4052
1805 4056
1806 4055
1807 4054
1808 4053
1809 4056
1810 4055
1811 4053
1812 4053
1813 4055
1814 4051
1815 4052
1816 4056
1817 4057
1818 4058
1819 4055
1820 4053
1821 4053
1822 4052
1823 4051
1824 4052
1825 4053
1826 4051
1827 4055
1828 4051
1829 4054
1830 4055
1831 4054
1832 4056
1833 4053
1834 4053
1835 4052
1836 4059
1837 4056
1838 4057
1839 4053
1840 4056
1841 4054
1842 4053
1843 4052
1844 4054
1845 4056
1846 4052
1847 4053
1848 4053
1849 4053
1850 4053
1851 4059
1852 4052
1853 4056
1854 4054
1855 4053
1856 4054
1857 4056
1858 4053
1859 4052
1860 4054
1861 4052
1862 4055
1863 4054
1864 4053
1865 4053
1866 4054
1867 4055
1868 4051
1869 4056
1870 4054
1871 4054
1872 4056
1873 4053
1874 4054
1875 4053
1876 4055
1877 4055
1878 4056
1879 4054
1880 4054
1881 4053
1882 4053
1883 4057
1884 4056
1885 4056
1886 4052
1887 4055
1888 4053
1889 4052
1890 4057
1891 4053
1892 4054
1893 4054
1894 4051
1895 4052
1896 4052
1897 4053
1898 4056
1899 4056
1900 4053
1901 4059
1902 4053
1903 4056
1904 4057
1905 4054
1906 4052
1907 4056
1908 4056
1909 4053
1910 4054
1911 4055
1912 4052
1913 4054
1914 4054
1915 4058
1916 4053
1917 4054
1918 4056
1919 4056
1920 4058
1921 4054
1922 4056
1923 4051
1924 4051
1925 4054
1926 4052
1927 4050
1928 4056
1929 4056
1930 4054
1931 4055
1932 4052
1933 4056
1934 4054
1935 4058
1936 4050
1937 4054
1938 4052
1939 4054
1940 4054
1941 4055
1942 4055
1943 4054
1944 4053
1945 4053
1946 4057
1947 4053
1948 4055
1949 4055
1950 4050
1951 4057
1952 4053
1953 4052
1954 4053
1955 4053
1956 4054
1957 4055
1958 4055
1959 4053
1960 4054
1961 4052
1962 4052
1963 4053
1964 4055
1965 4056
1966 4052
1967 4055
1968 4053
1969 4052
1970 4054
1971 4051
1972 4051
1973 4055
1974 4053
1975 4055
1976 4052
1977 4054
1978 4054
1979 4054
1980 4055
1981 4055
1982 4056
1983 4056
1984 4054
1985 4056
1986 4053
1987 4053
1988 4056
1989 4056
1990 4053
1991 4051
1992 4053
1993 4053
1994 4056
1995 4056
1996 4056
1997 4052
1998 4055
1999 4054
2000 4053
2001 4058
2002 4052
2003 4056
2004 4052
2005 4056
2006 4053
2007 4052
2008 4055
2009 4053
2010 4050
2011 4054
2012 4056
2013 4053
2014 4053
2015 4054
2016 4054
2017 4057
2018 4049
2019 4052
2020 4053
2021 4051
2022 4057
2023 4054
2024 4053
2025 4052
2026 4054
2027 4054
2028 4051
2029 4054
2030 4055
2031 4056
2032 4054
2033 4051
2034 4056
2035 4055
2036 4052
2037 4055
2038 4054
2039 4054
2040 4056
2041 4057
2042 4051
2043 4052
2044 4051
2045 4054
2046 4054
2047 4053
2048 4052
2049 4055
2050 4055
2051 4060
2052 4052
2053 4053
2054 4054
2055 4056
2056 4054
2057 4055
2058 4052
2059 4054
2060 4053
2061 4056
2062 4054
2063 4056
2064 4053
2065 4057
2066 4056
2067 4054
2068 4052
2069 4054
2070 4054
2071 4054
2072 4055
2073 4053
2074 4054
2075 4056
2076 4056
2077 4054
2078 4054
2079 4056
2080 4055
2081 4054
2082 4057
2083 4052
2084 4056
2085 4054
2086 4056
2087 4055
2088 4055
2089 4053
2090 4056
2091 4054
2092 4054
2093 4053
2094 4050
2095 4050
2096 4056
2097 4056
2098 4053
2099 4052
2100 4056
2101 4061
2102 4052
2103 4056
2104 4052
2105 4054
2106 4055
2107 4055
2108 4051
2109 4053
2110 4056
2111 4052
2112 4053
2113 4055
2114 4053
2115 4054
2116 4051
2117 4056
2118 4056
2119 4056
2120 4053
2121 4054
2122 4055
2123 4052
2124 4055
2125 4053
2126 4054
2127 4052
2128 4051
2129 4055
2130 4056
2131 4056
2132 4056
2133 4052
2134 4054
2135 4056
2136 4056
2137 4056
2138 4054
2139 4056
2140 4055
2141 4054
2142 4056
2143 4052
2144 4053
2145 4054
2146 4053
2147 4058
2148 4055
2149 4059
2150 4051
2151 4058
2152 4051
2153 4055
2154 4050
2155 4053
2156 4054
2157 4056
2158 4052
2159 4055
2160 4055
2161 4052
2162 4053
2163 4053
2164 4051
2165 4053
2166 4055
2167 4056
2168 4052
2169 4053
2170 4051
2171 4050
2172 4053
2173 4054
2174 4053
2175 4052
2176 4055
2177 4053
2178 4054
2179 4052
2180 4054
2181 4054
2182 4052
2183 4052
2184 4050
2185 4054
2186 4052
2187 4053
2188 4054
2189 4052
2190 4054
2191 4053
2192 4055
2193 4053
2194 4055
2195 4057
2196 4057
2197 4053
2198 4056
2199 4058
2200 4054
2201 4056
2202 4051
2203 4054
2204 4051
2205 4055
2206 4053
2207 4056
2208 4053
2209 4051
2210 4055
2211 4052
2212 4055
2213 4056
2214 4055
2215 4056
2216 4051
2217 4055
2218 4054
2219 4053
2220 4056
2221 4053
2222 4054
2223 4056
2224 4050
2225 4054
2226 4055
2227 4054
2228 4052
2229 4056
2230 4056
2231 4055
2232 4056
2233 4056
2234 4053
2235 4053
2236 4051
2237 4054
2238 4052
2239 4050
2240 4055
2241 4054
2242 4052
2243 4057
2244 4056
2245 4055
2246 4053
2247 4055
2248 4055
2249 4054
2250 4053
2251 4059
2252 4053
2253 4051
2254 4053
2255 4053
2256 4053
2257 4059
2258 4054
2259 4055
2260 4055
2261 4056
2262 4054
2263 4054
2264 4055
2265 4056
2266 4055
2267 4055
2268 4051
2269 4056
2270 4056
2271 4057
2272 4052
2273 4055
2274 4051
2275 4052
2276 4052
2277 4052
2278 4055
2279 4054
2280 4051
2281 4056
2282 4056
2283 4054
2284 4054
2285 4055
2286 4054
2287 4053
2288 4053
2289 4056
2290 4053
2291 4054
2292 4054
2293 4054
2294 4054
2295 4057
2296 4052
2297 4057
2298 4051
2299 4056
2300 4054
2301 4056
2302 4051
2303 4056
2304 4052
2305 4050
2306 4056
2307 4053
2308 4053
2309 4056
2310 4057
2311 4052
2312 4058
2313 4056
2314 4057
2315 4052
2316 4054
2317 4056
2318 4052
2319 4054
2320 4054
2321 4056
2322 4055
2323 4053
2324 4052
2325 4055
2326 4052
2327 4057
2328 4054
2329 4054
2330 4056
2331 4056
2332 4056
2333 4055
2334 4055
2335 4056
2336 4054
2337 4056
2338 4056
2339 4053
2340 4054
2341 4053
2342 4054
2343 4052
2344 4054
2345 4054
2346 4054
2347 4056
2348 4057
2349 4055
2350 4053
2351 4059
2352 4052
2353 4054
2354 4051
2355 4057
2356 4054
2357 4056
2358 4053
2359 4052
2360 4054
2361 4053
2362 4055
2363 4054
2364 4052
2365 4051
2366 4055
2367 4056
2368 4054
2369 4055
2370 4054
2371 4054
2372 4058
2373 4050
2374 4051
2375 4053
2376 4051
2377 4054
2378 4056
2379 4053
2380 4054
2381 4053
2382 4054
2383 4056
2384 4054
2385 4054
2386 4055
2387 4051
2388 4056
2389 4052
2390 4052
2391 4057
2392 4054
2393 4051
2394 4056
2395 4055
2396 4054
2397 4057
2398 4053
2399 4054
2400 4053
2401 4056
2402 4050
2403 4056
2404 4056
2405 4056
2406 4055
2407 4054
2408 4056
2409 4052
2410 4055
2411 4055
2412 4056
2413 4055
2414 4053
2415 4055
2416 4052
2417 4052
2418 4057
2419 4055
2420 4054
2421 4055
2422 4053
2423 4052
2424 4054
2425 4054
2426 4054
2427 4056
2428 4057
2429 4056
2430 4055
2431 4057
2432 4053
2433 4054
2434 4055
2435 4052
2436 4053
2437 4056
2438 4052
2439 4056
2440 4053
2441 4053
2442 4051
2443 4055
2444 4054
2445 4054
2446 4053
2447 4056
2448 4056
2449 4055
2450 4053
2451 4056
2452 4052
2453 4055
2454 4056
2455 4058
2456 4056
2457 4054
2458 4053
2459 4048
2460 4055
2461 4053
2462 4054
2463 4055
2464 4053
2465 4054
2466 4056
2467 4054
2468 4053
2469 4056
2470 4054
2471 4055
2472 4056
2473 4054
2474 4055
2475 4051
2476 4057
2477 4054
2478 4056
2479 4058
2480 4053
2481 4053
2482 4056
2483 4054
2484 4055
2485 4054
2486 4055
2487 4056
2488 4056
2489 4054
2490 4055
2491 4054
2492 4052
2493 4052
2494 4053
2495 4054
2496 4052
2497 4057
2498 4054
2499 4054
2500 4055
2501 4058
2502 4052
2503 4054
2504 4056
2505 4054
2506 4058
2507 4056
2508 4056
2509 4057
2510 4054
2511 4052
2512 4054
2513 4056
2514 4055
2515 4055
2516 4051
2517 4056
2518 4054
2519 4051
2520 4057
2521 4057
2522 4054
2523 4053
2524 4055
2525 4051
2526 4054
2527 4053
2528 4053
2529 4054
2530 4057
2531 4052
2532 4055
2533 4056
2534 4053
2535 4054
2536 4055
2537 4054
2538 4054
2539 4053
2540 4054
2541 4057
2542 4056
2543 4053
2544 4056
2545 4052
2546 4054
2547 4056
2548 4053
2549 4054
2550 4053
2551 4056
2552 4050
2553 4054
2554 4057
2555 4052
2556 4055
2557 4054
2558 4053
2559 4055
2560 4053
2561 4053
2562 4057
2563 4057
2564 4056
2565 4054
2566 4057
2567 4055
2568 4055
2569 4051
2570 4052
2571 4053
2572 4056
2573 4052
2574 4053
2575 4053
2576 4056
2577 4053
2578 4055
2579 4054
2580 4056
2581 4053
2582 4053
2583 4056
2584 4051
2585 4053
2586 4053
2587 4053
2588 4052
2589 4054
2590 4054
2591 4053
2592 4052
2593 4053
2594 4056
2595 4056
2596 4053
2597 4053
2598 4052
2599 4055
2600 4051
2601 4055
2602 4051
2603 4054
2604 4052
2605 4055
2606 4052
2607 4054
2608 4056
2609 4052
2610 4054
2611 4053
2612 4051
2613 4051
2614 4051
2615 4050
2616 4055
2617 4055
2618 4055
2619 4053
2620 4051
2621 4056
2622 4051
2623 4053
2624 4053
2625 4056
2626 4052
2627 4054
2628 4053
2629 4054
2630 4053
2631 4056
2632 4052
2633 4057
2634 4050
2635 4052
2636 4053
2637 4052
2638 4055
2639 4054
2640 4051
2641 4056
2642 4054
2643 4051
2644 4056
2645 4055
2646 4055
2647 4057
2648 4051
2649 4053
2650 4056
2651 4054
2652 4056
2653 4054
2654 4052
2655 4054
2656 4055
2657 4056
2658 4054
2659 4054
2660 4056
2661 4054
2662 4052
2663 4054
2664 4054
2665 4054
2666 4056
2667 4057
2668 4054
2669 4054
2670 4052
2671 4056
2672 4054
2673 4054
2674 4054
2675 4053
2676 4055
2677 4053
2678 4053
2679 4055
2680 4057
2681 4054
2682 4056
2683 4054
2684 4053
2685 4056
2686 4056
2687 4053
2688 4056
2689 4053
2690 4054
2691 4056
2692 4052
2693 4053
2694 4053
2695 4057
2696 4053
2697 4054
2698 4056
2699 4053
2700 4054
2701 4056
2702 4049
2703 4053
2704 4053
2705 4052
2706 4053
2707 4054
2708 4054
2709 4051
2710 4056
2711 4055
2712 4056
2713 4056
2714 4053
2715 4054
2716 4053
2717 4056
2718 4055
2719 4056
2720 4057
2721 4056
2722 4057
2723 4052
2724 4050
2725 4053
2726 4050
2727 4056
2728 4052
2729 4054
2730 4053
2731 4054
2732 4057
2733 4056
2734 4054
2735 4053
2736 4054
2737 4055
2738 4056
2739 4055
2740 4056
2741 4052
2742 4051
2743 4056
2744 4052
2745 4054
2746 4056
2747 4053
2748 4054
2749 4056
2750 4052
2751 4057
2752 4051
2753 4055
2754 4057
2755 4055
2756 4052
2757 4053
2758 4055
2759 4053
2760 4054
2761 4056
2762 4052
2763 4054
2764 4055
2765 4054
2766 4052
2767 4056
2768 4053
2769 4056
2770 4056
2771 4054
2772 4054
2773 4054
2774 4054
2775 4054
2776 4053
2777 4055
2778 4051
2779 4053
2780 4051
2781 4054
2782 4054
2783 4052
2784 4050
2785 4055
2786 4054
2787 4053
2788 4056
2789 4056
2790 4054
2791 4056
2792 4051
2793 4053
2794 4054
2795 4054
2796 4053
2797 4057
2798 4051
2799 4051
2800 4052
2801 4056
2802 4047
2803 4053
2804 4043
2805 4049
2806 4046
2807 4048
2808 4045
2809 4041
2810 4042
2811 4042
2812 4041
2813 4041
2814 4037
2815 4036
2816 4030
2817 4033
2818 4030
2819 4027
2820 4025
2821 4025
2822 4024
2823 4025
2824 4024
2825 4025
2826 4016
2827 4022
2828 4020
2829 4029
2830 4028
2831 4027
2832 4033
2833 4027
2834 4026
2835 4031
2836 4023
2837 4028
2838 4033
2839 4034
2840 4033
2841 4035
2842 4034
2843 4040
2844 4040
2845 4041
2846 4042
2847 4044
2848 4043
2849 4042
2850 4042
2851 4046
2852 4045
2853 4046
2854 4047
2855 4049
2856 4047
2857 4048
2858 4049
2859 4045
2860 4051
2861 4052
2862 4055
2863 4051
2864 4052
2865 4052
2866 4052
2867 4054
2868 4050
2869 4057
2870 4054
2871 4055
2872 4056
2873 4056
2874 4049
2875 4053
2876 4053
2877 4054
2878 4054
2879 4051
2880 4053
2881 4056
2882 4053
2883 4057
2884 4055
2885 4053
2886 4054
2887 4057
2888 4057
2889 4053
2890 4057
2891 4053
2892 4054
2893 4054
2894 4050
2895 4054
2896 4054
2897 4055
2898 4053
2899 4052
2900 4055
2901 4058
2902 4053
2903 4057
2904 4054
2905 4053
2906 4056
2907 4053
2908 4055
2909 4051
2910 4054
2911 4054
2912 4057
2913 4054
2914 4054
2915 4055
2916 4053
2917 4057
2918 4054
2919 4056
2920 4053
2921 4051
2922 4054
2923 4053
2924 4053
2925 4056
2926 4053
2927 4053
2928 4053
2929 4053
2930 4053
2931 4056
2932 4054
2933 4053
2934 4053
2935 4055
2936 4054
2937 4057
2938 4052
2939 4057
2940 4056
2941 4054
2942 4053
2943 4053
2944 4056
2945 4057
2946 4051
2947 4055
2948 4052
2949 4053
2950 4053
2951 4056
2952 4052
2953 4055
2954 4058
2955 4054
2956 4050
2957 4053
2958 4052
2959 4050
2960 4052
2961 4056
2962 4053
2963 4053
2964 4055
2965 4054
2966 4053
2967 4056
2968 4052
2969 4054
2970 4054
2971 4052
2972 4057
2973 4054
2974 4053
2975 4053
2976 4054
2977 4055
2978 4054
2979 4053
2980 4054
2981 4053
2982 4053
2983 4054
2984 4055
2985 4056
2986 4052
2987 4055
2988 4053
2989 4056
2990 4056
2991 4057
2992 4054
2993 4056
2994 4052
2995 4051
2996 4056
2997 4054
2998 4049
2999 4055
3000 4055
3001 4057
3002 4053
3003 4053
3004 4056
3005 4054
3006 4054
3007 4053
3008 4053
3009 4056
3010 4057
3011 4053
3012 4055
3013 4054
3014 4056
3015 4056
3016 4052
3017 4053
3018 4053
3019 4053
3020 4052
3021 4056
3022 4051
3023 4054
3024 4056
3025 4053
3026 4054
3027 4056
3028 4055
3029 4054
3030 4055
3031 4056
3032 4056
3033 4051
3034 4056
3035 4056
3036 4053
3037 4055
3038 4052
3039 4052
3040 4054
3041 4053
3042 4054
3043 4053
3044 4054
3045 4054
3046 4052
3047 4053
3048 4052
3049 4056
3050 4056
3051 4058
3052 4054
3053 4055
3054 4050
3055 4053
3056 4054
3057 4056
3058 4054
3059 4055
3060 4053
3061 4053
3062 4053
3063 4056
3064 4056
3065 4058
3066 4057
3067 4056
3068 4053
3069 4056
3070 4056
3071 4054
3072 4057
3073 4053
3074 4055
3075 4056
3076 4054
3077 4056
3078 4057
3079 4055
3080 4051
3081 4055
3082 4053
3083 4053
3084 4053
3085 4055
3086 4049
3087 4056
3088 4055
3089 4055
3090 4050
3091 4053
3092 4054
3093 4053
3094 4056
3095 4056
3096 4054
3097 4059
3098 4053
3099 4054
3100 4056
3101 4059
3102 4052
3103 4054
3104 4056
3105 4056
3106 4054
3107 4056
3108 4056
3109 4058
3110 4053
3111 4055
3112 4053
3113 4054
3114 4055
3115 4053
3116 4053
3117 4056
3118 4053
3119 4054
3120 4054
3121 4054
3122 4056
3123 4056
3124 4051
3125 4051
3126 4056
3127 4054
3128 4053
3129 4053
3130 4055
3131 4053
3132 4055
3133 4054
3134 4059
3135 4055
3136 4052
3137 4056
3138 4054
3139 4055
3140 4056
3141 4053
3142 4053
3143 4052
3144 4052
3145 4055
3146 4056
3147 4056
3148 4054
3149 4053
3150 4056
3151 4056
3152 4053
3153 4057
3154 4053
3155 4055
3156 4054
3157 4054
3158 4052
3159 4056
3160 4053
3161 4053
3162 4055
3163 4055
3164 4056
3165 4052
3166 4058
3167 4053
3168 4054
3169 4053
3170 4053
3171 4056
3172 4051
3173 4055
3174 4053
3175 4055
3176 4054
3177 4053
3178 4058
3179 4052
3180 4052
3181 4056
3182 4053
3183 4056
3184 4054
3185 4054
3186 4057
3187 4052
3188 4053
3189 4056
3190 4052
3191 4056
3192 4055
3193 4056
3194 4052
3195 4055
3196 4054
3197 4055
3198 4053
3199 4058
3200 4055
3201 4058
3202 4051
3203 4057
3204 4054
3205 4055
3206 4054
3207 4053
3208 4057
3209 4053
3210 4054
3211 4051
3212 4056
3213 4053
3214 4056
3215 4055
3216 4055
3217 4054
3218 4050
3219 4056
3220 4053
3221 4054
3222 4056
3223 4056
3224 4056
3225 4053
3226 4055
3227 4055
3228 4054
3229 4057
3230 4053
3231 4056
3232 4054
3233 4055
3234 4056
3235 4053
3236 4056
3237 4054
3238 4054
3239 4055
3240 4054
3241 4056
3242 4053
3243 4053
3244 4055
3245 4056
3246 4052
3247 4057
3248 4053
3249 4056
3250 4053
3251 4057
3252 4050
3253 4055
3254 4056
3255 4052
3256 4058
3257 4052
3258 4055
3259 4057
3260 4052
3261 4054
3262 4056
3263 4052
3264 4053
3265 4052
3266 4053
3267 4052
3268 4056
3269 4053
3270 4053
3271 4052
3272 4054
3273 4056
3274 4052
3275 4057
3276 4054
3277 4053
3278 4056
3279 4053
3280 4054
3281 4056
3282 4055
3283 4052
3284 4052
3285 4054
3286 4053
3287 4053
3288 4054
3289 4053
3290 4053
3291 4051
3292 4053
3293 4056
3294 4053
3295 4053
3296 4054
3297 4057
3298 4056
3299 4053
3300 4054
3301 4059
3302 4050
3303 4054
3304 4053
3305 4052
3306 4056
3307 4056
3308 4055
3309 4054
3310 4052
3311 4054
3312 4054
3313 4055
3314 4056
3315 4053
3316 4054
3317 4054
3318 4054
3319 4052
3320 4051
3321 4056
3322 4052
3323 4053
3324 4053
3325 4056
3326 4055
3327 4055
3328 4053
3329 4055
3330 4053
3331 4051
3332 4057
3333 4057
3334 4054
3335 4053
3336 4056
3337 4056
3338 4053
3339 4056
3340 4056
3341 4054
3342 4053
3343 4053
3344 4054
3345 4056
3346 4054
3347 4055
3348 4053
3349 4054
3350 4053
3351 4057
3352 4056
3353 4056
3354 4052
3355 4053
3356 4051
3357 4054
3358 4053
3359 4055
3360 4052
3361 4056
3362 4054
3363 4056
3364 4053
3365 4054
3366 4056
3367 4056
3368 4052
3369 4053
3370 4053
3371 4056
3372 4051
3373 4053
3374 4053
3375 4057
3376 4053
3377 4055
3378 4054
3379 4054
3380 4051
3381 4052
3382 4056
3383 4056
3384 4055
3385 4056
3386 4054
3387 4052
3388 4053
3389 4056
3390 4054
3391 4056
3392 4057
3393 4054
3394 4053
3395 4056
3396 4057
3397 4053
3398 4055
3399 4054
3400 4055
3401 4059
3402 4053
3403 4057
3404 4054
3405 4056
3406 4053
3407 4054
3408 4055
3409 4053
3410 4054
3411 4058
3412 4054
3413 4055
3414 4054
3415 4054
3416 4053
3417 4056
3418 4054
3419 4054
3420 4054
3421 4057
3422 4055
3423 4053
3424 4052
3425 4054
3426 4054
3427 4053
3428 4052
3429 4053
3430 4057
3431 4053
3432 4056
3433 4056
3434 4056
3435 4057
3436 4056
3437 4054
3438 4052
3439 4054
3440 4053
3441 4054
3442 4056
3443 4056
3444 4055
3445 4057
3446 4054
3447 4053
3448 4055
3449 4056
3450 4054
3451 4057
3452 4052
3453 4055
3454 4053
3455 4051
3456 4052
3457 4055
3458 4056
3459 4051
3460 4049
3461 4054
3462 4053
3463 4054
3464 4055
3465 4056
3466 4053
3467 4055
3468 4054
3469 4056
3470 4052
3471 4056
3472 4054
3473 4054
3474 4054
3475 4054
3476 4056
3477 4054
3478 4053
3479 4057
3480 4050
3481 4050
3482 4053
3483 4054
3484 4054
3485 4056
3486 4053
3487 4053
3488 4053
3489 4054
3490 4052
3491 4056
3492 4054
3493 4053
3494 4053
3495 4054
3496 4053
3497 4056
3498 4053
3499 4054
3500 4055
3501 4059
3502 4050
3503 4051
3504 4056
3505 4056
3506 4053
3507 4053
3508 4054
3509 4056
3510 4056
3511 4056
3512 4056
3513 4057
3514 4056
3515 4057
3516 4056
3517 4055
3518 4052
3519 4057
3520 4054
3521 4054
3522 4056
3523 4054
3524 4053
3525 4056
3526 4053
3527 4053
3528 4055
3529 4051
3530 4054
3531 4057
3532 4058
3533 4054
3534 4053
3535 4053
3536 4054
3537 4056
3538 4053
3539 4052
3540 4054
3541 4057
3542 4052
3543 4053
3544 4054
3545 4056
3546 4056
3547 4056
3548 4054
3549 4057
3550 4054
3551 4056
3552 4052
3553 4058
3554 4054
3555 4053
3556 4052
3557 4054
3558 4050
3559 4053
3560 4057
3561 4056
3562 4052
3563 4054
3564 4054
3565 4054
3566 4052
3567 4056
3568 4053
3569 4056
3570 4053
3571 4052
3572 4055
3573 4056
3574 4056
3575 4054
3576 4052
3577 4056
3578 4054
3579 4056
3580 4056
3581 4054
3582 4056
3583 4056
3584 4052
3585 4055
3586 4054
3587 4053
3588 4054
3589 4054
3590 4054
3591 4056
3592 4054
3593 4055
3594 4053
3595 4056
3596 4055
3597 4054
3598 4051
3599 4054
3600 4056
3601 4059
3602 4052
3603 4053
3604 4054
3605 4054
3606 4056
3607 4050
3608 4054
3609 4056
3610 4056
3611 4052
3612 4055
3613 4054
3614 4053
3615 4056
3616 4056
3617 4055
3618 4056
3619 4058
3620 4053
3621 4056
3622 4054
3623 4052
3624 4053
3625 4056
3626 4056
3627 4053
3628 4052
3629 4055
3630 4053
3631 4053
3632 4053
3633 4055
3634 4053
3635 4057
3636 4055
3637 4054
3638 4053
3639 4057
3640 4054
3641 4052
3642 4055
3643 4053
3644 4053
3645 4056
3646 4056
3647 4058
3648 4053
3649 4054
3650 4056
3651 4058
3652 4050
3653 4055
3654 4055
3655 4056
3656 4048
3657 4056
3658 4053
3659 4055
3660 4056
3661 4053
3662 4054
3663 4052
3664 4053
3665 4056
3666 4056
3667 4051
3668 4053
3669 4055
3670 4054
3671 4057
3672 4056
3673 4055
3674 4055
3675 4054
3676 4051
3677 4053
3678 4056
3679 4056
3680 4052
3681 4054
3682 4056
3683 4056
3684 4054
3685 4051
3686 4052
3687 4053
3688 4054
3689 4052
3690 4052
3691 4053
3692 4054
3693 4053
3694 4055
