#Data from the TCD1304 linear CCD
#column 1 = pixelnumber , column 2 = pixelvalue
#Pixel 1-32 and 3679-3694 and are dummy pixels
#SH-period: 200    ICG-period: 100000    Integration time: 100.0 us
2 4046
3 4048
4 4063
5 4065
6 4065
7 4069
8 4063
9 4062
10 4066
11 4066
12 4068
13 4063
14 4066
15 4067
16 4063
17 4063
18 4063
19 4068
20 4063
21 4063
22 4066
23 4065
24 4066
25 4067
26 4066
27 4066
28 4066
29 4068
30 4063
31 4063
32 4063
34 4067
35 4067
36 4068
37 4066
38 4063
39 4066
40 4068
41 4066
42 4065
43 4067
44 4063
45 4067
46 4066
47 4066
48 4063
49 4062
50 4066
51 4067
52 4066
53 4066
54 4065
55 4068
56 4066
57 4069
58 4063
59 4066
60 4065
61 4066
62 4066
63 4065
64 4066
65 4067
66 4066
67 4065
68 4065
69 4066
70 4063
71 4068
72 4063
73 4066
74 4062
75 4068
76 4067
77 4063
78 4065
79 4066
80 4068
81 4066
82 4067
83 4068
84 4066
85 4068
86 4068
87 4069
88 4067
89 4063
90 4060
91 4069
92 4068
93 4063
94 4069
95 4066
96 4068
97 4068
98 4066
99 4068
100 4065
101 4071
102 4063
103 4063
104 4069
105 4063
106 4066
107 4066
108 4068
109 4066
110 4066
111 4068
112 4066
113 4067
114 4067
115 4065
116 4063
117 4067
118 4067
119 4066
120 4068
121 4067
122 4068
123 4068
124 4066
125 4067
126 4066
127 4066
128 4063
129 4063
130 4067
131 4066
132 4066
133 4068
134 4068
135 4063
136 4066
137 4068
138 4069
139 4067
140 4067
141 4067
142 4066
143 4065
144 4068
145 4066
146 4068
147 4063
148 4066
149 4068
150 4066
151 4070
152 4060
153 4063
154 4067
155 4066
156 4066
157 4067
158 4066
159 4063
160 4067
161 4066
162 4065
163 4068
164 4066
165 4068
166 4065
167 4070
168 4068
169 4070
170 4067
171 4066
172 4065
173 4063
174 4066
175 4069
176 4069
177 4066
178 4067
179 4063
180 4067
181 4068
182 4068
183 4063
184 4065
185 4066
186 4066
187 4067
188 4070
189 4063
190 4068
191 4065
192 4065
193 4068
194 4062
195 4068
196 4066
197 4066
198 4063
199 4066
200 4068
201 4066
202 4063
203 4067
204 4069
205 4069
206 4068
207 4063
208 4066
209 4066
210 4067
211 4067
212 4067
213 4069
214 4063
215 4066
216 4067
217 4063
218 4069
219 4069
220 4067
221 4062
222 4067
223 4063
224 4066
225 4066
226 4068
227 4066
228 4067
229 4070
230 4066
231 4068
232 4066
233 4063
234 4063
235 4070
236 4066
237 4068
238 4066
239 4067
240 4068
241 4071
242 4068
243 4063
244 4067
245 4068
246 4067
247 4063
248 4066
249 4067
250 4067
251 4070
252 4063
253 4066
254 4068
255 4063
256 4066
257 4067
258 4063
259 4067
260 4066
261 4068
262 4066
263 4063
264 4068
265 4068
266 4068
267 4063
268 4063
269 4067
270 4066
271 4067
272 4062
273 4063
274 4063
275 4067
276 4068
277 4066
278 4063
279 4067
280 4063
281 4067
282 4068
283 4068
284 4070
285 4066
286 4067
287 4064
288 4067
289 4066
290 4066
291 4065
292 4067
293 4067
294 4070
295 4066
296 4067
297 4066
298 4063
299 4065
300 4067
301 4070
302 4063
303 4066
304 4068
305 4067
306 4067
307 4065
308 4065
309 4066
310 4063
311 4065
312 4068
313 4066
314 4066
315 4066
316 4067
317 4067
318 4063
319 4067
320 4063
321 4066
322 4066
323 4070
324 4062
325 4067
326 4066
327 4068
328 4066
329 4071
330 4067
331 4068
332 4066
333 4066
334 4066
335 4066
336 4068
337 4068
338 4063
339 4069
340 4067
341 4069
342 4067
343 4065
344 4068
345 4063
346 4070
347 4069
348 4066
349 4066
350 4069
351 4068
352 4060
353 4069
354 4066
355 4068
356 4068
357 4065
358 4062
359 4063
360 4067
361 4068
362 4066
363 4069
364 4063
365 4067
366 4067
367 4067
368 4068
369 4063
370 4066
371 4069
372 4065
373 4068
374 4068
375 4069
376 4063
377 4063
378 4067
379 4066
380 4065
381 4068
382 4066
383 4068
384 4068
385 4068
386 4065
387 4063
388 4068
389 4063
390 4066
391 4066
392 4067
393 4065
394 4066
395 4067
396 4062
397 4069
398 4065
399 4066
400 4068
401 4068
402 4063
403 4066
404 4068
405 4067
406 4066
407 4066
408 4063
409 4069
410 4069
411 4066
412 4067
413 4071
414 4063
415 4067
416 4068
417 4067
418 4063
419 4068
420 4067
421 4067
422 4065
423 4067
424 4065
425 4065
426 4067
427 4063
428 4063
429 4065
430 4063
431 4066
432 4068
433 4066
434 4065
435 4066
436 4066
437 4068
438 4066
439 4066
440 4065
441 4063
442 4067
443 4068
444 4072
445 4068
446 4063
447 4066
448 4069
449 4066
450 4068
451 4067
452 4063
453 4063
454 4063
455 4065
456 4066
457 4066
458 4066
459 4069
460 4070
461 4063
462 4063
463 4068
464 4067
465 4067
466 4068
467 4070
468 4068
469 4068
470 4069
471 4063
472 4067
473 4065
474 4066
475 4070
476 4068
477 4063
478 4063
479 4067
480 4068
481 4067
482 4070
483 4066
484 4063
485 4066
486 4067
487 4068
488 4066
489 4066
490 4066
491 4066
492 4067
493 4069
494 4067
495 4067
496 4068
497 4063
498 4066
499 4068
500 4067
501 4068
502 4065
503 4069
504 4070
505 4066
506 4065
507 4071
508 4062
509 4066
510 4067
511 4068
512 4067
513 4070
514 4066
515 4067
516 4065
517 4063
518 4066
519 4063
520 4066
521 4066
522 4068
523 4068
524 4066
525 4068
526 4066
527 4067
528 4063
529 4066
530 4066
531 4068
532 4063
533 4066
534 4067
535 4067
536 4063
537 4067
538 4063
539 4062
540 4066
541 4063
542 4066
543 4063
544 4067
545 4066
546 4065
547 4071
548 4069
549 4066
550 4066
551 4070
552 4065
553 4068
554 4065
555 4066
556 4063
557 4065
558 4068
559 4066
560 4067
561 4069
562 4063
563 4063
564 4065
565 4068
566 4066
567 4067
568 4068
569 4067
570 4067
571 4063
572 4066
573 4068
574 4067
575 4068
576 4063
577 4068
578 4068
579 4066
580 4066
581 4066
582 4066
583 4068
584 4069
585 4066
586 4068
587 4069
588 4063
589 4067
590 4066
591 4066
592 4066
593 4069
594 4063
595 4066
596 4066
597 4067
598 4065
599 4069
600 4070
601 4067
602 4063
603 4068
604 4067
605 4068
606 4067
607 4063
608 4070
609 4067
610 4065
611 4067
612 4065
613 4062
614 4066
615 4070
616 4067
617 4069
618 4063
619 4068
620 4068
621 4062
622 4069
623 4067
624 4068
625 4066
626 4067
627 4065
628 4067
629 4063
630 4067
631 4067
632 4063
633 4070
634 4066
635 4066
636 4066
637 4067
638 4068
639 4070
640 4065
641 4065
642 4067
643 4066
644 4067
645 4065
646 4062
647 4066
648 4068
649 4066
650 4063
651 4069
652 4066
653 4063
654 4065
655 4068
656 4067
657 4068
658 4063
659 4066
660 4068
661 4067
662 4066
663 4068
664 4070
665 4069
666 4068
667 4066
668 4063
669 4070
670 4063
671 4063
672 4066
673 4069
674 4071
675 4067
676 4067
677 4066
678 4063
679 4067
680 4066
681 4066
682 4066
683 4066
684 4063
685 4063
686 4067
687 4063
688 4066
689 4071
690 4068
691 4070
692 4067
693 4068
694 4066
695 4066
696 4067
697 4068
698 4066
699 4068
700 4066
701 4067
702 4063
703 4063
704 4068
705 4067
706 4066
707 4065
708 4066
709 4068
710 4066
711 4070
712 4063
713 4069
714 4067
715 4066
716 4067
717 4070
718 4066
719 4066
720 4066
721 4067
722 4063
723 4068
724 4066
725 4063
726 4063
727 4063
728 4066
729 4066
730 4063
731 4070
732 4067
733 4067
734 4067
735 4068
736 4063
737 4066
738 4066
739 4063
740 4066
741 4066
742 4066
743 4068
744 4068
745 4067
746 4066
747 4065
748 4068
749 4065
750 4066
751 4069
752 4063
753 4067
754 4066
755 4067
756 4063
757 4062
758 4063
759 4069
760 4063
761 4066
762 4063
763 4063
764 4063
765 4068
766 4067
767 4069
768 4067
769 4068
770 4065
771 4070
772 4068
773 4063
774 4063
775 4067
776 4065
777 4066
778 4066
779 4066
780 4069
781 4068
782 4066
783 4066
784 4065
785 4068
786 4068
787 4067
788 4069
789 4066
790 4067
791 4070
792 4066
793 4066
794 4070
795 4068
796 4066
797 4069
798 4065
799 4067
800 4070
801 4069
802 4063
803 4063
804 4067
805 4065
806 4069
807 4063
808 4062
809 4067
810 4068
811 4066
812 4068
813 4068
814 4066
815 4067
816 4063
817 4069
818 4066
819 4066
820 4067
821 4065
822 4066
823 4068
824 4063
825 4063
826 4066
827 4066
828 4063
829 4066
830 4068
831 4066
832 4067
833 4063
834 4066
835 4068
836 4063
837 4067
838 4065
839 4063
840 4066
841 4069
842 4063
843 4069
844 4069
845 4067
846 4062
847 4067
848 4066
849 4062
850 4067
851 4070
852 4063
853 4066
854 4063
855 4068
856 4063
857 4066
858 4065
859 4065
860 4065
861 4063
862 4066
863 4067
864 4067
865 4066
866 4068
867 4063
868 4065
869 4066
870 4067
871 4065
872 4068
873 4066
874 4062
875 4072
876 4063
877 4066
878 4066
879 4066
880 4063
881 4063
882 4063
883 4068
884 4067
885 4067
886 4063
887 4063
888 4068
889 4066
890 4065
891 4065
892 4066
893 4068
894 4066
895 4067
896 4068
897 4063
898 4063
899 4066
900 4069
901 4066
902 4063
903 4066
904 4066
905 4063
906 4063
907 4067
908 4066
909 4062
910 4067
911 4063
912 4068
913 4067
914 4069
915 4063
916 4067
917 4063
918 4068
919 4066
920 4068
921 4066
922 4063
923 4066
924 4063
925 4066
926 4063
927 4063
928 4068
929 4067
930 4063
931 4069
932 4066
933 4066
934 4067
935 4069
936 4062
937 4067
938 4065
939 4070
940 4063
941 4065
942 4065
943 4067
944 4067
945 4066
946 4063
947 4068
948 4065
949 4063
950 4068
951 4068
952 4062
953 4066
954 4065
955 4069
956 4063
957 4068
958 4066
959 4067
960 4066
961 4063
962 4067
963 4066
964 4068
965 4070
966 4066
967 4066
968 4062
969 4066
970 4066
971 4068
972 4070
973 4066
974 4066
975 4065
976 4063
977 4068
978 4066
979 4065
980 4066
981 4068
982 4066
983 4068
984 4066
985 4066
986 4063
987 4067
988 4067
989 4068
990 4065
991 4068
992 4066
993 4066
994 4067
995 4068
996 4065
997 4063
998 4066
999 4066
1000 4068
1001 4070
1002 4062
1003 4068
1004 4065
1005 4068
1006 4063
1007 4063
1008 4062
1009 4067
1010 4066
1011 4064
1012 4063
1013 4066
1014 4063
1015 4067
1016 4067
1017 4067
1018 4066
1019 4063
1020 4067
1021 4063
1022 4066
1023 4067
1024 4067
1025 4069
1026 4063
1027 4066
1028 4066
1029 4073
1030 4066
1031 4067
1032 4066
1033 4066
1034 4068
1035 4069
1036 4062
1037 4066
1038 4063
1039 4066
1040 4067
1041 4070
1042 4066
1043 4063
1044 4066
1045 4063
1046 4069
1047 4065
1048 4068
1049 4066
1050 4067
1051 4070
1052 4063
1053 4067
1054 4068
1055 4067
1056 4067
1057 4069
1058 4066
1059 4066
1060 4067
1061 4066
1062 4066
1063 4067
1064 4066
1065 4067
1066 4066
1067 4067
1068 4066
1069 4070
1070 4067
1071 4068
1072 4066
1073 4068
1074 4063
1075 4068
1076 4063
1077 4067
1078 4063
1079 4065
1080 4066
1081 4067
1082 4067
1083 4066
1084 4066
1085 4069
1086 4062
1087 4066
1088 4066
1089 4067
1090 4066
1091 4070
1092 4066
1093 4066
1094 4068
1095 4068
1096 4065
1097 4065
1098 4063
1099 4066
1100 4068
1101 4068
1102 4066
1103 4069
1104 4069
1105 4067
1106 4066
1107 4066
1108 4063
1109 4063
1110 4065
1111 4066
1112 4063
1113 4066
1114 4066
1115 4067
1116 4066
1117 4068
1118 4066
1119 4068
1120 4066
1121 4068
1122 4068
1123 4067
1124 4065
1125 4068
1126 4066
1127 4066
1128 4065
1129 4068
1130 4063
1131 4067
1132 4066
1133 4069
1134 4065
1135 4068
1136 4062
1137 4066
1138 4068
1139 4066
1140 4063
1141 4063
1142 4063
1143 4066
1144 4066
1145 4066
1146 4068
1147 4066
1148 4065
1149 4065
1150 4066
1151 4070
1152 4063
1153 4067
1154 4066
1155 4063
1156 4070
1157 4068
1158 4066
1159 4068
1160 4066
1161 4066
1162 4065
1163 4066
1164 4068
1165 4063
1166 4068
1167 4068
1168 4066
1169 4066
1170 4068
1171 4068
1172 4063
1173 4067
1174 4068
1175 4063
1176 4063
1177 4065
1178 4063
1179 4063
1180 4068
1181 4068
1182 4063
1183 4067
1184 4065
1185 4066
1186 4066
1187 4065
1188 4068
1189 4063
1190 4068
1191 4065
1192 4066
1193 4065
1194 4066
1195 4069
1196 4066
1197 4068
1198 4070
1199 4066
1200 4067
1201 4070
1202 4063
1203 4068
1204 4065
1205 4066
1206 4066
1207 4063
1208 4067
1209 4068
1210 4068
1211 4066
1212 4063
1213 4065
1214 4067
1215 4066
1216 4066
1217 4066
1218 4066
1219 4066
1220 4068
1221 4063
1222 4063
1223 4063
1224 4066
1225 4068
1226 4068
1227 4067
1228 4067
1229 4063
1230 4063
1231 4068
1232 4067
1233 4068
1234 4059
1235 4067
1236 4063
1237 4062
1238 4066
1239 4068
1240 4068
1241 4069
1242 4065
1243 4069
1244 4063
1245 4066
1246 4063
1247 4066
1248 4066
1249 4063
1250 4066
1251 4071
1252 4063
1253 4067
1254 4070
1255 4065
1256 4068
1257 4066
1258 4068
1259 4068
1260 4066
1261 4068
1262 4063
1263 4068
1264 4063
1265 4066
1266 4068
1267 4065
1268 4063
1269 4067
1270 4066
1271 4063
1272 4066
1273 4066
1274 4063
1275 4065
1276 4070
1277 4066
1278 4066
1279 4070
1280 4065
1281 4067
1282 4065
1283 4066
1284 4066
1285 4066
1286 4068
1287 4066
1288 4067
1289 4067
1290 4063
1291 4063
1292 4066
1293 4066
1294 4067
1295 4070
1296 4063
1297 4066
1298 4067
1299 4066
1300 4066
1301 4068
1302 4066
1303 4066
1304 4065
1305 4065
1306 4063
1307 4065
1308 4066
1309 4066
1310 4066
1311 4063
1312 4066
1313 4068
1314 4063
1315 4066
1316 4069
1317 4068
1318 4065
1319 4067
1320 4068
1321 4063
1322 4066
1323 4067
1324 4066
1325 4066
1326 4068
1327 4063
1328 4066
1329 4067
1330 4063
1331 4065
1332 4066
1333 4063
1334 4066
1335 4068
1336 4063
1337 4066
1338 4065
1339 4067
1340 4066
1341 4067
1342 4066
1343 4067
1344 4068
1345 4067
1346 4068
1347 4067
1348 4063
1349 4062
1350 4067
1351 4071
1352 4063
1353 4066
1354 4068
1355 4063
1356 4066
1357 4068
1358 4067
1359 4063
1360 4063
1361 4068
1362 4066
1363 4068
1364 4067
1365 4069
1366 4068
1367 4065
1368 4069
1369 4067
1370 4066
1371 4068
1372 4068
1373 4068
1374 4063
1375 4063
1376 4063
1377 4067
1378 4063
1379 4066
1380 4070
1381 4069
1382 4068
1383 4066
1384 4066
1385 4069
1386 4066
1387 4063
1388 4063
1389 4067
1390 4065
1391 4070
1392 4068
1393 4068
1394 4066
1395 4066
1396 4063
1397 4065
1398 4068
1399 4066
1400 4067
1401 4070
1402 4066
1403 4065
1404 4066
1405 4066
1406 4068
1407 4067
1408 4067
1409 4068
1410 4063
1411 4066
1412 4067
1413 4069
1414 4066
1415 4066
1416 4067
1417 4067
1418 4067
1419 4066
1420 4068
1421 4066
1422 4066
1423 4066
1424 4067
1425 4065
1426 4067
1427 4066
1428 4067
1429 4066
1430 4063
1431 4065
1432 4063
1433 4067
1434 4068
1435 4065
1436 4066
1437 4066
1438 4068
1439 4065
1440 4066
1441 4066
1442 4067
1443 4068
1444 4066
1445 4066
1446 4065
1447 4066
1448 4067
1449 4066
1450 4066
1451 4069
1452 4062
1453 4066
1454 4065
1455 4068
1456 4063
1457 4065
1458 4065
1459 4063
1460 4067
1461 4068
1462 4068
1463 4067
1464 4065
1465 4068
1466 4067
1467 4070
1468 4066
1469 4066
1470 4068
1471 4063
1472 4067
1473 4068
1474 4066
1475 4066
1476 4063
1477 4068
1478 4066
1479 4067
1480 4063
1481 4066
1482 4068
1483 4063
1484 4068
1485 4066
1486 4065
1487 4069
1488 4066
1489 4061
1490 4063
1491 4065
1492 4063
1493 4066
1494 4063
1495 4067
1496 4065
1497 4068
1498 4067
1499 4066
1500 4066
1501 4065
1502 4065
1503 4063
1504 4063
1505 4069
1506 4067
1507 4066
1508 4067
1509 4067
1510 4065
1511 4066
1512 4067
1513 4066
1514 4068
1515 4066
1516 4063
1517 4066
1518 4067
1519 4066
1520 4067
1521 4066
1522 4066
1523 4068
1524 4067
1525 4070
1526 4063
1527 4066
1528 4068
1529 4069
1530 4066
1531 4067
1532 4066
1533 4066
1534 4065
1535 4068
1536 4067
1537 4065
1538 4067
1539 4066
1540 4063
1541 4068
1542 4063
1543 4068
1544 4065
1545 4063
1546 4068
1547 4068
1548 4066
1549 4067
1550 4066
1551 4069
1552 4063
1553 4066
1554 4068
1555 4068
1556 4066
1557 4069
1558 4063
1559 4063
1560 4065
1561 4065
1562 4070
1563 4063
1564 4069
1565 4066
1566 4066
1567 4067
1568 4063
1569 4068
1570 4067
1571 4068
1572 4067
1573 4063
1574 4067
1575 4067
1576 4066
1577 4066
1578 4065
1579 4069
1580 4068
1581 4067
1582 4067
1583 4066
1584 4065
1585 4063
1586 4066
1587 4066
1588 4069
1589 4063
1590 4063
1591 4066
1592 4066
1593 4067
1594 4066
1595 4066
1596 4063
1597 4066
1598 4070
1599 4066
1600 4063
1601 4068
1602 4063
1603 4069
1604 4066
1605 4066
1606 4067
1607 4068
1608 4068
1609 4063
1610 4067
1611 4066
1612 4062
1613 4072
1614 4069
1615 4063
1616 4068
1617 4063
1618 4063
1619 4069
1620 4065
1621 4066
1622 4063
1623 4066
1624 4063
1625 4068
1626 4063
1627 4068
1628 4070
1629 4063
1630 4070
1631 4063
1632 4067
1633 4068
1634 4066
1635 4068
1636 4063
1637 4066
1638 4070
1639 4066
1640 4068
1641 4069
1642 4066
1643 4066
1644 4063
1645 4066
1646 4065
1647 4068
1648 4068
1649 4068
1650 4067
1651 4068
1652 4063
1653 4066
1654 4063
1655 4066
1656 4066
1657 4063
1658 4068
1659 4067
1660 4066
1661 4068
1662 4069
1663 4068
1664 4068
1665 4063
1666 4063
1667 4068
1668 4062
1669 4067
1670 4063
1671 4067
1672 4063
1673 4065
1674 4063
1675 4063
1676 4065
1677 4067
1678 4068
1679 4063
1680 4067
1681 4067
1682 4066
1683 4069
1684 4065
1685 4068
1686 4063
1687 4065
1688 4066
1689 4063
1690 4067
1691 4062
1692 4070
1693 4063
1694 4063
1695 4069
1696 4066
1697 4066
1698 4066
1699 4066
1700 4069
1701 4069
1702 4060
1703 4063
1704 4065
1705 4066
1706 4065
1707 4068
1708 4065
1709 4063
1710 4066
1711 4065
1712 4067
1713 4063
1714 4063
1715 4065
1716 4066
1717 4066
1718 4066
1719 4065
1720 4063
1721 4067
1722 4066
1723 4068
1724 4063
1725 4068
1726 4063
1727 4063
1728 4063
1729 4065
1730 4065
1731 4065
1732 4065
1733 4066
1734 4068
1735 4066
1736 4066
1737 4064
1738 4070
1739 4063
1740 4066
1741 4063
1742 4067
1743 4066
1744 4065
1745 4068
1746 4066
1747 4070
1748 4063
1749 4068
1750 4066
1751 4069
1752 4063
1753 4063
1754 4069
1755 4066
1756 4066
1757 4068
1758 4063
1759 4068
1760 4065
1761 4068
1762 4063
1763 4068
1764 4063
1765 4063
1766 4066
1767 4067
1768 4063
1769 4063
1770 4065
1771 4066
1772 4069
1773 4066
1774 4065
1775 4068
1776 4063
1777 4067
1778 4067
1779 4066
1780 4063
1781 4068
1782 4068
1783 4069
1784 4071
1785 4068
1786 4066
1787 4065
1788 4071
1789 4067
1790 4068
1791 4068
1792 4063
1793 4066
1794 4068
1795 4067
1796 4065
1797 4067
1798 4069
1799 4063
1800 4066
1801 4070
1802 4066
1803 4066
1804 4070
1805 4063
1806 4063
1807 4066
1808 4069
1809 4068
1810 4067
1811 4063
1812 4067
1813 4065
1814 4066
1815 4063
1816 4065
1817 4069
1818 4065
1819 4065
1820 4063
1821 4068
1822 4063
1823 4065
1824 4063
1825 4067
1826 4063
1827 4068
1828 4066
1829 4068
1830 4068
1831 4066
1832 4065
1833 4067
1834 4067
1835 4066
1836 4066
1837 4066
1838 4066
1839 4067
1840 4066
1841 4067
1842 4068
1843 4063
1844 4068
1845 4067
1846 4063
1847 4063
1848 4067
1849 4067
1850 4070
1851 4069
1852 4065
1853 4063
1854 4062
1855 4063
1856 4068
1857 4068
1858 4066
1859 4066
1860 4070
1861 4063
1862 4063
1863 4066
1864 4063
1865 4067
1866 4067
1867 4063
1868 4063
1869 4066
1870 4067
1871 4063
1872 4067
1873 4067
1874 4065
1875 4066
1876 4063
1877 4065
1878 4063
1879 4067
1880 4066
1881 4065
1882 4067
1883 4066
1884 4066
1885 4067
1886 4063
1887 4066
1888 4066
1889 4067
1890 4063
1891 4068
1892 4067
1893 4070
1894 4065
1895 4066
1896 4066
1897 4069
1898 4066
1899 4066
1900 4067
1901 4068
1902 4066
1903 4061
1904 4065
1905 4067
1906 4063
1907 4063
1908 4065
1909 4068
1910 4066
1911 4063
1912 4067
1913 4063
1914 4063
1915 4065
1916 4066
1917 4066
1918 4063
1919 4063
1920 4067
1921 4067
1922 4067
1923 4063
1924 4068
1925 4066
1926 4063
1927 4063
1928 4066
1929 4066
1930 4065
1931 4066
1932 4063
1933 4067
1934 4066
1935 4069
1936 4063
1937 4063
1938 4063
1939 4063
1940 4065
1941 4066
1942 4068
1943 4063
1944 4066
1945 4063
1946 4063
1947 4066
1948 4066
1949 4067
1950 4063
1951 4067
1952 4066
1953 4067
1954 4066
1955 4066
1956 4068
1957 4067
1958 4063
1959 4066
1960 4066
1961 4068
1962 4066
1963 4067
1964 4066
1965 4068
1966 4065
1967 4068
1968 4066
1969 4066
1970 4066
1971 4063
1972 4065
1973 4066
1974 4066
1975 4063
1976 4063
1977 4063
1978 4066
1979 4070
1980 4063
1981 4067
1982 4063
1983 4069
1984 4067
1985 4068
1986 4068
1987 4063
1988 4066
1989 4066
1990 4068
1991 4067
1992 4063
1993 4066
1994 4066
1995 4066
1996 4062
1997 4068
1998 4066
1999 4066
2000 4069
2001 4068
2002 4062
2003 4066
2004 4063
2005 4066
2006 4063
2007 4068
2008 4063
2009 4066
2010 4066
2011 4066
2012 4068
2013 4068
2014 4062
2015 4068
2016 4063
2017 4063
2018 4066
2019 4063
2020 4066
2021 4069
2022 4068
2023 4069
2024 4063
2025 4066
2026 4066
2027 4063
2028 4063
2029 4067
2030 4067
2031 4067
2032 4068
2033 4063
2034 4068
2035 4066
2036 4069
2037 4066
2038 4065
2039 4067
2040 4067
2041 4063
2042 4063
2043 4066
2044 4062
2045 4068
2046 4066
2047 4066
2048 4063
2049 4063
2050 4067
2051 4068
2052 4063
2053 4063
2054 4063
2055 4068
2056 4066
2057 4067
2058 4063
2059 4065
2060 4066
2061 4067
2062 4066
2063 4066
2064 4066
2065 4066
2066 4066
2067 4066
2068 4063
2069 4065
2070 4070
2071 4063
2072 4066
2073 4068
2074 4063
2075 4071
2076 4066
2077 4063
2078 4068
2079 4070
2080 4070
2081 4066
2082 4066
2083 4068
2084 4068
2085 4066
2086 4063
2087 4068
2088 4066
2089 4069
2090 4063
2091 4068
2092 4063
2093 4067
2094 4067
2095 4068
2096 4065
2097 4065
2098 4068
2099 4063
2100 4070
2101 4072
2102 4062
2103 4065
2104 4065
2105 4066
2106 4066
2107 4063
2108 4067
2109 4066
2110 4066
2111 4066
2112 4070
2113 4068
2114 4063
2115 4066
2116 4068
2117 4066
2118 4063
2119 4066
2120 4066
2121 4066
2122 4063
2123 4066
2124 4067
2125 4066
2126 4063
2127 4067
2128 4067
2129 4068
2130 4068
2131 4063
2132 4067
2133 4068
2134 4067
2135 4066
2136 4063
2137 4069
2138 4066
2139 4070
2140 4066
2141 4063
2142 4066
2143 4069
2144 4070
2145 4068
2146 4066
2147 4068
2148 4066
2149 4066
2150 4065
2151 4067
2152 4063
2153 4068
2154 4066
2155 4067
2156 4063
2157 4067
2158 4066
2159 4068
2160 4065
2161 4066
2162 4063
2163 4063
2164 4067
2165 4063
2166 4062
2167 4066
2168 4063
2169 4067
2170 4063
2171 4066
2172 4066
2173 4067
2174 4067
2175 4069
2176 4068
2177 4066
2178 4065
2179 4066
2180 4069
2181 4066
2182 4067
2183 4066
2184 4066
2185 4069
2186 4063
2187 4063
2188 4066
2189 4066
2190 4063
2191 4070
2192 4063
2193 4064
2194 4063
2195 4066
2196 4063
2197 4066
2198 4066
2199 4066
2200 4066
2201 4067
2202 4067
2203 4063
2204 4063
2205 4065
2206 4067
2207 4067
2208 4067
2209 4066
2210 4066
2211 4065
2212 4063
2213 4066
2214 4070
2215 4070
2216 4066
2217 4066
2218 4065
2219 4065
2220 4063
2221 4066
2222 4068
2223 4067
2224 4063
2225 4063
2226 4067
2227 4070
2228 4067
2229 4066
2230 4066
2231 4066
2232 4067
2233 4066
2234 4065
2235 4068
2236 4063
2237 4066
2238 4068
2239 4066
2240 4067
2241 4066
2242 4065
2243 4068
2244 4068
2245 4063
2246 4063
2247 4067
2248 4068
2249 4063
2250 4068
2251 4070
2252 4066
2253 4069
2254 4063
2255 4067
2256 4063
2257 4063
2258 4063
2259 4067
2260 4065
2261 4068
2262 4067
2263 4065
2264 4063
2265 4063
2266 4068
2267 4067
2268 4063
2269 4069
2270 4067
2271 4066
2272 4069
2273 4066
2274 4066
2275 4069
2276 4067
2277 4067
2278 4063
2279 4063
2280 4063
2281 4065
2282 4069
2283 4063
2284 4066
2285 4067
2286 4065
2287 4067
2288 4067
2289 4066
2290 4063
2291 4066
2292 4063
2293 4066
2294 4063
2295 4066
2296 4067
2297 4066
2298 4068
2299 4065
2300 4068
2301 4070
2302 4062
2303 4063
2304 4068
2305 4070
2306 4065
2307 4067
2308 4062
2309 4063
2310 4068
2311 4068
2312 4065
2313 4067
2314 4063
2315 4066
2316 4063
2317 4066
2318 4062
2319 4068
2320 4063
2321 4065
2322 4068
2323 4067
2324 4068
2325 4066
2326 4068
2327 4066
2328 4066
2329 4068
2330 4067
2331 4068
2332 4068
2333 4068
2334 4066
2335 4066
2336 4066
2337 4063
2338 4069
2339 4067
2340 4067
2341 4063
2342 4066
2343 4063
2344 4066
2345 4066
2346 4068
2347 4065
2348 4067
2349 4068
2350 4066
2351 4068
2352 4065
2353 4069
2354 4063
2355 4068
2356 4063
2357 4063
2358 4062
2359 4066
2360 4068
2361 4069
2362 4063
2363 4067
2364 4067
2365 4067
2366 4068
2367 4065
2368 4063
2369 4065
2370 4066
2371 4066
2372 4067
2373 4069
2374 4063
2375 4068
2376 4065
2377 4067
2378 4063
2379 4064
2380 4069
2381 4063
2382 4066
2383 4069
2384 4063
2385 4063
2386 4063
2387 4067
2388 4066
2389 4067
2390 4066
2391 4069
2392 4069
2393 4067
2394 4065
2395 4066
2396 4063
2397 4067
2398 4066
2399 4063
2400 4067
2401 4067
2402 4063
2403 4067
2404 4069
2405 4063
2406 4066
2407 4066
2408 4068
2409 4070
2410 4066
2411 4065
2412 4062
2413 4066
2414 4063
2415 4063
2416 4066
2417 4068
2418 4063
2419 4063
2420 4067
2421 4067
2422 4063
2423 4066
2424 4067
2425 4067
2426 4063
2427 4063
2428 4066
2429 4063
2430 4065
2431 4063
2432 4066
2433 4063
2434 4067
2435 4066
2436 4067
2437 4063
2438 4065
2439 4066
2440 4066
2441 4065
2442 4063
2443 4067
2444 4068
2445 4063
2446 4063
2447 4067
2448 4067
2449 4068
2450 4069
2451 4070
2452 4063
2453 4067
2454 4066
2455 4063
2456 4063
2457 4062
2458 4063
2459 4063
2460 4063
2461 4063
2462 4065
2463 4063
2464 4066
2465 4065
2466 4065
2467 4066
2468 4066
2469 4066
2470 4066
2471 4068
2472 4065
2473 4065
2474 4066
2475 4066
2476 4063
2477 4063
2478 4062
2479 4065
2480 4063
2481 4069
2482 4061
2483 4066
2484 4063
2485 4065
2486 4062
2487 4063
2488 4066
2489 4068
2490 4062
2491 4063
2492 4066
2493 4063
2494 4063
2495 4066
2496 4066
2497 4067
2498 4066
2499 4067
2500 4064
2501 4067
2502 4066
2503 4063
2504 4063
2505 4066
2506 4063
2507 4067
2508 4065
2509 4065
2510 4067
2511 4068
2512 4063
2513 4063
2514 4068
2515 4062
2516 4066
2517 4069
2518 4063
2519 4069
2520 4063
2521 4065
2522 4067
2523 4065
2524 4067
2525 4070
2526 4065
2527 4070
2528 4069
2529 4068
2530 4066
2531 4065
2532 4065
2533 4070
2534 4063
2535 4069
2536 4063
2537 4066
2538 4066
2539 4066
2540 4067
2541 4066
2542 4066
2543 4066
2544 4068
2545 4063
2546 4066
2547 4066
2548 4067
2549 4065
2550 4063
2551 4071
2552 4063
2553 4065
2554 4067
2555 4063
2556 4063
2557 4066
2558 4067
2559 4066
2560 4063
2561 4067
2562 4063
2563 4063
2564 4067
2565 4063
2566 4068
2567 4066
2568 4066
2569 4063
2570 4069
2571 4064
2572 4063
2573 4063
2574 4063
2575 4068
2576 4063
2577 4063
2578 4066
2579 4063
2580 4065
2581 4062
2582 4065
2583 4067
2584 4062
2585 4063
2586 4063
2587 4068
2588 4066
2589 4066
2590 4067
2591 4063
2592 4066
2593 4063
2594 4065
2595 4065
2596 4063
2597 4063
2598 4065
2599 4062
2600 4066
2601 4070
2602 4062
2603 4066
2604 4063
2605 4063
2606 4061
2607 4066
2608 4063
2609 4066
2610 4067
2611 4063
2612 4063
2613 4063
2614 4065
2615 4063
2616 4066
2617 4063
2618 4067
2619 4068
2620 4063
2621 4069
2622 4066
2623 4065
2624 4063
2625 4067
2626 4066
2627 4070
2628 4066
2629 4066
2630 4063
2631 4068
2632 4069
2633 4063
2634 4063
2635 4066
2636 4066
2637 4063
2638 4063
2639 4065
2640 4068
2641 4068
2642 4066
2643 4066
2644 4067
2645 4062
2646 4063
2647 4063
2648 4065
2649 4066
2650 4066
2651 4063
2652 4066
2653 4067
2654 4063
2655 4066
2656 4065
2657 4065
2658 4063
2659 4065
2660 4063
2661 4064
2662 4063
2663 4067
2664 4067
2665 4069
2666 4069
2667 4068
2668 4067
2669 4067
2670 4063
2671 4065
2672 4066
2673 4065
2674 4066
2675 4068
2676 4063
2677 4063
2678 4065
2679 4069
2680 4063
2681 4066
2682 4067
2683 4063
2684 4069
2685 4066
2686 4066
2687 4069
2688 4067
2689 4069
2690 4066
2691 4068
2692 4065
2693 4067
2694 4066
2695 4065
2696 4063
2697 4067
2698 4063
2699 4065
2700 4063
2701 4067
2702 4065
2703 4066
2704 4063
2705 4063
2706 4066
2707 4066
2708 4061
2709 4063
2710 4066
2711 4067
2712 4066
2713 4069
2714 4068
2715 4063
2716 4063
2717 4063
2718 4063
2719 4066
2720 4063
2721 4067
2722 4068
2723 4066
2724 4065
2725 4068
2726 4069
2727 4065
2728 4068
2729 4066
2730 4067
2731 4066
2732 4067
2733 4067
2734 4066
2735 4066
2736 4063
2737 4065
2738 4063
2739 4069
2740 4063
2741 4066
2742 4062
2743 4066
2744 4068
2745 4070
2746 4063
2747 4063
2748 4067
2749 4065
2750 4065
2751 4070
2752 4063
2753 4063
2754 4068
2755 4068
2756 4063
2757 4066
2758 4068
2759 4067
2760 4066
2761 4066
2762 4067
2763 4069
2764 4066
2765 4068
2766 4063
2767 4068
2768 4066
2769 4065
2770 4067
2771 4063
2772 4063
2773 4066
2774 4063
2775 4066
2776 4065
2777 4068
2778 4067
2779 4066
2780 4068
2781 4066
2782 4066
2783 4066
2784 4066
2785 4067
2786 4068
2787 4070
2788 4067
2789 4069
2790 4065
2791 4066
2792 4067
2793 4067
2794 4063
2795 4065
2796 4063
2797 4066
2798 4068
2799 4063
2800 4063
2801 4067
2802 4060
2803 4063
2804 4062
2805 4057
2806 4056
2807 4054
2808 4054
2809 4049
2810 4050
2811 4048
2812 4043
2813 4042
2814 4040
2815 4034
2816 4031
2817 4031
2818 4030
2819 4030
2820 4027
2821 4028
2822 4028
2823 4022
2824 4020
2825 4023
2826 4020
2827 4019
2828 4015
2829 4014
2830 4021
2831 4018
2832 4022
2833 4023
2834 4022
2835 4022
2836 4028
2837 4026
2838 4029
2839 4025
2840 4031
2841 4031
2842 4034
2843 4038
2844 4038
2845 4040
2846 4037
2847 4042
2848 4050
2849 4050
2850 4050
2851 4052
2852 4049
2853 4056
2854 4052
2855 4058
2856 4059
2857 4061
2858 4060
2859 4061
2860 4062
2861 4063
2862 4063
2863 4060
2864 4059
2865 4063
2866 4065
2867 4067
2868 4066
2869 4063
2870 4063
2871 4065
2872 4063
2873 4063
2874 4067
2875 4067
2876 4069
2877 4067
2878 4067
2879 4065
2880 4068
2881 4068
2882 4068
2883 4069
2884 4068
2885 4066
2886 4067
2887 4066
2888 4068
2889 4063
2890 4067
2891 4067
2892 4068
2893 4068
2894 4063
2895 4067
2896 4067
2897 4067
2898 4067
2899 4066
2900 4068
2901 4069
2902 4063
2903 4067
2904 4066
2905 4069
2906 4065
2907 4066
2908 4066
2909 4067
2910 4063
2911 4067
2912 4068
2913 4068
2914 4068
2915 4063
2916 4065
2917 4069
2918 4063
2919 4063
2920 4066
2921 4067
2922 4067
2923 4068
2924 4063
2925 4063
2926 4068
2927 4068
2928 4062
2929 4067
2930 4066
2931 4066
2932 4067
2933 4067
2934 4066
2935 4069
2936 4065
2937 4062
2938 4070
2939 4067
2940 4063
2941 4066
2942 4066
2943 4065
2944 4067
2945 4063
2946 4066
2947 4065
2948 4065
2949 4063
2950 4066
2951 4066
2952 4062
2953 4063
2954 4068
2955 4066
2956 4067
2957 4065
2958 4065
2959 4070
2960 4068
2961 4068
2962 4068
2963 4063
2964 4069
2965 4063
2966 4063
2967 4063
2968 4069
2969 4069
2970 4063
2971 4066
2972 4068
2973 4063
2974 4063
2975 4067
2976 4068
2977 4063
2978 4065
2979 4065
2980 4068
2981 4065
2982 4066
2983 4065
2984 4070
2985 4066
2986 4066
2987 4063
2988 4063
2989 4063
2990 4068
2991 4066
2992 4063
2993 4066
2994 4066
2995 4066
2996 4066
2997 4068
2998 4063
2999 4063
3000 4068
3001 4067
3002 4062
3003 4065
3004 4067
3005 4063
3006 4063
3007 4069
3008 4066
3009 4069
3010 4068
3011 4069
3012 4063
3013 4065
3014 4065
3015 4063
3016 4067
3017 4069
3018 4067
3019 4071
3020 4067
3021 4066
3022 4065
3023 4066
3024 4065
3025 4066
3026 4068
3027 4066
3028 4065
3029 4067
3030 4066
3031 4063
3032 4066
3033 4067
3034 4067
3035 4066
3036 4063
3037 4068
3038 4067
3039 4068
3040 4066
3041 4066
3042 4065
3043 4066
3044 4066
3045 4065
3046 4068
3047 4063
3048 4063
3049 4066
3050 4067
3051 4066
3052 4063
3053 4063
3054 4066
3055 4063
3056 4063
3057 4066
3058 4066
3059 4068
3060 4069
3061 4063
3062 4062
3063 4066
3064 4063
3065 4066
3066 4067
3067 4066
3068 4066
3069 4068
3070 4068
3071 4066
3072 4066
3073 4067
3074 4063
3075 4066
3076 4069
3077 4067
3078 4067
3079 4068
3080 4066
3081 4066
3082 4066
3083 4066
3084 4067
3085 4066
3086 4066
3087 4067
3088 4068
3089 4068
3090 4063
3091 4066
3092 4068
3093 4066
3094 4063
3095 4067
3096 4066
3097 4068
3098 4067
3099 4066
3100 4067
3101 4069
3102 4063
3103 4066
3104 4071
3105 4066
3106 4066
3107 4068
3108 4068
3109 4066
3110 4067
3111 4065
3112 4066
3113 4067
3114 4062
3115 4069
3116 4063
3117 4068
3118 4067
3119 4066
3120 4066
3121 4067
3122 4065
3123 4068
3124 4068
3125 4069
3126 4069
3127 4068
3128 4066
3129 4066
3130 4063
3131 4063
3132 4069
3133 4063
3134 4070
3135 4069
3136 4070
3137 4063
3138 4066
3139 4068
3140 4066
3141 4066
3142 4066
3143 4068
3144 4067
3145 4063
3146 4066
3147 4066
3148 4063
3149 4066
3150 4067
3151 4067
3152 4065
3153 4063
3154 4068
3155 4067
3156 4063
3157 4066
3158 4065
3159 4066
3160 4066
3161 4069
3162 4068
3163 4067
3164 4063
3165 4066
3166 4069
3167 4067
3168 4068
3169 4068
3170 4066
3171 4067
3172 4066
3173 4066
3174 4063
3175 4068
3176 4063
3177 4063
3178 4067
3179 4063
3180 4069
3181 4067
3182 4066
3183 4066
3184 4066
3185 4069
3186 4063
3187 4065
3188 4070
3189 4066
3190 4066
3191 4065
3192 4063
3193 4068
3194 4067
3195 4069
3196 4068
3197 4069
3198 4066
3199 4069
3200 4067
3201 4068
3202 4063
3203 4066
3204 4066
3205 4065
3206 4067
3207 4063
3208 4067
3209 4068
3210 4063
3211 4068
3212 4066
3213 4068
3214 4062
3215 4065
3216 4067
3217 4066
3218 4066
3219 4066
3220 4068
3221 4062
3222 4065
3223 4066
3224 4067
3225 4066
3226 4067
3227 4067
3228 4068
3229 4067
3230 4068
3231 4069
3232 4066
3233 4069
3234 4066
3235 4067
3236 4063
3237 4067
3238 4068
3239 4066
3240 4066
3241 4063
3242 4066
3243 4067
3244 4069
3245 4071
3246 4066
3247 4063
3248 4068
3249 4063
3250 4068
3251 4073
3252 4062
3253 4066
3254 4066
3255 4067
3256 4068
3257 4063
3258 4065
3259 4063
3260 4063
3261 4065
3262 4068
3263 4066
3264 4067
3265 4067
3266 4066
3267 4065
3268 4066
3269 4066
3270 4068
3271 4063
3272 4063
3273 4066
3274 4063
3275 4066
3276 4065
3277 4065
3278 4066
3279 4065
3280 4066
3281 4066
3282 4068
3283 4067
3284 4063
3285 4066
3286 4065
3287 4068
3288 4066
3289 4066
3290 4066
3291 4066
3292 4066
3293 4065
3294 4063
3295 4067
3296 4067
3297 4068
3298 4066
3299 4062
3300 4066
3301 4070
3302 4063
3303 4069
3304 4070
3305 4062
3306 4066
3307 4069
3308 4067
3309 4063
3310 4062
3311 4066
3312 4065
3313 4063
3314 4066
3315 4066
3316 4063
3317 4063
3318 4067
3319 4068
3320 4063
3321 4065
3322 4069
3323 4067
3324 4063
3325 4067
3326 4063
3327 4067
3328 4068
3329 4068
3330 4071
3331 4066
3332 4066
3333 4066
3334 4068
3335 4067
3336 4068
3337 4068
3338 4063
3339 4068
3340 4067
3341 4065
3342 4067
3343 4065
3344 4066
3345 4067
3346 4063
3347 4066
3348 4067
3349 4067
3350 4070
3351 4067
3352 4067
3353 4067
3354 4067
3355 4063
3356 4067
3357 4065
3358 4066
3359 4067
3360 4065
3361 4066
3362 4066
3363 4065
3364 4063
3365 4069
3366 4063
3367 4068
3368 4069
3369 4063
3370 4062
3371 4069
3372 4063
3373 4069
3374 4067
3375 4069
3376 4063
3377 4063
3378 4067
3379 4067
3380 4067
3381 4068
3382 4066
3383 4066
3384 4068
3385 4066
3386 4063
3387 4067
3388 4066
3389 4063
3390 4065
3391 4066
3392 4069
3393 4066
3394 4066
3395 4067
3396 4066
3397 4062
3398 4066
3399 4068
3400 4066
3401 4069
3402 4065
3403 4069
3404 4067
3405 4068
3406 4066
3407 4066
3408 4063
3409 4069
3410 4065
3411 4066
3412 4069
3413 4067
3414 4063
3415 4067
3416 4065
3417 4063
3418 4067
3419 4066
3420 4066
3421 4067
3422 4066
3423 4067
3424 4066
3425 4069
3426 4068
3427 4067
3428 4066
3429 4066
3430 4063
3431 4070
3432 4067
3433 4066
3434 4066
3435 4066
3436 4062
3437 4067
3438 4067
3439 4068
3440 4063
3441 4063
3442 4066
3443 4063
3444 4063
3445 4067
3446 4063
3447 4067
3448 4067
3449 4065
3450 4070
3451 4067
3452 4062
3453 4066
3454 4063
3455 4068
3456 4063
3457 4067
3458 4068
3459 4066
3460 4065
3461 4065
3462 4067
3463 4066
3464 4063
3465 4063
3466 4063
3467 4069
3468 4069
3469 4067
3470 4070
3471 4068
3472 4067
3473 4066
3474 4069
3475 4067
3476 4067
3477 4063
3478 4066
3479 4067
3480 4066
3481 4066
3482 4070
3483 4066
3484 4065
3485 4066
3486 4066
3487 4065
3488 4067
3489 4066
3490 4069
3491 4068
3492 4063
3493 4070
3494 4065
3495 4066
3496 4065
3497 4067
3498 4069
3499 4068
3500 4068
3501 4069
3502 4065
3503 4065
3504 4065
3505 4063
3506 4063
3507 4071
3508 4063
3509 4066
3510 4069
3511 4068
3512 4067
3513 4068
3514 4063
3515 4068
3516 4065
3517 4066
3518 4063
3519 4067
3520 4068
3521 4066
3522 4067
3523 4068
3524 4063
3525 4066
3526 4066
3527 4066
3528 4067
3529 4068
3530 4066
3531 4068
3532 4065
3533 4070
3534 4066
3535 4063
3536 4065
3537 4068
3538 4068
3539 4067
3540 4063
3541 4066
3542 4066
3543 4067
3544 4066
3545 4069
3546 4066
3547 4065
3548 4066
3549 4068
3550 4065
3551 4068
3552 4063
3553 4065
3554 4063
3555 4068
3556 4066
3557 4066
3558 4067
3559 4072
3560 4067
3561 4067
3562 4066
3563 4068
3564 4066
3565 4066
3566 4066
3567 4063
3568 4062
3569 4063
3570 4067
3571 4063
3572 4063
3573 4068
3574 4070
3575 4068
3576 4066
3577 4063
3578 4065
3579 4065
3580 4067
3581 4068
3582 4066
3583 4066
3584 4067
3585 4068
3586 4068
3587 4067
3588 4067
3589 4063
3590 4068
3591 4067
3592 4066
3593 4066
3594 4063
3595 4066
3596 4063
3597 4067
3598 4063
3599 4070
3600 4066
3601 4068
3602 4065
3603 4065
3604 4067
3605 4063
3606 4065
3607 4069
3608 4066
3609 4067
3610 4065
3611 4068
3612 4063
3613 4066
3614 4063
3615 4068
3616 4065
3617 4066
3618 4068
3619 4066
3620 4066
3621 4063
3622 4066
3623 4066
3624 4066
3625 4063
3626 4068
3627 4066
3628 4063
3629 4066
3630 4066
3631 4063
3632 4070
3633 4067
3634 4066
3635 4068
3636 4068
3637 4063
3638 4066
3639 4066
3640 4066
3641 4067
3642 4066
3643 4068
3644 4068
3645 4066
3646 4067
3647 4068
3648 4069
3649 4067
3650 4070
3651 4069
3652 4063
3653 4068
3654 4063
3655 4067
3656 4068
3657 4066
3658 4063
3659 4066
3660 4066
3661 4066
3662 4065
3663 4068
3664 4066
3665 4063
3666 4063
3667 4068
3668 4066
3669 4066
3670 4063
3671 4062
3672 4065
3673 4063
3674 4062
3675 4066
3676 4065
3677 4063
3678 4067
3679 4066
3680 4068
3681 4066
3682 4067
3683 4065
3684 4063
3685 4068
3686 4063
3687 4070
3688 4066
3689 4068
3690 4068
3691 4068
3692 4068
3693 4063
3694 4068
