#Data from the TCD1304 linear CCD
#column 1 = pixelnumber , column 2 = pixelvalue
#Pixel 1-32 and 3679-3694 and are dummy pixels
#SH-period: 200    ICG-period: 100000    Integration time: 100.0 us
2 4045
3 4046
4 4066
5 4063
6 4067
7 4063
8 4062
9 4063
10 4062
11 4067
12 4063
13 4063
14 4062
15 4063
16 4063
17 4063
18 4063
19 4060
20 4063
21 4068
22 4062
23 4060
24 4061
25 4063
26 4063
27 4063
28 4065
29 4063
30 4063
31 4061
32 4063
34 4061
35 4063
36 4063
37 4063
38 4061
39 4062
40 4062
41 4063
42 4063
43 4062
44 4065
45 4062
46 4062
47 4066
48 4063
49 4063
50 4063
51 4063
52 4062
53 4063
54 4062
55 4066
56 4062
57 4066
58 4062
59 4063
60 4063
61 4062
62 4062
63 4062
64 4060
65 4063
66 4063
67 4066
68 4059
69 4067
70 4060
71 4066
72 4066
73 4062
74 4061
75 4063
76 4063
77 4063
78 4062
79 4062
80 4063
81 4062
82 4063
83 4063
84 4062
85 4063
86 4061
87 4063
88 4063
89 4062
90 4061
91 4060
92 4063
93 4063
94 4063
95 4062
96 4062
97 4063
98 4063
99 4062
100 4065
101 4061
102 4062
103 4062
104 4066
105 4060
106 4063
107 4061
108 4060
109 4062
110 4062
111 4062
112 4063
113 4062
114 4062
115 4063
116 4068
117 4062
118 4063
119 4061
120 4061
121 4062
122 4063
123 4063
124 4063
125 4063
126 4061
127 4059
128 4065
129 4062
130 4063
131 4062
132 4060
133 4063
134 4063
135 4063
136 4063
137 4063
138 4059
139 4063
140 4062
141 4062
142 4062
143 4063
144 4065
145 4062
146 4061
147 4063
148 4060
149 4062
150 4062
151 4063
152 4061
153 4063
154 4063
155 4062
156 4062
157 4062
158 4062
159 4060
160 4063
161 4066
162 4062
163 4063
164 4063
165 4062
166 4063
167 4061
168 4062
169 4060
170 4063
171 4063
172 4062
173 4063
174 4068
175 4065
176 4061
177 4063
178 4063
179 4062
180 4060
181 4063
182 4063
183 4063
184 4059
185 4063
186 4062
187 4060
188 4063
189 4062
190 4063
191 4060
192 4062
193 4063
194 4062
195 4062
196 4062
197 4062
198 4060
199 4063
200 4063
201 4063
202 4059
203 4061
204 4060
205 4063
206 4062
207 4062
208 4062
209 4066
210 4060
211 4062
212 4063
213 4063
214 4063
215 4062
216 4063
217 4063
218 4062
219 4063
220 4058
221 4063
222 4058
223 4062
224 4063
225 4063
226 4062
227 4063
228 4062
229 4067
230 4062
231 4061
232 4062
233 4062
234 4061
235 4063
236 4063
237 4062
238 4063
239 4060
240 4061
241 4062
242 4063
243 4063
244 4062
245 4063
246 4062
247 4063
248 4066
249 4063
250 4066
251 4063
252 4061
253 4063
254 4063
255 4062
256 4063
257 4063
258 4062
259 4062
260 4063
261 4067
262 4063
263 4062
264 4063
265 4063
266 4060
267 4062
268 4060
269 4063
270 4065
271 4063
272 4063
273 4061
274 4060
275 4062
276 4061
277 4063
278 4061
279 4063
280 4060
281 4063
282 4062
283 4063
284 4066
285 4061
286 4063
287 4063
288 4062
289 4063
290 4062
291 4063
292 4061
293 4063
294 4063
295 4063
296 4062
297 4062
298 4063
299 4061
300 4066
301 4063
302 4062
303 4061
304 4060
305 4063
306 4062
307 4062
308 4060
309 4062
310 4066
311 4062
312 4061
313 4063
314 4062
315 4062
316 4063
317 4066
318 4060
319 4060
320 4063
321 4059
322 4063
323 4062
324 4058
325 4063
326 4062
327 4062
328 4062
329 4063
330 4066
331 4063
332 4063
333 4063
334 4063
335 4063
336 4060
337 4062
338 4061
339 4063
340 4062
341 4063
342 4062
343 4063
344 4059
345 4063
346 4061
347 4060
348 4062
349 4062
350 4063
351 4063
352 4062
353 4062
354 4063
355 4063
356 4061
357 4063
358 4065
359 4067
360 4062
361 4063
362 4066
363 4060
364 4061
365 4066
366 4062
367 4063
368 4068
369 4061
370 4060
371 4062
372 4063
373 4061
374 4063
375 4062
376 4060
377 4063
378 4060
379 4063
380 4062
381 4062
382 4062
383 4063
384 4062
385 4062
386 4062
387 4063
388 4061
389 4063
390 4062
391 4063
392 4062
393 4063
394 4061
395 4062
396 4062
397 4062
398 4063
399 4062
400 4063
401 4063
402 4059
403 4068
404 4063
405 4063
406 4062
407 4063
408 4062
409 4063
410 4063
411 4062
412 4061
413 4060
414 4063
415 4063
416 4063
417 4061
418 4060
419 4062
420 4063
421 4063
422 4063
423 4063
424 4060
425 4062
426 4062
427 4063
428 4063
429 4060
430 4063
431 4063
432 4062
433 4063
434 4062
435 4066
436 4062
437 4063
438 4062
439 4062
440 4063
441 4063
442 4063
443 4063
444 4062
445 4061
446 4062
447 4058
448 4063
449 4063
450 4062
451 4063
452 4063
453 4063
454 4060
455 4067
456 4066
457 4061
458 4063
459 4063
460 4063
461 4063
462 4062
463 4063
464 4063
465 4063
466 4063
467 4063
468 4062
469 4063
470 4062
471 4063
472 4062
473 4063
474 4061
475 4062
476 4062
477 4062
478 4063
479 4063
480 4066
481 4062
482 4063
483 4061
484 4063
485 4060
486 4061
487 4063
488 4063
489 4061
490 4063
491 4062
492 4062
493 4063
494 4062
495 4062
496 4063
497 4063
498 4062
499 4062
500 4065
501 4063
502 4062
503 4062
504 4062
505 4063
506 4062
507 4062
508 4062
509 4063
510 4062
511 4062
512 4063
513 4064
514 4061
515 4063
516 4060
517 4063
518 4062
519 4063
520 4063
521 4060
522 4062
523 4062
524 4061
525 4061
526 4063
527 4062
528 4061
529 4063
530 4061
531 4063
532 4066
533 4061
534 4062
535 4061
536 4063
537 4062
538 4063
539 4063
540 4062
541 4063
542 4061
543 4061
544 4063
545 4060
546 4062
547 4063
548 4062
549 4062
550 4063
551 4067
552 4061
553 4060
554 4062
555 4063
556 4063
557 4063
558 4063
559 4060
560 4062
561 4066
562 4062
563 4063
564 4066
565 4062
566 4061
567 4063
568 4062
569 4063
570 4063
571 4063
572 4063
573 4062
574 4066
575 4062
576 4060
577 4063
578 4062
579 4062
580 4066
581 4062
582 4062
583 4063
584 4063
585 4063
586 4063
587 4060
588 4066
589 4063
590 4063
591 4062
592 4063
593 4062
594 4063
595 4062
596 4063
597 4063
598 4059
599 4063
600 4063
601 4063
602 4058
603 4062
604 4062
605 4063
606 4060
607 4062
608 4063
609 4066
610 4063
611 4065
612 4061
613 4061
614 4062
615 4062
616 4063
617 4063
618 4063
619 4063
620 4063
621 4063
622 4063
623 4060
624 4063
625 4062
626 4062
627 4061
628 4060
629 4063
630 4062
631 4066
632 4063
633 4062
634 4062
635 4063
636 4063
637 4062
638 4062
639 4066
640 4063
641 4063
642 4063
643 4062
644 4063
645 4063
646 4066
647 4064
648 4060
649 4062
650 4066
651 4067
652 4056
653 4063
654 4061
655 4066
656 4062
657 4062
658 4063
659 4063
660 4061
661 4062
662 4063
663 4062
664 4062
665 4063
666 4065
667 4063
668 4063
669 4061
670 4063
671 4063
672 4062
673 4063
674 4062
675 4063
676 4063
677 4063
678 4063
679 4062
680 4062
681 4062
682 4063
683 4063
684 4063
685 4062
686 4063
687 4066
688 4063
689 4063
690 4063
691 4063
692 4060
693 4063
694 4061
695 4062
696 4063
697 4063
698 4060
699 4066
700 4066
701 4066
702 4058
703 4062
704 4063
705 4062
706 4066
707 4063
708 4060
709 4062
710 4063
711 4062
712 4063
713 4062
714 4062
715 4062
716 4062
717 4063
718 4062
719 4063
720 4062
721 4066
722 4066
723 4063
724 4063
725 4066
726 4060
727 4061
728 4062
729 4062
730 4063
731 4061
732 4062
733 4062
734 4063
735 4062
736 4063
737 4063
738 4062
739 4063
740 4062
741 4066
742 4062
743 4061
744 4062
745 4063
746 4063
747 4062
748 4066
749 4062
750 4060
751 4069
752 4060
753 4066
754 4060
755 4062
756 4062
757 4063
758 4066
759 4062
760 4061
761 4063
762 4063
763 4067
764 4060
765 4063
766 4063
767 4066
768 4063
769 4063
770 4059
771 4063
772 4063
773 4062
774 4062
775 4063
776 4063
777 4063
778 4062
779 4060
780 4062
781 4066
782 4060
783 4066
784 4060
785 4063
786 4063
787 4061
788 4061
789 4062
790 4062
791 4063
792 4062
793 4060
794 4062
795 4062
796 4062
797 4061
798 4061
799 4062
800 4063
801 4066
802 4060
803 4063
804 4062
805 4065
806 4062
807 4063
808 4063
809 4063
810 4060
811 4063
812 4063
813 4063
814 4063
815 4063
816 4063
817 4060
818 4062
819 4063
820 4063
821 4060
822 4063
823 4062
824 4061
825 4066
826 4062
827 4062
828 4063
829 4062
830 4061
831 4063
832 4062
833 4063
834 4063
835 4060
836 4062
837 4060
838 4063
839 4061
840 4065
841 4063
842 4061
843 4062
844 4063
845 4062
846 4058
847 4063
848 4062
849 4062
850 4063
851 4062
852 4058
853 4063
854 4063
855 4063
856 4063
857 4063
858 4062
859 4063
860 4062
861 4066
862 4063
863 4062
864 4063
865 4068
866 4062
867 4063
868 4063
869 4062
870 4063
871 4062
872 4063
873 4063
874 4060
875 4062
876 4062
877 4062
878 4062
879 4062
880 4060
881 4062
882 4062
883 4062
884 4063
885 4063
886 4063
887 4063
888 4063
889 4063
890 4062
891 4062
892 4063
893 4062
894 4062
895 4063
896 4063
897 4062
898 4062
899 4063
900 4066
901 4066
902 4062
903 4062
904 4062
905 4062
906 4062
907 4063
908 4062
909 4061
910 4063
911 4061
912 4062
913 4063
914 4060
915 4063
916 4063
917 4063
918 4062
919 4063
920 4060
921 4063
922 4063
923 4063
924 4063
925 4063
926 4062
927 4062
928 4062
929 4068
930 4060
931 4063
932 4062
933 4066
934 4063
935 4063
936 4060
937 4063
938 4062
939 4063
940 4060
941 4062
942 4060
943 4063
944 4060
945 4063
946 4061
947 4063
948 4060
949 4063
950 4063
951 4066
952 4062
953 4063
954 4062
955 4066
956 4063
957 4063
958 4062
959 4063
960 4062
961 4062
962 4061
963 4063
964 4059
965 4063
966 4062
967 4063
968 4062
969 4063
970 4062
971 4063
972 4063
973 4062
974 4063
975 4063
976 4063
977 4062
978 4062
979 4068
980 4060
981 4062
982 4061
983 4060
984 4062
985 4063
986 4063
987 4063
988 4066
989 4063
990 4062
991 4061
992 4062
993 4066
994 4062
995 4063
996 4068
997 4063
998 4061
999 4060
1000 4063
1001 4065
1002 4062
1003 4060
1004 4062
1005 4061
1006 4060
1007 4062
1008 4063
1009 4063
1010 4063
1011 4065
1012 4062
1013 4062
1014 4061
1015 4063
1016 4062
1017 4061
1018 4062
1019 4063
1020 4062
1021 4060
1022 4060
1023 4062
1024 4063
1025 4060
1026 4062
1027 4062
1028 4063
1029 4061
1030 4062
1031 4062
1032 4061
1033 4063
1034 4060
1035 4062
1036 4060
1037 4062
1038 4062
1039 4063
1040 4063
1041 4062
1042 4063
1043 4063
1044 4068
1045 4061
1046 4060
1047 4063
1048 4060
1049 4060
1050 4063
1051 4063
1052 4060
1053 4063
1054 4062
1055 4062
1056 4062
1057 4063
1058 4063
1059 4063
1060 4062
1061 4063
1062 4062
1063 4060
1064 4063
1065 4062
1066 4062
1067 4063
1068 4062
1069 4062
1070 4062
1071 4063
1072 4060
1073 4062
1074 4062
1075 4062
1076 4060
1077 4062
1078 4063
1079 4062
1080 4062
1081 4066
1082 4062
1083 4063
1084 4066
1085 4063
1086 4062
1087 4062
1088 4063
1089 4062
1090 4062
1091 4066
1092 4063
1093 4063
1094 4063
1095 4061
1096 4062
1097 4063
1098 4063
1099 4063
1100 4063
1101 4063
1102 4060
1103 4062
1104 4062
1105 4063
1106 4061
1107 4063
1108 4062
1109 4063
1110 4062
1111 4063
1112 4060
1113 4060
1114 4063
1115 4062
1116 4062
1117 4065
1118 4060
1119 4062
1120 4062
1121 4060
1122 4062
1123 4062
1124 4062
1125 4062
1126 4063
1127 4062
1128 4062
1129 4062
1130 4066
1131 4063
1132 4063
1133 4063
1134 4060
1135 4062
1136 4062
1137 4060
1138 4063
1139 4063
1140 4063
1141 4063
1142 4063
1143 4063
1144 4061
1145 4065
1146 4062
1147 4063
1148 4063
1149 4063
1150 4063
1151 4063
1152 4060
1153 4060
1154 4062
1155 4060
1156 4066
1157 4063
1158 4063
1159 4063
1160 4060
1161 4062
1162 4062
1163 4061
1164 4061
1165 4061
1166 4066
1167 4060
1168 4063
1169 4062
1170 4060
1171 4063
1172 4060
1173 4063
1174 4066
1175 4066
1176 4062
1177 4063
1178 4063
1179 4063
1180 4062
1181 4062
1182 4063
1183 4063
1184 4063
1185 4063
1186 4061
1187 4062
1188 4062
1189 4063
1190 4062
1191 4060
1192 4061
1193 4062
1194 4063
1195 4061
1196 4063
1197 4063
1198 4060
1199 4063
1200 4063
1201 4063
1202 4060
1203 4063
1204 4063
1205 4062
1206 4063
1207 4062
1208 4063
1209 4060
1210 4061
1211 4066
1212 4062
1213 4063
1214 4063
1215 4066
1216 4063
1217 4062
1218 4060
1219 4063
1220 4061
1221 4063
1222 4065
1223 4062
1224 4063
1225 4063
1226 4062
1227 4062
1228 4062
1229 4063
1230 4063
1231 4062
1232 4063
1233 4063
1234 4063
1235 4063
1236 4063
1237 4065
1238 4063
1239 4062
1240 4060
1241 4063
1242 4063
1243 4062
1244 4060
1245 4063
1246 4063
1247 4063
1248 4065
1249 4063
1250 4063
1251 4066
1252 4059
1253 4063
1254 4063
1255 4061
1256 4063
1257 4063
1258 4062
1259 4062
1260 4063
1261 4065
1262 4062
1263 4063
1264 4063
1265 4062
1266 4062
1267 4063
1268 4066
1269 4062
1270 4063
1271 4063
1272 4063
1273 4061
1274 4062
1275 4061
1276 4060
1277 4063
1278 4060
1279 4063
1280 4062
1281 4068
1282 4063
1283 4063
1284 4063
1285 4063
1286 4062
1287 4062
1288 4063
1289 4063
1290 4062
1291 4062
1292 4062
1293 4063
1294 4063
1295 4063
1296 4063
1297 4061
1298 4062
1299 4063
1300 4062
1301 4063
1302 4060
1303 4063
1304 4062
1305 4068
1306 4063
1307 4063
1308 4062
1309 4063
1310 4063
1311 4062
1312 4060
1313 4066
1314 4062
1315 4063
1316 4063
1317 4063
1318 4062
1319 4063
1320 4061
1321 4062
1322 4061
1323 4062
1324 4066
1325 4063
1326 4060
1327 4062
1328 4063
1329 4063
1330 4062
1331 4062
1332 4060
1333 4061
1334 4063
1335 4066
1336 4060
1337 4063
1338 4063
1339 4062
1340 4063
1341 4063
1342 4063
1343 4063
1344 4062
1345 4064
1346 4062
1347 4068
1348 4062
1349 4062
1350 4063
1351 4066
1352 4063
1353 4063
1354 4061
1355 4060
1356 4063
1357 4063
1358 4060
1359 4062
1360 4063
1361 4063
1362 4063
1363 4062
1364 4063
1365 4063
1366 4063
1367 4063
1368 4062
1369 4061
1370 4063
1371 4061
1372 4063
1373 4062
1374 4060
1375 4063
1376 4060
1377 4063
1378 4063
1379 4063
1380 4063
1381 4063
1382 4066
1383 4063
1384 4062
1385 4060
1386 4062
1387 4063
1388 4063
1389 4062
1390 4065
1391 4062
1392 4063
1393 4062
1394 4063
1395 4066
1396 4065
1397 4063
1398 4062
1399 4063
1400 4060
1401 4066
1402 4059
1403 4063
1404 4062
1405 4063
1406 4060
1407 4063
1408 4062
1409 4062
1410 4062
1411 4063
1412 4062
1413 4062
1414 4062
1415 4063
1416 4061
1417 4062
1418 4062
1419 4063
1420 4062
1421 4062
1422 4066
1423 4066
1424 4060
1425 4063
1426 4062
1427 4063
1428 4062
1429 4062
1430 4063
1431 4063
1432 4059
1433 4062
1434 4062
1435 4063
1436 4063
1437 4063
1438 4060
1439 4065
1440 4063
1441 4061
1442 4066
1443 4063
1444 4062
1445 4063
1446 4062
1447 4063
1448 4063
1449 4062
1450 4061
1451 4066
1452 4058
1453 4067
1454 4061
1455 4062
1456 4063
1457 4063
1458 4063
1459 4062
1460 4062
1461 4062
1462 4063
1463 4066
1464 4063
1465 4062
1466 4063
1467 4063
1468 4061
1469 4062
1470 4063
1471 4062
1472 4061
1473 4063
1474 4061
1475 4061
1476 4062
1477 4059
1478 4062
1479 4066
1480 4063
1481 4063
1482 4063
1483 4062
1484 4061
1485 4062
1486 4062
1487 4063
1488 4062
1489 4056
1490 4060
1491 4063
1492 4062
1493 4066
1494 4063
1495 4066
1496 4062
1497 4062
1498 4062
1499 4063
1500 4062
1501 4062
1502 4060
1503 4063
1504 4063
1505 4063
1506 4066
1507 4060
1508 4062
1509 4062
1510 4060
1511 4063
1512 4063
1513 4062
1514 4060
1515 4063
1516 4062
1517 4062
1518 4061
1519 4066
1520 4063
1521 4061
1522 4063
1523 4062
1524 4062
1525 4066
1526 4062
1527 4062
1528 4061
1529 4063
1530 4063
1531 4066
1532 4061
1533 4063
1534 4063
1535 4062
1536 4063
1537 4065
1538 4062
1539 4063
1540 4063
1541 4063
1542 4062
1543 4062
1544 4062
1545 4062
1546 4062
1547 4062
1548 4063
1549 4063
1550 4063
1551 4063
1552 4059
1553 4062
1554 4063
1555 4066
1556 4060
1557 4063
1558 4063
1559 4062
1560 4063
1561 4063
1562 4063
1563 4063
1564 4061
1565 4063
1566 4062
1567 4062
1568 4062
1569 4063
1570 4062
1571 4061
1572 4066
1573 4062
1574 4063
1575 4066
1576 4061
1577 4062
1578 4061
1579 4061
1580 4063
1581 4062
1582 4060
1583 4064
1584 4062
1585 4062
1586 4063
1587 4068
1588 4062
1589 4063
1590 4063
1591 4066
1592 4063
1593 4068
1594 4062
1595 4063
1596 4062
1597 4063
1598 4063
1599 4063
1600 4063
1601 4063
1602 4062
1603 4063
1604 4062
1605 4060
1606 4063
1607 4063
1608 4063
1609 4067
1610 4063
1611 4062
1612 4060
1613 4067
1614 4062
1615 4066
1616 4061
1617 4062
1618 4063
1619 4060
1620 4063
1621 4066
1622 4062
1623 4066
1624 4063
1625 4063
1626 4062
1627 4062
1628 4062
1629 4063
1630 4062
1631 4062
1632 4062
1633 4061
1634 4060
1635 4066
1636 4062
1637 4063
1638 4063
1639 4062
1640 4060
1641 4063
1642 4063
1643 4066
1644 4061
1645 4063
1646 4060
1647 4062
1648 4063
1649 4061
1650 4060
1651 4066
1652 4062
1653 4063
1654 4063
1655 4062
1656 4062
1657 4066
1658 4063
1659 4062
1660 4060
1661 4062
1662 4062
1663 4065
1664 4063
1665 4063
1666 4059
1667 4066
1668 4063
1669 4063
1670 4061
1671 4062
1672 4066
1673 4065
1674 4060
1675 4063
1676 4060
1677 4066
1678 4063
1679 4066
1680 4063
1681 4063
1682 4061
1683 4065
1684 4062
1685 4063
1686 4066
1687 4062
1688 4063
1689 4062
1690 4061
1691 4063
1692 4063
1693 4063
1694 4060
1695 4063
1696 4066
1697 4062
1698 4065
1699 4062
1700 4063
1701 4062
1702 4059
1703 4065
1704 4062
1705 4066
1706 4063
1707 4062
1708 4061
1709 4066
1710 4062
1711 4063
1712 4063
1713 4063
1714 4062
1715 4066
1716 4062
1717 4063
1718 4062
1719 4063
1720 4066
1721 4062
1722 4065
1723 4063
1724 4065
1725 4063
1726 4063
1727 4062
1728 4063
1729 4063
1730 4062
1731 4060
1732 4061
1733 4066
1734 4062
1735 4063
1736 4065
1737 4060
1738 4063
1739 4063
1740 4063
1741 4063
1742 4063
1743 4062
1744 4062
1745 4061
1746 4063
1747 4063
1748 4063
1749 4062
1750 4063
1751 4063
1752 4062
1753 4063
1754 4063
1755 4062
1756 4061
1757 4063
1758 4063
1759 4062
1760 4060
1761 4063
1762 4063
1763 4063
1764 4063
1765 4063
1766 4057
1767 4063
1768 4066
1769 4062
1770 4063
1771 4063
1772 4063
1773 4062
1774 4061
1775 4062
1776 4063
1777 4062
1778 4061
1779 4061
1780 4063
1781 4062
1782 4063
1783 4063
1784 4060
1785 4063
1786 4062
1787 4062
1788 4063
1789 4062
1790 4062
1791 4062
1792 4062
1793 4063
1794 4062
1795 4062
1796 4062
1797 4063
1798 4063
1799 4062
1800 4062
1801 4063
1802 4060
1803 4063
1804 4063
1805 4066
1806 4066
1807 4063
1808 4061
1809 4068
1810 4063
1811 4063
1812 4063
1813 4062
1814 4063
1815 4063
1816 4063
1817 4068
1818 4061
1819 4063
1820 4062
1821 4063
1822 4062
1823 4066
1824 4061
1825 4063
1826 4060
1827 4063
1828 4062
1829 4062
1830 4063
1831 4061
1832 4061
1833 4066
1834 4060
1835 4065
1836 4062
1837 4062
1838 4063
1839 4062
1840 4063
1841 4066
1842 4061
1843 4062
1844 4065
1845 4063
1846 4063
1847 4061
1848 4062
1849 4062
1850 4062
1851 4063
1852 4062
1853 4062
1854 4060
1855 4063
1856 4061
1857 4060
1858 4063
1859 4062
1860 4063
1861 4062
1862 4063
1863 4062
1864 4063
1865 4062
1866 4062
1867 4063
1868 4062
1869 4062
1870 4061
1871 4062
1872 4063
1873 4066
1874 4062
1875 4063
1876 4060
1877 4066
1878 4062
1879 4063
1880 4063
1881 4066
1882 4063
1883 4061
1884 4063
1885 4060
1886 4060
1887 4062
1888 4060
1889 4062
1890 4062
1891 4062
1892 4062
1893 4063
1894 4066
1895 4063
1896 4062
1897 4063
1898 4060
1899 4062
1900 4063
1901 4063
1902 4061
1903 4062
1904 4062
1905 4060
1906 4063
1907 4061
1908 4060
1909 4062
1910 4060
1911 4062
1912 4063
1913 4062
1914 4062
1915 4063
1916 4063
1917 4062
1918 4063
1919 4062
1920 4061
1921 4066
1922 4063
1923 4066
1924 4066
1925 4063
1926 4060
1927 4061
1928 4062
1929 4066
1930 4063
1931 4062
1932 4063
1933 4060
1934 4062
1935 4063
1936 4062
1937 4063
1938 4066
1939 4062
1940 4062
1941 4066
1942 4063
1943 4063
1944 4059
1945 4062
1946 4063
1947 4062
1948 4062
1949 4063
1950 4063
1951 4063
1952 4056
1953 4063
1954 4062
1955 4063
1956 4063
1957 4062
1958 4062
1959 4062
1960 4061
1961 4062
1962 4063
1963 4062
1964 4063
1965 4063
1966 4063
1967 4062
1968 4062
1969 4062
1970 4062
1971 4063
1972 4062
1973 4063
1974 4063
1975 4062
1976 4061
1977 4066
1978 4060
1979 4063
1980 4063
1981 4063
1982 4065
1983 4062
1984 4060
1985 4065
1986 4063
1987 4063
1988 4063
1989 4060
1990 4061
1991 4063
1992 4063
1993 4063
1994 4062
1995 4063
1996 4062
1997 4063
1998 4063
1999 4062
2000 4062
2001 4068
2002 4060
2003 4066
2004 4061
2005 4063
2006 4062
2007 4062
2008 4062
2009 4063
2010 4063
2011 4063
2012 4062
2013 4064
2014 4066
2015 4063
2016 4063
2017 4062
2018 4063
2019 4063
2020 4061
2021 4063
2022 4060
2023 4063
2024 4065
2025 4066
2026 4065
2027 4062
2028 4063
2029 4063
2030 4062
2031 4059
2032 4060
2033 4062
2034 4061
2035 4066
2036 4060
2037 4062
2038 4063
2039 4062
2040 4061
2041 4062
2042 4063
2043 4063
2044 4063
2045 4062
2046 4062
2047 4066
2048 4062
2049 4063
2050 4062
2051 4063
2052 4061
2053 4063
2054 4063
2055 4062
2056 4066
2057 4063
2058 4061
2059 4066
2060 4061
2061 4062
2062 4063
2063 4066
2064 4063
2065 4062
2066 4063
2067 4062
2068 4060
2069 4063
2070 4063
2071 4063
2072 4062
2073 4062
2074 4063
2075 4063
2076 4062
2077 4063
2078 4062
2079 4060
2080 4063
2081 4063
2082 4062
2083 4063
2084 4062
2085 4062
2086 4060
2087 4065
2088 4060
2089 4063
2090 4062
2091 4066
2092 4062
2093 4061
2094 4063
2095 4063
2096 4062
2097 4063
2098 4062
2099 4063
2100 4062
2101 4063
2102 4061
2103 4062
2104 4062
2105 4062
2106 4062
2107 4065
2108 4061
2109 4063
2110 4063
2111 4060
2112 4060
2113 4063
2114 4061
2115 4063
2116 4063
2117 4063
2118 4062
2119 4066
2120 4063
2121 4063
2122 4063
2123 4062
2124 4063
2125 4063
2126 4062
2127 4060
2128 4063
2129 4063
2130 4062
2131 4063
2132 4060
2133 4063
2134 4062
2135 4061
2136 4060
2137 4065
2138 4063
2139 4063
2140 4063
2141 4062
2142 4061
2143 4066
2144 4062
2145 4063
2146 4060
2147 4063
2148 4060
2149 4063
2150 4062
2151 4063
2152 4062
2153 4063
2154 4062
2155 4062
2156 4066
2157 4060
2158 4063
2159 4063
2160 4062
2161 4062
2162 4062
2163 4061
2164 4060
2165 4062
2166 4063
2167 4063
2168 4063
2169 4062
2170 4062
2171 4062
2172 4062
2173 4063
2174 4061
2175 4063
2176 4063
2177 4062
2178 4063
2179 4063
2180 4063
2181 4062
2182 4063
2183 4060
2184 4062
2185 4063
2186 4060
2187 4063
2188 4063
2189 4061
2190 4060
2191 4063
2192 4063
2193 4060
2194 4062
2195 4062
2196 4063
2197 4062
2198 4062
2199 4063
2200 4060
2201 4066
2202 4061
2203 4062
2204 4067
2205 4063
2206 4062
2207 4063
2208 4062
2209 4066
2210 4062
2211 4063
2212 4063
2213 4063
2214 4063
2215 4063
2216 4068
2217 4068
2218 4063
2219 4066
2220 4063
2221 4066
2222 4062
2223 4063
2224 4060
2225 4063
2226 4062
2227 4061
2228 4063
2229 4062
2230 4061
2231 4062
2232 4060
2233 4062
2234 4063
2235 4062
2236 4061
2237 4062
2238 4065
2239 4063
2240 4063
2241 4063
2242 4063
2243 4062
2244 4063
2245 4063
2246 4063
2247 4063
2248 4061
2249 4062
2250 4063
2251 4063
2252 4060
2253 4063
2254 4063
2255 4061
2256 4062
2257 4062
2258 4062
2259 4062
2260 4062
2261 4063
2262 4063
2263 4063
2264 4062
2265 4063
2266 4062
2267 4066
2268 4061
2269 4066
2270 4062
2271 4063
2272 4063
2273 4062
2274 4062
2275 4063
2276 4060
2277 4063
2278 4063
2279 4063
2280 4062
2281 4066
2282 4061
2283 4063
2284 4061
2285 4060
2286 4062
2287 4063
2288 4062
2289 4063
2290 4061
2291 4062
2292 4063
2293 4063
2294 4062
2295 4061
2296 4062
2297 4062
2298 4063
2299 4061
2300 4066
2301 4063
2302 4060
2303 4063
2304 4063
2305 4062
2306 4062
2307 4060
2308 4063
2309 4063
2310 4062
2311 4063
2312 4062
2313 4063
2314 4063
2315 4063
2316 4063
2317 4061
2318 4063
2319 4063
2320 4060
2321 4063
2322 4063
2323 4062
2324 4063
2325 4066
2326 4060
2327 4063
2328 4063
2329 4063
2330 4062
2331 4062
2332 4063
2333 4063
2334 4063
2335 4061
2336 4063
2337 4061
2338 4061
2339 4062
2340 4063
2341 4063
2342 4063
2343 4061
2344 4063
2345 4063
2346 4063
2347 4063
2348 4063
2349 4060
2350 4061
2351 4063
2352 4059
2353 4062
2354 4063
2355 4065
2356 4066
2357 4063
2358 4063
2359 4062
2360 4061
2361 4063
2362 4062
2363 4062
2364 4062
2365 4063
2366 4063
2367 4062
2368 4063
2369 4063
2370 4062
2371 4063
2372 4062
2373 4063
2374 4060
2375 4066
2376 4063
2377 4062
2378 4062
2379 4066
2380 4063
2381 4066
2382 4063
2383 4060
2384 4063
2385 4063
2386 4063
2387 4066
2388 4063
2389 4060
2390 4063
2391 4063
2392 4060
2393 4063
2394 4063
2395 4065
2396 4062
2397 4063
2398 4062
2399 4063
2400 4063
2401 4066
2402 4062
2403 4061
2404 4063
2405 4063
2406 4060
2407 4066
2408 4061
2409 4063
2410 4063
2411 4062
2412 4063
2413 4063
2414 4062
2415 4061
2416 4066
2417 4060
2418 4060
2419 4064
2420 4063
2421 4062
2422 4062
2423 4063
2424 4062
2425 4068
2426 4060
2427 4063
2428 4062
2429 4063
2430 4062
2431 4063
2432 4060
2433 4061
2434 4063
2435 4063
2436 4063
2437 4063
2438 4063
2439 4063
2440 4061
2441 4060
2442 4063
2443 4062
2444 4063
2445 4063
2446 4063
2447 4063
2448 4060
2449 4063
2450 4065
2451 4068
2452 4059
2453 4066
2454 4063
2455 4062
2456 4062
2457 4066
2458 4062
2459 4061
2460 4063
2461 4062
2462 4063
2463 4063
2464 4063
2465 4062
2466 4065
2467 4063
2468 4063
2469 4062
2470 4063
2471 4062
2472 4063
2473 4062
2474 4063
2475 4063
2476 4060
2477 4062
2478 4062
2479 4062
2480 4063
2481 4063
2482 4060
2483 4063
2484 4062
2485 4063
2486 4063
2487 4063
2488 4060
2489 4063
2490 4062
2491 4062
2492 4061
2493 4066
2494 4062
2495 4063
2496 4063
2497 4062
2498 4062
2499 4063
2500 4063
2501 4063
2502 4062
2503 4063
2504 4066
2505 4063
2506 4060
2507 4063
2508 4066
2509 4066
2510 4066
2511 4062
2512 4062
2513 4063
2514 4062
2515 4063
2516 4060
2517 4062
2518 4063
2519 4062
2520 4062
2521 4063
2522 4063
2523 4063
2524 4062
2525 4063
2526 4060
2527 4063
2528 4060
2529 4060
2530 4063
2531 4065
2532 4063
2533 4062
2534 4062
2535 4066
2536 4063
2537 4063
2538 4060
2539 4062
2540 4062
2541 4063
2542 4060
2543 4066
2544 4059
2545 4063
2546 4063
2547 4062
2548 4066
2549 4059
2550 4062
2551 4063
2552 4061
2553 4062
2554 4062
2555 4066
2556 4063
2557 4063
2558 4063
2559 4062
2560 4063
2561 4063
2562 4060
2563 4066
2564 4060
2565 4060
2566 4063
2567 4062
2568 4062
2569 4062
2570 4063
2571 4063
2572 4068
2573 4060
2574 4060
2575 4062
2576 4063
2577 4061
2578 4063
2579 4063
2580 4063
2581 4062
2582 4062
2583 4063
2584 4062
2585 4062
2586 4062
2587 4063
2588 4063
2589 4063
2590 4063
2591 4063
2592 4062
2593 4062
2594 4060
2595 4063
2596 4063
2597 4063
2598 4062
2599 4062
2600 4063
2601 4068
2602 4062
2603 4062
2604 4062
2605 4062
2606 4062
2607 4066
2608 4061
2609 4063
2610 4062
2611 4063
2612 4062
2613 4060
2614 4063
2615 4063
2616 4061
2617 4058
2618 4063
2619 4059
2620 4063
2621 4062
2622 4063
2623 4063
2624 4062
2625 4063
2626 4060
2627 4063
2628 4063
2629 4062
2630 4062
2631 4066
2632 4061
2633 4062
2634 4060
2635 4063
2636 4060
2637 4063
2638 4063
2639 4062
2640 4062
2641 4062
2642 4062
2643 4063
2644 4061
2645 4062
2646 4063
2647 4063
2648 4063
2649 4063
2650 4063
2651 4061
2652 4061
2653 4062
2654 4063
2655 4062
2656 4063
2657 4062
2658 4063
2659 4062
2660 4060
2661 4062
2662 4063
2663 4066
2664 4062
2665 4062
2666 4060
2667 4062
2668 4063
2669 4062
2670 4063
2671 4062
2672 4066
2673 4060
2674 4060
2675 4063
2676 4062
2677 4067
2678 4063
2679 4063
2680 4063
2681 4062
2682 4063
2683 4062
2684 4063
2685 4066
2686 4060
2687 4061
2688 4063
2689 4062
2690 4062
2691 4063
2692 4060
2693 4063
2694 4063
2695 4063
2696 4063
2697 4062
2698 4060
2699 4062
2700 4061
2701 4063
2702 4058
2703 4063
2704 4062
2705 4060
2706 4066
2707 4063
2708 4060
2709 4063
2710 4062
2711 4062
2712 4063
2713 4062
2714 4063
2715 4065
2716 4063
2717 4063
2718 4063
2719 4063
2720 4063
2721 4063
2722 4063
2723 4062
2724 4062
2725 4066
2726 4061
2727 4061
2728 4063
2729 4062
2730 4063
2731 4062
2732 4066
2733 4063
2734 4062
2735 4063
2736 4063
2737 4063
2738 4063
2739 4062
2740 4062
2741 4066
2742 4062
2743 4066
2744 4063
2745 4063
2746 4061
2747 4062
2748 4063
2749 4060
2750 4063
2751 4063
2752 4060
2753 4062
2754 4063
2755 4066
2756 4061
2757 4063
2758 4058
2759 4063
2760 4062
2761 4061
2762 4062
2763 4063
2764 4062
2765 4062
2766 4063
2767 4060
2768 4063
2769 4066
2770 4062
2771 4061
2772 4062
2773 4062
2774 4062
2775 4063
2776 4065
2777 4061
2778 4063
2779 4063
2780 4063
2781 4063
2782 4063
2783 4063
2784 4066
2785 4062
2786 4059
2787 4062
2788 4058
2789 4061
2790 4063
2791 4063
2792 4062
2793 4063
2794 4062
2795 4062
2796 4056
2797 4056
2798 4050
2799 4052
2800 4047
2801 4042
2802 4036
2803 4038
2804 4037
2805 4030
2806 4031
2807 4031
2808 4024
2809 4024
2810 4014
2811 4015
2812 4012
2813 3999
2814 3988
2815 3996
2816 3986
2817 3992
2818 3985
2819 3992
2820 3987
2821 3994
2822 3988
2823 3986
2824 3988
2825 3986
2826 3991
2827 3993
2828 3992
2829 4001
2830 3998
2831 4004
2832 4009
2833 4013
2834 4013
2835 4014
2836 4022
2837 4017
2838 4021
2839 4021
2840 4024
2841 4027
2842 4027
2843 4031
2844 4031
2845 4036
2846 4035
2847 4040
2848 4043
2849 4046
2850 4046
2851 4054
2852 4047
2853 4056
2854 4053
2855 4056
2856 4059
2857 4058
2858 4061
2859 4059
2860 4062
2861 4060
2862 4062
2863 4060
2864 4062
2865 4062
2866 4063
2867 4060
2868 4062
2869 4063
2870 4062
2871 4066
2872 4062
2873 4061
2874 4062
2875 4066
2876 4063
2877 4066
2878 4063
2879 4063
2880 4061
2881 4063
2882 4062
2883 4062
2884 4066
2885 4063
2886 4066
2887 4063
2888 4063
2889 4062
2890 4063
2891 4060
2892 4063
2893 4060
2894 4060
2895 4063
2896 4061
2897 4061
2898 4063
2899 4061
2900 4063
2901 4063
2902 4060
2903 4063
2904 4062
2905 4063
2906 4063
2907 4063
2908 4060
2909 4061
2910 4063
2911 4063
2912 4062
2913 4063
2914 4063
2915 4063
2916 4062
2917 4066
2918 4063
2919 4063
2920 4061
2921 4063
2922 4063
2923 4063
2924 4060
2925 4063
2926 4066
2927 4062
2928 4062
2929 4063
2930 4061
2931 4060
2932 4066
2933 4063
2934 4063
2935 4068
2936 4061
2937 4063
2938 4063
2939 4062
2940 4062
2941 4063
2942 4062
2943 4065
2944 4062
2945 4063
2946 4062
2947 4066
2948 4068
2949 4062
2950 4063
2951 4066
2952 4062
2953 4063
2954 4062
2955 4060
2956 4063
2957 4069
2958 4062
2959 4062
2960 4062
2961 4063
2962 4065
2963 4060
2964 4063
2965 4062
2966 4061
2967 4062
2968 4060
2969 4063
2970 4060
2971 4063
2972 4062
2973 4062
2974 4063
2975 4062
2976 4060
2977 4063
2978 4060
2979 4062
2980 4062
2981 4063
2982 4063
2983 4060
2984 4059
2985 4063
2986 4066
2987 4062
2988 4062
2989 4063
2990 4063
2991 4062
2992 4063
2993 4062
2994 4062
2995 4066
2996 4062
2997 4063
2998 4063
2999 4063
3000 4063
3001 4062
3002 4062
3003 4063
3004 4061
3005 4065
3006 4063
3007 4063
3008 4062
3009 4063
3010 4063
3011 4063
3012 4063
3013 4060
3014 4063
3015 4063
3016 4062
3017 4063
3018 4062
3019 4062
3020 4063
3021 4062
3022 4063
3023 4068
3024 4062
3025 4061
3026 4058
3027 4066
3028 4061
3029 4062
3030 4063
3031 4063
3032 4060
3033 4063
3034 4062
3035 4063
3036 4060
3037 4062
3038 4062
3039 4063
3040 4062
3041 4063
3042 4066
3043 4062
3044 4063
3045 4063
3046 4063
3047 4063
3048 4062
3049 4062
3050 4063
3051 4063
3052 4062
3053 4066
3054 4063
3055 4063
3056 4063
3057 4062
3058 4060
3059 4062
3060 4060
3061 4061
3062 4062
3063 4062
3064 4062
3065 4062
3066 4063
3067 4063
3068 4062
3069 4066
3070 4060
3071 4062
3072 4063
3073 4061
3074 4063
3075 4062
3076 4060
3077 4062
3078 4063
3079 4063
3080 4063
3081 4063
3082 4062
3083 4063
3084 4060
3085 4063
3086 4059
3087 4063
3088 4062
3089 4063
3090 4062
3091 4062
3092 4063
3093 4062
3094 4062
3095 4063
3096 4060
3097 4062
3098 4061
3099 4063
3100 4062
3101 4063
3102 4060
3103 4060
3104 4061
3105 4062
3106 4060
3107 4062
3108 4062
3109 4063
3110 4063
3111 4063
3112 4063
3113 4063
3114 4061
3115 4066
3116 4062
3117 4063
3118 4063
3119 4063
3120 4062
3121 4063
3122 4062
3123 4065
3124 4062
3125 4065
3126 4063
3127 4063
3128 4062
3129 4063
3130 4060
3131 4062
3132 4060
3133 4063
3134 4062
3135 4063
3136 4063
3137 4063
3138 4062
3139 4061
3140 4062
3141 4066
3142 4063
3143 4061
3144 4062
3145 4063
3146 4061
3147 4062
3148 4063
3149 4061
3150 4062
3151 4066
3152 4060
3153 4061
3154 4062
3155 4062
3156 4062
3157 4066
3158 4061
3159 4063
3160 4063
3161 4066
3162 4060
3163 4062
3164 4063
3165 4063
3166 4062
3167 4062
3168 4062
3169 4063
3170 4060
3171 4063
3172 4060
3173 4062
3174 4062
3175 4064
3176 4060
3177 4060
3178 4062
3179 4063
3180 4066
3181 4063
3182 4063
3183 4061
3184 4063
3185 4063
3186 4063
3187 4062
3188 4060
3189 4062
3190 4066
3191 4063
3192 4063
3193 4062
3194 4063
3195 4065
3196 4063
3197 4062
3198 4062
3199 4063
3200 4063
3201 4062
3202 4061
3203 4062
3204 4066
3205 4062
3206 4061
3207 4063
3208 4062
3209 4063
3210 4066
3211 4059
3212 4063
3213 4063
3214 4062
3215 4060
3216 4061
3217 4066
3218 4060
3219 4062
3220 4063
3221 4062
3222 4062
3223 4063
3224 4062
3225 4062
3226 4060
3227 4063
3228 4062
3229 4062
3230 4063
3231 4063
3232 4060
3233 4063
3234 4062
3235 4062
3236 4062
3237 4063
3238 4063
3239 4068
3240 4060
3241 4063
3242 4063
3243 4062
3244 4063
3245 4063
3246 4062
3247 4060
3248 4063
3249 4060
3250 4066
3251 4066
3252 4058
3253 4063
3254 4063
3255 4062
3256 4061
3257 4062
3258 4061
3259 4063
3260 4063
3261 4062
3262 4063
3263 4062
3264 4063
3265 4066
3266 4063
3267 4063
3268 4063
3269 4062
3270 4063
3271 4063
3272 4065
3273 4062
3274 4061
3275 4062
3276 4062
3277 4065
3278 4062
3279 4063
3280 4063
3281 4063
3282 4063
3283 4062
3284 4062
3285 4066
3286 4060
3287 4063
3288 4063
3289 4062
3290 4063
3291 4063
3292 4061
3293 4062
3294 4061
3295 4063
3296 4060
3297 4062
3298 4062
3299 4062
3300 4063
3301 4063
3302 4060
3303 4063
3304 4062
3305 4063
3306 4060
3307 4063
3308 4063
3309 4063
3310 4062
3311 4062
3312 4063
3313 4061
3314 4066
3315 4060
3316 4062
3317 4063
3318 4062
3319 4063
3320 4063
3321 4062
3322 4060
3323 4062
3324 4062
3325 4065
3326 4062
3327 4062
3328 4062
3329 4063
3330 4061
3331 4062
3332 4063
3333 4060
3334 4063
3335 4062
3336 4062
3337 4063
3338 4062
3339 4063
3340 4062
3341 4058
3342 4062
3343 4062
3344 4062
3345 4063
3346 4063
3347 4063
3348 4063
3349 4063
3350 4063
3351 4063
3352 4062
3353 4063
3354 4062
3355 4060
3356 4063
3357 4062
3358 4063
3359 4063
3360 4061
3361 4062
3362 4060
3363 4063
3364 4063
3365 4060
3366 4062
3367 4063
3368 4059
3369 4066
3370 4061
3371 4066
3372 4063
3373 4063
3374 4060
3375 4060
3376 4063
3377 4063
3378 4062
3379 4063
3380 4060
3381 4063
3382 4061
3383 4062
3384 4061
3385 4063
3386 4066
3387 4063
3388 4061
3389 4060
3390 4065
3391 4058
3392 4062
3393 4063
3394 4062
3395 4062
3396 4062
3397 4056
3398 4061
3399 4063
3400 4062
3401 4066
3402 4061
3403 4062
3404 4060
3405 4063
3406 4062
3407 4063
3408 4062
3409 4063
3410 4066
3411 4061
3412 4063
3413 4062
3414 4062
3415 4063
3416 4061
3417 4060
3418 4062
3419 4066
3420 4062
3421 4066
3422 4062
3423 4063
3424 4062
3425 4065
3426 4062
3427 4060
3428 4063
3429 4060
3430 4062
3431 4063
3432 4063
3433 4062
3434 4063
3435 4061
3436 4063
3437 4063
3438 4062
3439 4063
3440 4062
3441 4063
3442 4063
3443 4062
3444 4062
3445 4062
3446 4063
3447 4062
3448 4062
3449 4061
3450 4063
3451 4067
3452 4062
3453 4065
3454 4063
3455 4063
3456 4061
3457 4062
3458 4063
3459 4060
3460 4062
3461 4063
3462 4063
3463 4062
3464 4061
3465 4062
3466 4063
3467 4062
3468 4063
3469 4063
3470 4062
3471 4066
3472 4062
3473 4062
3474 4066
3475 4063
3476 4061
3477 4060
3478 4062
3479 4063
3480 4060
3481 4065
3482 4063
3483 4063
3484 4063
3485 4063
3486 4063
3487 4066
3488 4063
3489 4066
3490 4063
3491 4063
3492 4062
3493 4063
3494 4062
3495 4062
3496 4062
3497 4063
3498 4062
3499 4061
3500 4063
3501 4063
3502 4062
3503 4063
3504 4063
3505 4063
3506 4060
3507 4061
3508 4060
3509 4063
3510 4060
3511 4063
3512 4061
3513 4063
3514 4062
3515 4063
3516 4063
3517 4062
3518 4061
3519 4062
3520 4060
3521 4063
3522 4060
3523 4063
3524 4063
3525 4063
3526 4066
3527 4063
3528 4063
3529 4065
3530 4060
3531 4063
3532 4063
3533 4062
3534 4060
3535 4060
3536 4063
3537 4063
3538 4063
3539 4061
3540 4063
3541 4063
3542 4062
3543 4060
3544 4062
3545 4063
3546 4063
3547 4062
3548 4063
3549 4063
3550 4062
3551 4062
3552 4058
3553 4062
3554 4063
3555 4063
3556 4062
3557 4063
3558 4062
3559 4066
3560 4062
3561 4062
3562 4063
3563 4063
3564 4062
3565 4066
3566 4066
3567 4063
3568 4062
3569 4063
3570 4063
3571 4062
3572 4063
3573 4061
3574 4062
3575 4063
3576 4063
3577 4062
3578 4060
3579 4062
3580 4063
3581 4062
3582 4061
3583 4060
3584 4061
3585 4062
3586 4062
3587 4062
3588 4063
3589 4063
3590 4063
3591 4063
3592 4062
3593 4060
3594 4062
3595 4062
3596 4060
3597 4062
3598 4062
3599 4066
3600 4060
3601 4067
3602 4060
3603 4066
3604 4063
3605 4062
3606 4060
3607 4062
3608 4063
3609 4060
3610 4062
3611 4063
3612 4062
3613 4062
3614 4063
3615 4063
3616 4062
3617 4062
3618 4062
3619 4062
3620 4063
3621 4063
3622 4063
3623 4062
3624 4063
3625 4063
3626 4062
3627 4062
3628 4063
3629 4063
3630 4063
3631 4063
3632 4062
3633 4063
3634 4063
3635 4062
3636 4062
3637 4062
3638 4062
3639 4062
3640 4062
3641 4063
3642 4060
3643 4063
3644 4062
3645 4066
3646 4061
3647 4063
3648 4061
3649 4060
3650 4069
3651 4068
3652 4058
3653 4063
3654 4063
3655 4063
3656 4063
3657 4062
3658 4063
3659 4063
3660 4062
3661 4060
3662 4063
3663 4060
3664 4061
3665 4066
3666 4063
3667 4061
3668 4062
3669 4062
3670 4060
3671 4063
3672 4063
3673 4060
3674 4063
3675 4063
3676 4063
3677 4066
3678 4062
3679 4063
3680 4063
3681 4060
3682 4061
3683 4063
3684 4062
3685 4063
3686 4060
3687 4061
3688 4062
3689 4060
3690 4063
3691 4062
3692 4063
3693 4061
3694 4062
