#Data from the TCD1304 linear CCD
#column 1 = pixelnumber , column 2 = pixelvalue
#Pixel 1-32 and 3679-3694 and are dummy pixels
#SH-period: 200    ICG-period: 100000    Integration time: 100.0 us
2 4040
3 4044
4 4062
5 4065
6 4062
7 4066
8 4063
9 4063
10 4063
11 4066
12 4058
13 4059
14 4058
15 4059
16 4060
17 4063
18 4063
19 4062
20 4063
21 4062
22 4062
23 4059
24 4062
25 4062
26 4060
27 4063
28 4060
29 4063
30 4062
31 4063
32 4065
34 4061
35 4059
36 4060
37 4063
38 4062
39 4063
40 4062
41 4063
42 4062
43 4062
44 4060
45 4059
46 4066
47 4059
48 4063
49 4063
50 4063
51 4066
52 4062
53 4060
54 4060
55 4061
56 4062
57 4061
58 4061
59 4065
60 4060
61 4062
62 4060
63 4060
64 4061
65 4062
66 4059
67 4059
68 4062
69 4059
70 4061
71 4066
72 4061
73 4063
74 4062
75 4058
76 4060
77 4060
78 4063
79 4062
80 4063
81 4063
82 4062
83 4062
84 4062
85 4063
86 4063
87 4061
88 4060
89 4066
90 4060
91 4063
92 4063
93 4060
94 4062
95 4063
96 4061
97 4062
98 4061
99 4063
100 4061
101 4068
102 4060
103 4063
104 4063
105 4063
106 4063
107 4060
108 4062
109 4063
110 4061
111 4063
112 4059
113 4063
114 4062
115 4063
116 4060
117 4063
118 4063
119 4062
120 4062
121 4061
122 4058
123 4062
124 4063
125 4063
126 4062
127 4062
128 4065
129 4062
130 4061
131 4063
132 4060
133 4063
134 4062
135 4062
136 4062
137 4059
138 4058
139 4062
140 4059
141 4061
142 4062
143 4062
144 4062
145 4062
146 4059
147 4060
148 4062
149 4064
150 4060
151 4062
152 4058
153 4059
154 4060
155 4061
156 4062
157 4063
158 4062
159 4063
160 4060
161 4060
162 4062
163 4058
164 4058
165 4062
166 4059
167 4058
168 4062
169 4062
170 4056
171 4061
172 4060
173 4062
174 4060
175 4061
176 4060
177 4061
178 4060
179 4063
180 4059
181 4062
182 4058
183 4060
184 4061
185 4059
186 4061
187 4062
188 4063
189 4062
190 4062
191 4063
192 4063
193 4063
194 4060
195 4061
196 4063
197 4058
198 4059
199 4062
200 4063
201 4061
202 4059
203 4063
204 4063
205 4060
206 4063
207 4061
208 4062
209 4059
210 4060
211 4061
212 4060
213 4062
214 4063
215 4062
216 4062
217 4062
218 4062
219 4059
220 4061
221 4063
222 4060
223 4063
224 4062
225 4062
226 4058
227 4058
228 4061
229 4060
230 4062
231 4059
232 4060
233 4063
234 4060
235 4058
236 4059
237 4062
238 4063
239 4062
240 4061
241 4061
242 4062
243 4062
244 4062
245 4062
246 4061
247 4061
248 4062
249 4062
250 4063
251 4067
252 4058
253 4062
254 4060
255 4063
256 4060
257 4063
258 4061
259 4060
260 4061
261 4062
262 4061
263 4062
264 4059
265 4062
266 4063
267 4062
268 4063
269 4061
270 4060
271 4066
272 4059
273 4063
274 4060
275 4063
276 4061
277 4063
278 4062
279 4063
280 4058
281 4065
282 4060
283 4063
284 4063
285 4060
286 4063
287 4061
288 4061
289 4062
290 4062
291 4062
292 4059
293 4062
294 4062
295 4063
296 4060
297 4062
298 4062
299 4062
300 4063
301 4063
302 4061
303 4063
304 4063
305 4063
306 4060
307 4062
308 4062
309 4062
310 4062
311 4063
312 4059
313 4063
314 4060
315 4063
316 4060
317 4063
318 4062
319 4058
320 4058
321 4062
322 4062
323 4061
324 4062
325 4065
326 4060
327 4062
328 4060
329 4063
330 4062
331 4063
332 4059
333 4062
334 4063
335 4060
336 4063
337 4063
338 4062
339 4062
340 4062
341 4062
342 4062
343 4060
344 4062
345 4062
346 4063
347 4063
348 4063
349 4063
350 4061
351 4065
352 4055
353 4063
354 4062
355 4062
356 4063
357 4060
358 4063
359 4060
360 4060
361 4063
362 4062
363 4059
364 4060
365 4061
366 4062
367 4063
368 4059
369 4062
370 4060
371 4061
372 4058
373 4059
374 4062
375 4060
376 4062
377 4062
378 4060
379 4066
380 4061
381 4062
382 4061
383 4062
384 4058
385 4062
386 4062
387 4063
388 4062
389 4061
390 4058
391 4063
392 4063
393 4063
394 4062
395 4063
396 4062
397 4060
398 4063
399 4060
400 4061
401 4066
402 4058
403 4062
404 4062
405 4063
406 4059
407 4063
408 4060
409 4063
410 4060
411 4062
412 4060
413 4061
414 4058
415 4062
416 4061
417 4061
418 4063
419 4061
420 4062
421 4063
422 4063
423 4062
424 4062
425 4062
426 4061
427 4063
428 4058
429 4063
430 4059
431 4059
432 4068
433 4060
434 4062
435 4063
436 4062
437 4062
438 4058
439 4063
440 4063
441 4062
442 4062
443 4060
444 4060
445 4062
446 4060
447 4060
448 4062
449 4060
450 4058
451 4062
452 4059
453 4060
454 4061
455 4060
456 4062
457 4062
458 4061
459 4062
460 4061
461 4062
462 4061
463 4063
464 4060
465 4062
466 4061
467 4060
468 4059
469 4063
470 4060
471 4062
472 4061
473 4063
474 4061
475 4060
476 4063
477 4063
478 4060
479 4059
480 4063
481 4061
482 4062
483 4063
484 4062
485 4060
486 4060
487 4062
488 4063
489 4062
490 4062
491 4062
492 4059
493 4063
494 4062
495 4062
496 4060
497 4062
498 4060
499 4062
500 4059
501 4063
502 4058
503 4061
504 4061
505 4059
506 4061
507 4059
508 4061
509 4063
510 4060
511 4062
512 4060
513 4061
514 4060
515 4063
516 4058
517 4062
518 4063
519 4063
520 4062
521 4062
522 4060
523 4058
524 4060
525 4063
526 4063
527 4062
528 4063
529 4062
530 4058
531 4062
532 4060
533 4063
534 4062
535 4063
536 4063
537 4058
538 4059
539 4060
540 4061
541 4060
542 4062
543 4063
544 4060
545 4061
546 4063
547 4062
548 4060
549 4060
550 4063
551 4063
552 4060
553 4062
554 4060
555 4060
556 4063
557 4064
558 4060
559 4063
560 4059
561 4063
562 4059
563 4063
564 4061
565 4063
566 4060
567 4063
568 4063
569 4061
570 4062
571 4062
572 4062
573 4063
574 4061
575 4060
576 4062
577 4063
578 4062
579 4061
580 4062
581 4060
582 4059
583 4060
584 4063
585 4062
586 4062
587 4059
588 4058
589 4060
590 4062
591 4063
592 4061
593 4059
594 4059
595 4061
596 4062
597 4064
598 4060
599 4063
600 4058
601 4063
602 4063
603 4060
604 4060
605 4062
606 4062
607 4059
608 4061
609 4062
610 4058
611 4060
612 4064
613 4062
614 4059
615 4060
616 4061
617 4063
618 4058
619 4062
620 4060
621 4058
622 4062
623 4063
624 4062
625 4061
626 4062
627 4060
628 4058
629 4060
630 4061
631 4062
632 4062
633 4063
634 4059
635 4063
636 4060
637 4062
638 4060
639 4061
640 4063
641 4062
642 4060
643 4062
644 4058
645 4060
646 4063
647 4063
648 4063
649 4063
650 4062
651 4063
652 4059
653 4062
654 4062
655 4061
656 4063
657 4063
658 4061
659 4063
660 4059
661 4063
662 4062
663 4062
664 4062
665 4061
666 4060
667 4061
668 4063
669 4061
670 4059
671 4062
672 4063
673 4063
674 4063
675 4066
676 4062
677 4059
678 4062
679 4061
680 4062
681 4063
682 4060
683 4063
684 4062
685 4063
686 4060
687 4062
688 4061
689 4063
690 4065
691 4061
692 4062
693 4062
694 4063
695 4060
696 4059
697 4063
698 4062
699 4060
700 4061
701 4063
702 4058
703 4062
704 4062
705 4063
706 4062
707 4063
708 4060
709 4062
710 4062
711 4063
712 4062
713 4058
714 4063
715 4062
716 4063
717 4063
718 4062
719 4061
720 4062
721 4062
722 4060
723 4059
724 4063
725 4062
726 4062
727 4060
728 4064
729 4062
730 4065
731 4063
732 4062
733 4063
734 4062
735 4062
736 4060
737 4064
738 4062
739 4062
740 4060
741 4062
742 4058
743 4062
744 4058
745 4062
746 4064
747 4061
748 4061
749 4060
750 4063
751 4066
752 4061
753 4060
754 4059
755 4063
756 4060
757 4063
758 4061
759 4063
760 4063
761 4063
762 4060
763 4062
764 4063
765 4062
766 4058
767 4060
768 4063
769 4058
770 4062
771 4062
772 4060
773 4061
774 4061
775 4066
776 4062
777 4062
778 4063
779 4060
780 4063
781 4063
782 4063
783 4060
784 4060
785 4061
786 4060
787 4063
788 4063
789 4062
790 4063
791 4058
792 4060
793 4061
794 4062
795 4063
796 4059
797 4063
798 4058
799 4060
800 4060
801 4067
802 4059
803 4062
804 4063
805 4062
806 4061
807 4063
808 4061
809 4063
810 4062
811 4063
812 4062
813 4062
814 4063
815 4063
816 4056
817 4060
818 4062
819 4061
820 4062
821 4062
822 4060
823 4063
824 4063
825 4061
826 4058
827 4062
828 4061
829 4062
830 4060
831 4063
832 4062
833 4063
834 4061
835 4060
836 4065
837 4062
838 4062
839 4063
840 4061
841 4062
842 4066
843 4062
844 4062
845 4059
846 4058
847 4063
848 4062
849 4059
850 4059
851 4065
852 4058
853 4062
854 4059
855 4063
856 4059
857 4063
858 4062
859 4062
860 4062
861 4062
862 4059
863 4062
864 4060
865 4062
866 4062
867 4058
868 4060
869 4058
870 4062
871 4063
872 4062
873 4062
874 4063
875 4063
876 4062
877 4060
878 4060
879 4063
880 4061
881 4060
882 4062
883 4061
884 4060
885 4062
886 4063
887 4062
888 4059
889 4063
890 4063
891 4060
892 4059
893 4066
894 4060
895 4063
896 4062
897 4062
898 4065
899 4061
900 4061
901 4063
902 4060
903 4062
904 4063
905 4066
906 4063
907 4061
908 4062
909 4061
910 4061
911 4062
912 4058
913 4062
914 4060
915 4062
916 4062
917 4063
918 4058
919 4061
920 4062
921 4064
922 4066
923 4059
924 4062
925 4061
926 4060
927 4063
928 4060
929 4060
930 4066
931 4060
932 4062
933 4063
934 4063
935 4063
936 4063
937 4063
938 4063
939 4060
940 4060
941 4062
942 4061
943 4059
944 4060
945 4063
946 4059
947 4063
948 4060
949 4063
950 4062
951 4063
952 4059
953 4062
954 4062
955 4063
956 4057
957 4062
958 4060
959 4061
960 4061
961 4063
962 4059
963 4063
964 4058
965 4063
966 4061
967 4063
968 4063
969 4063
970 4062
971 4060
972 4060
973 4063
974 4061
975 4062
976 4060
977 4060
978 4062
979 4062
980 4062
981 4062
982 4063
983 4063
984 4061
985 4063
986 4062
987 4063
988 4062
989 4061
990 4058
991 4060
992 4062
993 4062
994 4060
995 4061
996 4060
997 4063
998 4063
999 4063
1000 4063
1001 4065
1002 4060
1003 4061
1004 4060
1005 4063
1006 4061
1007 4063
1008 4063
1009 4062
1010 4062
1011 4063
1012 4061
1013 4063
1014 4065
1015 4061
1016 4062
1017 4062
1018 4062
1019 4061
1020 4059
1021 4063
1022 4061
1023 4061
1024 4062
1025 4063
1026 4063
1027 4062
1028 4061
1029 4061
1030 4062
1031 4062
1032 4063
1033 4063
1034 4060
1035 4061
1036 4062
1037 4060
1038 4060
1039 4062
1040 4062
1041 4061
1042 4062
1043 4063
1044 4064
1045 4063
1046 4061
1047 4062
1048 4062
1049 4061
1050 4062
1051 4062
1052 4060
1053 4058
1054 4062
1055 4062
1056 4062
1057 4063
1058 4062
1059 4060
1060 4062
1061 4063
1062 4060
1063 4062
1064 4060
1065 4060
1066 4059
1067 4062
1068 4063
1069 4060
1070 4058
1071 4063
1072 4062
1073 4063
1074 4062
1075 4061
1076 4061
1077 4063
1078 4063
1079 4063
1080 4063
1081 4063
1082 4063
1083 4063
1084 4061
1085 4060
1086 4063
1087 4063
1088 4065
1089 4063
1090 4062
1091 4062
1092 4062
1093 4063
1094 4060
1095 4064
1096 4062
1097 4059
1098 4060
1099 4062
1100 4059
1101 4063
1102 4061
1103 4062
1104 4060
1105 4062
1106 4060
1107 4062
1108 4061
1109 4063
1110 4060
1111 4061
1112 4061
1113 4063
1114 4062
1115 4063
1116 4058
1117 4060
1118 4063
1119 4062
1120 4063
1121 4063
1122 4061
1123 4062
1124 4060
1125 4063
1126 4061
1127 4063
1128 4059
1129 4062
1130 4061
1131 4063
1132 4062
1133 4063
1134 4062
1135 4062
1136 4060
1137 4062
1138 4066
1139 4062
1140 4066
1141 4059
1142 4059
1143 4060
1144 4060
1145 4062
1146 4063
1147 4061
1148 4061
1149 4066
1150 4059
1151 4063
1152 4059
1153 4061
1154 4061
1155 4062
1156 4060
1157 4059
1158 4061
1159 4061
1160 4058
1161 4062
1162 4060
1163 4063
1164 4062
1165 4065
1166 4062
1167 4066
1168 4062
1169 4062
1170 4060
1171 4059
1172 4061
1173 4060
1174 4060
1175 4061
1176 4062
1177 4063
1178 4065
1179 4063
1180 4063
1181 4060
1182 4061
1183 4065
1184 4060
1185 4060
1186 4063
1187 4060
1188 4066
1189 4061
1190 4065
1191 4059
1192 4060
1193 4059
1194 4060
1195 4058
1196 4066
1197 4062
1198 4062
1199 4063
1200 4060
1201 4066
1202 4058
1203 4063
1204 4061
1205 4063
1206 4060
1207 4061
1208 4062
1209 4063
1210 4058
1211 4061
1212 4060
1213 4063
1214 4059
1215 4063
1216 4062
1217 4062
1218 4059
1219 4060
1220 4062
1221 4065
1222 4063
1223 4061
1224 4066
1225 4062
1226 4060
1227 4063
1228 4062
1229 4062
1230 4062
1231 4065
1232 4062
1233 4064
1234 4060
1235 4062
1236 4065
1237 4060
1238 4062
1239 4062
1240 4062
1241 4063
1242 4061
1243 4062
1244 4063
1245 4062
1246 4062
1247 4062
1248 4062
1249 4061
1250 4060
1251 4063
1252 4058
1253 4065
1254 4060
1255 4060
1256 4063
1257 4059
1258 4060
1259 4063
1260 4062
1261 4063
1262 4065
1263 4062
1264 4057
1265 4063
1266 4059
1267 4061
1268 4062
1269 4062
1270 4061
1271 4065
1272 4063
1273 4059
1274 4062
1275 4058
1276 4058
1277 4062
1278 4061
1279 4061
1280 4062
1281 4060
1282 4061
1283 4060
1284 4062
1285 4063
1286 4060
1287 4060
1288 4061
1289 4061
1290 4061
1291 4060
1292 4062
1293 4064
1294 4063
1295 4062
1296 4061
1297 4063
1298 4062
1299 4060
1300 4060
1301 4063
1302 4061
1303 4062
1304 4062
1305 4061
1306 4060
1307 4063
1308 4062
1309 4063
1310 4059
1311 4060
1312 4063
1313 4066
1314 4062
1315 4063
1316 4060
1317 4058
1318 4063
1319 4063
1320 4062
1321 4062
1322 4066
1323 4063
1324 4062
1325 4061
1326 4061
1327 4062
1328 4062
1329 4063
1330 4065
1331 4060
1332 4061
1333 4061
1334 4062
1335 4059
1336 4062
1337 4062
1338 4059
1339 4062
1340 4065
1341 4060
1342 4063
1343 4063
1344 4062
1345 4059
1346 4059
1347 4061
1348 4062
1349 4063
1350 4062
1351 4063
1352 4062
1353 4062
1354 4059
1355 4062
1356 4060
1357 4059
1358 4062
1359 4059
1360 4063
1361 4063
1362 4061
1363 4063
1364 4061
1365 4061
1366 4064
1367 4062
1368 4062
1369 4064
1370 4060
1371 4062
1372 4062
1373 4062
1374 4060
1375 4063
1376 4062
1377 4065
1378 4061
1379 4063
1380 4062
1381 4063
1382 4061
1383 4063
1384 4059
1385 4060
1386 4062
1387 4058
1388 4062
1389 4063
1390 4060
1391 4062
1392 4062
1393 4063
1394 4060
1395 4059
1396 4061
1397 4060
1398 4061
1399 4060
1400 4063
1401 4062
1402 4057
1403 4061
1404 4060
1405 4062
1406 4062
1407 4062
1408 4060
1409 4062
1410 4062
1411 4063
1412 4062
1413 4063
1414 4059
1415 4063
1416 4060
1417 4058
1418 4062
1419 4063
1420 4061
1421 4063
1422 4061
1423 4061
1424 4061
1425 4060
1426 4060
1427 4062
1428 4063
1429 4063
1430 4062
1431 4064
1432 4063
1433 4062
1434 4062
1435 4060
1436 4062
1437 4059
1438 4061
1439 4058
1440 4061
1441 4059
1442 4063
1443 4062
1444 4062
1445 4061
1446 4065
1447 4060
1448 4063
1449 4061
1450 4062
1451 4061
1452 4060
1453 4060
1454 4060
1455 4062
1456 4063
1457 4062
1458 4061
1459 4065
1460 4062
1461 4063
1462 4061
1463 4062
1464 4062
1465 4063
1466 4061
1467 4061
1468 4065
1469 4063
1470 4062
1471 4060
1472 4060
1473 4062
1474 4060
1475 4062
1476 4063
1477 4062
1478 4063
1479 4059
1480 4066
1481 4062
1482 4059
1483 4062
1484 4062
1485 4063
1486 4060
1487 4063
1488 4062
1489 4063
1490 4062
1491 4060
1492 4062
1493 4062
1494 4062
1495 4062
1496 4061
1497 4061
1498 4063
1499 4060
1500 4060
1501 4063
1502 4057
1503 4062
1504 4062
1505 4062
1506 4061
1507 4063
1508 4061
1509 4062
1510 4060
1511 4063
1512 4065
1513 4060
1514 4063
1515 4063
1516 4062
1517 4066
1518 4063
1519 4062
1520 4063
1521 4061
1522 4061
1523 4063
1524 4060
1525 4060
1526 4057
1527 4063
1528 4060
1529 4062
1530 4062
1531 4062
1532 4063
1533 4063
1534 4063
1535 4060
1536 4063
1537 4063
1538 4062
1539 4062
1540 4060
1541 4063
1542 4062
1543 4061
1544 4059
1545 4066
1546 4060
1547 4062
1548 4062
1549 4058
1550 4062
1551 4063
1552 4056
1553 4063
1554 4060
1555 4062
1556 4057
1557 4065
1558 4062
1559 4066
1560 4061
1561 4065
1562 4059
1563 4062
1564 4061
1565 4063
1566 4059
1567 4059
1568 4063
1569 4062
1570 4063
1571 4063
1572 4062
1573 4060
1574 4062
1575 4059
1576 4060
1577 4061
1578 4062
1579 4062
1580 4061
1581 4060
1582 4061
1583 4063
1584 4060
1585 4061
1586 4066
1587 4061
1588 4062
1589 4061
1590 4065
1591 4058
1592 4061
1593 4063
1594 4062
1595 4059
1596 4062
1597 4060
1598 4060
1599 4063
1600 4060
1601 4063
1602 4059
1603 4061
1604 4060
1605 4062
1606 4063
1607 4062
1608 4062
1609 4063
1610 4060
1611 4063
1612 4056
1613 4062
1614 4063
1615 4066
1616 4059
1617 4063
1618 4062
1619 4063
1620 4060
1621 4061
1622 4062
1623 4058
1624 4058
1625 4062
1626 4063
1627 4062
1628 4063
1629 4062
1630 4058
1631 4062
1632 4063
1633 4063
1634 4062
1635 4059
1636 4063
1637 4060
1638 4062
1639 4062
1640 4063
1641 4061
1642 4058
1643 4062
1644 4061
1645 4062
1646 4062
1647 4063
1648 4061
1649 4062
1650 4062
1651 4066
1652 4060
1653 4063
1654 4058
1655 4059
1656 4062
1657 4063
1658 4062
1659 4062
1660 4060
1661 4062
1662 4062
1663 4063
1664 4062
1665 4063
1666 4062
1667 4063
1668 4059
1669 4060
1670 4063
1671 4062
1672 4060
1673 4059
1674 4063
1675 4061
1676 4063
1677 4061
1678 4063
1679 4059
1680 4063
1681 4062
1682 4061
1683 4062
1684 4063
1685 4060
1686 4061
1687 4059
1688 4061
1689 4062
1690 4061
1691 4063
1692 4062
1693 4063
1694 4061
1695 4059
1696 4060
1697 4059
1698 4063
1699 4060
1700 4059
1701 4063
1702 4063
1703 4062
1704 4060
1705 4064
1706 4061
1707 4066
1708 4062
1709 4063
1710 4063
1711 4062
1712 4062
1713 4062
1714 4060
1715 4061
1716 4063
1717 4062
1718 4063
1719 4062
1720 4062
1721 4063
1722 4064
1723 4063
1724 4063
1725 4062
1726 4060
1727 4059
1728 4062
1729 4066
1730 4063
1731 4062
1732 4062
1733 4060
1734 4062
1735 4063
1736 4062
1737 4060
1738 4060
1739 4060
1740 4062
1741 4062
1742 4061
1743 4061
1744 4066
1745 4062
1746 4065
1747 4065
1748 4061
1749 4060
1750 4060
1751 4063
1752 4058
1753 4063
1754 4060
1755 4062
1756 4061
1757 4062
1758 4062
1759 4063
1760 4057
1761 4063
1762 4063
1763 4063
1764 4063
1765 4062
1766 4061
1767 4063
1768 4063
1769 4063
1770 4062
1771 4063
1772 4062
1773 4058
1774 4059
1775 4064
1776 4060
1777 4062
1778 4063
1779 4061
1780 4060
1781 4060
1782 4062
1783 4062
1784 4062
1785 4061
1786 4062
1787 4060
1788 4063
1789 4061
1790 4062
1791 4060
1792 4062
1793 4065
1794 4061
1795 4061
1796 4058
1797 4062
1798 4063
1799 4063
1800 4059
1801 4066
1802 4061
1803 4062
1804 4062
1805 4062
1806 4059
1807 4063
1808 4063
1809 4063
1810 4063
1811 4063
1812 4063
1813 4062
1814 4063
1815 4062
1816 4062
1817 4058
1818 4060
1819 4065
1820 4062
1821 4063
1822 4059
1823 4063
1824 4059
1825 4063
1826 4059
1827 4062
1828 4059
1829 4062
1830 4063
1831 4062
1832 4061
1833 4062
1834 4061
1835 4063
1836 4060
1837 4060
1838 4060
1839 4060
1840 4059
1841 4063
1842 4059
1843 4063
1844 4061
1845 4063
1846 4061
1847 4063
1848 4062
1849 4062
1850 4065
1851 4063
1852 4061
1853 4063
1854 4062
1855 4061
1856 4062
1857 4062
1858 4061
1859 4061
1860 4062
1861 4062
1862 4061
1863 4062
1864 4061
1865 4063
1866 4060
1867 4062
1868 4063
1869 4063
1870 4062
1871 4061
1872 4062
1873 4063
1874 4060
1875 4063
1876 4060
1877 4062
1878 4061
1879 4060
1880 4060
1881 4063
1882 4061
1883 4063
1884 4060
1885 4061
1886 4060
1887 4063
1888 4060
1889 4060
1890 4061
1891 4060
1892 4060
1893 4060
1894 4063
1895 4060
1896 4062
1897 4063
1898 4057
1899 4062
1900 4060
1901 4063
1902 4059
1903 4061
1904 4062
1905 4063
1906 4063
1907 4061
1908 4063
1909 4064
1910 4062
1911 4065
1912 4061
1913 4061
1914 4063
1915 4063
1916 4058
1917 4062
1918 4062
1919 4061
1920 4059
1921 4063
1922 4063
1923 4060
1924 4061
1925 4058
1926 4058
1927 4060
1928 4063
1929 4059
1930 4062
1931 4060
1932 4058
1933 4062
1934 4062
1935 4062
1936 4060
1937 4061
1938 4060
1939 4061
1940 4063
1941 4060
1942 4062
1943 4063
1944 4061
1945 4061
1946 4062
1947 4062
1948 4062
1949 4060
1950 4060
1951 4062
1952 4060
1953 4063
1954 4060
1955 4062
1956 4063
1957 4059
1958 4060
1959 4062
1960 4063
1961 4063
1962 4062
1963 4062
1964 4063
1965 4062
1966 4059
1967 4063
1968 4062
1969 4062
1970 4059
1971 4062
1972 4061
1973 4062
1974 4058
1975 4062
1976 4062
1977 4061
1978 4060
1979 4062
1980 4060
1981 4061
1982 4058
1983 4062
1984 4062
1985 4061
1986 4061
1987 4059
1988 4061
1989 4063
1990 4060
1991 4061
1992 4063
1993 4063
1994 4060
1995 4060
1996 4057
1997 4063
1998 4063
1999 4060
2000 4061
2001 4063
2002 4061
2003 4062
2004 4062
2005 4060
2006 4064
2007 4061
2008 4060
2009 4060
2010 4059
2011 4060
2012 4062
2013 4063
2014 4060
2015 4063
2016 4063
2017 4063
2018 4058
2019 4062
2020 4061
2021 4063
2022 4062
2023 4063
2024 4062
2025 4060
2026 4062
2027 4063
2028 4058
2029 4060
2030 4062
2031 4063
2032 4062
2033 4063
2034 4063
2035 4065
2036 4063
2037 4061
2038 4060
2039 4060
2040 4062
2041 4060
2042 4062
2043 4060
2044 4062
2045 4062
2046 4062
2047 4063
2048 4060
2049 4062
2050 4062
2051 4065
2052 4056
2053 4062
2054 4063
2055 4062
2056 4060
2057 4063
2058 4063
2059 4063
2060 4060
2061 4065
2062 4060
2063 4061
2064 4060
2065 4061
2066 4060
2067 4060
2068 4063
2069 4063
2070 4062
2071 4062
2072 4062
2073 4061
2074 4062
2075 4063
2076 4060
2077 4060
2078 4062
2079 4061
2080 4062
2081 4065
2082 4059
2083 4062
2084 4063
2085 4061
2086 4063
2087 4061
2088 4059
2089 4062
2090 4065
2091 4063
2092 4059
2093 4063
2094 4061
2095 4060
2096 4061
2097 4065
2098 4063
2099 4062
2100 4061
2101 4066
2102 4060
2103 4063
2104 4058
2105 4062
2106 4063
2107 4059
2108 4059
2109 4060
2110 4058
2111 4062
2112 4062
2113 4062
2114 4063
2115 4060
2116 4062
2117 4061
2118 4061
2119 4063
2120 4063
2121 4066
2122 4062
2123 4060
2124 4063
2125 4061
2126 4063
2127 4063
2128 4058
2129 4058
2130 4060
2131 4061
2132 4062
2133 4063
2134 4063
2135 4063
2136 4060
2137 4058
2138 4062
2139 4062
2140 4062
2141 4061
2142 4063
2143 4064
2144 4058
2145 4060
2146 4066
2147 4059
2148 4061
2149 4060
2150 4062
2151 4062
2152 4059
2153 4062
2154 4062
2155 4062
2156 4060
2157 4060
2158 4060
2159 4059
2160 4059
2161 4061
2162 4058
2163 4063
2164 4061
2165 4061
2166 4058
2167 4058
2168 4059
2169 4059
2170 4059
2171 4062
2172 4060
2173 4063
2174 4060
2175 4058
2176 4060
2177 4063
2178 4063
2179 4061
2180 4061
2181 4063
2182 4059
2183 4062
2184 4060
2185 4060
2186 4062
2187 4063
2188 4062
2189 4063
2190 4063
2191 4063
2192 4060
2193 4061
2194 4062
2195 4063
2196 4059
2197 4063
2198 4061
2199 4061
2200 4058
2201 4061
2202 4059
2203 4061
2204 4062
2205 4065
2206 4062
2207 4063
2208 4063
2209 4062
2210 4059
2211 4062
2212 4061
2213 4065
2214 4062
2215 4063
2216 4061
2217 4063
2218 4057
2219 4062
2220 4059
2221 4061
2222 4059
2223 4063
2224 4060
2225 4060
2226 4062
2227 4063
2228 4060
2229 4063
2230 4062
2231 4063
2232 4062
2233 4063
2234 4059
2235 4060
2236 4061
2237 4062
2238 4060
2239 4063
2240 4061
2241 4063
2242 4062
2243 4063
2244 4060
2245 4061
2246 4059
2247 4063
2248 4062
2249 4061
2250 4062
2251 4065
2252 4060
2253 4061
2254 4062
2255 4060
2256 4065
2257 4061
2258 4062
2259 4062
2260 4059
2261 4063
2262 4058
2263 4060
2264 4065
2265 4062
2266 4062
2267 4061
2268 4059
2269 4062
2270 4062
2271 4062
2272 4063
2273 4058
2274 4059
2275 4063
2276 4059
2277 4063
2278 4062
2279 4065
2280 4062
2281 4063
2282 4062
2283 4063
2284 4062
2285 4061
2286 4065
2287 4063
2288 4062
2289 4062
2290 4060
2291 4059
2292 4061
2293 4064
2294 4062
2295 4062
2296 4063
2297 4062
2298 4061
2299 4060
2300 4062
2301 4065
2302 4060
2303 4063
2304 4060
2305 4062
2306 4061
2307 4063
2308 4063
2309 4066
2310 4060
2311 4062
2312 4059
2313 4061
2314 4061
2315 4062
2316 4063
2317 4058
2318 4058
2319 4063
2320 4061
2321 4063
2322 4063
2323 4061
2324 4063
2325 4060
2326 4062
2327 4063
2328 4062
2329 4062
2330 4063
2331 4061
2332 4062
2333 4060
2334 4062
2335 4061
2336 4063
2337 4062
2338 4062
2339 4063
2340 4059
2341 4062
2342 4062
2343 4060
2344 4062
2345 4061
2346 4063
2347 4062
2348 4059
2349 4062
2350 4060
2351 4062
2352 4063
2353 4062
2354 4062
2355 4063
2356 4060
2357 4063
2358 4062
2359 4060
2360 4063
2361 4063
2362 4061
2363 4063
2364 4062
2365 4063
2366 4063
2367 4062
2368 4061
2369 4063
2370 4063
2371 4062
2372 4066
2373 4066
2374 4063
2375 4062
2376 4056
2377 4060
2378 4062
2379 4060
2380 4060
2381 4063
2382 4062
2383 4065
2384 4062
2385 4066
2386 4061
2387 4057
2388 4059
2389 4062
2390 4061
2391 4062
2392 4061
2393 4059
2394 4062
2395 4062
2396 4062
2397 4063
2398 4063
2399 4062
2400 4062
2401 4063
2402 4062
2403 4062
2404 4060
2405 4063
2406 4057
2407 4063
2408 4059
2409 4063
2410 4062
2411 4061
2412 4059
2413 4060
2414 4063
2415 4063
2416 4063
2417 4063
2418 4062
2419 4062
2420 4062
2421 4061
2422 4061
2423 4062
2424 4061
2425 4061
2426 4058
2427 4063
2428 4060
2429 4063
2430 4062
2431 4061
2432 4062
2433 4061
2434 4062
2435 4062
2436 4062
2437 4060
2438 4063
2439 4063
2440 4063
2441 4063
2442 4061
2443 4061
2444 4059
2445 4063
2446 4063
2447 4060
2448 4060
2449 4063
2450 4063
2451 4067
2452 4059
2453 4063
2454 4062
2455 4061
2456 4060
2457 4060
2458 4063
2459 4063
2460 4062
2461 4063
2462 4061
2463 4060
2464 4058
2465 4063
2466 4062
2467 4062
2468 4061
2469 4065
2470 4062
2471 4067
2472 4058
2473 4060
2474 4061
2475 4058
2476 4060
2477 4063
2478 4061
2479 4063
2480 4063
2481 4065
2482 4063
2483 4060
2484 4062
2485 4059
2486 4061
2487 4061
2488 4062
2489 4065
2490 4060
2491 4063
2492 4063
2493 4065
2494 4059
2495 4061
2496 4059
2497 4063
2498 4062
2499 4061
2500 4061
2501 4063
2502 4060
2503 4063
2504 4063
2505 4061
2506 4061
2507 4060
2508 4063
2509 4062
2510 4063
2511 4059
2512 4061
2513 4062
2514 4061
2515 4058
2516 4060
2517 4061
2518 4062
2519 4059
2520 4060
2521 4060
2522 4060
2523 4061
2524 4061
2525 4061
2526 4063
2527 4065
2528 4062
2529 4062
2530 4059
2531 4063
2532 4058
2533 4062
2534 4062
2535 4060
2536 4063
2537 4058
2538 4060
2539 4061
2540 4062
2541 4061
2542 4061
2543 4062
2544 4061
2545 4062
2546 4061
2547 4062
2548 4061
2549 4062
2550 4063
2551 4063
2552 4061
2553 4063
2554 4058
2555 4061
2556 4062
2557 4058
2558 4065
2559 4062
2560 4062
2561 4063
2562 4062
2563 4062
2564 4060
2565 4061
2566 4061
2567 4060
2568 4062
2569 4063
2570 4060
2571 4063
2572 4062
2573 4061
2574 4062
2575 4063
2576 4063
2577 4062
2578 4061
2579 4061
2580 4062
2581 4063
2582 4059
2583 4062
2584 4061
2585 4060
2586 4063
2587 4065
2588 4062
2589 4062
2590 4060
2591 4060
2592 4063
2593 4063
2594 4062
2595 4060
2596 4061
2597 4060
2598 4061
2599 4062
2600 4066
2601 4065
2602 4062
2603 4062
2604 4062
2605 4062
2606 4061
2607 4062
2608 4062
2609 4060
2610 4062
2611 4063
2612 4061
2613 4060
2614 4063
2615 4058
2616 4062
2617 4061
2618 4060
2619 4062
2620 4060
2621 4061
2622 4062
2623 4060
2624 4063
2625 4060
2626 4062
2627 4062
2628 4060
2629 4061
2630 4060
2631 4060
2632 4063
2633 4063
2634 4060
2635 4063
2636 4062
2637 4062
2638 4062
2639 4062
2640 4060
2641 4062
2642 4059
2643 4063
2644 4061
2645 4059
2646 4060
2647 4063
2648 4062
2649 4063
2650 4062
2651 4063
2652 4059
2653 4060
2654 4063
2655 4063
2656 4063
2657 4062
2658 4062
2659 4065
2660 4063
2661 4063
2662 4062
2663 4061
2664 4059
2665 4062
2666 4063
2667 4062
2668 4063
2669 4062
2670 4063
2671 4064
2672 4060
2673 4062
2674 4063
2675 4060
2676 4058
2677 4061
2678 4062
2679 4061
2680 4060
2681 4062
2682 4060
2683 4063
2684 4059
2685 4062
2686 4061
2687 4062
2688 4062
2689 4063
2690 4060
2691 4062
2692 4062
2693 4063
2694 4062
2695 4063
2696 4061
2697 4063
2698 4061
2699 4060
2700 4063
2701 4062
2702 4059
2703 4062
2704 4060
2705 4063
2706 4062
2707 4063
2708 4062
2709 4059
2710 4060
2711 4062
2712 4059
2713 4066
2714 4062
2715 4062
2716 4061
2717 4063
2718 4063
2719 4063
2720 4060
2721 4060
2722 4060
2723 4062
2724 4062
2725 4062
2726 4060
2727 4063
2728 4060
2729 4063
2730 4062
2731 4060
2732 4059
2733 4061
2734 4062
2735 4059
2736 4063
2737 4061
2738 4060
2739 4058
2740 4061
2741 4063
2742 4061
2743 4061
2744 4062
2745 4059
2746 4061
2747 4063
2748 4060
2749 4062
2750 4060
2751 4061
2752 4060
2753 4061
2754 4061
2755 4063
2756 4061
2757 4062
2758 4062
2759 4062
2760 4057
2761 4063
2762 4062
2763 4060
2764 4059
2765 4062
2766 4062
2767 4060
2768 4061
2769 4061
2770 4063
2771 4062
2772 4065
2773 4062
2774 4065
2775 4066
2776 4063
2777 4062
2778 4062
2779 4065
2780 4061
2781 4060
2782 4060
2783 4062
2784 4060
2785 4060
2786 4061
2787 4060
2788 4063
2789 4063
2790 4062
2791 4059
2792 4063
2793 4062
2794 4061
2795 4063
2796 4063
2797 4060
2798 4056
2799 4060
2800 4061
2801 4065
2802 4060
2803 4059
2804 4059
2805 4062
2806 4060
2807 4063
2808 4061
2809 4063
2810 4060
2811 4060
2812 4058
2813 4056
2814 4057
2815 4056
2816 4056
2817 4060
2818 4056
2819 4058
2820 4055
2821 4057
2822 4054
2823 4056
2824 4055
2825 4056
2826 4054
2827 4054
2828 4056
2829 4054
2830 4054
2831 4058
2832 4052
2833 4055
2834 4056
2835 4058
2836 4058
2837 4060
2838 4059
2839 4056
2840 4060
2841 4056
2842 4058
2843 4058
2844 4056
2845 4058
2846 4059
2847 4058
2848 4055
2849 4057
2850 4058
2851 4063
2852 4061
2853 4060
2854 4061
2855 4059
2856 4058
2857 4061
2858 4061
2859 4061
2860 4060
2861 4059
2862 4060
2863 4063
2864 4063
2865 4062
2866 4059
2867 4059
2868 4063
2869 4061
2870 4062
2871 4062
2872 4059
2873 4062
2874 4062
2875 4063
2876 4062
2877 4062
2878 4062
2879 4060
2880 4061
2881 4060
2882 4061
2883 4062
2884 4063
2885 4059
2886 4062
2887 4063
2888 4060
2889 4060
2890 4062
2891 4062
2892 4060
2893 4060
2894 4062
2895 4064
2896 4061
2897 4062
2898 4062
2899 4063
2900 4059
2901 4063
2902 4059
2903 4063
2904 4060
2905 4059
2906 4058
2907 4062
2908 4062
2909 4062
2910 4060
2911 4061
2912 4056
2913 4061
2914 4062
2915 4061
2916 4063
2917 4062
2918 4060
2919 4063
2920 4061
2921 4063
2922 4063
2923 4062
2924 4063
2925 4058
2926 4059
2927 4062
2928 4060
2929 4062
2930 4061
2931 4062
2932 4060
2933 4062
2934 4060
2935 4062
2936 4063
2937 4059
2938 4060
2939 4062
2940 4059
2941 4063
2942 4060
2943 4062
2944 4063
2945 4060
2946 4061
2947 4063
2948 4060
2949 4060
2950 4058
2951 4062
2952 4060
2953 4062
2954 4059
2955 4062
2956 4063
2957 4060
2958 4059
2959 4060
2960 4062
2961 4059
2962 4062
2963 4062
2964 4063
2965 4062
2966 4063
2967 4062
2968 4060
2969 4063
2970 4062
2971 4063
2972 4062
2973 4061
2974 4063
2975 4063
2976 4058
2977 4063
2978 4060
2979 4062
2980 4060
2981 4060
2982 4062
2983 4060
2984 4063
2985 4062
2986 4063
2987 4060
2988 4062
2989 4062
2990 4063
2991 4062
2992 4067
2993 4060
2994 4059
2995 4060
2996 4062
2997 4059
2998 4060
2999 4062
3000 4061
3001 4061
3002 4060
3003 4062
3004 4062
3005 4061
3006 4063
3007 4061
3008 4059
3009 4059
3010 4059
3011 4063
3012 4061
3013 4061
3014 4062
3015 4065
3016 4065
3017 4061
3018 4062
3019 4062
3020 4063
3021 4063
3022 4056
3023 4061
3024 4060
3025 4060
3026 4063
3027 4062
3028 4061
3029 4062
3030 4060
3031 4062
3032 4059
3033 4063
3034 4063
3035 4060
3036 4063
3037 4060
3038 4061
3039 4062
3040 4060
3041 4064
3042 4066
3043 4060
3044 4062
3045 4061
3046 4056
3047 4063
3048 4062
3049 4060
3050 4060
3051 4066
3052 4063
3053 4062
3054 4063
3055 4065
3056 4062
3057 4063
3058 4059
3059 4060
3060 4063
3061 4061
3062 4063
3063 4062
3064 4060
3065 4066
3066 4062
3067 4059
3068 4063
3069 4061
3070 4063
3071 4062
3072 4062
3073 4061
3074 4063
3075 4064
3076 4060
3077 4061
3078 4062
3079 4063
3080 4063
3081 4062
3082 4062
3083 4061
3084 4060
3085 4062
3086 4061
3087 4060
3088 4062
3089 4059
3090 4061
3091 4063
3092 4062
3093 4063
3094 4063
3095 4062
3096 4061
3097 4062
3098 4062
3099 4063
3100 4059
3101 4063
3102 4060
3103 4061
3104 4061
3105 4061
3106 4063
3107 4060
3108 4061
3109 4063
3110 4063
3111 4063
3112 4063
3113 4060
3114 4061
3115 4061
3116 4061
3117 4060
3118 4062
3119 4057
3120 4062
3121 4060
3122 4059
3123 4059
3124 4060
3125 4061
3126 4062
3127 4060
3128 4061
3129 4062
3130 4063
3131 4063
3132 4060
3133 4059
3134 4062
3135 4062
3136 4062
3137 4065
3138 4057
3139 4060
3140 4063
3141 4058
3142 4061
3143 4061
3144 4062
3145 4063
3146 4062
3147 4060
3148 4059
3149 4060
3150 4060
3151 4066
3152 4056
3153 4062
3154 4060
3155 4059
3156 4063
3157 4062
3158 4063
3159 4063
3160 4058
3161 4062
3162 4061
3163 4063
3164 4062
3165 4062
3166 4059
3167 4060
3168 4061
3169 4060
3170 4062
3171 4065
3172 4063
3173 4059
3174 4063
3175 4062
3176 4062
3177 4061
3178 4063
3179 4062
3180 4061
3181 4059
3182 4059
3183 4062
3184 4063
3185 4062
3186 4063
3187 4062
3188 4063
3189 4063
3190 4060
3191 4060
3192 4062
3193 4060
3194 4058
3195 4063
3196 4062
3197 4066
3198 4060
3199 4059
3200 4058
3201 4063
3202 4063
3203 4064
3204 4060
3205 4061
3206 4063
3207 4061
3208 4062
3209 4063
3210 4058
3211 4062
3212 4061
3213 4062
3214 4061
3215 4063
3216 4063
3217 4062
3218 4063
3219 4061
3220 4060
3221 4062
3222 4059
3223 4063
3224 4060
3225 4062
3226 4061
3227 4063
3228 4061
3229 4060
3230 4061
3231 4062
3232 4062
3233 4062
3234 4063
3235 4062
3236 4063
3237 4059
3238 4060
3239 4062
3240 4062
3241 4061
3242 4062
3243 4059
3244 4063
3245 4061
3246 4060
3247 4063
3248 4063
3249 4062
3250 4059
3251 4066
3252 4060
3253 4063
3254 4059
3255 4063
3256 4063
3257 4062
3258 4060
3259 4058
3260 4062
3261 4061
3262 4063
3263 4063
3264 4063
3265 4062
3266 4065
3267 4060
3268 4061
3269 4063
3270 4063
3271 4062
3272 4062
3273 4062
3274 4059
3275 4063
3276 4063
3277 4065
3278 4060
3279 4061
3280 4063
3281 4061
3282 4060
3283 4061
3284 4063
3285 4060
3286 4063
3287 4058
3288 4062
3289 4062
3290 4063
3291 4062
3292 4061
3293 4062
3294 4062
3295 4062
3296 4060
3297 4063
3298 4060
3299 4062
3300 4062
3301 4063
3302 4060
3303 4063
3304 4063
3305 4060
3306 4063
3307 4062
3308 4062
3309 4063
3310 4060
3311 4062
3312 4059
3313 4061
3314 4063
3315 4061
3316 4063
3317 4063
3318 4058
3319 4062
3320 4060
3321 4066
3322 4062
3323 4058
3324 4063
3325 4059
3326 4058
3327 4063
3328 4060
3329 4063
3330 4063
3331 4063
3332 4062
3333 4061
3334 4062
3335 4061
3336 4062
3337 4062
3338 4062
3339 4061
3340 4062
3341 4062
3342 4062
3343 4061
3344 4060
3345 4063
3346 4060
3347 4063
3348 4060
3349 4059
3350 4061
3351 4063
3352 4062
3353 4061
3354 4061
3355 4059
3356 4061
3357 4063
3358 4062
3359 4062
3360 4060
3361 4063
3362 4062
3363 4063
3364 4060
3365 4062
3366 4060
3367 4063
3368 4060
3369 4063
3370 4063
3371 4063
3372 4060
3373 4062
3374 4063
3375 4063
3376 4061
3377 4063
3378 4060
3379 4060
3380 4060
3381 4062
3382 4062
3383 4061
3384 4063
3385 4066
3386 4059
3387 4058
3388 4060
3389 4061
3390 4062
3391 4061
3392 4061
3393 4060
3394 4063
3395 4063
3396 4060
3397 4062
3398 4061
3399 4063
3400 4058
3401 4063
3402 4060
3403 4062
3404 4062
3405 4062
3406 4061
3407 4062
3408 4062
3409 4063
3410 4058
3411 4062
3412 4061
3413 4059
3414 4062
3415 4065
3416 4063
3417 4063
3418 4062
3419 4060
3420 4062
3421 4063
3422 4060
3423 4060
3424 4063
3425 4062
3426 4062
3427 4060
3428 4060
3429 4062
3430 4062
3431 4059
3432 4061
3433 4061
3434 4063
3435 4061
3436 4061
3437 4062
3438 4059
3439 4062
3440 4063
3441 4059
3442 4060
3443 4061
3444 4063
3445 4063
3446 4061
3447 4063
3448 4062
3449 4063
3450 4062
3451 4063
3452 4060
3453 4063
3454 4061
3455 4062
3456 4060
3457 4061
3458 4063
3459 4061
3460 4059
3461 4063
3462 4060
3463 4063
3464 4061
3465 4063
3466 4061
3467 4062
3468 4062
3469 4060
3470 4062
3471 4061
3472 4061
3473 4062
3474 4063
3475 4063
3476 4063
3477 4060
3478 4063
3479 4062
3480 4061
3481 4060
3482 4063
3483 4062
3484 4062
3485 4061
3486 4062
3487 4059
3488 4062
3489 4062
3490 4060
3491 4063
3492 4062
3493 4061
3494 4062
3495 4063
3496 4065
3497 4062
3498 4062
3499 4060
3500 4060
3501 4063
3502 4060
3503 4060
3504 4061
3505 4060
3506 4061
3507 4061
3508 4060
3509 4063
3510 4060
3511 4060
3512 4062
3513 4060
3514 4062
3515 4062
3516 4063
3517 4061
3518 4063
3519 4062
3520 4056
3521 4060
3522 4059
3523 4059
3524 4062
3525 4062
3526 4061
3527 4061
3528 4063
3529 4061
3530 4062
3531 4059
3532 4061
3533 4062
3534 4061
3535 4057
3536 4062
3537 4063
3538 4059
3539 4063
3540 4063
3541 4063
3542 4059
3543 4063
3544 4059
3545 4062
3546 4063
3547 4062
3548 4063
3549 4063
3550 4062
3551 4063
3552 4058
3553 4063
3554 4061
3555 4063
3556 4062
3557 4060
3558 4062
3559 4061
3560 4061
3561 4066
3562 4060
3563 4062
3564 4062
3565 4062
3566 4062
3567 4060
3568 4059
3569 4060
3570 4062
3571 4063
3572 4062
3573 4059
3574 4062
3575 4062
3576 4063
3577 4063
3578 4058
3579 4063
3580 4066
3581 4062
3582 4063
3583 4062
3584 4060
3585 4059
3586 4063
3587 4062
3588 4061
3589 4061
3590 4062
3591 4063
3592 4062
3593 4063
3594 4061
3595 4062
3596 4061
3597 4062
3598 4063
3599 4060
3600 4057
3601 4063
3602 4061
3603 4063
3604 4062
3605 4062
3606 4061
3607 4059
3608 4063
3609 4066
3610 4063
3611 4062
3612 4062
3613 4058
3614 4060
3615 4063
3616 4060
3617 4063
3618 4061
3619 4061
3620 4060
3621 4060
3622 4061
3623 4063
3624 4060
3625 4057
3626 4063
3627 4061
3628 4062
3629 4063
3630 4062
3631 4063
3632 4060
3633 4062
3634 4060
3635 4060
3636 4063
3637 4061
3638 4062
3639 4062
3640 4062
3641 4060
3642 4060
3643 4061
3644 4061
3645 4061
3646 4061
3647 4062
3648 4061
3649 4060
3650 4061
3651 4066
3652 4059
3653 4062
3654 4062
3655 4062
3656 4061
3657 4059
3658 4062
3659 4063
3660 4056
3661 4060
3662 4062
3663 4063
3664 4065
3665 4062
3666 4062
3667 4062
3668 4063
3669 4061
3670 4059
3671 4059
3672 4063
3673 4062
3674 4062
3675 4057
3676 4062
3677 4060
3678 4062
3679 4061
3680 4060
3681 4061
3682 4059
3683 4062
3684 4063
3685 4061
3686 4061
3687 4060
3688 4060
3689 4063
3690 4057
3691 4062
3692 4062
3693 4062
3694 4062
