#Data from the TCD1304 linear CCD
#column 1 = pixelnumber , column 2 = pixelvalue
#Pixel 1-32 and 3679-3694 and are dummy pixels
#SH-period: 200    ICG-period: 100000    Integration time: 100.0 us
2 4042
3 4042
4 4060
5 4060
6 4058
7 4062
8 4053
9 4062
10 4060
11 4057
12 4059
13 4058
14 4061
15 4060
16 4060
17 4060
18 4062
19 4058
20 4057
21 4060
22 4058
23 4057
24 4059
25 4058
26 4056
27 4058
28 4058
29 4060
30 4057
31 4061
32 4059
34 4058
35 4062
36 4060
37 4059
38 4059
39 4060
40 4058
41 4058
42 4057
43 4061
44 4059
45 4061
46 4060
47 4060
48 4059
49 4060
50 4058
51 4060
52 4056
53 4060
54 4060
55 4060
56 4058
57 4056
58 4058
59 4060
60 4062
61 4058
62 4060
63 4058
64 4062
65 4060
66 4056
67 4060
68 4058
69 4057
70 4057
71 4062
72 4058
73 4060
74 4058
75 4062
76 4058
77 4062
78 4057
79 4055
80 4060
81 4060
82 4058
83 4057
84 4059
85 4058
86 4058
87 4060
88 4062
89 4062
90 4060
91 4057
92 4060
93 4059
94 4061
95 4060
96 4058
97 4058
98 4062
99 4057
100 4060
101 4062
102 4056
103 4060
104 4060
105 4057
106 4058
107 4058
108 4059
109 4060
110 4056
111 4061
112 4057
113 4058
114 4060
115 4058
116 4060
117 4058
118 4062
119 4060
120 4059
121 4060
122 4062
123 4061
124 4060
125 4058
126 4063
127 4058
128 4059
129 4058
130 4056
131 4060
132 4060
133 4060
134 4058
135 4060
136 4060
137 4060
138 4056
139 4061
140 4060
141 4060
142 4060
143 4057
144 4060
145 4060
146 4058
147 4061
148 4058
149 4056
150 4058
151 4060
152 4058
153 4058
154 4056
155 4058
156 4057
157 4060
158 4058
159 4059
160 4056
161 4058
162 4061
163 4057
164 4059
165 4061
166 4056
167 4059
168 4062
169 4058
170 4060
171 4061
172 4058
173 4060
174 4057
175 4057
176 4056
177 4061
178 4058
179 4060
180 4056
181 4056
182 4061
183 4056
184 4057
185 4060
186 4060
187 4055
188 4054
189 4062
190 4057
191 4058
192 4061
193 4061
194 4058
195 4058
196 4060
197 4058
198 4058
199 4058
200 4057
201 4062
202 4056
203 4060
204 4062
205 4056
206 4059
207 4061
208 4061
209 4057
210 4058
211 4060
212 4059
213 4059
214 4060
215 4059
216 4060
217 4060
218 4056
219 4060
220 4062
221 4057
222 4058
223 4056
224 4056
225 4059
226 4058
227 4057
228 4060
229 4060
230 4058
231 4050
232 4061
233 4060
234 4060
235 4058
236 4059
237 4060
238 4058
239 4060
240 4058
241 4058
242 4061
243 4058
244 4058
245 4056
246 4059
247 4060
248 4058
249 4060
250 4060
251 4061
252 4058
253 4058
254 4058
255 4057
256 4060
257 4060
258 4058
259 4063
260 4062
261 4062
262 4061
263 4058
264 4058
265 4058
266 4056
267 4060
268 4056
269 4061
270 4057
271 4059
272 4059
273 4058
274 4058
275 4056
276 4060
277 4060
278 4060
279 4059
280 4062
281 4062
282 4061
283 4060
284 4060
285 4058
286 4058
287 4058
288 4058
289 4061
290 4056
291 4059
292 4056
293 4057
294 4060
295 4056
296 4060
297 4056
298 4057
299 4059
300 4062
301 4062
302 4057
303 4058
304 4058
305 4059
306 4058
307 4060
308 4058
309 4059
310 4057
311 4056
312 4060
313 4060
314 4056
315 4060
316 4056
317 4060
318 4058
319 4058
320 4060
321 4060
322 4058
323 4058
324 4060
325 4060
326 4056
327 4060
328 4056
329 4057
330 4058
331 4058
332 4059
333 4056
334 4058
335 4060
336 4059
337 4060
338 4060
339 4062
340 4061
341 4058
342 4059
343 4056
344 4060
345 4057
346 4057
347 4059
348 4060
349 4059
350 4058
351 4062
352 4057
353 4060
354 4058
355 4058
356 4058
357 4058
358 4058
359 4059
360 4058
361 4058
362 4060
363 4058
364 4058
365 4060
366 4058
367 4059
368 4060
369 4058
370 4066
371 4059
372 4060
373 4058
374 4056
375 4060
376 4062
377 4060
378 4056
379 4060
380 4060
381 4058
382 4060
383 4058
384 4062
385 4059
386 4060
387 4060
388 4059
389 4060
390 4060
391 4059
392 4056
393 4060
394 4058
395 4059
396 4060
397 4060
398 4058
399 4058
400 4063
401 4060
402 4053
403 4060
404 4056
405 4055
406 4057
407 4058
408 4062
409 4061
410 4058
411 4057
412 4062
413 4056
414 4058
415 4059
416 4060
417 4060
418 4058
419 4060
420 4061
421 4060
422 4056
423 4058
424 4057
425 4058
426 4058
427 4060
428 4060
429 4057
430 4058
431 4060
432 4062
433 4058
434 4058
435 4058
436 4060
437 4062
438 4056
439 4062
440 4061
441 4059
442 4060
443 4061
444 4062
445 4060
446 4062
447 4060
448 4060
449 4058
450 4058
451 4062
452 4059
453 4058
454 4058
455 4057
456 4058
457 4060
458 4060
459 4062
460 4058
461 4059
462 4060
463 4060
464 4062
465 4061
466 4056
467 4058
468 4061
469 4059
470 4058
471 4058
472 4056
473 4057
474 4056
475 4058
476 4057
477 4061
478 4059
479 4061
480 4056
481 4060
482 4058
483 4059
484 4058
485 4060
486 4058
487 4058
488 4058
489 4058
490 4060
491 4058
492 4058
493 4057
494 4060
495 4060
496 4058
497 4061
498 4057
499 4058
500 4057
501 4060
502 4056
503 4060
504 4060
505 4056
506 4059
507 4060
508 4061
509 4057
510 4059
511 4060
512 4058
513 4058
514 4058
515 4058
516 4060
517 4059
518 4057
519 4059
520 4068
521 4060
522 4058
523 4060
524 4058
525 4058
526 4056
527 4058
528 4058
529 4057
530 4058
531 4059
532 4059
533 4056
534 4058
535 4058
536 4058
537 4061
538 4056
539 4058
540 4058
541 4058
542 4059
543 4058
544 4058
545 4063
546 4059
547 4058
548 4058
549 4060
550 4057
551 4062
552 4059
553 4058
554 4058
555 4058
556 4060
557 4058
558 4055
559 4057
560 4056
561 4060
562 4060
563 4058
564 4056
565 4057
566 4060
567 4062
568 4056
569 4056
570 4058
571 4059
572 4056
573 4058
574 4057
575 4056
576 4056
577 4057
578 4059
579 4060
580 4058
581 4060
582 4058
583 4058
584 4058
585 4058
586 4058
587 4058
588 4057
589 4059
590 4058
591 4056
592 4060
593 4058
594 4057
595 4059
596 4054
597 4058
598 4059
599 4058
600 4058
601 4061
602 4060
603 4056
604 4058
605 4058
606 4060
607 4056
608 4059
609 4060
610 4058
611 4062
612 4060
613 4058
614 4060
615 4060
616 4056
617 4058
618 4060
619 4059
620 4056
621 4058
622 4062
623 4059
624 4058
625 4058
626 4057
627 4058
628 4056
629 4059
630 4060
631 4058
632 4056
633 4057
634 4061
635 4060
636 4056
637 4063
638 4058
639 4062
640 4059
641 4059
642 4058
643 4058
644 4059
645 4057
646 4056
647 4056
648 4058
649 4058
650 4058
651 4062
652 4054
653 4059
654 4059
655 4058
656 4058
657 4058
658 4058
659 4061
660 4060
661 4060
662 4061
663 4058
664 4062
665 4056
666 4058
667 4060
668 4059
669 4058
670 4058
671 4060
672 4060
673 4060
674 4060
675 4060
676 4058
677 4059
678 4060
679 4058
680 4056
681 4058
682 4057
683 4060
684 4062
685 4056
686 4060
687 4056
688 4056
689 4061
690 4059
691 4058
692 4058
693 4057
694 4057
695 4058
696 4058
697 4060
698 4058
699 4056
700 4055
701 4063
702 4057
703 4059
704 4060
705 4062
706 4058
707 4060
708 4060
709 4057
710 4060
711 4061
712 4060
713 4060
714 4060
715 4058
716 4058
717 4061
718 4057
719 4058
720 4061
721 4060
722 4060
723 4056
724 4062
725 4060
726 4059
727 4058
728 4058
729 4057
730 4062
731 4061
732 4060
733 4059
734 4062
735 4058
736 4059
737 4058
738 4062
739 4059
740 4058
741 4058
742 4059
743 4062
744 4058
745 4057
746 4060
747 4058
748 4059
749 4058
750 4058
751 4061
752 4058
753 4058
754 4056
755 4060
756 4058
757 4058
758 4062
759 4058
760 4056
761 4060
762 4060
763 4060
764 4060
765 4057
766 4060
767 4060
768 4060
769 4060
770 4058
771 4059
772 4058
773 4060
774 4058
775 4060
776 4058
777 4058
778 4056
779 4058
780 4058
781 4063
782 4058
783 4061
784 4059
785 4059
786 4060
787 4061
788 4057
789 4058
790 4058
791 4059
792 4058
793 4058
794 4059
795 4060
796 4058
797 4060
798 4060
799 4060
800 4061
801 4062
802 4060
803 4057
804 4058
805 4056
806 4060
807 4058
808 4059
809 4054
810 4060
811 4059
812 4060
813 4058
814 4058
815 4057
816 4060
817 4060
818 4059
819 4061
820 4058
821 4058
822 4061
823 4060
824 4060
825 4056
826 4058
827 4060
828 4058
829 4057
830 4058
831 4062
832 4059
833 4058
834 4056
835 4056
836 4060
837 4062
838 4058
839 4060
840 4056
841 4058
842 4058
843 4059
844 4060
845 4058
846 4058
847 4059
848 4058
849 4058
850 4059
851 4059
852 4054
853 4054
854 4058
855 4058
856 4060
857 4059
858 4058
859 4059
860 4058
861 4062
862 4060
863 4058
864 4060
865 4060
866 4059
867 4059
868 4060
869 4060
870 4056
871 4058
872 4060
873 4059
874 4056
875 4058
876 4058
877 4060
878 4061
879 4060
880 4062
881 4060
882 4058
883 4060
884 4058
885 4058
886 4060
887 4057
888 4056
889 4060
890 4059
891 4058
892 4060
893 4058
894 4063
895 4060
896 4061
897 4058
898 4058
899 4057
900 4059
901 4060
902 4056
903 4060
904 4061
905 4058
906 4062
907 4060
908 4060
909 4061
910 4057
911 4058
912 4058
913 4057
914 4058
915 4060
916 4056
917 4058
918 4056
919 4058
920 4056
921 4058
922 4059
923 4060
924 4058
925 4062
926 4060
927 4058
928 4060
929 4060
930 4059
931 4055
932 4059
933 4059
934 4058
935 4057
936 4055
937 4063
938 4059
939 4060
940 4058
941 4061
942 4058
943 4060
944 4060
945 4060
946 4056
947 4061
948 4060
949 4058
950 4062
951 4065
952 4056
953 4060
954 4060
955 4060
956 4060
957 4060
958 4058
959 4058
960 4059
961 4060
962 4058
963 4057
964 4061
965 4062
966 4058
967 4058
968 4060
969 4058
970 4060
971 4058
972 4059
973 4056
974 4060
975 4060
976 4061
977 4056
978 4058
979 4062
980 4057
981 4060
982 4060
983 4060
984 4058
985 4059
986 4058
987 4060
988 4058
989 4058
990 4060
991 4060
992 4062
993 4060
994 4056
995 4059
996 4058
997 4056
998 4058
999 4058
1000 4060
1001 4061
1002 4058
1003 4056
1004 4060
1005 4058
1006 4060
1007 4060
1008 4060
1009 4060
1010 4058
1011 4058
1012 4059
1013 4060
1014 4063
1015 4058
1016 4057
1017 4058
1018 4054
1019 4058
1020 4061
1021 4058
1022 4058
1023 4058
1024 4060
1025 4059
1026 4060
1027 4059
1028 4058
1029 4060
1030 4057
1031 4060
1032 4060
1033 4060
1034 4060
1035 4062
1036 4059
1037 4060
1038 4060
1039 4063
1040 4058
1041 4060
1042 4059
1043 4059
1044 4059
1045 4058
1046 4060
1047 4060
1048 4062
1049 4060
1050 4058
1051 4063
1052 4055
1053 4057
1054 4059
1055 4059
1056 4058
1057 4061
1058 4058
1059 4060
1060 4061
1061 4058
1062 4060
1063 4058
1064 4060
1065 4058
1066 4058
1067 4056
1068 4058
1069 4056
1070 4059
1071 4060
1072 4058
1073 4060
1074 4057
1075 4058
1076 4060
1077 4060
1078 4060
1079 4058
1080 4058
1081 4060
1082 4060
1083 4059
1084 4060
1085 4062
1086 4058
1087 4056
1088 4062
1089 4062
1090 4060
1091 4056
1092 4059
1093 4056
1094 4058
1095 4059
1096 4058
1097 4056
1098 4058
1099 4058
1100 4058
1101 4062
1102 4054
1103 4060
1104 4056
1105 4061
1106 4060
1107 4060
1108 4060
1109 4058
1110 4058
1111 4060
1112 4058
1113 4060
1114 4058
1115 4056
1116 4058
1117 4059
1118 4058
1119 4059
1120 4060
1121 4060
1122 4060
1123 4056
1124 4054
1125 4057
1126 4060
1127 4058
1128 4060
1129 4058
1130 4063
1131 4058
1132 4056
1133 4059
1134 4058
1135 4058
1136 4059
1137 4060
1138 4058
1139 4059
1140 4057
1141 4059
1142 4063
1143 4057
1144 4057
1145 4059
1146 4059
1147 4058
1148 4058
1149 4056
1150 4056
1151 4063
1152 4058
1153 4056
1154 4054
1155 4059
1156 4059
1157 4059
1158 4061
1159 4057
1160 4058
1161 4059
1162 4056
1163 4058
1164 4058
1165 4059
1166 4057
1167 4060
1168 4058
1169 4060
1170 4058
1171 4056
1172 4060
1173 4060
1174 4058
1175 4057
1176 4058
1177 4060
1178 4058
1179 4059
1180 4059
1181 4059
1182 4059
1183 4058
1184 4058
1185 4056
1186 4053
1187 4060
1188 4056
1189 4062
1190 4058
1191 4056
1192 4061
1193 4062
1194 4058
1195 4056
1196 4062
1197 4056
1198 4057
1199 4060
1200 4061
1201 4062
1202 4056
1203 4056
1204 4057
1205 4060
1206 4058
1207 4059
1208 4059
1209 4060
1210 4058
1211 4058
1212 4061
1213 4058
1214 4059
1215 4059
1216 4058
1217 4058
1218 4061
1219 4056
1220 4060
1221 4060
1222 4058
1223 4060
1224 4058
1225 4057
1226 4060
1227 4058
1228 4059
1229 4055
1230 4060
1231 4060
1232 4058
1233 4058
1234 4056
1235 4058
1236 4060
1237 4060
1238 4058
1239 4057
1240 4059
1241 4056
1242 4059
1243 4058
1244 4058
1245 4059
1246 4060
1247 4059
1248 4060
1249 4061
1250 4060
1251 4060
1252 4056
1253 4058
1254 4061
1255 4060
1256 4059
1257 4058
1258 4058
1259 4062
1260 4058
1261 4056
1262 4060
1263 4058
1264 4061
1265 4056
1266 4059
1267 4060
1268 4059
1269 4056
1270 4058
1271 4057
1272 4056
1273 4063
1274 4058
1275 4059
1276 4058
1277 4061
1278 4059
1279 4058
1280 4058
1281 4058
1282 4058
1283 4061
1284 4058
1285 4057
1286 4060
1287 4059
1288 4057
1289 4062
1290 4058
1291 4062
1292 4059
1293 4058
1294 4060
1295 4059
1296 4062
1297 4056
1298 4058
1299 4060
1300 4058
1301 4062
1302 4058
1303 4059
1304 4058
1305 4060
1306 4056
1307 4058
1308 4056
1309 4060
1310 4058
1311 4060
1312 4058
1313 4058
1314 4062
1315 4054
1316 4056
1317 4059
1318 4058
1319 4060
1320 4058
1321 4056
1322 4061
1323 4060
1324 4060
1325 4056
1326 4058
1327 4062
1328 4058
1329 4058
1330 4061
1331 4060
1332 4057
1333 4059
1334 4061
1335 4061
1336 4062
1337 4062
1338 4058
1339 4060
1340 4062
1341 4060
1342 4058
1343 4058
1344 4061
1345 4061
1346 4062
1347 4059
1348 4058
1349 4060
1350 4058
1351 4058
1352 4056
1353 4058
1354 4061
1355 4062
1356 4054
1357 4058
1358 4056
1359 4063
1360 4058
1361 4059
1362 4058
1363 4056
1364 4059
1365 4058
1366 4058
1367 4060
1368 4060
1369 4059
1370 4058
1371 4062
1372 4057
1373 4058
1374 4060
1375 4061
1376 4063
1377 4058
1378 4056
1379 4056
1380 4060
1381 4060
1382 4058
1383 4062
1384 4059
1385 4060
1386 4060
1387 4052
1388 4060
1389 4059
1390 4058
1391 4059
1392 4058
1393 4059
1394 4059
1395 4060
1396 4060
1397 4060
1398 4059
1399 4062
1400 4058
1401 4060
1402 4056
1403 4057
1404 4058
1405 4059
1406 4058
1407 4060
1408 4058
1409 4058
1410 4060
1411 4058
1412 4056
1413 4055
1414 4060
1415 4058
1416 4057
1417 4059
1418 4059
1419 4056
1420 4056
1421 4058
1422 4058
1423 4059
1424 4057
1425 4060
1426 4060
1427 4059
1428 4058
1429 4058
1430 4058
1431 4059
1432 4060
1433 4059
1434 4059
1435 4058
1436 4059
1437 4058
1438 4057
1439 4062
1440 4062
1441 4058
1442 4059
1443 4061
1444 4058
1445 4060
1446 4061
1447 4055
1448 4060
1449 4057
1450 4058
1451 4063
1452 4056
1453 4059
1454 4060
1455 4054
1456 4063
1457 4058
1458 4058
1459 4058
1460 4060
1461 4058
1462 4058
1463 4061
1464 4058
1465 4058
1466 4057
1467 4058
1468 4056
1469 4062
1470 4061
1471 4060
1472 4061
1473 4057
1474 4060
1475 4061
1476 4062
1477 4059
1478 4060
1479 4060
1480 4058
1481 4058
1482 4060
1483 4057
1484 4058
1485 4060
1486 4060
1487 4061
1488 4058
1489 4059
1490 4056
1491 4058
1492 4058
1493 4058
1494 4059
1495 4058
1496 4060
1497 4059
1498 4062
1499 4058
1500 4060
1501 4061
1502 4058
1503 4060
1504 4058
1505 4061
1506 4058
1507 4060
1508 4060
1509 4062
1510 4061
1511 4058
1512 4056
1513 4060
1514 4060
1515 4058
1516 4058
1517 4058
1518 4059
1519 4060
1520 4060
1521 4060
1522 4056
1523 4058
1524 4060
1525 4059
1526 4058
1527 4062
1528 4060
1529 4061
1530 4058
1531 4060
1532 4059
1533 4059
1534 4058
1535 4059
1536 4056
1537 4058
1538 4056
1539 4061
1540 4056
1541 4060
1542 4060
1543 4058
1544 4056
1545 4061
1546 4059
1547 4060
1548 4060
1549 4056
1550 4056
1551 4065
1552 4055
1553 4058
1554 4056
1555 4058
1556 4058
1557 4058
1558 4058
1559 4059
1560 4060
1561 4058
1562 4058
1563 4060
1564 4061
1565 4058
1566 4058
1567 4060
1568 4058
1569 4062
1570 4058
1571 4060
1572 4060
1573 4058
1574 4062
1575 4063
1576 4059
1577 4060
1578 4057
1579 4058
1580 4058
1581 4060
1582 4059
1583 4059
1584 4059
1585 4059
1586 4058
1587 4060
1588 4060
1589 4060
1590 4062
1591 4055
1592 4059
1593 4060
1594 4058
1595 4060
1596 4062
1597 4060
1598 4060
1599 4059
1600 4060
1601 4061
1602 4056
1603 4062
1604 4058
1605 4058
1606 4057
1607 4054
1608 4060
1609 4061
1610 4059
1611 4062
1612 4058
1613 4060
1614 4060
1615 4060
1616 4062
1617 4057
1618 4062
1619 4058
1620 4057
1621 4060
1622 4060
1623 4060
1624 4058
1625 4058
1626 4058
1627 4059
1628 4060
1629 4060
1630 4056
1631 4063
1632 4057
1633 4060
1634 4060
1635 4060
1636 4060
1637 4060
1638 4058
1639 4058
1640 4059
1641 4058
1642 4061
1643 4060
1644 4056
1645 4058
1646 4059
1647 4060
1648 4058
1649 4062
1650 4059
1651 4060
1652 4060
1653 4061
1654 4060
1655 4060
1656 4060
1657 4060
1658 4058
1659 4060
1660 4056
1661 4065
1662 4059
1663 4060
1664 4060
1665 4058
1666 4060
1667 4063
1668 4056
1669 4060
1670 4056
1671 4062
1672 4061
1673 4061
1674 4059
1675 4060
1676 4060
1677 4058
1678 4058
1679 4058
1680 4057
1681 4060
1682 4057
1683 4062
1684 4058
1685 4060
1686 4061
1687 4063
1688 4057
1689 4061
1690 4056
1691 4059
1692 4061
1693 4060
1694 4058
1695 4058
1696 4058
1697 4058
1698 4058
1699 4058
1700 4057
1701 4061
1702 4058
1703 4059
1704 4062
1705 4058
1706 4058
1707 4058
1708 4063
1709 4060
1710 4056
1711 4061
1712 4060
1713 4060
1714 4060
1715 4060
1716 4060
1717 4060
1718 4059
1719 4060
1720 4063
1721 4062
1722 4059
1723 4062
1724 4057
1725 4060
1726 4058
1727 4060
1728 4060
1729 4058
1730 4058
1731 4060
1732 4060
1733 4059
1734 4057
1735 4057
1736 4060
1737 4061
1738 4058
1739 4062
1740 4056
1741 4058
1742 4058
1743 4058
1744 4060
1745 4058
1746 4056
1747 4060
1748 4058
1749 4062
1750 4060
1751 4060
1752 4058
1753 4056
1754 4058
1755 4061
1756 4062
1757 4058
1758 4057
1759 4056
1760 4056
1761 4058
1762 4058
1763 4060
1764 4062
1765 4056
1766 4062
1767 4059
1768 4059
1769 4055
1770 4059
1771 4058
1772 4056
1773 4063
1774 4058
1775 4056
1776 4058
1777 4059
1778 4058
1779 4062
1780 4058
1781 4062
1782 4063
1783 4058
1784 4056
1785 4058
1786 4060
1787 4058
1788 4056
1789 4058
1790 4058
1791 4060
1792 4058
1793 4058
1794 4062
1795 4059
1796 4058
1797 4058
1798 4056
1799 4059
1800 4057
1801 4062
1802 4060
1803 4058
1804 4058
1805 4060
1806 4056
1807 4060
1808 4060
1809 4060
1810 4060
1811 4059
1812 4061
1813 4060
1814 4061
1815 4058
1816 4059
1817 4062
1818 4060
1819 4062
1820 4054
1821 4058
1822 4059
1823 4060
1824 4059
1825 4058
1826 4058
1827 4059
1828 4057
1829 4058
1830 4062
1831 4060
1832 4057
1833 4057
1834 4058
1835 4058
1836 4058
1837 4058
1838 4058
1839 4058
1840 4056
1841 4059
1842 4059
1843 4061
1844 4061
1845 4058
1846 4059
1847 4058
1848 4062
1849 4060
1850 4060
1851 4060
1852 4054
1853 4058
1854 4057
1855 4060
1856 4060
1857 4061
1858 4058
1859 4057
1860 4060
1861 4058
1862 4062
1863 4060
1864 4060
1865 4059
1866 4058
1867 4058
1868 4058
1869 4059
1870 4059
1871 4058
1872 4057
1873 4057
1874 4058
1875 4060
1876 4058
1877 4056
1878 4058
1879 4060
1880 4060
1881 4060
1882 4058
1883 4062
1884 4060
1885 4060
1886 4060
1887 4060
1888 4058
1889 4062
1890 4058
1891 4061
1892 4058
1893 4061
1894 4056
1895 4056
1896 4059
1897 4061
1898 4060
1899 4058
1900 4058
1901 4061
1902 4058
1903 4054
1904 4060
1905 4059
1906 4057
1907 4061
1908 4058
1909 4060
1910 4060
1911 4058
1912 4060
1913 4060
1914 4058
1915 4058
1916 4062
1917 4057
1918 4056
1919 4060
1920 4059
1921 4058
1922 4060
1923 4060
1924 4060
1925 4061
1926 4056
1927 4056
1928 4058
1929 4060
1930 4062
1931 4061
1932 4061
1933 4056
1934 4062
1935 4060
1936 4063
1937 4059
1938 4059
1939 4062
1940 4054
1941 4062
1942 4060
1943 4060
1944 4056
1945 4058
1946 4060
1947 4057
1948 4060
1949 4062
1950 4060
1951 4061
1952 4060
1953 4056
1954 4061
1955 4058
1956 4063
1957 4060
1958 4059
1959 4061
1960 4058
1961 4059
1962 4060
1963 4060
1964 4062
1965 4058
1966 4060
1967 4061
1968 4058
1969 4060
1970 4059
1971 4057
1972 4060
1973 4062
1974 4058
1975 4060
1976 4060
1977 4060
1978 4060
1979 4060
1980 4058
1981 4060
1982 4059
1983 4062
1984 4061
1985 4058
1986 4058
1987 4058
1988 4056
1989 4058
1990 4060
1991 4060
1992 4059
1993 4061
1994 4058
1995 4061
1996 4059
1997 4060
1998 4060
1999 4060
2000 4058
2001 4058
2002 4057
2003 4060
2004 4058
2005 4060
2006 4057
2007 4058
2008 4058
2009 4063
2010 4058
2011 4058
2012 4058
2013 4057
2014 4060
2015 4059
2016 4054
2017 4058
2018 4055
2019 4054
2020 4058
2021 4060
2022 4057
2023 4061
2024 4058
2025 4058
2026 4060
2027 4060
2028 4060
2029 4061
2030 4061
2031 4058
2032 4056
2033 4061
2034 4058
2035 4056
2036 4060
2037 4057
2038 4058
2039 4058
2040 4061
2041 4058
2042 4057
2043 4063
2044 4058
2045 4059
2046 4059
2047 4058
2048 4060
2049 4056
2050 4058
2051 4062
2052 4058
2053 4058
2054 4060
2055 4058
2056 4058
2057 4060
2058 4063
2059 4058
2060 4058
2061 4060
2062 4056
2063 4058
2064 4058
2065 4060
2066 4056
2067 4058
2068 4059
2069 4060
2070 4057
2071 4063
2072 4056
2073 4060
2074 4060
2075 4058
2076 4058
2077 4055
2078 4056
2079 4056
2080 4056
2081 4055
2082 4060
2083 4060
2084 4060
2085 4060
2086 4059
2087 4060
2088 4058
2089 4063
2090 4062
2091 4058
2092 4058
2093 4059
2094 4058
2095 4060
2096 4060
2097 4060
2098 4058
2099 4058
2100 4060
2101 4058
2102 4056
2103 4060
2104 4058
2105 4057
2106 4057
2107 4059
2108 4059
2109 4061
2110 4057
2111 4062
2112 4059
2113 4060
2114 4062
2115 4057
2116 4060
2117 4061
2118 4059
2119 4058
2120 4060
2121 4059
2122 4059
2123 4058
2124 4056
2125 4060
2126 4058
2127 4057
2128 4058
2129 4058
2130 4058
2131 4058
2132 4060
2133 4063
2134 4061
2135 4057
2136 4059
2137 4060
2138 4060
2139 4060
2140 4056
2141 4058
2142 4061
2143 4062
2144 4055
2145 4060
2146 4060
2147 4058
2148 4060
2149 4058
2150 4056
2151 4063
2152 4058
2153 4061
2154 4058
2155 4060
2156 4059
2157 4060
2158 4062
2159 4060
2160 4059
2161 4058
2162 4056
2163 4058
2164 4060
2165 4060
2166 4056
2167 4058
2168 4062
2169 4057
2170 4059
2171 4058
2172 4062
2173 4058
2174 4062
2175 4059
2176 4059
2177 4060
2178 4058
2179 4058
2180 4057
2181 4058
2182 4056
2183 4060
2184 4058
2185 4060
2186 4059
2187 4056
2188 4059
2189 4062
2190 4057
2191 4058
2192 4062
2193 4057
2194 4060
2195 4058
2196 4058
2197 4060
2198 4060
2199 4061
2200 4056
2201 4061
2202 4060
2203 4058
2204 4060
2205 4060
2206 4060
2207 4058
2208 4059
2209 4058
2210 4059
2211 4058
2212 4060
2213 4059
2214 4058
2215 4060
2216 4060
2217 4058
2218 4058
2219 4058
2220 4058
2221 4058
2222 4058
2223 4058
2224 4058
2225 4058
2226 4060
2227 4058
2228 4058
2229 4061
2230 4060
2231 4059
2232 4058
2233 4062
2234 4062
2235 4058
2236 4056
2237 4062
2238 4060
2239 4058
2240 4057
2241 4060
2242 4058
2243 4062
2244 4060
2245 4058
2246 4058
2247 4058
2248 4058
2249 4058
2250 4061
2251 4062
2252 4056
2253 4058
2254 4047
2255 4056
2256 4057
2257 4057
2258 4060
2259 4057
2260 4059
2261 4059
2262 4061
2263 4058
2264 4060
2265 4063
2266 4058
2267 4059
2268 4059
2269 4058
2270 4056
2271 4062
2272 4056
2273 4060
2274 4058
2275 4061
2276 4058
2277 4060
2278 4059
2279 4056
2280 4059
2281 4058
2282 4059
2283 4062
2284 4060
2285 4060
2286 4062
2287 4058
2288 4059
2289 4059
2290 4058
2291 4062
2292 4057
2293 4061
2294 4058
2295 4058
2296 4059
2297 4059
2298 4060
2299 4062
2300 4058
2301 4061
2302 4054
2303 4061
2304 4058
2305 4060
2306 4060
2307 4061
2308 4058
2309 4060
2310 4059
2311 4060
2312 4058
2313 4057
2314 4060
2315 4060
2316 4059
2317 4060
2318 4058
2319 4058
2320 4060
2321 4057
2322 4056
2323 4056
2324 4059
2325 4058
2326 4057
2327 4057
2328 4059
2329 4060
2330 4060
2331 4060
2332 4060
2333 4058
2334 4060
2335 4060
2336 4056
2337 4059
2338 4056
2339 4060
2340 4057
2341 4058
2342 4060
2343 4058
2344 4060
2345 4058
2346 4062
2347 4061
2348 4059
2349 4060
2350 4062
2351 4054
2352 4055
2353 4058
2354 4060
2355 4060
2356 4059
2357 4058
2358 4059
2359 4058
2360 4059
2361 4058
2362 4062
2363 4061
2364 4056
2365 4058
2366 4059
2367 4057
2368 4060
2369 4057
2370 4061
2371 4058
2372 4060
2373 4061
2374 4058
2375 4062
2376 4061
2377 4056
2378 4058
2379 4058
2380 4060
2381 4060
2382 4060
2383 4059
2384 4060
2385 4060
2386 4059
2387 4060
2388 4060
2389 4060
2390 4058
2391 4057
2392 4058
2393 4059
2394 4060
2395 4060
2396 4058
2397 4058
2398 4060
2399 4058
2400 4062
2401 4062
2402 4058
2403 4058
2404 4058
2405 4060
2406 4060
2407 4059
2408 4058
2409 4057
2410 4058
2411 4061
2412 4058
2413 4058
2414 4060
2415 4057
2416 4060
2417 4057
2418 4061
2419 4058
2420 4060
2421 4060
2422 4058
2423 4060
2424 4058
2425 4060
2426 4060
2427 4058
2428 4058
2429 4057
2430 4062
2431 4056
2432 4058
2433 4057
2434 4060
2435 4056
2436 4058
2437 4056
2438 4058
2439 4059
2440 4061
2441 4058
2442 4058
2443 4059
2444 4060
2445 4061
2446 4061
2447 4055
2448 4056
2449 4059
2450 4062
2451 4062
2452 4058
2453 4060
2454 4058
2455 4058
2456 4055
2457 4056
2458 4058
2459 4062
2460 4058
2461 4058
2462 4060
2463 4060
2464 4062
2465 4062
2466 4057
2467 4060
2468 4058
2469 4057
2470 4056
2471 4060
2472 4062
2473 4058
2474 4059
2475 4058
2476 4058
2477 4058
2478 4057
2479 4057
2480 4058
2481 4058
2482 4060
2483 4058
2484 4059
2485 4058
2486 4059
2487 4057
2488 4058
2489 4061
2490 4055
2491 4062
2492 4058
2493 4058
2494 4060
2495 4058
2496 4056
2497 4062
2498 4057
2499 4058
2500 4062
2501 4062
2502 4057
2503 4061
2504 4058
2505 4060
2506 4062
2507 4057
2508 4056
2509 4060
2510 4058
2511 4060
2512 4057
2513 4056
2514 4062
2515 4060
2516 4057
2517 4058
2518 4056
2519 4060
2520 4059
2521 4059
2522 4058
2523 4059
2524 4058
2525 4059
2526 4058
2527 4060
2528 4058
2529 4058
2530 4057
2531 4057
2532 4059
2533 4059
2534 4058
2535 4056
2536 4059
2537 4060
2538 4058
2539 4062
2540 4061
2541 4058
2542 4059
2543 4056
2544 4060
2545 4059
2546 4058
2547 4060
2548 4056
2549 4059
2550 4058
2551 4063
2552 4058
2553 4060
2554 4057
2555 4060
2556 4061
2557 4060
2558 4062
2559 4060
2560 4057
2561 4058
2562 4058
2563 4058
2564 4059
2565 4059
2566 4058
2567 4059
2568 4061
2569 4059
2570 4060
2571 4060
2572 4058
2573 4059
2574 4058
2575 4060
2576 4058
2577 4060
2578 4060
2579 4056
2580 4056
2581 4060
2582 4059
2583 4060
2584 4058
2585 4058
2586 4059
2587 4058
2588 4060
2589 4062
2590 4058
2591 4058
2592 4058
2593 4061
2594 4058
2595 4058
2596 4063
2597 4058
2598 4056
2599 4058
2600 4059
2601 4061
2602 4058
2603 4058
2604 4058
2605 4060
2606 4060
2607 4060
2608 4062
2609 4056
2610 4059
2611 4058
2612 4056
2613 4060
2614 4058
2615 4059
2616 4058
2617 4061
2618 4058
2619 4060
2620 4057
2621 4058
2622 4057
2623 4057
2624 4061
2625 4060
2626 4058
2627 4058
2628 4060
2629 4060
2630 4060
2631 4060
2632 4060
2633 4059
2634 4060
2635 4054
2636 4058
2637 4060
2638 4058
2639 4062
2640 4058
2641 4057
2642 4057
2643 4060
2644 4060
2645 4060
2646 4059
2647 4056
2648 4058
2649 4060
2650 4058
2651 4060
2652 4056
2653 4057
2654 4059
2655 4062
2656 4058
2657 4058
2658 4058
2659 4060
2660 4056
2661 4058
2662 4058
2663 4058
2664 4058
2665 4058
2666 4059
2667 4060
2668 4060
2669 4058
2670 4060
2671 4060
2672 4060
2673 4058
2674 4062
2675 4058
2676 4060
2677 4059
2678 4054
2679 4059
2680 4058
2681 4058
2682 4061
2683 4060
2684 4060
2685 4060
2686 4058
2687 4059
2688 4060
2689 4058
2690 4058
2691 4059
2692 4056
2693 4059
2694 4055
2695 4060
2696 4057
2697 4058
2698 4060
2699 4058
2700 4060
2701 4060
2702 4057
2703 4058
2704 4056
2705 4063
2706 4058
2707 4058
2708 4060
2709 4058
2710 4059
2711 4058
2712 4061
2713 4059
2714 4059
2715 4060
2716 4056
2717 4062
2718 4059
2719 4062
2720 4058
2721 4062
2722 4060
2723 4059
2724 4058
2725 4059
2726 4058
2727 4060
2728 4060
2729 4061
2730 4057
2731 4060
2732 4059
2733 4059
2734 4058
2735 4058
2736 4059
2737 4058
2738 4058
2739 4061
2740 4057
2741 4060
2742 4060
2743 4060
2744 4054
2745 4061
2746 4057
2747 4061
2748 4061
2749 4058
2750 4058
2751 4062
2752 4056
2753 4058
2754 4057
2755 4058
2756 4060
2757 4058
2758 4060
2759 4062
2760 4057
2761 4060
2762 4060
2763 4055
2764 4062
2765 4058
2766 4059
2767 4058
2768 4062
2769 4057
2770 4060
2771 4062
2772 4056
2773 4057
2774 4060
2775 4059
2776 4060
2777 4058
2778 4060
2779 4056
2780 4060
2781 4056
2782 4060
2783 4060
2784 4061
2785 4055
2786 4060
2787 4058
2788 4060
2789 4059
2790 4058
2791 4056
2792 4060
2793 4058
2794 4060
2795 4058
2796 4058
2797 4058
2798 4058
2799 4059
2800 4057
2801 4062
2802 4054
2803 4060
2804 4060
2805 4061
2806 4058
2807 4058
2808 4056
2809 4056
2810 4056
2811 4052
2812 4055
2813 4054
2814 4055
2815 4058
2816 4053
2817 4057
2818 4054
2819 4056
2820 4056
2821 4052
2822 4053
2823 4052
2824 4055
2825 4054
2826 4053
2827 4051
2828 4050
2829 4053
2830 4054
2831 4051
2832 4049
2833 4052
2834 4054
2835 4052
2836 4053
2837 4056
2838 4056
2839 4056
2840 4055
2841 4054
2842 4056
2843 4054
2844 4056
2845 4059
2846 4060
2847 4060
2848 4056
2849 4061
2850 4056
2851 4060
2852 4056
2853 4058
2854 4058
2855 4059
2856 4058
2857 4056
2858 4056
2859 4058
2860 4058
2861 4060
2862 4060
2863 4058
2864 4060
2865 4058
2866 4061
2867 4062
2868 4058
2869 4058
2870 4058
2871 4058
2872 4061
2873 4055
2874 4060
2875 4058
2876 4054
2877 4058
2878 4059
2879 4060
2880 4057
2881 4060
2882 4058
2883 4060
2884 4057
2885 4058
2886 4060
2887 4056
2888 4059
2889 4060
2890 4057
2891 4060
2892 4060
2893 4058
2894 4056
2895 4062
2896 4062
2897 4058
2898 4058
2899 4062
2900 4058
2901 4059
2902 4059
2903 4057
2904 4060
2905 4058
2906 4056
2907 4058
2908 4061
2909 4060
2910 4058
2911 4058
2912 4058
2913 4060
2914 4063
2915 4062
2916 4060
2917 4060
2918 4056
2919 4060
2920 4062
2921 4060
2922 4060
2923 4062
2924 4060
2925 4058
2926 4058
2927 4058
2928 4058
2929 4063
2930 4060
2931 4058
2932 4055
2933 4058
2934 4059
2935 4057
2936 4058
2937 4063
2938 4058
2939 4060
2940 4056
2941 4058
2942 4058
2943 4061
2944 4060
2945 4059
2946 4062
2947 4058
2948 4061
2949 4058
2950 4058
2951 4062
2952 4056
2953 4058
2954 4058
2955 4059
2956 4061
2957 4060
2958 4060
2959 4059
2960 4057
2961 4058
2962 4059
2963 4057
2964 4061
2965 4057
2966 4058
2967 4058
2968 4062
2969 4057
2970 4056
2971 4058
2972 4058
2973 4060
2974 4060
2975 4059
2976 4059
2977 4056
2978 4058
2979 4058
2980 4058
2981 4057
2982 4058
2983 4057
2984 4056
2985 4061
2986 4058
2987 4058
2988 4060
2989 4058
2990 4058
2991 4058
2992 4060
2993 4060
2994 4056
2995 4060
2996 4057
2997 4058
2998 4060
2999 4057
3000 4060
3001 4058
3002 4056
3003 4060
3004 4058
3005 4058
3006 4060
3007 4059
3008 4060
3009 4059
3010 4060
3011 4059
3012 4060
3013 4056
3014 4057
3015 4058
3016 4058
3017 4060
3018 4059
3019 4059
3020 4059
3021 4060
3022 4058
3023 4060
3024 4059
3025 4060
3026 4060
3027 4060
3028 4057
3029 4058
3030 4058
3031 4060
3032 4056
3033 4058
3034 4059
3035 4060
3036 4058
3037 4058
3038 4060
3039 4059
3040 4054
3041 4060
3042 4058
3043 4058
3044 4060
3045 4061
3046 4058
3047 4062
3048 4062
3049 4058
3050 4059
3051 4060
3052 4060
3053 4059
3054 4056
3055 4059
3056 4061
3057 4060
3058 4056
3059 4058
3060 4060
3061 4058
3062 4058
3063 4062
3064 4060
3065 4060
3066 4056
3067 4058
3068 4061
3069 4061
3070 4060
3071 4056
3072 4058
3073 4059
3074 4060
3075 4058
3076 4058
3077 4057
3078 4058
3079 4056
3080 4062
3081 4061
3082 4059
3083 4060
3084 4056
3085 4059
3086 4058
3087 4058
3088 4055
3089 4062
3090 4059
3091 4056
3092 4060
3093 4058
3094 4057
3095 4056
3096 4060
3097 4057
3098 4060
3099 4062
3100 4060
3101 4063
3102 4056
3103 4058
3104 4058
3105 4060
3106 4056
3107 4058
3108 4058
3109 4062
3110 4056
3111 4056
3112 4058
3113 4057
3114 4062
3115 4061
3116 4057
3117 4060
3118 4060
3119 4058
3120 4061
3121 4052
3122 4060
3123 4062
3124 4058
3125 4061
3126 4058
3127 4058
3128 4059
3129 4060
3130 4059
3131 4056
3132 4056
3133 4060
3134 4058
3135 4060
3136 4059
3137 4059
3138 4060
3139 4061
3140 4060
3141 4057
3142 4055
3143 4062
3144 4058
3145 4060
3146 4059
3147 4060
3148 4056
3149 4062
3150 4058
3151 4061
3152 4060
3153 4055
3154 4061
3155 4056
3156 4062
3157 4058
3158 4056
3159 4058
3160 4058
3161 4058
3162 4062
3163 4061
3164 4063
3165 4058
3166 4058
3167 4060
3168 4060
3169 4060
3170 4060
3171 4058
3172 4058
3173 4059
3174 4059
3175 4061
3176 4059
3177 4060
3178 4059
3179 4062
3180 4058
3181 4058
3182 4058
3183 4061
3184 4056
3185 4062
3186 4056
3187 4058
3188 4059
3189 4062
3190 4056
3191 4060
3192 4057
3193 4061
3194 4058
3195 4061
3196 4058
3197 4062
3198 4056
3199 4058
3200 4060
3201 4061
3202 4056
3203 4054
3204 4060
3205 4058
3206 4060
3207 4058
3208 4056
3209 4060
3210 4058
3211 4060
3212 4060
3213 4056
3214 4058
3215 4060
3216 4058
3217 4061
3218 4058
3219 4063
3220 4058
3221 4060
3222 4058
3223 4062
3224 4056
3225 4060
3226 4059
3227 4060
3228 4057
3229 4060
3230 4056
3231 4060
3232 4055
3233 4060
3234 4056
3235 4058
3236 4058
3237 4060
3238 4057
3239 4058
3240 4058
3241 4061
3242 4058
3243 4059
3244 4058
3245 4056
3246 4056
3247 4058
3248 4060
3249 4058
3250 4060
3251 4060
3252 4056
3253 4058
3254 4060
3255 4060
3256 4060
3257 4052
3258 4060
3259 4056
3260 4061
3261 4058
3262 4057
3263 4061
3264 4061
3265 4059
3266 4060
3267 4060
3268 4061
3269 4058
3270 4056
3271 4058
3272 4058
3273 4058
3274 4058
3275 4062
3276 4058
3277 4058
3278 4058
3279 4060
3280 4060
3281 4058
3282 4059
3283 4062
3284 4059
3285 4059
3286 4060
3287 4061
3288 4056
3289 4060
3290 4057
3291 4062
3292 4058
3293 4061
3294 4059
3295 4062
3296 4058
3297 4059
3298 4062
3299 4056
3300 4059
3301 4062
3302 4055
3303 4060
3304 4059
3305 4060
3306 4058
3307 4061
3308 4058
3309 4062
3310 4060
3311 4062
3312 4060
3313 4056
3314 4059
3315 4058
3316 4058
3317 4060
3318 4060
3319 4062
3320 4056
3321 4058
3322 4058
3323 4058
3324 4060
3325 4056
3326 4057
3327 4061
3328 4061
3329 4056
3330 4056
3331 4060
3332 4057
3333 4060
3334 4059
3335 4057
3336 4056
3337 4058
3338 4059
3339 4063
3340 4056
3341 4060
3342 4056
3343 4062
3344 4059
3345 4057
3346 4058
3347 4060
3348 4056
3349 4060
3350 4060
3351 4060
3352 4058
3353 4060
3354 4058
3355 4058
3356 4060
3357 4062
3358 4062
3359 4060
3360 4058
3361 4056
3362 4058
3363 4058
3364 4060
3365 4060
3366 4055
3367 4060
3368 4060
3369 4060
3370 4061
3371 4060
3372 4058
3373 4059
3374 4062
3375 4056
3376 4060
3377 4060
3378 4060
3379 4060
3380 4058
3381 4060
3382 4061
3383 4060
3384 4060
3385 4061
3386 4060
3387 4059
3388 4058
3389 4056
3390 4062
3391 4058
3392 4058
3393 4056
3394 4059
3395 4057
3396 4058
3397 4061
3398 4056
3399 4056
3400 4058
3401 4060
3402 4059
3403 4059
3404 4059
3405 4062
3406 4058
3407 4062
3408 4060
3409 4062
3410 4050
3411 4062
3412 4060
3413 4060
3414 4058
3415 4059
3416 4056
3417 4057
3418 4059
3419 4058
3420 4060
3421 4055
3422 4060
3423 4060
3424 4058
3425 4057
3426 4059
3427 4058
3428 4058
3429 4059
3430 4060
3431 4058
3432 4057
3433 4058
3434 4056
3435 4056
3436 4057
3437 4063
3438 4056
3439 4060
3440 4057
3441 4060
3442 4059
3443 4057
3444 4057
3445 4058
3446 4061
3447 4060
3448 4058
3449 4062
3450 4056
3451 4060
3452 4054
3453 4062
3454 4055
3455 4062
3456 4061
3457 4058
3458 4058
3459 4060
3460 4060
3461 4057
3462 4059
3463 4058
3464 4062
3465 4057
3466 4060
3467 4058
3468 4058
3469 4059
3470 4058
3471 4057
3472 4061
3473 4060
3474 4058
3475 4059
3476 4058
3477 4060
3478 4058
3479 4056
3480 4062
3481 4059
3482 4058
3483 4061
3484 4060
3485 4059
3486 4059
3487 4060
3488 4058
3489 4060
3490 4058
3491 4056
3492 4057
3493 4059
3494 4058
3495 4058
3496 4062
3497 4061
3498 4058
3499 4062
3500 4058
3501 4063
3502 4058
3503 4061
3504 4058
3505 4062
3506 4056
3507 4060
3508 4060
3509 4060
3510 4059
3511 4058
3512 4057
3513 4059
3514 4060
3515 4059
3516 4056
3517 4061
3518 4058
3519 4058
3520 4060
3521 4058
3522 4062
3523 4058
3524 4060
3525 4058
3526 4058
3527 4060
3528 4061
3529 4058
3530 4059
3531 4062
3532 4062
3533 4059
3534 4061
3535 4058
3536 4060
3537 4060
3538 4060
3539 4058
3540 4056
3541 4059
3542 4061
3543 4057
3544 4058
3545 4060
3546 4058
3547 4062
3548 4059
3549 4058
3550 4058
3551 4062
3552 4058
3553 4060
3554 4060
3555 4062
3556 4056
3557 4058
3558 4060
3559 4058
3560 4059
3561 4059
3562 4058
3563 4058
3564 4058
3565 4059
3566 4059
3567 4060
3568 4058
3569 4062
3570 4059
3571 4060
3572 4060
3573 4060
3574 4059
3575 4058
3576 4058
3577 4059
3578 4059
3579 4059
3580 4060
3581 4062
3582 4058
3583 4061
3584 4060
3585 4056
3586 4056
3587 4061
3588 4063
3589 4060
3590 4059
3591 4059
3592 4060
3593 4060
3594 4060
3595 4060
3596 4060
3597 4061
3598 4060
3599 4058
3600 4054
3601 4062
3602 4060
3603 4058
3604 4059
3605 4060
3606 4057
3607 4060
3608 4059
3609 4058
3610 4055
3611 4063
3612 4058
3613 4060
3614 4062
3615 4059
3616 4060
3617 4060
3618 4060
3619 4058
3620 4056
3621 4060
3622 4060
3623 4057
3624 4056
3625 4059
3626 4058
3627 4058
3628 4058
3629 4059
3630 4058
3631 4062
3632 4062
3633 4059
3634 4059
3635 4058
3636 4057
3637 4058
3638 4058
3639 4062
3640 4057
3641 4060
3642 4056
3643 4060
3644 4058
3645 4059
3646 4060
3647 4060
3648 4058
3649 4060
3650 4058
3651 4062
3652 4058
3653 4062
3654 4057
3655 4062
3656 4060
3657 4056
3658 4060
3659 4059
3660 4058
3661 4058
3662 4059
3663 4056
3664 4062
3665 4061
3666 4059
3667 4058
3668 4061
3669 4060
3670 4060
3671 4058
3672 4060
3673 4060
3674 4060
3675 4062
3676 4060
3677 4057
3678 4059
3679 4058
3680 4058
3681 4061
3682 4059
3683 4058
3684 4059
3685 4059
3686 4062
3687 4062
3688 4057
3689 4059
3690 4058
3691 4062
3692 4060
3693 4062
3694 4060
