#Data from the TCD1304 linear CCD
#column 1 = pixelnumber , column 2 = pixelvalue
#Pixel 1-32 and 3679-3694 and are dummy pixels
#SH-period: 200    ICG-period: 100000    Integration time: 100.0 us
2 4043
3 4042
4 4063
5 4060
6 4060
7 4062
8 4060
9 4060
10 4061
11 4063
12 4061
13 4061
14 4061
15 4058
16 4060
17 4061
18 4060
19 4060
20 4060
21 4060
22 4058
23 4058
24 4061
25 4062
26 4058
27 4062
28 4060
29 4061
30 4061
31 4060
32 4062
34 4060
35 4059
36 4060
37 4058
38 4059
39 4062
40 4058
41 4062
42 4058
43 4059
44 4058
45 4063
46 4062
47 4063
48 4056
49 4063
50 4056
51 4060
52 4060
53 4063
54 4058
55 4059
56 4062
57 4060
58 4060
59 4062
60 4057
61 4059
62 4061
63 4059
64 4062
65 4058
66 4061
67 4059
68 4061
69 4059
70 4058
71 4060
72 4061
73 4057
74 4062
75 4059
76 4059
77 4061
78 4060
79 4060
80 4063
81 4058
82 4060
83 4060
84 4062
85 4058
86 4060
87 4062
88 4059
89 4057
90 4063
91 4060
92 4061
93 4059
94 4060
95 4060
96 4058
97 4062
98 4059
99 4058
100 4059
101 4063
102 4058
103 4058
104 4060
105 4062
106 4057
107 4060
108 4063
109 4062
110 4058
111 4062
112 4058
113 4059
114 4060
115 4062
116 4062
117 4060
118 4061
119 4058
120 4059
121 4063
122 4058
123 4060
124 4060
125 4063
126 4060
127 4062
128 4063
129 4060
130 4060
131 4058
132 4061
133 4063
134 4060
135 4058
136 4061
137 4060
138 4062
139 4061
140 4060
141 4062
142 4060
143 4059
144 4058
145 4060
146 4062
147 4060
148 4063
149 4058
150 4059
151 4063
152 4056
153 4058
154 4061
155 4060
156 4060
157 4062
158 4062
159 4058
160 4058
161 4062
162 4058
163 4060
164 4061
165 4062
166 4060
167 4058
168 4060
169 4062
170 4058
171 4063
172 4061
173 4062
174 4062
175 4057
176 4058
177 4061
178 4059
179 4061
180 4060
181 4058
182 4057
183 4060
184 4063
185 4063
186 4060
187 4062
188 4060
189 4058
190 4060
191 4059
192 4061
193 4063
194 4058
195 4061
196 4061
197 4058
198 4061
199 4059
200 4055
201 4063
202 4060
203 4061
204 4058
205 4061
206 4060
207 4059
208 4057
209 4061
210 4062
211 4062
212 4062
213 4060
214 4062
215 4060
216 4058
217 4062
218 4063
219 4061
220 4062
221 4061
222 4060
223 4062
224 4058
225 4062
226 4060
227 4062
228 4058
229 4059
230 4059
231 4061
232 4058
233 4061
234 4055
235 4060
236 4060
237 4063
238 4062
239 4060
240 4058
241 4062
242 4060
243 4061
244 4061
245 4061
246 4061
247 4058
248 4059
249 4063
250 4062
251 4063
252 4057
253 4062
254 4059
255 4063
256 4061
257 4059
258 4062
259 4058
260 4060
261 4063
262 4063
263 4058
264 4062
265 4059
266 4060
267 4060
268 4063
269 4061
270 4060
271 4060
272 4059
273 4060
274 4062
275 4056
276 4060
277 4061
278 4058
279 4060
280 4058
281 4063
282 4058
283 4060
284 4057
285 4061
286 4060
287 4061
288 4061
289 4061
290 4060
291 4061
292 4060
293 4060
294 4060
295 4063
296 4060
297 4062
298 4060
299 4060
300 4060
301 4063
302 4056
303 4062
304 4059
305 4062
306 4058
307 4062
308 4062
309 4059
310 4060
311 4061
312 4062
313 4056
314 4058
315 4060
316 4062
317 4060
318 4063
319 4061
320 4056
321 4061
322 4059
323 4062
324 4061
325 4060
326 4062
327 4063
328 4060
329 4062
330 4058
331 4060
332 4061
333 4060
334 4062
335 4060
336 4060
337 4062
338 4061
339 4061
340 4059
341 4061
342 4062
343 4062
344 4058
345 4062
346 4062
347 4062
348 4063
349 4062
350 4059
351 4063
352 4058
353 4063
354 4060
355 4061
356 4060
357 4060
358 4062
359 4062
360 4063
361 4060
362 4060
363 4061
364 4059
365 4063
366 4060
367 4060
368 4062
369 4058
370 4060
371 4062
372 4059
373 4058
374 4062
375 4059
376 4055
377 4062
378 4060
379 4061
380 4059
381 4063
382 4058
383 4060
384 4059
385 4059
386 4063
387 4062
388 4060
389 4059
390 4062
391 4062
392 4060
393 4061
394 4060
395 4063
396 4059
397 4060
398 4062
399 4063
400 4061
401 4062
402 4058
403 4058
404 4060
405 4058
406 4061
407 4062
408 4062
409 4059
410 4060
411 4063
412 4060
413 4063
414 4060
415 4060
416 4061
417 4061
418 4057
419 4062
420 4059
421 4065
422 4061
423 4058
424 4060
425 4059
426 4062
427 4061
428 4059
429 4060
430 4061
431 4060
432 4061
433 4062
434 4060
435 4060
436 4061
437 4062
438 4060
439 4062
440 4060
441 4060
442 4062
443 4060
444 4063
445 4058
446 4061
447 4062
448 4059
449 4059
450 4060
451 4063
452 4058
453 4060
454 4059
455 4061
456 4058
457 4063
458 4062
459 4060
460 4060
461 4063
462 4061
463 4061
464 4060
465 4063
466 4062
467 4062
468 4059
469 4060
470 4060
471 4063
472 4060
473 4060
474 4060
475 4059
476 4062
477 4062
478 4062
479 4062
480 4060
481 4062
482 4060
483 4062
484 4059
485 4060
486 4061
487 4061
488 4062
489 4059
490 4060
491 4060
492 4060
493 4062
494 4060
495 4062
496 4062
497 4058
498 4058
499 4060
500 4063
501 4063
502 4058
503 4062
504 4060
505 4060
506 4062
507 4062
508 4063
509 4062
510 4060
511 4060
512 4062
513 4061
514 4061
515 4060
516 4062
517 4062
518 4063
519 4063
520 4058
521 4060
522 4059
523 4056
524 4062
525 4063
526 4058
527 4065
528 4059
529 4060
530 4058
531 4063
532 4062
533 4060
534 4059
535 4061
536 4060
537 4060
538 4063
539 4060
540 4063
541 4062
542 4059
543 4060
544 4063
545 4061
546 4060
547 4058
548 4058
549 4061
550 4061
551 4062
552 4060
553 4058
554 4062
555 4062
556 4059
557 4061
558 4060
559 4057
560 4061
561 4058
562 4060
563 4061
564 4060
565 4063
566 4058
567 4060
568 4059
569 4060
570 4060
571 4062
572 4058
573 4061
574 4058
575 4058
576 4066
577 4062
578 4058
579 4061
580 4059
581 4060
582 4060
583 4061
584 4063
585 4060
586 4059
587 4060
588 4062
589 4060
590 4060
591 4062
592 4060
593 4060
594 4059
595 4063
596 4061
597 4057
598 4059
599 4060
600 4062
601 4063
602 4059
603 4059
604 4062
605 4060
606 4062
607 4059
608 4062
609 4060
610 4060
611 4058
612 4061
613 4062
614 4060
615 4063
616 4060
617 4060
618 4060
619 4062
620 4062
621 4061
622 4058
623 4062
624 4058
625 4060
626 4060
627 4060
628 4058
629 4060
630 4063
631 4061
632 4060
633 4065
634 4062
635 4062
636 4062
637 4061
638 4059
639 4063
640 4060
641 4061
642 4061
643 4057
644 4059
645 4059
646 4063
647 4060
648 4059
649 4060
650 4058
651 4060
652 4058
653 4058
654 4058
655 4059
656 4060
657 4058
658 4062
659 4058
660 4059
661 4062
662 4060
663 4063
664 4060
665 4059
666 4060
667 4062
668 4060
669 4055
670 4058
671 4062
672 4059
673 4061
674 4059
675 4062
676 4062
677 4059
678 4059
679 4062
680 4060
681 4063
682 4060
683 4062
684 4062
685 4060
686 4058
687 4060
688 4063
689 4060
690 4063
691 4061
692 4060
693 4060
694 4060
695 4060
696 4060
697 4059
698 4058
699 4063
700 4062
701 4063
702 4056
703 4059
704 4059
705 4058
706 4062
707 4060
708 4060
709 4058
710 4061
711 4062
712 4058
713 4060
714 4062
715 4060
716 4056
717 4061
718 4060
719 4061
720 4060
721 4060
722 4058
723 4059
724 4060
725 4057
726 4062
727 4063
728 4059
729 4062
730 4062
731 4060
732 4062
733 4060
734 4062
735 4062
736 4056
737 4060
738 4063
739 4063
740 4060
741 4062
742 4062
743 4058
744 4062
745 4061
746 4060
747 4062
748 4063
749 4063
750 4062
751 4062
752 4059
753 4062
754 4062
755 4061
756 4058
757 4058
758 4063
759 4061
760 4058
761 4062
762 4059
763 4060
764 4062
765 4062
766 4061
767 4060
768 4057
769 4059
770 4061
771 4060
772 4060
773 4059
774 4063
775 4058
776 4061
777 4061
778 4058
779 4060
780 4063
781 4062
782 4060
783 4062
784 4061
785 4062
786 4060
787 4062
788 4060
789 4060
790 4061
791 4062
792 4062
793 4059
794 4062
795 4061
796 4061
797 4058
798 4058
799 4056
800 4061
801 4063
802 4060
803 4062
804 4061
805 4060
806 4061
807 4060
808 4060
809 4062
810 4060
811 4063
812 4062
813 4063
814 4059
815 4059
816 4060
817 4060
818 4058
819 4059
820 4060
821 4058
822 4061
823 4060
824 4060
825 4059
826 4060
827 4061
828 4060
829 4060
830 4061
831 4063
832 4062
833 4062
834 4060
835 4060
836 4061
837 4059
838 4059
839 4060
840 4062
841 4058
842 4061
843 4061
844 4062
845 4062
846 4062
847 4061
848 4059
849 4062
850 4062
851 4063
852 4060
853 4059
854 4059
855 4058
856 4060
857 4062
858 4062
859 4060
860 4059
861 4061
862 4060
863 4059
864 4060
865 4062
866 4058
867 4060
868 4061
869 4058
870 4058
871 4061
872 4060
873 4060
874 4061
875 4062
876 4060
877 4063
878 4061
879 4058
880 4058
881 4062
882 4060
883 4061
884 4062
885 4060
886 4060
887 4058
888 4061
889 4062
890 4058
891 4061
892 4058
893 4062
894 4061
895 4062
896 4062
897 4062
898 4062
899 4060
900 4063
901 4062
902 4056
903 4060
904 4060
905 4061
906 4061
907 4061
908 4062
909 4063
910 4059
911 4060
912 4063
913 4059
914 4062
915 4062
916 4060
917 4062
918 4060
919 4059
920 4058
921 4062
922 4060
923 4061
924 4058
925 4057
926 4058
927 4063
928 4062
929 4060
930 4062
931 4060
932 4059
933 4062
934 4062
935 4061
936 4059
937 4061
938 4062
939 4060
940 4061
941 4062
942 4060
943 4060
944 4058
945 4060
946 4058
947 4058
948 4059
949 4062
950 4056
951 4063
952 4060
953 4058
954 4056
955 4061
956 4062
957 4058
958 4062
959 4058
960 4058
961 4062
962 4056
963 4059
964 4061
965 4060
966 4059
967 4060
968 4058
969 4062
970 4063
971 4060
972 4061
973 4059
974 4062
975 4062
976 4060
977 4062
978 4056
979 4060
980 4060
981 4062
982 4062
983 4062
984 4060
985 4060
986 4061
987 4062
988 4060
989 4059
990 4062
991 4058
992 4059
993 4060
994 4062
995 4062
996 4060
997 4062
998 4056
999 4062
1000 4062
1001 4063
1002 4058
1003 4063
1004 4061
1005 4063
1006 4058
1007 4060
1008 4062
1009 4060
1010 4059
1011 4062
1012 4059
1013 4063
1014 4060
1015 4062
1016 4058
1017 4062
1018 4058
1019 4061
1020 4061
1021 4061
1022 4062
1023 4060
1024 4060
1025 4058
1026 4059
1027 4059
1028 4060
1029 4062
1030 4060
1031 4058
1032 4062
1033 4063
1034 4058
1035 4059
1036 4062
1037 4061
1038 4060
1039 4060
1040 4060
1041 4062
1042 4057
1043 4060
1044 4059
1045 4060
1046 4059
1047 4060
1048 4062
1049 4060
1050 4060
1051 4061
1052 4060
1053 4062
1054 4059
1055 4060
1056 4059
1057 4060
1058 4063
1059 4058
1060 4062
1061 4060
1062 4058
1063 4060
1064 4060
1065 4060
1066 4059
1067 4062
1068 4060
1069 4060
1070 4058
1071 4063
1072 4059
1073 4061
1074 4062
1075 4063
1076 4062
1077 4062
1078 4062
1079 4060
1080 4059
1081 4060
1082 4063
1083 4062
1084 4062
1085 4059
1086 4061
1087 4061
1088 4062
1089 4060
1090 4059
1091 4062
1092 4059
1093 4058
1094 4058
1095 4060
1096 4062
1097 4062
1098 4056
1099 4062
1100 4060
1101 4063
1102 4062
1103 4060
1104 4059
1105 4062
1106 4058
1107 4060
1108 4062
1109 4063
1110 4061
1111 4058
1112 4060
1113 4062
1114 4062
1115 4060
1116 4060
1117 4060
1118 4060
1119 4060
1120 4060
1121 4058
1122 4058
1123 4060
1124 4061
1125 4059
1126 4058
1127 4063
1128 4057
1129 4060
1130 4062
1131 4061
1132 4058
1133 4062
1134 4058
1135 4060
1136 4059
1137 4060
1138 4060
1139 4062
1140 4058
1141 4061
1142 4060
1143 4060
1144 4058
1145 4060
1146 4062
1147 4061
1148 4060
1149 4062
1150 4058
1151 4063
1152 4059
1153 4063
1154 4062
1155 4058
1156 4062
1157 4062
1158 4060
1159 4062
1160 4059
1161 4061
1162 4061
1163 4059
1164 4058
1165 4060
1166 4060
1167 4062
1168 4061
1169 4060
1170 4063
1171 4062
1172 4062
1173 4060
1174 4062
1175 4060
1176 4058
1177 4056
1178 4056
1179 4062
1180 4059
1181 4062
1182 4059
1183 4061
1184 4060
1185 4056
1186 4059
1187 4060
1188 4062
1189 4061
1190 4061
1191 4058
1192 4062
1193 4059
1194 4062
1195 4062
1196 4062
1197 4060
1198 4060
1199 4061
1200 4063
1201 4063
1202 4058
1203 4062
1204 4061
1205 4058
1206 4060
1207 4061
1208 4063
1209 4058
1210 4061
1211 4062
1212 4060
1213 4060
1214 4060
1215 4060
1216 4058
1217 4060
1218 4062
1219 4059
1220 4060
1221 4060
1222 4061
1223 4061
1224 4061
1225 4059
1226 4058
1227 4060
1228 4061
1229 4061
1230 4062
1231 4058
1232 4058
1233 4061
1234 4059
1235 4063
1236 4059
1237 4058
1238 4058
1239 4060
1240 4061
1241 4060
1242 4060
1243 4060
1244 4060
1245 4061
1246 4060
1247 4062
1248 4058
1249 4061
1250 4062
1251 4066
1252 4059
1253 4060
1254 4059
1255 4058
1256 4060
1257 4061
1258 4062
1259 4061
1260 4062
1261 4062
1262 4061
1263 4060
1264 4060
1265 4060
1266 4062
1267 4061
1268 4063
1269 4058
1270 4063
1271 4058
1272 4060
1273 4060
1274 4059
1275 4062
1276 4062
1277 4058
1278 4061
1279 4059
1280 4061
1281 4058
1282 4059
1283 4062
1284 4060
1285 4063
1286 4060
1287 4063
1288 4061
1289 4058
1290 4058
1291 4062
1292 4060
1293 4060
1294 4061
1295 4062
1296 4060
1297 4059
1298 4062
1299 4062
1300 4059
1301 4066
1302 4060
1303 4062
1304 4058
1305 4061
1306 4059
1307 4061
1308 4059
1309 4062
1310 4056
1311 4060
1312 4063
1313 4060
1314 4060
1315 4058
1316 4059
1317 4060
1318 4058
1319 4062
1320 4060
1321 4062
1322 4060
1323 4058
1324 4060
1325 4063
1326 4062
1327 4063
1328 4058
1329 4062
1330 4060
1331 4060
1332 4060
1333 4062
1334 4056
1335 4057
1336 4060
1337 4061
1338 4062
1339 4060
1340 4061
1341 4060
1342 4063
1343 4061
1344 4062
1345 4060
1346 4062
1347 4063
1348 4060
1349 4062
1350 4062
1351 4063
1352 4058
1353 4063
1354 4062
1355 4062
1356 4062
1357 4057
1358 4063
1359 4059
1360 4060
1361 4059
1362 4062
1363 4062
1364 4060
1365 4060
1366 4063
1367 4062
1368 4060
1369 4063
1370 4058
1371 4058
1372 4057
1373 4062
1374 4057
1375 4061
1376 4060
1377 4060
1378 4059
1379 4060
1380 4060
1381 4060
1382 4061
1383 4066
1384 4056
1385 4060
1386 4062
1387 4059
1388 4060
1389 4061
1390 4060
1391 4060
1392 4061
1393 4058
1394 4058
1395 4062
1396 4061
1397 4062
1398 4060
1399 4060
1400 4063
1401 4062
1402 4058
1403 4058
1404 4062
1405 4061
1406 4059
1407 4063
1408 4062
1409 4061
1410 4060
1411 4062
1412 4060
1413 4061
1414 4060
1415 4060
1416 4056
1417 4063
1418 4062
1419 4058
1420 4058
1421 4066
1422 4057
1423 4059
1424 4062
1425 4060
1426 4062
1427 4057
1428 4060
1429 4060
1430 4060
1431 4060
1432 4058
1433 4063
1434 4059
1435 4059
1436 4058
1437 4062
1438 4060
1439 4063
1440 4058
1441 4059
1442 4063
1443 4063
1444 4060
1445 4063
1446 4063
1447 4060
1448 4061
1449 4063
1450 4059
1451 4062
1452 4058
1453 4063
1454 4061
1455 4059
1456 4058
1457 4060
1458 4063
1459 4057
1460 4060
1461 4059
1462 4061
1463 4062
1464 4062
1465 4062
1466 4060
1467 4060
1468 4060
1469 4058
1470 4060
1471 4060
1472 4060
1473 4058
1474 4062
1475 4058
1476 4062
1477 4058
1478 4060
1479 4062
1480 4062
1481 4060
1482 4060
1483 4058
1484 4060
1485 4062
1486 4062
1487 4063
1488 4060
1489 4058
1490 4058
1491 4059
1492 4062
1493 4057
1494 4060
1495 4058
1496 4062
1497 4060
1498 4060
1499 4059
1500 4059
1501 4062
1502 4056
1503 4058
1504 4060
1505 4056
1506 4061
1507 4058
1508 4060
1509 4060
1510 4061
1511 4061
1512 4058
1513 4060
1514 4058
1515 4063
1516 4058
1517 4060
1518 4060
1519 4057
1520 4062
1521 4059
1522 4060
1523 4060
1524 4059
1525 4063
1526 4062
1527 4060
1528 4062
1529 4062
1530 4062
1531 4060
1532 4061
1533 4061
1534 4058
1535 4058
1536 4060
1537 4061
1538 4060
1539 4058
1540 4062
1541 4060
1542 4059
1543 4063
1544 4057
1545 4062
1546 4060
1547 4059
1548 4062
1549 4060
1550 4059
1551 4060
1552 4060
1553 4062
1554 4057
1555 4060
1556 4058
1557 4063
1558 4062
1559 4063
1560 4059
1561 4058
1562 4059
1563 4062
1564 4058
1565 4062
1566 4059
1567 4061
1568 4063
1569 4062
1570 4059
1571 4062
1572 4059
1573 4062
1574 4062
1575 4060
1576 4061
1577 4058
1578 4060
1579 4060
1580 4062
1581 4062
1582 4058
1583 4060
1584 4060
1585 4060
1586 4062
1587 4062
1588 4056
1589 4059
1590 4062
1591 4059
1592 4063
1593 4060
1594 4058
1595 4062
1596 4062
1597 4063
1598 4063
1599 4063
1600 4058
1601 4063
1602 4056
1603 4060
1604 4060
1605 4063
1606 4062
1607 4058
1608 4059
1609 4059
1610 4060
1611 4058
1612 4061
1613 4062
1614 4058
1615 4061
1616 4060
1617 4063
1618 4058
1619 4062
1620 4060
1621 4063
1622 4060
1623 4062
1624 4061
1625 4062
1626 4062
1627 4061
1628 4061
1629 4061
1630 4063
1631 4058
1632 4060
1633 4060
1634 4059
1635 4062
1636 4061
1637 4066
1638 4056
1639 4060
1640 4062
1641 4060
1642 4062
1643 4058
1644 4059
1645 4059
1646 4057
1647 4060
1648 4061
1649 4061
1650 4062
1651 4063
1652 4054
1653 4059
1654 4058
1655 4060
1656 4062
1657 4060
1658 4062
1659 4060
1660 4063
1661 4060
1662 4062
1663 4059
1664 4057
1665 4060
1666 4060
1667 4062
1668 4058
1669 4062
1670 4063
1671 4060
1672 4061
1673 4063
1674 4061
1675 4058
1676 4062
1677 4058
1678 4058
1679 4060
1680 4057
1681 4063
1682 4059
1683 4060
1684 4061
1685 4060
1686 4059
1687 4060
1688 4057
1689 4062
1690 4059
1691 4063
1692 4060
1693 4060
1694 4063
1695 4059
1696 4062
1697 4060
1698 4062
1699 4060
1700 4062
1701 4063
1702 4058
1703 4060
1704 4062
1705 4063
1706 4058
1707 4060
1708 4063
1709 4060
1710 4058
1711 4058
1712 4060
1713 4062
1714 4061
1715 4061
1716 4058
1717 4063
1718 4062
1719 4061
1720 4060
1721 4059
1722 4059
1723 4060
1724 4056
1725 4063
1726 4060
1727 4062
1728 4059
1729 4060
1730 4058
1731 4060
1732 4060
1733 4063
1734 4062
1735 4057
1736 4056
1737 4058
1738 4060
1739 4060
1740 4062
1741 4060
1742 4059
1743 4062
1744 4060
1745 4060
1746 4062
1747 4061
1748 4063
1749 4061
1750 4060
1751 4065
1752 4057
1753 4061
1754 4062
1755 4060
1756 4059
1757 4060
1758 4062
1759 4057
1760 4060
1761 4062
1762 4061
1763 4061
1764 4058
1765 4062
1766 4057
1767 4063
1768 4060
1769 4059
1770 4058
1771 4063
1772 4062
1773 4059
1774 4059
1775 4063
1776 4060
1777 4060
1778 4060
1779 4060
1780 4056
1781 4063
1782 4060
1783 4062
1784 4058
1785 4059
1786 4058
1787 4061
1788 4059
1789 4063
1790 4061
1791 4057
1792 4059
1793 4062
1794 4062
1795 4061
1796 4063
1797 4062
1798 4060
1799 4059
1800 4061
1801 4066
1802 4060
1803 4062
1804 4060
1805 4058
1806 4060
1807 4060
1808 4061
1809 4062
1810 4058
1811 4060
1812 4063
1813 4060
1814 4061
1815 4063
1816 4063
1817 4063
1818 4059
1819 4062
1820 4060
1821 4062
1822 4060
1823 4060
1824 4058
1825 4062
1826 4061
1827 4063
1828 4058
1829 4063
1830 4063
1831 4062
1832 4060
1833 4063
1834 4060
1835 4060
1836 4060
1837 4060
1838 4060
1839 4060
1840 4061
1841 4059
1842 4060
1843 4062
1844 4060
1845 4062
1846 4062
1847 4059
1848 4060
1849 4062
1850 4058
1851 4063
1852 4062
1853 4059
1854 4059
1855 4060
1856 4060
1857 4063
1858 4065
1859 4058
1860 4058
1861 4061
1862 4058
1863 4063
1864 4061
1865 4061
1866 4058
1867 4062
1868 4063
1869 4062
1870 4058
1871 4062
1872 4056
1873 4060
1874 4062
1875 4062
1876 4061
1877 4060
1878 4060
1879 4060
1880 4059
1881 4060
1882 4059
1883 4060
1884 4060
1885 4061
1886 4059
1887 4061
1888 4058
1889 4063
1890 4060
1891 4062
1892 4058
1893 4062
1894 4059
1895 4060
1896 4062
1897 4059
1898 4060
1899 4062
1900 4061
1901 4066
1902 4057
1903 4059
1904 4058
1905 4060
1906 4062
1907 4059
1908 4063
1909 4058
1910 4056
1911 4061
1912 4061
1913 4063
1914 4061
1915 4061
1916 4058
1917 4061
1918 4060
1919 4059
1920 4058
1921 4061
1922 4060
1923 4060
1924 4061
1925 4060
1926 4061
1927 4062
1928 4062
1929 4062
1930 4060
1931 4063
1932 4060
1933 4060
1934 4057
1935 4062
1936 4061
1937 4061
1938 4061
1939 4062
1940 4058
1941 4058
1942 4059
1943 4058
1944 4060
1945 4062
1946 4062
1947 4058
1948 4060
1949 4060
1950 4061
1951 4062
1952 4059
1953 4060
1954 4061
1955 4060
1956 4062
1957 4060
1958 4062
1959 4060
1960 4059
1961 4060
1962 4060
1963 4062
1964 4062
1965 4058
1966 4058
1967 4058
1968 4061
1969 4060
1970 4060
1971 4062
1972 4062
1973 4059
1974 4061
1975 4062
1976 4060
1977 4062
1978 4058
1979 4059
1980 4063
1981 4062
1982 4060
1983 4062
1984 4060
1985 4062
1986 4059
1987 4057
1988 4061
1989 4060
1990 4058
1991 4063
1992 4065
1993 4062
1994 4060
1995 4061
1996 4062
1997 4062
1998 4062
1999 4057
2000 4060
2001 4063
2002 4055
2003 4062
2004 4062
2005 4063
2006 4060
2007 4061
2008 4062
2009 4059
2010 4062
2011 4061
2012 4061
2013 4061
2014 4057
2015 4061
2016 4058
2017 4060
2018 4056
2019 4062
2020 4059
2021 4062
2022 4062
2023 4060
2024 4058
2025 4061
2026 4060
2027 4062
2028 4060
2029 4056
2030 4059
2031 4061
2032 4058
2033 4063
2034 4057
2035 4060
2036 4062
2037 4061
2038 4061
2039 4062
2040 4058
2041 4060
2042 4060
2043 4062
2044 4059
2045 4059
2046 4060
2047 4060
2048 4058
2049 4059
2050 4060
2051 4063
2052 4058
2053 4060
2054 4060
2055 4058
2056 4059
2057 4063
2058 4060
2059 4061
2060 4062
2061 4059
2062 4058
2063 4058
2064 4057
2065 4060
2066 4059
2067 4057
2068 4059
2069 4061
2070 4058
2071 4062
2072 4056
2073 4059
2074 4062
2075 4060
2076 4058
2077 4058
2078 4060
2079 4060
2080 4060
2081 4060
2082 4061
2083 4060
2084 4059
2085 4060
2086 4062
2087 4060
2088 4058
2089 4061
2090 4062
2091 4062
2092 4061
2093 4062
2094 4060
2095 4060
2096 4062
2097 4058
2098 4060
2099 4060
2100 4058
2101 4063
2102 4062
2103 4058
2104 4062
2105 4060
2106 4062
2107 4058
2108 4060
2109 4060
2110 4062
2111 4061
2112 4060
2113 4058
2114 4062
2115 4062
2116 4063
2117 4061
2118 4059
2119 4060
2120 4058
2121 4061
2122 4058
2123 4060
2124 4058
2125 4060
2126 4062
2127 4060
2128 4060
2129 4060
2130 4058
2131 4060
2132 4060
2133 4062
2134 4062
2135 4058
2136 4058
2137 4062
2138 4060
2139 4059
2140 4060
2141 4059
2142 4062
2143 4060
2144 4058
2145 4060
2146 4059
2147 4059
2148 4062
2149 4062
2150 4062
2151 4061
2152 4058
2153 4060
2154 4058
2155 4061
2156 4060
2157 4061
2158 4058
2159 4060
2160 4059
2161 4060
2162 4060
2163 4060
2164 4063
2165 4057
2166 4058
2167 4061
2168 4058
2169 4058
2170 4058
2171 4059
2172 4060
2173 4058
2174 4060
2175 4062
2176 4060
2177 4061
2178 4059
2179 4062
2180 4060
2181 4060
2182 4060
2183 4062
2184 4061
2185 4062
2186 4060
2187 4060
2188 4062
2189 4059
2190 4060
2191 4062
2192 4062
2193 4061
2194 4059
2195 4061
2196 4060
2197 4063
2198 4058
2199 4062
2200 4062
2201 4060
2202 4054
2203 4060
2204 4061
2205 4062
2206 4061
2207 4059
2208 4063
2209 4062
2210 4058
2211 4059
2212 4063
2213 4058
2214 4062
2215 4063
2216 4059
2217 4063
2218 4059
2219 4061
2220 4060
2221 4061
2222 4060
2223 4061
2224 4062
2225 4060
2226 4060
2227 4060
2228 4056
2229 4062
2230 4057
2231 4062
2232 4062
2233 4058
2234 4059
2235 4056
2236 4059
2237 4061
2238 4059
2239 4063
2240 4058
2241 4060
2242 4058
2243 4061
2244 4060
2245 4062
2246 4059
2247 4061
2248 4061
2249 4061
2250 4060
2251 4061
2252 4057
2253 4063
2254 4060
2255 4060
2256 4060
2257 4059
2258 4063
2259 4058
2260 4059
2261 4061
2262 4062
2263 4061
2264 4058
2265 4060
2266 4062
2267 4062
2268 4061
2269 4059
2270 4062
2271 4059
2272 4058
2273 4060
2274 4062
2275 4062
2276 4062
2277 4058
2278 4061
2279 4061
2280 4060
2281 4061
2282 4060
2283 4060
2284 4059
2285 4060
2286 4063
2287 4062
2288 4058
2289 4062
2290 4061
2291 4060
2292 4058
2293 4060
2294 4060
2295 4061
2296 4057
2297 4060
2298 4060
2299 4061
2300 4060
2301 4062
2302 4059
2303 4060
2304 4061
2305 4062
2306 4063
2307 4060
2308 4060
2309 4058
2310 4058
2311 4059
2312 4058
2313 4063
2314 4061
2315 4060
2316 4059
2317 4061
2318 4058
2319 4062
2320 4060
2321 4063
2322 4060
2323 4058
2324 4060
2325 4062
2326 4063
2327 4063
2328 4060
2329 4058
2330 4060
2331 4062
2332 4060
2333 4062
2334 4058
2335 4062
2336 4058
2337 4063
2338 4060
2339 4058
2340 4062
2341 4059
2342 4062
2343 4060
2344 4061
2345 4061
2346 4063
2347 4060
2348 4061
2349 4060
2350 4063
2351 4061
2352 4060
2353 4059
2354 4058
2355 4062
2356 4060
2357 4057
2358 4063
2359 4059
2360 4062
2361 4059
2362 4062
2363 4056
2364 4061
2365 4062
2366 4059
2367 4060
2368 4056
2369 4063
2370 4059
2371 4062
2372 4062
2373 4062
2374 4063
2375 4060
2376 4062
2377 4063
2378 4061
2379 4061
2380 4060
2381 4060
2382 4059
2383 4062
2384 4060
2385 4058
2386 4059
2387 4063
2388 4056
2389 4062
2390 4063
2391 4065
2392 4058
2393 4061
2394 4062
2395 4060
2396 4061
2397 4061
2398 4060
2399 4060
2400 4060
2401 4063
2402 4058
2403 4059
2404 4062
2405 4060
2406 4062
2407 4058
2408 4063
2409 4059
2410 4059
2411 4058
2412 4063
2413 4058
2414 4060
2415 4060
2416 4060
2417 4061
2418 4062
2419 4057
2420 4060
2421 4061
2422 4060
2423 4057
2424 4059
2425 4058
2426 4059
2427 4058
2428 4058
2429 4062
2430 4060
2431 4062
2432 4061
2433 4062
2434 4059
2435 4059
2436 4060
2437 4059
2438 4058
2439 4059
2440 4062
2441 4056
2442 4058
2443 4058
2444 4058
2445 4058
2446 4059
2447 4058
2448 4060
2449 4062
2450 4058
2451 4062
2452 4060
2453 4060
2454 4058
2455 4063
2456 4060
2457 4060
2458 4063
2459 4060
2460 4061
2461 4060
2462 4060
2463 4059
2464 4063
2465 4061
2466 4060
2467 4062
2468 4061
2469 4063
2470 4061
2471 4058
2472 4058
2473 4060
2474 4059
2475 4060
2476 4060
2477 4057
2478 4061
2479 4060
2480 4062
2481 4061
2482 4059
2483 4063
2484 4060
2485 4060
2486 4065
2487 4059
2488 4059
2489 4060
2490 4056
2491 4058
2492 4058
2493 4059
2494 4061
2495 4061
2496 4060
2497 4058
2498 4060
2499 4060
2500 4058
2501 4063
2502 4059
2503 4060
2504 4058
2505 4060
2506 4060
2507 4057
2508 4061
2509 4063
2510 4060
2511 4060
2512 4063
2513 4060
2514 4062
2515 4062
2516 4057
2517 4061
2518 4063
2519 4063
2520 4057
2521 4062
2522 4057
2523 4058
2524 4060
2525 4062
2526 4060
2527 4062
2528 4062
2529 4059
2530 4060
2531 4061
2532 4062
2533 4062
2534 4058
2535 4056
2536 4060
2537 4059
2538 4058
2539 4060
2540 4060
2541 4058
2542 4058
2543 4062
2544 4061
2545 4058
2546 4062
2547 4060
2548 4062
2549 4062
2550 4059
2551 4060
2552 4057
2553 4057
2554 4060
2555 4062
2556 4060
2557 4061
2558 4059
2559 4060
2560 4060
2561 4060
2562 4061
2563 4058
2564 4060
2565 4061
2566 4063
2567 4060
2568 4059
2569 4060
2570 4061
2571 4059
2572 4058
2573 4060
2574 4062
2575 4063
2576 4059
2577 4058
2578 4058
2579 4062
2580 4062
2581 4058
2582 4058
2583 4061
2584 4060
2585 4058
2586 4060
2587 4060
2588 4060
2589 4062
2590 4059
2591 4062
2592 4058
2593 4061
2594 4058
2595 4063
2596 4058
2597 4062
2598 4060
2599 4063
2600 4060
2601 4062
2602 4060
2603 4062
2604 4060
2605 4062
2606 4061
2607 4062
2608 4062
2609 4061
2610 4059
2611 4058
2612 4063
2613 4060
2614 4060
2615 4058
2616 4060
2617 4058
2618 4058
2619 4062
2620 4059
2621 4062
2622 4058
2623 4062
2624 4063
2625 4057
2626 4058
2627 4062
2628 4060
2629 4062
2630 4062
2631 4059
2632 4060
2633 4060
2634 4062
2635 4060
2636 4063
2637 4060
2638 4058
2639 4061
2640 4058
2641 4062
2642 4061
2643 4062
2644 4061
2645 4061
2646 4060
2647 4061
2648 4062
2649 4061
2650 4060
2651 4062
2652 4057
2653 4062
2654 4060
2655 4061
2656 4063
2657 4060
2658 4060
2659 4058
2660 4059
2661 4062
2662 4059
2663 4060
2664 4058
2665 4060
2666 4058
2667 4058
2668 4058
2669 4058
2670 4059
2671 4060
2672 4060
2673 4063
2674 4062
2675 4062
2676 4060
2677 4063
2678 4061
2679 4061
2680 4061
2681 4060
2682 4060
2683 4061
2684 4059
2685 4060
2686 4060
2687 4063
2688 4060
2689 4058
2690 4060
2691 4059
2692 4062
2693 4058
2694 4060
2695 4063
2696 4059
2697 4062
2698 4061
2699 4063
2700 4060
2701 4062
2702 4058
2703 4063
2704 4058
2705 4054
2706 4058
2707 4058
2708 4063
2709 4060
2710 4060
2711 4061
2712 4062
2713 4063
2714 4061
2715 4058
2716 4056
2717 4058
2718 4061
2719 4060
2720 4060
2721 4062
2722 4056
2723 4061
2724 4057
2725 4058
2726 4060
2727 4062
2728 4062
2729 4061
2730 4060
2731 4060
2732 4060
2733 4062
2734 4062
2735 4061
2736 4056
2737 4061
2738 4060
2739 4058
2740 4063
2741 4061
2742 4056
2743 4061
2744 4060
2745 4061
2746 4060
2747 4063
2748 4060
2749 4062
2750 4062
2751 4063
2752 4058
2753 4060
2754 4060
2755 4060
2756 4061
2757 4060
2758 4061
2759 4060
2760 4063
2761 4063
2762 4059
2763 4062
2764 4063
2765 4062
2766 4061
2767 4061
2768 4061
2769 4061
2770 4060
2771 4060
2772 4066
2773 4060
2774 4060
2775 4061
2776 4062
2777 4058
2778 4061
2779 4062
2780 4060
2781 4062
2782 4058
2783 4061
2784 4056
2785 4060
2786 4059
2787 4062
2788 4058
2789 4058
2790 4060
2791 4058
2792 4060
2793 4057
2794 4062
2795 4057
2796 4057
2797 4056
2798 4058
2799 4055
2800 4054
2801 4056
2802 4048
2803 4046
2804 4042
2805 4034
2806 4028
2807 4020
2808 4020
2809 4014
2810 4005
2811 4002
2812 3989
2813 3970
2814 3984
2815 3978
2816 3962
2817 3974
2818 3952
2819 3958
2820 3942
2821 3934
2822 3946
2823 3931
2824 3917
2825 3909
2826 3912
2827 3894
2828 3897
2829 3888
2830 3885
2831 3888
2832 3865
2833 3890
2834 3885
2835 3897
2836 3898
2837 3924
2838 3924
2839 3930
2840 3951
2841 3944
2842 3957
2843 3976
2844 3969
2845 3976
2846 3974
2847 3986
2848 3994
2849 3997
2850 4004
2851 4012
2852 4014
2853 4021
2854 4024
2855 4027
2856 4031
2857 4035
2858 4036
2859 4041
2860 4042
2861 4046
2862 4050
2863 4053
2864 4054
2865 4056
2866 4054
2867 4058
2868 4059
2869 4057
2870 4059
2871 4058
2872 4060
2873 4056
2874 4059
2875 4058
2876 4060
2877 4062
2878 4058
2879 4056
2880 4061
2881 4062
2882 4059
2883 4059
2884 4060
2885 4062
2886 4060
2887 4058
2888 4060
2889 4062
2890 4060
2891 4061
2892 4062
2893 4060
2894 4061
2895 4063
2896 4058
2897 4060
2898 4060
2899 4060
2900 4058
2901 4063
2902 4058
2903 4061
2904 4060
2905 4059
2906 4056
2907 4061
2908 4060
2909 4062
2910 4060
2911 4060
2912 4060
2913 4060
2914 4062
2915 4060
2916 4058
2917 4062
2918 4062
2919 4062
2920 4062
2921 4062
2922 4059
2923 4059
2924 4062
2925 4060
2926 4061
2927 4063
2928 4063
2929 4062
2930 4059
2931 4058
2932 4059
2933 4061
2934 4059
2935 4060
2936 4058
2937 4058
2938 4063
2939 4062
2940 4060
2941 4062
2942 4062
2943 4059
2944 4059
2945 4063
2946 4063
2947 4058
2948 4060
2949 4060
2950 4059
2951 4065
2952 4056
2953 4060
2954 4059
2955 4060
2956 4060
2957 4062
2958 4060
2959 4057
2960 4061
2961 4058
2962 4061
2963 4058
2964 4062
2965 4060
2966 4063
2967 4063
2968 4057
2969 4060
2970 4060
2971 4060
2972 4060
2973 4060
2974 4059
2975 4058
2976 4060
2977 4062
2978 4056
2979 4061
2980 4058
2981 4061
2982 4058
2983 4063
2984 4058
2985 4060
2986 4063
2987 4058
2988 4059
2989 4060
2990 4060
2991 4059
2992 4061
2993 4063
2994 4058
2995 4060
2996 4062
2997 4062
2998 4058
2999 4060
3000 4060
3001 4062
3002 4058
3003 4063
3004 4062
3005 4058
3006 4061
3007 4061
3008 4062
3009 4058
3010 4060
3011 4062
3012 4061
3013 4062
3014 4061
3015 4058
3016 4061
3017 4063
3018 4061
3019 4058
3020 4059
3021 4063
3022 4058
3023 4063
3024 4062
3025 4060
3026 4060
3027 4061
3028 4060
3029 4059
3030 4060
3031 4060
3032 4058
3033 4058
3034 4059
3035 4061
3036 4059
3037 4062
3038 4060
3039 4062
3040 4060
3041 4058
3042 4058
3043 4061
3044 4060
3045 4059
3046 4059
3047 4062
3048 4059
3049 4060
3050 4060
3051 4063
3052 4058
3053 4056
3054 4060
3055 4062
3056 4060
3057 4058
3058 4061
3059 4060
3060 4063
3061 4060
3062 4059
3063 4058
3064 4060
3065 4060
3066 4063
3067 4063
3068 4058
3069 4058
3070 4059
3071 4060
3072 4060
3073 4059
3074 4061
3075 4060
3076 4062
3077 4059
3078 4062
3079 4063
3080 4059
3081 4060
3082 4061
3083 4062
3084 4062
3085 4060
3086 4063
3087 4063
3088 4060
3089 4060
3090 4061
3091 4061
3092 4059
3093 4059
3094 4063
3095 4061
3096 4062
3097 4059
3098 4061
3099 4060
3100 4062
3101 4059
3102 4056
3103 4060
3104 4060
3105 4061
3106 4059
3107 4060
3108 4061
3109 4063
3110 4060
3111 4062
3112 4065
3113 4058
3114 4061
3115 4063
3116 4059
3117 4060
3118 4062
3119 4061
3120 4061
3121 4059
3122 4059
3123 4058
3124 4060
3125 4060
3126 4058
3127 4063
3128 4060
3129 4059
3130 4060
3131 4058
3132 4062
3133 4062
3134 4058
3135 4060
3136 4061
3137 4062
3138 4060
3139 4061
3140 4060
3141 4060
3142 4063
3143 4058
3144 4060
3145 4062
3146 4059
3147 4061
3148 4061
3149 4059
3150 4059
3151 4063
3152 4054
3153 4058
3154 4062
3155 4057
3156 4062
3157 4058
3158 4062
3159 4061
3160 4061
3161 4060
3162 4060
3163 4061
3164 4059
3165 4059
3166 4060
3167 4060
3168 4059
3169 4058
3170 4059
3171 4062
3172 4061
3173 4060
3174 4059
3175 4062
3176 4060
3177 4062
3178 4058
3179 4058
3180 4062
3181 4061
3182 4060
3183 4058
3184 4058
3185 4061
3186 4058
3187 4058
3188 4062
3189 4062
3190 4060
3191 4060
3192 4060
3193 4060
3194 4061
3195 4060
3196 4060
3197 4061
3198 4060
3199 4062
3200 4058
3201 4062
3202 4056
3203 4061
3204 4058
3205 4059
3206 4056
3207 4060
3208 4060
3209 4062
3210 4058
3211 4060
3212 4056
3213 4060
3214 4056
3215 4062
3216 4060
3217 4060
3218 4060
3219 4057
3220 4061
3221 4062
3222 4058
3223 4059
3224 4062
3225 4056
3226 4060
3227 4060
3228 4058
3229 4058
3230 4062
3231 4059
3232 4058
3233 4060
3234 4056
3235 4061
3236 4061
3237 4057
3238 4060
3239 4062
3240 4056
3241 4057
3242 4061
3243 4058
3244 4059
3245 4058
3246 4060
3247 4062
3248 4059
3249 4063
3250 4058
3251 4063
3252 4056
3253 4061
3254 4060
3255 4059
3256 4060
3257 4059
3258 4066
3259 4060
3260 4061
3261 4060
3262 4058
3263 4057
3264 4060
3265 4062
3266 4062
3267 4060
3268 4061
3269 4061
3270 4057
3271 4062
3272 4060
3273 4060
3274 4058
3275 4060
3276 4057
3277 4061
3278 4060
3279 4059
3280 4061
3281 4058
3282 4062
3283 4058
3284 4056
3285 4060
3286 4060
3287 4061
3288 4056
3289 4058
3290 4062
3291 4058
3292 4056
3293 4059
3294 4061
3295 4062
3296 4062
3297 4061
3298 4059
3299 4063
3300 4061
3301 4063
3302 4058
3303 4060
3304 4060
3305 4059
3306 4059
3307 4060
3308 4063
3309 4059
3310 4062
3311 4063
3312 4058
3313 4060
3314 4060
3315 4062
3316 4059
3317 4063
3318 4060
3319 4059
3320 4060
3321 4062
3322 4060
3323 4059
3324 4059
3325 4061
3326 4060
3327 4061
3328 4058
3329 4061
3330 4061
3331 4060
3332 4060
3333 4063
3334 4059
3335 4060
3336 4063
3337 4060
3338 4060
3339 4062
3340 4061
3341 4060
3342 4063
3343 4060
3344 4061
3345 4062
3346 4062
3347 4060
3348 4060
3349 4061
3350 4063
3351 4063
3352 4060
3353 4060
3354 4062
3355 4060
3356 4060
3357 4062
3358 4062
3359 4058
3360 4061
3361 4062
3362 4056
3363 4063
3364 4062
3365 4062
3366 4059
3367 4062
3368 4062
3369 4061
3370 4061
3371 4062
3372 4062
3373 4060
3374 4061
3375 4062
3376 4062
3377 4062
3378 4058
3379 4059
3380 4058
3381 4060
3382 4062
3383 4060
3384 4058
3385 4058
3386 4059
3387 4061
3388 4059
3389 4058
3390 4063
3391 4062
3392 4062
3393 4062
3394 4060
3395 4062
3396 4061
3397 4059
3398 4063
3399 4061
3400 4062
3401 4066
3402 4060
3403 4058
3404 4062
3405 4060
3406 4061
3407 4060
3408 4063
3409 4060
3410 4062
3411 4058
3412 4062
3413 4060
3414 4062
3415 4059
3416 4060
3417 4062
3418 4062
3419 4060
3420 4060
3421 4059
3422 4060
3423 4062
3424 4063
3425 4060
3426 4060
3427 4060
3428 4062
3429 4063
3430 4061
3431 4060
3432 4061
3433 4063
3434 4058
3435 4063
3436 4059
3437 4058
3438 4062
3439 4063
3440 4059
3441 4060
3442 4059
3443 4062
3444 4060
3445 4058
3446 4059
3447 4062
3448 4060
3449 4062
3450 4061
3451 4063
3452 4056
3453 4062
3454 4061
3455 4061
3456 4062
3457 4061
3458 4062
3459 4059
3460 4061
3461 4063
3462 4060
3463 4059
3464 4062
3465 4062
3466 4062
3467 4060
3468 4061
3469 4063
3470 4061
3471 4063
3472 4058
3473 4060
3474 4061
3475 4061
3476 4056
3477 4063
3478 4062
3479 4061
3480 4059
3481 4061
3482 4062
3483 4062
3484 4063
3485 4060
3486 4063
3487 4057
3488 4058
3489 4062
3490 4060
3491 4060
3492 4062
3493 4057
3494 4060
3495 4060
3496 4062
3497 4060
3498 4060
3499 4063
3500 4061
3501 4063
3502 4058
3503 4060
3504 4062
3505 4062
3506 4061
3507 4061
3508 4060
3509 4058
3510 4059
3511 4060
3512 4057
3513 4058
3514 4061
3515 4063
3516 4059
3517 4063
3518 4060
3519 4058
3520 4058
3521 4062
3522 4059
3523 4056
3524 4061
3525 4060
3526 4063
3527 4059
3528 4061
3529 4058
3530 4062
3531 4061
3532 4060
3533 4062
3534 4058
3535 4062
3536 4062
3537 4060
3538 4063
3539 4060
3540 4062
3541 4060
3542 4062
3543 4058
3544 4062
3545 4060
3546 4062
3547 4058
3548 4060
3549 4060
3550 4060
3551 4062
3552 4060
3553 4060
3554 4061
3555 4059
3556 4059
3557 4058
3558 4060
3559 4063
3560 4061
3561 4062
3562 4060
3563 4063
3564 4060
3565 4061
3566 4062
3567 4061
3568 4063
3569 4058
3570 4060
3571 4061
3572 4060
3573 4063
3574 4060
3575 4058
3576 4061
3577 4062
3578 4061
3579 4061
3580 4061
3581 4057
3582 4057
3583 4062
3584 4060
3585 4060
3586 4060
3587 4062
3588 4061
3589 4062
3590 4062
3591 4061
3592 4059
3593 4059
3594 4060
3595 4058
3596 4060
3597 4060
3598 4060
3599 4061
3600 4059
3601 4062
3602 4058
3603 4061
3604 4059
3605 4062
3606 4062
3607 4060
3608 4062
3609 4058
3610 4059
3611 4060
3612 4062
3613 4060
3614 4061
3615 4062
3616 4060
3617 4061
3618 4062
3619 4059
3620 4060
3621 4062
3622 4058
3623 4062
3624 4063
3625 4060
3626 4061
3627 4060
3628 4061
3629 4063
3630 4060
3631 4062
3632 4061
3633 4056
3634 4058
3635 4062
3636 4061
3637 4061
3638 4060
3639 4059
3640 4066
3641 4060
3642 4059
3643 4060
3644 4060
3645 4061
3646 4060
3647 4061
3648 4059
3649 4061
3650 4062
3651 4063
3652 4055
3653 4061
3654 4062
3655 4062
3656 4060
3657 4063
3658 4062
3659 4058
3660 4063
3661 4060
3662 4061
3663 4058
3664 4060
3665 4060
3666 4061
3667 4061
3668 4058
3669 4061
3670 4060
3671 4062
3672 4060
3673 4057
3674 4059
3675 4058
3676 4063
3677 4063
3678 4062
3679 4060
3680 4062
3681 4060
3682 4059
3683 4060
3684 4059
3685 4062
3686 4062
3687 4062
3688 4058
3689 4058
3690 4063
3691 4058
3692 4061
3693 4062
3694 4060
