#Data from the TCD1304 linear CCD
#column 1 = pixelnumber , column 2 = pixelvalue
#Pixel 1-32 and 3679-3694 and are dummy pixels
#SH-period: 200    ICG-period: 100000    Integration time: 100.0 us
2 4042
3 4044
4 4062
5 4062
6 4062
7 4060
8 4061
9 4060
10 4059
11 4060
12 4060
13 4060
14 4058
15 4058
16 4058
17 4058
18 4063
19 4058
20 4060
21 4058
22 4058
23 4060
24 4059
25 4057
26 4058
27 4060
28 4058
29 4060
30 4057
31 4056
32 4058
34 4062
35 4060
36 4062
37 4058
38 4060
39 4060
40 4060
41 4060
42 4063
43 4060
44 4059
45 4057
46 4060
47 4058
48 4062
49 4061
50 4058
51 4062
52 4056
53 4058
54 4062
55 4061
56 4061
57 4061
58 4058
59 4061
60 4060
61 4058
62 4059
63 4060
64 4058
65 4058
66 4058
67 4060
68 4060
69 4058
70 4060
71 4062
72 4058
73 4059
74 4062
75 4060
76 4062
77 4055
78 4060
79 4060
80 4060
81 4060
82 4060
83 4058
84 4060
85 4060
86 4058
87 4063
88 4060
89 4061
90 4062
91 4060
92 4060
93 4062
94 4063
95 4061
96 4062
97 4059
98 4056
99 4062
100 4060
101 4063
102 4057
103 4058
104 4062
105 4061
106 4060
107 4060
108 4057
109 4062
110 4061
111 4060
112 4060
113 4060
114 4058
115 4060
116 4060
117 4058
118 4060
119 4056
120 4060
121 4060
122 4060
123 4058
124 4061
125 4057
126 4060
127 4060
128 4061
129 4060
130 4060
131 4056
132 4061
133 4058
134 4060
135 4058
136 4062
137 4060
138 4057
139 4060
140 4058
141 4062
142 4060
143 4058
144 4058
145 4058
146 4060
147 4060
148 4058
149 4056
150 4059
151 4062
152 4058
153 4055
154 4058
155 4058
156 4060
157 4060
158 4063
159 4062
160 4058
161 4058
162 4060
163 4058
164 4058
165 4059
166 4060
167 4058
168 4062
169 4056
170 4059
171 4056
172 4060
173 4058
174 4055
175 4060
176 4062
177 4060
178 4058
179 4060
180 4058
181 4058
182 4060
183 4059
184 4057
185 4058
186 4060
187 4058
188 4057
189 4056
190 4062
191 4061
192 4060
193 4058
194 4061
195 4061
196 4056
197 4058
198 4063
199 4061
200 4058
201 4062
202 4056
203 4058
204 4059
205 4058
206 4056
207 4060
208 4058
209 4058
210 4063
211 4060
212 4061
213 4061
214 4060
215 4058
216 4060
217 4062
218 4062
219 4061
220 4057
221 4058
222 4059
223 4059
224 4061
225 4060
226 4060
227 4059
228 4058
229 4056
230 4062
231 4062
232 4062
233 4062
234 4060
235 4062
236 4062
237 4061
238 4061
239 4059
240 4060
241 4059
242 4060
243 4060
244 4059
245 4060
246 4060
247 4056
248 4059
249 4060
250 4060
251 4060
252 4056
253 4058
254 4060
255 4059
256 4060
257 4056
258 4058
259 4060
260 4058
261 4058
262 4057
263 4060
264 4055
265 4059
266 4060
267 4060
268 4058
269 4059
270 4060
271 4059
272 4059
273 4060
274 4060
275 4058
276 4060
277 4058
278 4059
279 4057
280 4059
281 4062
282 4057
283 4058
284 4063
285 4060
286 4059
287 4059
288 4058
289 4062
290 4058
291 4060
292 4058
293 4060
294 4060
295 4058
296 4058
297 4063
298 4058
299 4060
300 4062
301 4060
302 4057
303 4060
304 4058
305 4058
306 4060
307 4056
308 4058
309 4058
310 4058
311 4058
312 4058
313 4060
314 4062
315 4057
316 4059
317 4059
318 4060
319 4061
320 4060
321 4060
322 4058
323 4062
324 4058
325 4059
326 4063
327 4061
328 4056
329 4059
330 4060
331 4058
332 4058
333 4057
334 4058
335 4058
336 4061
337 4058
338 4060
339 4060
340 4058
341 4058
342 4059
343 4058
344 4061
345 4056
346 4060
347 4058
348 4060
349 4058
350 4060
351 4060
352 4058
353 4059
354 4062
355 4059
356 4061
357 4062
358 4061
359 4056
360 4061
361 4060
362 4058
363 4058
364 4058
365 4060
366 4060
367 4058
368 4060
369 4058
370 4062
371 4058
372 4058
373 4055
374 4060
375 4058
376 4062
377 4060
378 4061
379 4060
380 4058
381 4060
382 4060
383 4058
384 4060
385 4060
386 4062
387 4060
388 4060
389 4060
390 4061
391 4056
392 4058
393 4057
394 4060
395 4060
396 4060
397 4062
398 4058
399 4062
400 4062
401 4061
402 4058
403 4060
404 4058
405 4060
406 4057
407 4058
408 4060
409 4060
410 4061
411 4058
412 4058
413 4058
414 4060
415 4060
416 4060
417 4060
418 4058
419 4060
420 4062
421 4062
422 4059
423 4060
424 4058
425 4062
426 4061
427 4062
428 4058
429 4060
430 4059
431 4061
432 4058
433 4062
434 4059
435 4060
436 4063
437 4059
438 4063
439 4062
440 4062
441 4060
442 4058
443 4060
444 4058
445 4061
446 4060
447 4056
448 4060
449 4057
450 4060
451 4057
452 4061
453 4062
454 4059
455 4058
456 4058
457 4060
458 4060
459 4060
460 4058
461 4058
462 4060
463 4060
464 4058
465 4059
466 4060
467 4060
468 4058
469 4058
470 4059
471 4060
472 4062
473 4058
474 4058
475 4058
476 4059
477 4060
478 4058
479 4060
480 4059
481 4060
482 4058
483 4058
484 4061
485 4057
486 4059
487 4056
488 4060
489 4060
490 4059
491 4062
492 4060
493 4058
494 4063
495 4058
496 4062
497 4062
498 4060
499 4060
500 4061
501 4062
502 4058
503 4062
504 4060
505 4058
506 4062
507 4060
508 4060
509 4058
510 4060
511 4059
512 4060
513 4058
514 4060
515 4058
516 4058
517 4060
518 4060
519 4058
520 4060
521 4058
522 4060
523 4056
524 4060
525 4058
526 4060
527 4060
528 4060
529 4061
530 4059
531 4058
532 4058
533 4060
534 4056
535 4058
536 4059
537 4057
538 4061
539 4062
540 4060
541 4060
542 4058
543 4060
544 4062
545 4060
546 4060
547 4060
548 4060
549 4060
550 4058
551 4062
552 4057
553 4060
554 4060
555 4058
556 4062
557 4056
558 4057
559 4060
560 4062
561 4058
562 4060
563 4058
564 4060
565 4058
566 4058
567 4061
568 4059
569 4060
570 4058
571 4060
572 4060
573 4056
574 4060
575 4058
576 4062
577 4062
578 4060
579 4059
580 4059
581 4059
582 4060
583 4058
584 4061
585 4060
586 4057
587 4059
588 4056
589 4062
590 4060
591 4060
592 4060
593 4062
594 4060
595 4058
596 4056
597 4060
598 4060
599 4056
600 4056
601 4060
602 4058
603 4060
604 4060
605 4060
606 4060
607 4056
608 4059
609 4057
610 4062
611 4058
612 4060
613 4062
614 4060
615 4061
616 4061
617 4058
618 4061
619 4060
620 4057
621 4058
622 4058
623 4062
624 4058
625 4062
626 4058
627 4060
628 4062
629 4060
630 4058
631 4060
632 4060
633 4058
634 4056
635 4061
636 4058
637 4058
638 4059
639 4060
640 4058
641 4063
642 4060
643 4062
644 4056
645 4062
646 4060
647 4060
648 4060
649 4058
650 4058
651 4063
652 4056
653 4060
654 4060
655 4058
656 4060
657 4058
658 4058
659 4060
660 4056
661 4060
662 4059
663 4060
664 4062
665 4058
666 4061
667 4066
668 4061
669 4058
670 4061
671 4062
672 4057
673 4056
674 4062
675 4060
676 4062
677 4058
678 4060
679 4056
680 4060
681 4058
682 4058
683 4059
684 4060
685 4056
686 4060
687 4062
688 4060
689 4061
690 4058
691 4060
692 4058
693 4062
694 4062
695 4060
696 4058
697 4057
698 4062
699 4058
700 4062
701 4063
702 4055
703 4060
704 4061
705 4060
706 4057
707 4058
708 4058
709 4058
710 4063
711 4062
712 4058
713 4056
714 4057
715 4060
716 4061
717 4058
718 4060
719 4059
720 4060
721 4058
722 4061
723 4060
724 4060
725 4058
726 4059
727 4059
728 4060
729 4058
730 4060
731 4060
732 4060
733 4058
734 4060
735 4056
736 4062
737 4061
738 4060
739 4060
740 4060
741 4060
742 4061
743 4060
744 4063
745 4062
746 4058
747 4060
748 4060
749 4058
750 4060
751 4062
752 4054
753 4063
754 4058
755 4060
756 4060
757 4060
758 4058
759 4060
760 4058
761 4058
762 4062
763 4058
764 4060
765 4062
766 4062
767 4056
768 4058
769 4063
770 4060
771 4058
772 4058
773 4059
774 4060
775 4062
776 4058
777 4061
778 4058
779 4062
780 4061
781 4060
782 4060
783 4058
784 4062
785 4057
786 4058
787 4059
788 4058
789 4058
790 4059
791 4059
792 4062
793 4060
794 4060
795 4059
796 4060
797 4057
798 4058
799 4058
800 4063
801 4062
802 4056
803 4058
804 4062
805 4061
806 4060
807 4058
808 4059
809 4060
810 4060
811 4059
812 4060
813 4060
814 4058
815 4058
816 4061
817 4056
818 4058
819 4058
820 4060
821 4058
822 4060
823 4060
824 4056
825 4059
826 4058
827 4056
828 4058
829 4060
830 4058
831 4061
832 4062
833 4058
834 4058
835 4058
836 4060
837 4061
838 4058
839 4058
840 4060
841 4059
842 4058
843 4060
844 4057
845 4060
846 4057
847 4058
848 4058
849 4060
850 4057
851 4058
852 4058
853 4059
854 4059
855 4055
856 4060
857 4058
858 4060
859 4058
860 4059
861 4060
862 4059
863 4060
864 4058
865 4058
866 4059
867 4060
868 4060
869 4062
870 4059
871 4056
872 4063
873 4056
874 4060
875 4058
876 4058
877 4056
878 4062
879 4059
880 4057
881 4057
882 4058
883 4058
884 4058
885 4058
886 4061
887 4062
888 4060
889 4060
890 4060
891 4060
892 4058
893 4060
894 4062
895 4055
896 4058
897 4060
898 4056
899 4062
900 4058
901 4063
902 4056
903 4060
904 4060
905 4060
906 4060
907 4056
908 4056
909 4058
910 4058
911 4061
912 4058
913 4058
914 4058
915 4058
916 4059
917 4060
918 4063
919 4057
920 4058
921 4056
922 4060
923 4058
924 4058
925 4057
926 4059
927 4060
928 4058
929 4058
930 4059
931 4062
932 4058
933 4060
934 4059
935 4060
936 4060
937 4057
938 4058
939 4060
940 4060
941 4061
942 4056
943 4059
944 4057
945 4060
946 4060
947 4058
948 4057
949 4060
950 4060
951 4060
952 4056
953 4059
954 4056
955 4060
956 4060
957 4056
958 4060
959 4058
960 4058
961 4058
962 4057
963 4058
964 4056
965 4058
966 4058
967 4056
968 4058
969 4061
970 4061
971 4060
972 4058
973 4061
974 4062
975 4060
976 4061
977 4060
978 4060
979 4060
980 4055
981 4062
982 4060
983 4060
984 4060
985 4056
986 4062
987 4058
988 4057
989 4058
990 4060
991 4058
992 4060
993 4058
994 4060
995 4060
996 4061
997 4055
998 4062
999 4057
1000 4060
1001 4062
1002 4056
1003 4060
1004 4060
1005 4060
1006 4062
1007 4061
1008 4060
1009 4059
1010 4062
1011 4058
1012 4058
1013 4058
1014 4060
1015 4060
1016 4061
1017 4060
1018 4061
1019 4054
1020 4057
1021 4058
1022 4058
1023 4058
1024 4061
1025 4060
1026 4058
1027 4058
1028 4060
1029 4058
1030 4062
1031 4059
1032 4060
1033 4060
1034 4060
1035 4058
1036 4062
1037 4058
1038 4060
1039 4059
1040 4060
1041 4057
1042 4060
1043 4062
1044 4060
1045 4060
1046 4060
1047 4060
1048 4062
1049 4061
1050 4063
1051 4063
1052 4055
1053 4057
1054 4061
1055 4058
1056 4060
1057 4060
1058 4060
1059 4060
1060 4057
1061 4058
1062 4058
1063 4062
1064 4060
1065 4058
1066 4058
1067 4058
1068 4058
1069 4061
1070 4059
1071 4058
1072 4060
1073 4058
1074 4058
1075 4060
1076 4063
1077 4059
1078 4059
1079 4057
1080 4058
1081 4060
1082 4061
1083 4058
1084 4060
1085 4058
1086 4062
1087 4059
1088 4058
1089 4060
1090 4060
1091 4061
1092 4060
1093 4063
1094 4060
1095 4060
1096 4060
1097 4056
1098 4060
1099 4056
1100 4060
1101 4062
1102 4057
1103 4060
1104 4063
1105 4059
1106 4058
1107 4058
1108 4060
1109 4062
1110 4058
1111 4058
1112 4060
1113 4059
1114 4062
1115 4060
1116 4059
1117 4055
1118 4060
1119 4059
1120 4058
1121 4060
1122 4062
1123 4060
1124 4061
1125 4058
1126 4060
1127 4060
1128 4060
1129 4060
1130 4061
1131 4056
1132 4060
1133 4055
1134 4060
1135 4062
1136 4061
1137 4062
1138 4063
1139 4060
1140 4058
1141 4058
1142 4060
1143 4060
1144 4058
1145 4058
1146 4060
1147 4058
1148 4060
1149 4058
1150 4058
1151 4062
1152 4054
1153 4057
1154 4061
1155 4060
1156 4060
1157 4058
1158 4058
1159 4057
1160 4058
1161 4061
1162 4058
1163 4056
1164 4060
1165 4060
1166 4060
1167 4057
1168 4060
1169 4057
1170 4058
1171 4058
1172 4060
1173 4062
1174 4060
1175 4058
1176 4061
1177 4060
1178 4060
1179 4058
1180 4060
1181 4057
1182 4059
1183 4057
1184 4060
1185 4058
1186 4058
1187 4061
1188 4058
1189 4057
1190 4055
1191 4060
1192 4060
1193 4062
1194 4062
1195 4057
1196 4060
1197 4058
1198 4062
1199 4060
1200 4057
1201 4063
1202 4057
1203 4058
1204 4060
1205 4060
1206 4059
1207 4058
1208 4059
1209 4060
1210 4060
1211 4060
1212 4058
1213 4059
1214 4060
1215 4058
1216 4060
1217 4057
1218 4060
1219 4060
1220 4060
1221 4061
1222 4058
1223 4060
1224 4062
1225 4057
1226 4060
1227 4060
1228 4060
1229 4058
1230 4060
1231 4058
1232 4058
1233 4060
1234 4062
1235 4060
1236 4061
1237 4056
1238 4056
1239 4058
1240 4058
1241 4056
1242 4062
1243 4061
1244 4060
1245 4057
1246 4060
1247 4058
1248 4060
1249 4061
1250 4060
1251 4061
1252 4056
1253 4060
1254 4058
1255 4056
1256 4060
1257 4060
1258 4058
1259 4060
1260 4060
1261 4058
1262 4062
1263 4060
1264 4058
1265 4060
1266 4059
1267 4060
1268 4058
1269 4055
1270 4060
1271 4056
1272 4062
1273 4057
1274 4060
1275 4058
1276 4058
1277 4060
1278 4060
1279 4058
1280 4058
1281 4061
1282 4058
1283 4060
1284 4058
1285 4058
1286 4060
1287 4062
1288 4058
1289 4060
1290 4058
1291 4057
1292 4060
1293 4060
1294 4060
1295 4058
1296 4060
1297 4058
1298 4060
1299 4057
1300 4058
1301 4062
1302 4056
1303 4056
1304 4060
1305 4058
1306 4060
1307 4059
1308 4060
1309 4059
1310 4060
1311 4058
1312 4059
1313 4062
1314 4060
1315 4056
1316 4060
1317 4056
1318 4062
1319 4056
1320 4061
1321 4058
1322 4058
1323 4058
1324 4058
1325 4062
1326 4058
1327 4056
1328 4062
1329 4056
1330 4057
1331 4058
1332 4060
1333 4059
1334 4058
1335 4058
1336 4062
1337 4058
1338 4058
1339 4058
1340 4062
1341 4059
1342 4060
1343 4063
1344 4062
1345 4058
1346 4060
1347 4061
1348 4060
1349 4059
1350 4058
1351 4060
1352 4056
1353 4058
1354 4059
1355 4058
1356 4057
1357 4060
1358 4058
1359 4058
1360 4059
1361 4059
1362 4061
1363 4056
1364 4060
1365 4057
1366 4061
1367 4060
1368 4058
1369 4061
1370 4060
1371 4058
1372 4062
1373 4058
1374 4059
1375 4059
1376 4060
1377 4060
1378 4059
1379 4063
1380 4060
1381 4060
1382 4059
1383 4062
1384 4062
1385 4058
1386 4060
1387 4062
1388 4057
1389 4059
1390 4057
1391 4058
1392 4057
1393 4060
1394 4060
1395 4058
1396 4059
1397 4060
1398 4056
1399 4060
1400 4062
1401 4060
1402 4055
1403 4062
1404 4060
1405 4062
1406 4060
1407 4058
1408 4060
1409 4058
1410 4062
1411 4060
1412 4058
1413 4058
1414 4061
1415 4060
1416 4060
1417 4060
1418 4058
1419 4056
1420 4056
1421 4060
1422 4060
1423 4054
1424 4060
1425 4060
1426 4060
1427 4060
1428 4057
1429 4057
1430 4062
1431 4061
1432 4058
1433 4060
1434 4058
1435 4057
1436 4058
1437 4055
1438 4060
1439 4058
1440 4062
1441 4060
1442 4058
1443 4062
1444 4058
1445 4060
1446 4062
1447 4060
1448 4058
1449 4062
1450 4058
1451 4063
1452 4058
1453 4060
1454 4056
1455 4060
1456 4058
1457 4062
1458 4056
1459 4060
1460 4061
1461 4058
1462 4060
1463 4060
1464 4060
1465 4060
1466 4060
1467 4055
1468 4058
1469 4056
1470 4058
1471 4060
1472 4058
1473 4060
1474 4060
1475 4062
1476 4059
1477 4059
1478 4060
1479 4060
1480 4059
1481 4060
1482 4060
1483 4056
1484 4059
1485 4058
1486 4056
1487 4058
1488 4060
1489 4058
1490 4060
1491 4060
1492 4056
1493 4061
1494 4062
1495 4057
1496 4060
1497 4058
1498 4055
1499 4058
1500 4056
1501 4062
1502 4056
1503 4058
1504 4058
1505 4059
1506 4058
1507 4060
1508 4058
1509 4060
1510 4058
1511 4058
1512 4058
1513 4058
1514 4058
1515 4058
1516 4058
1517 4056
1518 4058
1519 4058
1520 4058
1521 4058
1522 4060
1523 4059
1524 4058
1525 4056
1526 4058
1527 4058
1528 4056
1529 4060
1530 4060
1531 4058
1532 4058
1533 4056
1534 4062
1535 4059
1536 4055
1537 4060
1538 4058
1539 4058
1540 4058
1541 4058
1542 4057
1543 4058
1544 4060
1545 4058
1546 4058
1547 4058
1548 4058
1549 4056
1550 4060
1551 4060
1552 4054
1553 4056
1554 4060
1555 4060
1556 4059
1557 4056
1558 4056
1559 4062
1560 4062
1561 4056
1562 4060
1563 4058
1564 4060
1565 4058
1566 4058
1567 4058
1568 4060
1569 4060
1570 4058
1571 4058
1572 4056
1573 4058
1574 4058
1575 4058
1576 4060
1577 4058
1578 4062
1579 4057
1580 4060
1581 4057
1582 4062
1583 4060
1584 4056
1585 4062
1586 4058
1587 4060
1588 4060
1589 4055
1590 4059
1591 4056
1592 4059
1593 4058
1594 4059
1595 4059
1596 4062
1597 4060
1598 4058
1599 4058
1600 4060
1601 4060
1602 4058
1603 4060
1604 4056
1605 4058
1606 4058
1607 4061
1608 4058
1609 4056
1610 4062
1611 4056
1612 4062
1613 4060
1614 4060
1615 4056
1616 4062
1617 4060
1618 4060
1619 4058
1620 4059
1621 4062
1622 4059
1623 4059
1624 4057
1625 4056
1626 4058
1627 4060
1628 4058
1629 4056
1630 4062
1631 4060
1632 4057
1633 4058
1634 4060
1635 4058
1636 4060
1637 4062
1638 4059
1639 4058
1640 4060
1641 4060
1642 4058
1643 4059
1644 4056
1645 4058
1646 4058
1647 4057
1648 4060
1649 4059
1650 4066
1651 4062
1652 4056
1653 4057
1654 4058
1655 4056
1656 4062
1657 4060
1658 4060
1659 4060
1660 4060
1661 4062
1662 4060
1663 4058
1664 4057
1665 4060
1666 4060
1667 4058
1668 4058
1669 4056
1670 4060
1671 4060
1672 4059
1673 4058
1674 4060
1675 4058
1676 4060
1677 4058
1678 4060
1679 4060
1680 4058
1681 4060
1682 4061
1683 4060
1684 4061
1685 4058
1686 4056
1687 4058
1688 4060
1689 4060
1690 4060
1691 4058
1692 4058
1693 4060
1694 4061
1695 4058
1696 4060
1697 4060
1698 4060
1699 4060
1700 4060
1701 4062
1702 4060
1703 4059
1704 4057
1705 4059
1706 4062
1707 4059
1708 4061
1709 4057
1710 4058
1711 4058
1712 4060
1713 4058
1714 4061
1715 4058
1716 4058
1717 4060
1718 4060
1719 4058
1720 4058
1721 4060
1722 4062
1723 4061
1724 4060
1725 4057
1726 4058
1727 4058
1728 4060
1729 4056
1730 4061
1731 4061
1732 4060
1733 4059
1734 4060
1735 4058
1736 4058
1737 4058
1738 4060
1739 4058
1740 4058
1741 4060
1742 4058
1743 4058
1744 4056
1745 4060
1746 4062
1747 4060
1748 4059
1749 4058
1750 4060
1751 4060
1752 4054
1753 4060
1754 4060
1755 4057
1756 4060
1757 4059
1758 4058
1759 4060
1760 4062
1761 4061
1762 4056
1763 4058
1764 4060
1765 4061
1766 4060
1767 4060
1768 4058
1769 4060
1770 4058
1771 4060
1772 4060
1773 4056
1774 4060
1775 4058
1776 4056
1777 4057
1778 4060
1779 4058
1780 4060
1781 4056
1782 4058
1783 4058
1784 4060
1785 4056
1786 4062
1787 4058
1788 4060
1789 4058
1790 4060
1791 4060
1792 4057
1793 4058
1794 4056
1795 4058
1796 4062
1797 4058
1798 4060
1799 4058
1800 4057
1801 4060
1802 4058
1803 4058
1804 4057
1805 4058
1806 4056
1807 4060
1808 4058
1809 4058
1810 4058
1811 4060
1812 4061
1813 4059
1814 4059
1815 4058
1816 4058
1817 4060
1818 4058
1819 4059
1820 4061
1821 4058
1822 4058
1823 4058
1824 4061
1825 4058
1826 4058
1827 4056
1828 4056
1829 4058
1830 4059
1831 4058
1832 4058
1833 4058
1834 4056
1835 4061
1836 4058
1837 4057
1838 4060
1839 4058
1840 4058
1841 4060
1842 4061
1843 4060
1844 4060
1845 4061
1846 4058
1847 4058
1848 4060
1849 4061
1850 4056
1851 4058
1852 4056
1853 4058
1854 4058
1855 4058
1856 4060
1857 4055
1858 4058
1859 4060
1860 4060
1861 4061
1862 4060
1863 4060
1864 4057
1865 4060
1866 4060
1867 4056
1868 4059
1869 4058
1870 4061
1871 4058
1872 4055
1873 4058
1874 4060
1875 4059
1876 4060
1877 4054
1878 4058
1879 4056
1880 4058
1881 4058
1882 4060
1883 4059
1884 4056
1885 4059
1886 4060
1887 4057
1888 4060
1889 4059
1890 4058
1891 4058
1892 4058
1893 4062
1894 4062
1895 4058
1896 4057
1897 4059
1898 4059
1899 4060
1900 4058
1901 4059
1902 4058
1903 4059
1904 4060
1905 4058
1906 4058
1907 4058
1908 4060
1909 4060
1910 4059
1911 4060
1912 4058
1913 4058
1914 4060
1915 4060
1916 4058
1917 4060
1918 4060
1919 4057
1920 4058
1921 4058
1922 4057
1923 4060
1924 4060
1925 4056
1926 4058
1927 4061
1928 4058
1929 4059
1930 4054
1931 4056
1932 4056
1933 4060
1934 4060
1935 4058
1936 4060
1937 4060
1938 4060
1939 4056
1940 4056
1941 4058
1942 4058
1943 4061
1944 4058
1945 4059
1946 4058
1947 4058
1948 4058
1949 4056
1950 4058
1951 4063
1952 4058
1953 4062
1954 4058
1955 4058
1956 4058
1957 4060
1958 4057
1959 4055
1960 4056
1961 4059
1962 4058
1963 4058
1964 4062
1965 4058
1966 4057
1967 4054
1968 4060
1969 4060
1970 4059
1971 4058
1972 4056
1973 4060
1974 4058
1975 4058
1976 4060
1977 4057
1978 4058
1979 4060
1980 4059
1981 4060
1982 4056
1983 4058
1984 4060
1985 4055
1986 4058
1987 4058
1988 4058
1989 4056
1990 4060
1991 4058
1992 4061
1993 4060
1994 4060
1995 4057
1996 4058
1997 4058
1998 4056
1999 4057
2000 4060
2001 4058
2002 4058
2003 4059
2004 4061
2005 4058
2006 4059
2007 4059
2008 4058
2009 4056
2010 4056
2011 4057
2012 4060
2013 4060
2014 4061
2015 4058
2016 4061
2017 4058
2018 4058
2019 4055
2020 4058
2021 4056
2022 4056
2023 4056
2024 4058
2025 4056
2026 4060
2027 4061
2028 4060
2029 4060
2030 4058
2031 4060
2032 4056
2033 4060
2034 4060
2035 4057
2036 4061
2037 4057
2038 4059
2039 4061
2040 4058
2041 4058
2042 4058
2043 4058
2044 4058
2045 4058
2046 4061
2047 4058
2048 4058
2049 4058
2050 4058
2051 4061
2052 4056
2053 4056
2054 4058
2055 4056
2056 4062
2057 4056
2058 4060
2059 4058
2060 4056
2061 4059
2062 4061
2063 4056
2064 4058
2065 4058
2066 4057
2067 4055
2068 4062
2069 4059
2070 4058
2071 4059
2072 4056
2073 4058
2074 4056
2075 4056
2076 4056
2077 4058
2078 4057
2079 4059
2080 4058
2081 4058
2082 4060
2083 4058
2084 4060
2085 4060
2086 4058
2087 4056
2088 4058
2089 4057
2090 4060
2091 4057
2092 4058
2093 4060
2094 4057
2095 4056
2096 4060
2097 4058
2098 4058
2099 4058
2100 4060
2101 4062
2102 4054
2103 4060
2104 4054
2105 4060
2106 4058
2107 4057
2108 4058
2109 4058
2110 4058
2111 4058
2112 4058
2113 4058
2114 4058
2115 4058
2116 4060
2117 4060
2118 4058
2119 4058
2120 4060
2121 4057
2122 4060
2123 4056
2124 4056
2125 4056
2126 4056
2127 4055
2128 4060
2129 4058
2130 4057
2131 4058
2132 4058
2133 4058
2134 4058
2135 4056
2136 4057
2137 4056
2138 4059
2139 4055
2140 4056
2141 4056
2142 4059
2143 4058
2144 4054
2145 4056
2146 4058
2147 4058
2148 4058
2149 4058
2150 4058
2151 4058
2152 4055
2153 4058
2154 4060
2155 4058
2156 4056
2157 4056
2158 4055
2159 4060
2160 4059
2161 4055
2162 4058
2163 4055
2164 4058
2165 4060
2166 4058
2167 4057
2168 4060
2169 4052
2170 4056
2171 4060
2172 4056
2173 4056
2174 4058
2175 4056
2176 4060
2177 4058
2178 4061
2179 4056
2180 4058
2181 4058
2182 4056
2183 4060
2184 4058
2185 4056
2186 4056
2187 4056
2188 4060
2189 4056
2190 4060
2191 4058
2192 4056
2193 4058
2194 4058
2195 4056
2196 4056
2197 4057
2198 4055
2199 4058
2200 4053
2201 4060
2202 4056
2203 4056
2204 4058
2205 4056
2206 4058
2207 4055
2208 4058
2209 4058
2210 4056
2211 4056
2212 4057
2213 4052
2214 4058
2215 4054
2216 4058
2217 4056
2218 4059
2219 4060
2220 4058
2221 4058
2222 4058
2223 4056
2224 4056
2225 4058
2226 4058
2227 4056
2228 4058
2229 4056
2230 4060
2231 4058
2232 4058
2233 4058
2234 4058
2235 4054
2236 4058
2237 4057
2238 4058
2239 4058
2240 4060
2241 4053
2242 4057
2243 4056
2244 4059
2245 4060
2246 4060
2247 4056
2248 4057
2249 4054
2250 4058
2251 4060
2252 4053
2253 4056
2254 4057
2255 4056
2256 4059
2257 4056
2258 4056
2259 4058
2260 4058
2261 4058
2262 4058
2263 4058
2264 4058
2265 4058
2266 4056
2267 4053
2268 4057
2269 4058
2270 4056
2271 4057
2272 4058
2273 4056
2274 4058
2275 4058
2276 4056
2277 4058
2278 4054
2279 4057
2280 4056
2281 4056
2282 4058
2283 4056
2284 4058
2285 4056
2286 4056
2287 4052
2288 4056
2289 4055
2290 4058
2291 4055
2292 4058
2293 4058
2294 4054
2295 4060
2296 4056
2297 4056
2298 4056
2299 4057
2300 4056
2301 4055
2302 4056
2303 4058
2304 4054
2305 4057
2306 4058
2307 4056
2308 4055
2309 4058
2310 4056
2311 4058
2312 4062
2313 4053
2314 4056
2315 4056
2316 4058
2317 4058
2318 4058
2319 4053
2320 4060
2321 4058
2322 4054
2323 4058
2324 4060
2325 4057
2326 4056
2327 4057
2328 4058
2329 4055
2330 4054
2331 4054
2332 4058
2333 4056
2334 4056
2335 4054
2336 4056
2337 4055
2338 4057
2339 4054
2340 4056
2341 4056
2342 4058
2343 4057
2344 4057
2345 4059
2346 4058
2347 4054
2348 4052
2349 4059
2350 4053
2351 4056
2352 4053
2353 4056
2354 4056
2355 4056
2356 4054
2357 4056
2358 4058
2359 4058
2360 4054
2361 4056
2362 4052
2363 4056
2364 4054
2365 4056
2366 4057
2367 4054
2368 4056
2369 4056
2370 4057
2371 4054
2372 4056
2373 4053
2374 4054
2375 4054
2376 4056
2377 4054
2378 4054
2379 4056
2380 4057
2381 4054
2382 4055
2383 4056
2384 4056
2385 4054
2386 4054
2387 4057
2388 4056
2389 4054
2390 4058
2391 4052
2392 4056
2393 4057
2394 4054
2395 4056
2396 4054
2397 4056
2398 4055
2399 4058
2400 4056
2401 4056
2402 4054
2403 4054
2404 4058
2405 4055
2406 4055
2407 4056
2408 4056
2409 4054
2410 4056
2411 4056
2412 4057
2413 4055
2414 4056
2415 4055
2416 4056
2417 4054
2418 4056
2419 4053
2420 4056
2421 4058
2422 4053
2423 4054
2424 4056
2425 4057
2426 4056
2427 4056
2428 4056
2429 4054
2430 4058
2431 4050
2432 4056
2433 4053
2434 4054
2435 4056
2436 4056
2437 4054
2438 4054
2439 4052
2440 4056
2441 4054
2442 4052
2443 4056
2444 4052
2445 4057
2446 4058
2447 4052
2448 4056
2449 4054
2450 4052
2451 4058
2452 4052
2453 4054
2454 4054
2455 4054
2456 4056
2457 4056
2458 4054
2459 4054
2460 4056
2461 4058
2462 4056
2463 4053
2464 4056
2465 4054
2466 4054
2467 4052
2468 4054
2469 4055
2470 4054
2471 4054
2472 4052
2473 4054
2474 4055
2475 4054
2476 4054
2477 4052
2478 4054
2479 4054
2480 4052
2481 4054
2482 4053
2483 4054
2484 4057
2485 4054
2486 4054
2487 4053
2488 4054
2489 4052
2490 4053
2491 4056
2492 4052
2493 4054
2494 4050
2495 4046
2496 4054
2497 4052
2498 4056
2499 4052
2500 4052
2501 4054
2502 4050
2503 4053
2504 4052
2505 4053
2506 4052
2507 4055
2508 4050
2509 4052
2510 4053
2511 4050
2512 4051
2513 4054
2514 4050
2515 4054
2516 4052
2517 4054
2518 4050
2519 4052
2520 4050
2521 4052
2522 4053
2523 4053
2524 4051
2525 4052
2526 4050
2527 4052
2528 4050
2529 4052
2530 4050
2531 4053
2532 4050
2533 4050
2534 4054
2535 4050
2536 4052
2537 4053
2538 4052
2539 4047
2540 4051
2541 4050
2542 4052
2543 4053
2544 4050
2545 4050
2546 4052
2547 4047
2548 4050
2549 4047
2550 4052
2551 4050
2552 4047
2553 4050
2554 4050
2555 4047
2556 4049
2557 4047
2558 4046
2559 4048
2560 4050
2561 4047
2562 4052
2563 4054
2564 4048
2565 4049
2566 4052
2567 4050
2568 4050
2569 4049
2570 4050
2571 4047
2572 4051
2573 4048
2574 4046
2575 4050
2576 4047
2577 4047
2578 4046
2579 4047
2580 4046
2581 4049
2582 4048
2583 4047
2584 4046
2585 4046
2586 4050
2587 4046
2588 4048
2589 4047
2590 4047
2591 4046
2592 4046
2593 4046
2594 4046
2595 4046
2596 4047
2597 4045
2598 4046
2599 4044
2600 4047
2601 4047
2602 4043
2603 4048
2604 4047
2605 4046
2606 4050
2607 4045
2608 4046
2609 4045
2610 4047
2611 4047
2612 4045
2613 4046
2614 4047
2615 4041
2616 4044
2617 4047
2618 4044
2619 4044
2620 4042
2621 4041
2622 4043
2623 4042
2624 4042
2625 4044
2626 4045
2627 4039
2628 4042
2629 4040
2630 4042
2631 4040
2632 4042
2633 4040
2634 4040
2635 4039
2636 4040
2637 4041
2638 4040
2639 4034
2640 4029
2641 4040
2642 4038
2643 4040
2644 4041
2645 4038
2646 4038
2647 4034
2648 4036
2649 4036
2650 4036
2651 4031
2652 4031
2653 4034
2654 4036
2655 4034
2656 4038
2657 4035
2658 4036
2659 4031
2660 4036
2661 4031
2662 4031
2663 4034
2664 4036
2665 4031
2666 4026
2667 4031
2668 4034
2669 4028
2670 4031
2671 4026
2672 4029
2673 4024
2674 4026
2675 4029
2676 4026
2677 4026
2678 4028
2679 4027
2680 4028
2681 4022
2682 4024
2683 4023
2684 4021
2685 4026
2686 4018
2687 4020
2688 4024
2689 4020
2690 4018
2691 4018
2692 4022
2693 4017
2694 4018
2695 4015
2696 4018
2697 4015
2698 4013
2699 4008
2700 4014
2701 4014
2702 4002
2703 4009
2704 4006
2705 4002
2706 4006
2707 4006
2708 4007
2709 4004
2710 4006
2711 3998
2712 3998
2713 4004
2714 4000
2715 3996
2716 3999
2717 3995
2718 3997
2719 3990
2720 3992
2721 3994
2722 3990
2723 3993
2724 3993
2725 3982
2726 3987
2727 3987
2728 3985
2729 3986
2730 3985
2731 3987
2732 3982
2733 3977
2734 3978
2735 3976
2736 3970
2737 3972
2738 3969
2739 3966
2740 3967
2741 3962
2742 3956
2743 3951
2744 3954
2745 3948
2746 3951
2747 3944
2748 3943
2749 3938
2750 3934
2751 3935
2752 3924
2753 3918
2754 3918
2755 3908
2756 3910
2757 3899
2758 3903
2759 3900
2760 3887
2761 3897
2762 3882
2763 3874
2764 3869
2765 3875
2766 3856
2767 3858
2768 3849
2769 3846
2770 3833
2771 3838
2772 3810
2773 3810
2774 3793
2775 3782
2776 3782
2777 3762
2778 3768
2779 3724
2780 3736
2781 3709
2782 3708
2783 3696
2784 3653
2785 3656
2786 3615
2787 3598
2788 3570
2789 3518
2790 3495
2791 3425
2792 3262
2793 3134
2794 3007
2795 2629
2796 2230
2797 1850
2798 1663
2799 1636
2800 1617
2801 1603
2802 1594
2803 1586
2804 1586
2805 1576
2806 1573
2807 1569
2808 1569
2809 1565
2810 1566
2811 1562
2812 1563
2813 1560
2814 1561
2815 1558
2816 1559
2817 1557
2818 1557
2819 1556
2820 1556
2821 1554
2822 1555
2823 1552
2824 1554
2825 1552
2826 1553
2827 1550
2828 1551
2829 1550
2830 1550
2831 1549
2832 1549
2833 1548
2834 1548
2835 1548
2836 1549
2837 1547
2838 1548
2839 1547
2840 1547
2841 1545
2842 1547
2843 1546
2844 1546
2845 1544
2846 1547
2847 1544
2848 1546
2849 1544
2850 1544
2851 1542
2852 1544
2853 1544
2854 1544
2855 1542
2856 1544
2857 1542
2858 1543
2859 1542
2860 1544
2861 1541
2862 1543
2863 1542
2864 1543
2865 1540
2866 1543
2867 1539
2868 1542
2869 1541
2870 1542
2871 1539
2872 1540
2873 1539
2874 1540
2875 1540
2876 1541
2877 1538
2878 1541
2879 1540
2880 1539
2881 1540
2882 1539
2883 1538
2884 1538
2885 1538
2886 1538
2887 1538
2888 1539
2889 1538
2890 1538
2891 1537
2892 1538
2893 1536
2894 1538
2895 1537
2896 1538
2897 1535
2898 1538
2899 1536
2900 1537
2901 1536
2902 1538
2903 1537
2904 1537
2905 1534
2906 1537
2907 1535
2908 1537
2909 1535
2910 1536
2911 1535
2912 1537
2913 1534
2914 1535
2915 1534
2916 1534
2917 1534
2918 1536
2919 1533
2920 1534
2921 1533
2922 1535
2923 1534
2924 1535
2925 1533
2926 1535
2927 1533
2928 1534
2929 1534
2930 1535
2931 1533
2932 1535
2933 1533
2934 1534
2935 1533
2936 1535
2937 1532
2938 1534
2939 1533
2940 1534
2941 1532
2942 1533
2943 1533
2944 1534
2945 1532
2946 1533
2947 1533
2948 1534
2949 1527
2950 1534
2951 1532
2952 1533
2953 1531
2954 1533
2955 1530
2956 1532
2957 1532
2958 1532
2959 1531
2960 1533
2961 1531
2962 1532
2963 1531
2964 1532
2965 1532
2966 1532
2967 1530
2968 1533
2969 1532
2970 1532
2971 1530
2972 1532
2973 1531
2974 1532
2975 1531
2976 1531
2977 1530
2978 1532
2979 1530
2980 1531
2981 1530
2982 1531
2983 1530
2984 1531
2985 1530
2986 1532
2987 1530
2988 1531
2989 1529
2990 1530
2991 1529
2992 1531
2993 1528
2994 1531
2995 1529
2996 1531
2997 1529
2998 1530
2999 1528
3000 1530
3001 1529
3002 1530
3003 1529
3004 1530
3005 1527
3006 1530
3007 1529
3008 1529
3009 1529
3010 1530
3011 1528
3012 1530
3013 1529
3014 1529
3015 1528
3016 1529
3017 1529
3018 1530
3019 1527
3020 1529
3021 1528
3022 1529
3023 1527
3024 1529
3025 1527
3026 1528
3027 1527
3028 1529
3029 1527
3030 1529
3031 1527
3032 1528
3033 1527
3034 1528
3035 1528
3036 1527
3037 1527
3038 1528
3039 1527
3040 1529
3041 1527
3042 1528
3043 1528
3044 1528
3045 1527
3046 1529
3047 1526
3048 1528
3049 1527
3050 1528
3051 1527
3052 1528
3053 1526
3054 1527
3055 1527
3056 1528
3057 1526
3058 1527
3059 1527
3060 1528
3061 1526
3062 1528
3063 1527
3064 1527
3065 1525
3066 1528
3067 1525
3068 1529
3069 1527
3070 1527
3071 1527
3072 1527
3073 1526
3074 1527
3075 1526
3076 1527
3077 1526
3078 1527
3079 1525
3080 1527
3081 1526
3082 1526
3083 1526
3084 1527
3085 1525
3086 1527
3087 1525
3088 1526
3089 1525
3090 1526
3091 1525
3092 1526
3093 1527
3094 1525
3095 1525
3096 1526
3097 1525
3098 1527
3099 1525
3100 1527
3101 1525
3102 1526
3103 1525
3104 1526
3105 1525
3106 1526
3107 1524
3108 1526
3109 1525
3110 1526
3111 1525
3112 1526
3113 1525
3114 1525
3115 1525
3116 1526
3117 1524
3118 1526
3119 1524
3120 1525
3121 1525
3122 1525
3123 1524
3124 1526
3125 1525
3126 1526
3127 1524
3128 1525
3129 1524
3130 1526
3131 1525
3132 1525
3133 1524
3134 1525
3135 1524
3136 1526
3137 1524
3138 1525
3139 1522
3140 1525
3141 1523
3142 1525
3143 1524
3144 1525
3145 1523
3146 1525
3147 1524
3148 1525
3149 1525
3150 1525
3151 1523
3152 1524
3153 1523
3154 1524
3155 1524
3156 1525
3157 1522
3158 1524
3159 1522
3160 1524
3161 1524
3162 1524
3163 1523
3164 1524
3165 1522
3166 1524
3167 1522
3168 1526
3169 1522
3170 1524
3171 1523
3172 1524
3173 1523
3174 1524
3175 1523
3176 1528
3177 1523
3178 1524
3179 1523
3180 1524
3181 1523
3182 1525
3183 1522
3184 1524
3185 1523
3186 1524
3187 1522
3188 1524
3189 1522
3190 1523
3191 1522
3192 1524
3193 1522
3194 1523
3195 1523
3196 1523
3197 1522
3198 1524
3199 1522
3200 1523
3201 1522
3202 1524
3203 1522
3204 1523
3205 1521
3206 1524
3207 1522
3208 1522
3209 1522
3210 1522
3211 1522
3212 1523
3213 1521
3214 1522
3215 1522
3216 1523
3217 1521
3218 1524
3219 1522
3220 1522
3221 1521
3222 1523
3223 1522
3224 1523
3225 1521
3226 1523
3227 3029
3228 1518
3229 4095
3230 3182
3231 4046
3232 3997
3233 4014
3234 4008
3235 4020
3236 4015
3237 4023
3238 4022
3239 4022
3240 4022
3241 4027
3242 4024
3243 4034
3244 4027
3245 4030
3246 4027
3247 4034
3248 4034
3249 4031
3250 4036
3251 4037
3252 4031
3253 4031
3254 4038
3255 4036
3256 4036
3257 4038
3258 4039
3259 4041
3260 4038
3261 4040
3262 4039
3263 4039
3264 4041
3265 4042
3266 4043
3267 4041
3268 4040
3269 4043
3270 4040
3271 4042
3272 4042
3273 4042
3274 4044
3275 4044
3276 4043
3277 4044
3278 4045
3279 4045
3280 4042
3281 4044
3282 4042
3283 4044
3284 4045
3285 4044
3286 4046
3287 4046
3288 4048
3289 4046
3290 4048
3291 4046
3292 4046
3293 4046
3294 4044
3295 4047
3296 4050
3297 4046
3298 4046
3299 4046
3300 4044
3301 4047
3302 4042
3303 4047
3304 4048
3305 4044
3306 4046
3307 4047
3308 4047
3309 4052
3310 4047
3311 4045
3312 4050
3313 4047
3314 4050
3315 4048
3316 4049
3317 4046
3318 4046
3319 4049
3320 4049
3321 4053
3322 4046
3323 4050
3324 4048
3325 4050
3326 4049
3327 4050
3328 4051
3329 4049
3330 4048
3331 4047
3332 4051
3333 4052
3334 4049
3335 4053
3336 4052
3337 4048
3338 4050
3339 4050
3340 4048
3341 4050
3342 4052
3343 4052
3344 4054
3345 4050
3346 4052
3347 4054
3348 4053
3349 4051
3350 4052
3351 4054
3352 4047
3353 4052
3354 4054
3355 4053
3356 4054
3357 4054
3358 4053
3359 4052
3360 4052
3361 4052
3362 4052
3363 4052
3364 4053
3365 4052
3366 4053
3367 4047
3368 4054
3369 4056
3370 4052
3371 4054
3372 4053
3373 4055
3374 4050
3375 4054
3376 4052
3377 4053
3378 4054
3379 4052
3380 4053
3381 4050
3382 4052
3383 4052
3384 4054
3385 4054
3386 4052
3387 4051
3388 4053
3389 4052
3390 4056
3391 4049
3392 4052
3393 4050
3394 4052
3395 4054
3396 4054
3397 4054
3398 4053
3399 4052
3400 4051
3401 4056
3402 4052
3403 4060
3404 4050
3405 4052
3406 4052
3407 4054
3408 4054
3409 4052
3410 4054
3411 4058
3412 4056
3413 4052
3414 4054
3415 4055
3416 4054
3417 4051
3418 4056
3419 4053
3420 4052
3421 4052
3422 4052
3423 4053
3424 4052
3425 4054
3426 4053
3427 4058
3428 4054
3429 4054
3430 4054
3431 4052
3432 4054
3433 4054
3434 4055
3435 4052
3436 4057
3437 4053
3438 4054
3439 4047
3440 4056
3441 4054
3442 4056
3443 4055
3444 4052
3445 4054
3446 4050
3447 4055
3448 4056
3449 4056
3450 4054
3451 4053
3452 4048
3453 4054
3454 4058
3455 4056
3456 4054
3457 4054
3458 4055
3459 4052
3460 4054
3461 4054
3462 4056
3463 4053
3464 4055
3465 4054
3466 4054
3467 4052
3468 4057
3469 4052
3470 4054
3471 4054
3472 4055
3473 4054
3474 4056
3475 4054
3476 4056
3477 4055
3478 4057
3479 4057
3480 4056
3481 4057
3482 4054
3483 4052
3484 4058
3485 4055
3486 4054
3487 4054
3488 4052
3489 4058
3490 4054
3491 4052
3492 4054
3493 4052
3494 4054
3495 4056
3496 4057
3497 4054
3498 4054
3499 4055
3500 4052
3501 4058
3502 4052
3503 4056
3504 4056
3505 4053
3506 4058
3507 4055
3508 4054
3509 4054
3510 4055
3511 4056
3512 4052
3513 4058
3514 4055
3515 4056
3516 4053
3517 4054
3518 4056
3519 4054
3520 4056
3521 4057
3522 4055
3523 4058
3524 4056
3525 4058
3526 4058
3527 4052
3528 4058
3529 4058
3530 4056
3531 4058
3532 4058
3533 4055
3534 4058
3535 4055
3536 4054
3537 4054
3538 4060
3539 4056
3540 4053
3541 4054
3542 4055
3543 4058
3544 4054
3545 4056
3546 4056
3547 4057
3548 4054
3549 4054
3550 4056
3551 4056
3552 4054
3553 4056
3554 4056
3555 4056
3556 4059
3557 4054
3558 4054
3559 4052
3560 4055
3561 4058
3562 4057
3563 4056
3564 4056
3565 4054
3566 4058
3567 4058
3568 4060
3569 4058
3570 4055
3571 4054
3572 4053
3573 4056
3574 4060
3575 4058
3576 4056
3577 4052
3578 4060
3579 4054
3580 4056
3581 4059
3582 4058
3583 4056
3584 4058
3585 4057
3586 4058
3587 4052
3588 4054
3589 4056
3590 4055
3591 4056
3592 4056
3593 4053
3594 4056
3595 4058
3596 4054
3597 4056
3598 4057
3599 4056
3600 4056
3601 4058
3602 4052
3603 4060
3604 4057
3605 4054
3606 4052
3607 4056
3608 4056
3609 4058
3610 4057
3611 4057
3612 4054
3613 4056
3614 4056
3615 4058
3616 4056
3617 4058
3618 4056
3619 4058
3620 4058
3621 4056
3622 4059
3623 4058
3624 4054
3625 4060
3626 4054
3627 4058
3628 4056
3629 4057
3630 4050
3631 4057
3632 4054
3633 4056
3634 4058
3635 4055
3636 4058
3637 4054
3638 4060
3639 4058
3640 4054
3641 4060
3642 4060
3643 4055
3644 4058
3645 4058
3646 4056
3647 4056
3648 4058
3649 4056
3650 4057
3651 4060
3652 4054
3653 4056
3654 4060
3655 4058
3656 4057
3657 4057
3658 4057
3659 4058
3660 4058
3661 4056
3662 4054
3663 4058
3664 4056
3665 4058
3666 4058
3667 4054
3668 4058
3669 4056
3670 4056
3671 4058
3672 4058
3673 4056
3674 4059
3675 4058
3676 4056
3677 4058
3678 4060
3679 4056
3680 4056
3681 4060
3682 4058
3683 4057
3684 4058
3685 4057
3686 4054
3687 4055
3688 4060
3689 4059
3690 4054
3691 4058
3692 4060
3693 4062
3694 4058
