#Data from the TCD1304 linear CCD
#column 1 = pixelnumber , column 2 = pixelvalue
#Pixel 1-32 and 3679-3694 and are dummy pixels
#SH-period: 200    ICG-period: 100000    Integration time: 100.0 us
2 4040
3 4041
4 4060
5 4063
6 4062
7 4061
8 4062
9 4063
10 4063
11 4062
12 4063
13 4062
14 4063
15 4065
16 4063
17 4063
18 4061
19 4063
20 4063
21 4063
22 4063
23 4062
24 4065
25 4065
26 4063
27 4066
28 4062
29 4062
30 4062
31 4064
32 4062
34 4066
35 4063
36 4062
37 4062
38 4066
39 4062
40 4063
41 4066
42 4063
43 4063
44 4066
45 4065
46 4063
47 4063
48 4063
49 4063
50 4062
51 4066
52 4060
53 4062
54 4063
55 4063
56 4068
57 4063
58 4060
59 4065
60 4063
61 4062
62 4066
63 4063
64 4063
65 4062
66 4060
67 4066
68 4066
69 4062
70 4063
71 4062
72 4062
73 4063
74 4063
75 4063
76 4068
77 4066
78 4063
79 4063
80 4063
81 4060
82 4062
83 4063
84 4063
85 4066
86 4062
87 4063
88 4063
89 4063
90 4063
91 4065
92 4060
93 4062
94 4061
95 4063
96 4063
97 4066
98 4063
99 4063
100 4063
101 4066
102 4060
103 4063
104 4063
105 4062
106 4060
107 4062
108 4065
109 4060
110 4063
111 4063
112 4060
113 4063
114 4066
115 4063
116 4062
117 4063
118 4063
119 4062
120 4062
121 4063
122 4065
123 4065
124 4062
125 4065
126 4061
127 4063
128 4060
129 4063
130 4063
131 4063
132 4063
133 4065
134 4062
135 4062
136 4061
137 4063
138 4063
139 4062
140 4061
141 4063
142 4063
143 4063
144 4063
145 4063
146 4062
147 4063
148 4062
149 4062
150 4062
151 4063
152 4056
153 4067
154 4066
155 4066
156 4063
157 4062
158 4060
159 4063
160 4061
161 4063
162 4063
163 4060
164 4062
165 4065
166 4063
167 4062
168 4063
169 4062
170 4060
171 4063
172 4063
173 4063
174 4062
175 4062
176 4062
177 4063
178 4063
179 4063
180 4061
181 4068
182 4061
183 4062
184 4062
185 4062
186 4066
187 4066
188 4062
189 4063
190 4063
191 4064
192 4062
193 4066
194 4060
195 4060
196 4063
197 4062
198 4060
199 4063
200 4063
201 4066
202 4062
203 4065
204 4063
205 4063
206 4066
207 4066
208 4061
209 4062
210 4063
211 4066
212 4063
213 4063
214 4063
215 4062
216 4060
217 4063
218 4062
219 4063
220 4061
221 4063
222 4062
223 4063
224 4063
225 4062
226 4059
227 4063
228 4063
229 4062
230 4063
231 4063
232 4065
233 4063
234 4062
235 4063
236 4060
237 4063
238 4063
239 4063
240 4062
241 4063
242 4062
243 4062
244 4063
245 4066
246 4063
247 4066
248 4063
249 4063
250 4063
251 4061
252 4063
253 4062
254 4063
255 4063
256 4063
257 4062
258 4063
259 4063
260 4060
261 4062
262 4063
263 4061
264 4062
265 4066
266 4063
267 4063
268 4062
269 4063
270 4061
271 4062
272 4063
273 4062
274 4062
275 4063
276 4063
277 4068
278 4062
279 4063
280 4063
281 4063
282 4065
283 4066
284 4067
285 4060
286 4062
287 4063
288 4063
289 4062
290 4067
291 4062
292 4063
293 4066
294 4065
295 4066
296 4061
297 4063
298 4063
299 4063
300 4063
301 4065
302 4062
303 4063
304 4064
305 4065
306 4063
307 4062
308 4060
309 4063
310 4060
311 4063
312 4062
313 4065
314 4063
315 4068
316 4063
317 4067
318 4062
319 4063
320 4067
321 4063
322 4063
323 4062
324 4062
325 4066
326 4068
327 4063
328 4062
329 4063
330 4062
331 4062
332 4062
333 4066
334 4066
335 4063
336 4062
337 4066
338 4060
339 4066
340 4063
341 4066
342 4062
343 4063
344 4061
345 4062
346 4065
347 4065
348 4063
349 4062
350 4063
351 4062
352 4060
353 4062
354 4064
355 4063
356 4063
357 4066
358 4066
359 4066
360 4063
361 4065
362 4063
363 4063
364 4062
365 4063
366 4063
367 4062
368 4063
369 4063
370 4062
371 4068
372 4063
373 4062
374 4063
375 4063
376 4063
377 4063
378 4063
379 4061
380 4063
381 4061
382 4061
383 4063
384 4063
385 4063
386 4063
387 4063
388 4066
389 4063
390 4062
391 4063
392 4066
393 4063
394 4063
395 4063
396 4062
397 4066
398 4060
399 4063
400 4063
401 4066
402 4060
403 4066
404 4062
405 4062
406 4063
407 4063
408 4060
409 4066
410 4062
411 4063
412 4062
413 4063
414 4063
415 4063
416 4062
417 4063
418 4066
419 4063
420 4063
421 4063
422 4062
423 4063
424 4066
425 4060
426 4062
427 4066
428 4062
429 4060
430 4063
431 4065
432 4064
433 4065
434 4062
435 4062
436 4062
437 4063
438 4065
439 4063
440 4066
441 4063
442 4063
443 4066
444 4062
445 4063
446 4063
447 4060
448 4062
449 4065
450 4063
451 4067
452 4062
453 4062
454 4063
455 4065
456 4063
457 4062
458 4061
459 4065
460 4063
461 4063
462 4060
463 4062
464 4061
465 4062
466 4065
467 4062
468 4063
469 4067
470 4063
471 4065
472 4061
473 4062
474 4062
475 4063
476 4063
477 4061
478 4062
479 4063
480 4066
481 4067
482 4061
483 4062
484 4062
485 4063
486 4062
487 4068
488 4063
489 4063
490 4060
491 4062
492 4062
493 4066
494 4063
495 4062
496 4063
497 4062
498 4063
499 4062
500 4063
501 4063
502 4063
503 4062
504 4062
505 4066
506 4060
507 4063
508 4065
509 4062
510 4070
511 4065
512 4062
513 4063
514 4065
515 4065
516 4062
517 4063
518 4066
519 4062
520 4062
521 4063
522 4063
523 4061
524 4062
525 4062
526 4066
527 4064
528 4063
529 4063
530 4062
531 4063
532 4061
533 4066
534 4062
535 4063
536 4063
537 4068
538 4066
539 4063
540 4065
541 4062
542 4062
543 4063
544 4062
545 4062
546 4062
547 4063
548 4063
549 4063
550 4066
551 4063
552 4060
553 4065
554 4063
555 4065
556 4063
557 4063
558 4063
559 4063
560 4059
561 4060
562 4063
563 4063
564 4061
565 4063
566 4062
567 4067
568 4062
569 4063
570 4063
571 4063
572 4065
573 4063
574 4061
575 4063
576 4062
577 4063
578 4064
579 4063
580 4066
581 4062
582 4063
583 4062
584 4063
585 4063
586 4063
587 4063
588 4063
589 4063
590 4062
591 4063
592 4052
593 4063
594 4063
595 4063
596 4062
597 4066
598 4060
599 4062
600 4066
601 4063
602 4058
603 4061
604 4061
605 4062
606 4063
607 4063
608 4062
609 4063
610 4060
611 4063
612 4060
613 4063
614 4062
615 4063
616 4062
617 4062
618 4063
619 4063
620 4066
621 4062
622 4063
623 4061
624 4063
625 4062
626 4061
627 4062
628 4066
629 4063
630 4063
631 4061
632 4066
633 4065
634 4063
635 4062
636 4062
637 4063
638 4062
639 4062
640 4066
641 4063
642 4063
643 4066
644 4062
645 4060
646 4063
647 4062
648 4062
649 4066
650 4060
651 4063
652 4060
653 4062
654 4062
655 4066
656 4062
657 4062
658 4061
659 4066
660 4062
661 4063
662 4067
663 4062
664 4060
665 4066
666 4063
667 4066
668 4062
669 4062
670 4063
671 4063
672 4063
673 4062
674 4056
675 4063
676 4063
677 4063
678 4066
679 4062
680 4063
681 4062
682 4063
683 4063
684 4062
685 4062
686 4063
687 4063
688 4060
689 4063
690 4063
691 4062
692 4062
693 4065
694 4062
695 4061
696 4062
697 4065
698 4063
699 4063
700 4062
701 4067
702 4061
703 4061
704 4062
705 4063
706 4063
707 4062
708 4061
709 4063
710 4060
711 4063
712 4063
713 4063
714 4060
715 4063
716 4062
717 4065
718 4062
719 4060
720 4061
721 4062
722 4063
723 4063
724 4062
725 4066
726 4066
727 4063
728 4062
729 4062
730 4063
731 4063
732 4061
733 4062
734 4063
735 4062
736 4062
737 4066
738 4063
739 4063
740 4062
741 4062
742 4063
743 4063
744 4062
745 4063
746 4060
747 4063
748 4062
749 4068
750 4060
751 4063
752 4062
753 4062
754 4062
755 4066
756 4060
757 4062
758 4062
759 4065
760 4063
761 4066
762 4063
763 4059
764 4063
765 4062
766 4063
767 4063
768 4065
769 4066
770 4063
771 4060
772 4063
773 4062
774 4058
775 4065
776 4062
777 4063
778 4062
779 4063
780 4063
781 4063
782 4063
783 4063
784 4063
785 4066
786 4063
787 4066
788 4063
789 4066
790 4062
791 4063
792 4060
793 4063
794 4063
795 4063
796 4062
797 4063
798 4062
799 4063
800 4062
801 4065
802 4058
803 4062
804 4062
805 4062
806 4060
807 4061
808 4066
809 4067
810 4063
811 4062
812 4063
813 4062
814 4060
815 4063
816 4063
817 4063
818 4063
819 4063
820 4063
821 4062
822 4062
823 4062
824 4065
825 4063
826 4060
827 4063
828 4063
829 4060
830 4062
831 4063
832 4062
833 4062
834 4066
835 4063
836 4062
837 4068
838 4061
839 4063
840 4060
841 4065
842 4065
843 4063
844 4063
845 4066
846 4068
847 4063
848 4062
849 4063
850 4063
851 4066
852 4060
853 4066
854 4062
855 4063
856 4066
857 4063
858 4063
859 4063
860 4062
861 4062
862 4062
863 4062
864 4065
865 4063
866 4061
867 4063
868 4061
869 4063
870 4060
871 4063
872 4063
873 4062
874 4063
875 4066
876 4065
877 4062
878 4061
879 4065
880 4063
881 4063
882 4062
883 4066
884 4062
885 4065
886 4062
887 4062
888 4066
889 4063
890 4063
891 4063
892 4063
893 4063
894 4062
895 4063
896 4063
897 4062
898 4060
899 4066
900 4062
901 4065
902 4061
903 4063
904 4065
905 4061
906 4066
907 4063
908 4063
909 4063
910 4062
911 4062
912 4063
913 4062
914 4061
915 4063
916 4063
917 4065
918 4063
919 4063
920 4067
921 4063
922 4063
923 4063
924 4062
925 4063
926 4062
927 4066
928 4063
929 4063
930 4063
931 4063
932 4063
933 4066
934 4065
935 4062
936 4062
937 4066
938 4063
939 4066
940 4062
941 4060
942 4062
943 4063
944 4063
945 4062
946 4062
947 4066
948 4062
949 4066
950 4061
951 4068
952 4063
953 4063
954 4062
955 4062
956 4066
957 4062
958 4063
959 4061
960 4063
961 4063
962 4065
963 4062
964 4066
965 4063
966 4065
967 4062
968 4063
969 4062
970 4063
971 4062
972 4060
973 4065
974 4066
975 4063
976 4063
977 4063
978 4063
979 4062
980 4063
981 4062
982 4062
983 4063
984 4065
985 4062
986 4066
987 4063
988 4063
989 4066
990 4063
991 4063
992 4061
993 4065
994 4060
995 4062
996 4063
997 4066
998 4062
999 4063
1000 4063
1001 4068
1002 4061
1003 4062
1004 4063
1005 4060
1006 4066
1007 4062
1008 4063
1009 4067
1010 4062
1011 4063
1012 4062
1013 4066
1014 4063
1015 4066
1016 4062
1017 4063
1018 4063
1019 4063
1020 4063
1021 4056
1022 4063
1023 4068
1024 4066
1025 4063
1026 4063
1027 4063
1028 4063
1029 4062
1030 4062
1031 4063
1032 4063
1033 4063
1034 4063
1035 4068
1036 4063
1037 4066
1038 4063
1039 4066
1040 4065
1041 4062
1042 4062
1043 4065
1044 4063
1045 4062
1046 4063
1047 4068
1048 4068
1049 4068
1050 4062
1051 4063
1052 4060
1053 4066
1054 4063
1055 4062
1056 4060
1057 4063
1058 4061
1059 4062
1060 4063
1061 4061
1062 4063
1063 4063
1064 4066
1065 4066
1066 4063
1067 4062
1068 4063
1069 4061
1070 4063
1071 4063
1072 4063
1073 4065
1074 4063
1075 4061
1076 4063
1077 4066
1078 4063
1079 4063
1080 4062
1081 4066
1082 4063
1083 4063
1084 4062
1085 4062
1086 4063
1087 4063
1088 4061
1089 4065
1090 4062
1091 4063
1092 4063
1093 4063
1094 4062
1095 4063
1096 4063
1097 4063
1098 4066
1099 4061
1100 4063
1101 4066
1102 4059
1103 4066
1104 4065
1105 4066
1106 4061
1107 4062
1108 4062
1109 4062
1110 4063
1111 4063
1112 4063
1113 4063
1114 4063
1115 4062
1116 4066
1117 4063
1118 4062
1119 4063
1120 4061
1121 4062
1122 4063
1123 4063
1124 4063
1125 4063
1126 4062
1127 4065
1128 4063
1129 4063
1130 4063
1131 4062
1132 4063
1133 4063
1134 4063
1135 4063
1136 4063
1137 4063
1138 4062
1139 4063
1140 4063
1141 4062
1142 4064
1143 4062
1144 4063
1145 4063
1146 4060
1147 4063
1148 4065
1149 4062
1150 4063
1151 4068
1152 4063
1153 4066
1154 4063
1155 4063
1156 4065
1157 4061
1158 4063
1159 4066
1160 4063
1161 4060
1162 4063
1163 4063
1164 4064
1165 4061
1166 4061
1167 4062
1168 4063
1169 4061
1170 4063
1171 4066
1172 4063
1173 4063
1174 4063
1175 4062
1176 4063
1177 4062
1178 4062
1179 4066
1180 4063
1181 4062
1182 4063
1183 4062
1184 4063
1185 4063
1186 4063
1187 4063
1188 4063
1189 4062
1190 4062
1191 4063
1192 4066
1193 4063
1194 4063
1195 4066
1196 4062
1197 4065
1198 4066
1199 4062
1200 4062
1201 4066
1202 4060
1203 4062
1204 4060
1205 4063
1206 4063
1207 4062
1208 4062
1209 4063
1210 4063
1211 4066
1212 4063
1213 4063
1214 4063
1215 4063
1216 4062
1217 4063
1218 4062
1219 4063
1220 4065
1221 4066
1222 4066
1223 4063
1224 4063
1225 4066
1226 4065
1227 4062
1228 4062
1229 4066
1230 4063
1231 4069
1232 4066
1233 4068
1234 4063
1235 4063
1236 4063
1237 4063
1238 4062
1239 4062
1240 4060
1241 4063
1242 4062
1243 4066
1244 4062
1245 4063
1246 4063
1247 4062
1248 4062
1249 4060
1250 4063
1251 4062
1252 4060
1253 4062
1254 4062
1255 4063
1256 4062
1257 4062
1258 4060
1259 4063
1260 4062
1261 4065
1262 4063
1263 4061
1264 4063
1265 4061
1266 4063
1267 4062
1268 4063
1269 4063
1270 4063
1271 4062
1272 4066
1273 4063
1274 4062
1275 4063
1276 4060
1277 4062
1278 4066
1279 4063
1280 4063
1281 4063
1282 4063
1283 4062
1284 4063
1285 4064
1286 4063
1287 4063
1288 4061
1289 4063
1290 4062
1291 4066
1292 4062
1293 4066
1294 4063
1295 4061
1296 4066
1297 4062
1298 4060
1299 4063
1300 4060
1301 4063
1302 4058
1303 4061
1304 4060
1305 4062
1306 4060
1307 4063
1308 4066
1309 4063
1310 4063
1311 4063
1312 4062
1313 4063
1314 4061
1315 4062
1316 4063
1317 4063
1318 4062
1319 4061
1320 4062
1321 4063
1322 4063
1323 4062
1324 4065
1325 4063
1326 4066
1327 4063
1328 4062
1329 4060
1330 4063
1331 4063
1332 4062
1333 4063
1334 4066
1335 4060
1336 4063
1337 4063
1338 4062
1339 4062
1340 4062
1341 4062
1342 4068
1343 4063
1344 4063
1345 4063
1346 4060
1347 4062
1348 4066
1349 4065
1350 4063
1351 4067
1352 4060
1353 4063
1354 4066
1355 4066
1356 4061
1357 4065
1358 4065
1359 4062
1360 4063
1361 4065
1362 4063
1363 4063
1364 4063
1365 4065
1366 4063
1367 4062
1368 4065
1369 4062
1370 4063
1371 4066
1372 4066
1373 4060
1374 4062
1375 4063
1376 4060
1377 4065
1378 4062
1379 4063
1380 4063
1381 4063
1382 4063
1383 4065
1384 4061
1385 4063
1386 4061
1387 4065
1388 4062
1389 4067
1390 4063
1391 4062
1392 4063
1393 4063
1394 4062
1395 4063
1396 4061
1397 4063
1398 4063
1399 4066
1400 4060
1401 4062
1402 4062
1403 4061
1404 4062
1405 4062
1406 4062
1407 4058
1408 4063
1409 4065
1410 4061
1411 4062
1412 4062
1413 4063
1414 4063
1415 4063
1416 4062
1417 4063
1418 4063
1419 4062
1420 4062
1421 4062
1422 4063
1423 4062
1424 4063
1425 4061
1426 4063
1427 4066
1428 4063
1429 4063
1430 4060
1431 4065
1432 4066
1433 4063
1434 4060
1435 4062
1436 4063
1437 4063
1438 4065
1439 4062
1440 4062
1441 4062
1442 4063
1443 4060
1444 4064
1445 4062
1446 4066
1447 4066
1448 4063
1449 4066
1450 4063
1451 4066
1452 4063
1453 4061
1454 4063
1455 4062
1456 4062
1457 4064
1458 4061
1459 4061
1460 4063
1461 4062
1462 4067
1463 4062
1464 4063
1465 4063
1466 4063
1467 4062
1468 4066
1469 4063
1470 4061
1471 4061
1472 4062
1473 4063
1474 4068
1475 4063
1476 4062
1477 4061
1478 4062
1479 4060
1480 4062
1481 4062
1482 4062
1483 4061
1484 4063
1485 4063
1486 4066
1487 4066
1488 4068
1489 4062
1490 4062
1491 4063
1492 4063
1493 4066
1494 4065
1495 4062
1496 4063
1497 4062
1498 4062
1499 4063
1500 4063
1501 4067
1502 4062
1503 4063
1504 4065
1505 4068
1506 4063
1507 4062
1508 4066
1509 4063
1510 4062
1511 4063
1512 4062
1513 4062
1514 4063
1515 4062
1516 4063
1517 4063
1518 4063
1519 4063
1520 4063
1521 4062
1522 4066
1523 4065
1524 4063
1525 4063
1526 4063
1527 4063
1528 4062
1529 4068
1530 4063
1531 4063
1532 4060
1533 4063
1534 4063
1535 4063
1536 4063
1537 4060
1538 4063
1539 4062
1540 4063
1541 4066
1542 4065
1543 4062
1544 4063
1545 4063
1546 4062
1547 4065
1548 4063
1549 4065
1550 4063
1551 4063
1552 4063
1553 4066
1554 4063
1555 4065
1556 4062
1557 4066
1558 4063
1559 4062
1560 4066
1561 4063
1562 4062
1563 4062
1564 4063
1565 4063
1566 4060
1567 4063
1568 4062
1569 4062
1570 4066
1571 4065
1572 4066
1573 4063
1574 4063
1575 4062
1576 4066
1577 4063
1578 4063
1579 4063
1580 4062
1581 4063
1582 4063
1583 4062
1584 4062
1585 4063
1586 4063
1587 4061
1588 4063
1589 4063
1590 4063
1591 4061
1592 4065
1593 4060
1594 4062
1595 4063
1596 4065
1597 4063
1598 4062
1599 4063
1600 4063
1601 4066
1602 4063
1603 4065
1604 4066
1605 4063
1606 4066
1607 4063
1608 4063
1609 4062
1610 4061
1611 4063
1612 4063
1613 4063
1614 4063
1615 4062
1616 4063
1617 4063
1618 4062
1619 4066
1620 4062
1621 4062
1622 4065
1623 4066
1624 4063
1625 4062
1626 4062
1627 4063
1628 4066
1629 4063
1630 4062
1631 4063
1632 4060
1633 4066
1634 4063
1635 4062
1636 4062
1637 4063
1638 4066
1639 4065
1640 4058
1641 4061
1642 4063
1643 4066
1644 4063
1645 4063
1646 4063
1647 4062
1648 4060
1649 4063
1650 4062
1651 4066
1652 4063
1653 4063
1654 4063
1655 4060
1656 4063
1657 4066
1658 4065
1659 4066
1660 4062
1661 4062
1662 4063
1663 4063
1664 4063
1665 4063
1666 4063
1667 4063
1668 4062
1669 4066
1670 4065
1671 4060
1672 4062
1673 4062
1674 4063
1675 4063
1676 4065
1677 4062
1678 4066
1679 4063
1680 4063
1681 4062
1682 4062
1683 4063
1684 4063
1685 4062
1686 4065
1687 4067
1688 4063
1689 4063
1690 4063
1691 4067
1692 4063
1693 4062
1694 4063
1695 4063
1696 4060
1697 4063
1698 4064
1699 4063
1700 4062
1701 4063
1702 4061
1703 4061
1704 4063
1705 4062
1706 4060
1707 4063
1708 4063
1709 4065
1710 4061
1711 4063
1712 4063
1713 4062
1714 4066
1715 4062
1716 4060
1717 4063
1718 4060
1719 4063
1720 4062
1721 4062
1722 4062
1723 4063
1724 4063
1725 4063
1726 4062
1727 4062
1728 4062
1729 4063
1730 4062
1731 4066
1732 4063
1733 4064
1734 4062
1735 4063
1736 4063
1737 4066
1738 4063
1739 4060
1740 4063
1741 4062
1742 4062
1743 4066
1744 4063
1745 4061
1746 4063
1747 4067
1748 4063
1749 4066
1750 4063
1751 4063
1752 4060
1753 4067
1754 4062
1755 4066
1756 4062
1757 4063
1758 4063
1759 4065
1760 4062
1761 4062
1762 4067
1763 4063
1764 4063
1765 4063
1766 4063
1767 4065
1768 4062
1769 4063
1770 4062
1771 4062
1772 4065
1773 4063
1774 4063
1775 4063
1776 4066
1777 4066
1778 4065
1779 4063
1780 4062
1781 4061
1782 4063
1783 4063
1784 4063
1785 4062
1786 4062
1787 4063
1788 4061
1789 4062
1790 4066
1791 4063
1792 4061
1793 4063
1794 4063
1795 4066
1796 4063
1797 4068
1798 4063
1799 4063
1800 4063
1801 4062
1802 4062
1803 4063
1804 4062
1805 4062
1806 4063
1807 4063
1808 4062
1809 4066
1810 4062
1811 4063
1812 4066
1813 4063
1814 4063
1815 4060
1816 4066
1817 4061
1818 4060
1819 4063
1820 4065
1821 4062
1822 4063
1823 4063
1824 4065
1825 4063
1826 4066
1827 4063
1828 4062
1829 4063
1830 4066
1831 4062
1832 4060
1833 4062
1834 4066
1835 4062
1836 4063
1837 4063
1838 4065
1839 4063
1840 4063
1841 4062
1842 4063
1843 4063
1844 4063
1845 4063
1846 4059
1847 4063
1848 4062
1849 4062
1850 4060
1851 4066
1852 4063
1853 4063
1854 4068
1855 4063
1856 4063
1857 4060
1858 4062
1859 4062
1860 4065
1861 4062
1862 4063
1863 4062
1864 4063
1865 4063
1866 4063
1867 4063
1868 4063
1869 4063
1870 4062
1871 4062
1872 4068
1873 4065
1874 4062
1875 4063
1876 4066
1877 4062
1878 4063
1879 4063
1880 4062
1881 4062
1882 4063
1883 4066
1884 4067
1885 4063
1886 4062
1887 4063
1888 4066
1889 4063
1890 4063
1891 4063
1892 4063
1893 4063
1894 4062
1895 4063
1896 4063
1897 4063
1898 4062
1899 4066
1900 4063
1901 4063
1902 4060
1903 4066
1904 4063
1905 4063
1906 4060
1907 4066
1908 4063
1909 4063
1910 4062
1911 4063
1912 4062
1913 4062
1914 4063
1915 4061
1916 4066
1917 4063
1918 4061
1919 4063
1920 4063
1921 4062
1922 4060
1923 4062
1924 4061
1925 4066
1926 4063
1927 4063
1928 4063
1929 4063
1930 4066
1931 4058
1932 4063
1933 4066
1934 4066
1935 4062
1936 4065
1937 4063
1938 4062
1939 4063
1940 4062
1941 4060
1942 4063
1943 4066
1944 4063
1945 4061
1946 4063
1947 4066
1948 4063
1949 4066
1950 4063
1951 4066
1952 4061
1953 4068
1954 4065
1955 4062
1956 4066
1957 4062
1958 4062
1959 4063
1960 4062
1961 4062
1962 4061
1963 4063
1964 4063
1965 4062
1966 4063
1967 4066
1968 4063
1969 4065
1970 4061
1971 4062
1972 4063
1973 4060
1974 4061
1975 4062
1976 4064
1977 4065
1978 4062
1979 4062
1980 4063
1981 4063
1982 4062
1983 4062
1984 4063
1985 4060
1986 4063
1987 4063
1988 4062
1989 4066
1990 4063
1991 4065
1992 4062
1993 4062
1994 4062
1995 4063
1996 4060
1997 4062
1998 4062
1999 4066
2000 4063
2001 4063
2002 4058
2003 4063
2004 4062
2005 4063
2006 4063
2007 4063
2008 4063
2009 4063
2010 4062
2011 4063
2012 4063
2013 4063
2014 4061
2015 4060
2016 4062
2017 4066
2018 4063
2019 4063
2020 4063
2021 4063
2022 4066
2023 4066
2024 4063
2025 4063
2026 4062
2027 4067
2028 4062
2029 4062
2030 4063
2031 4062
2032 4066
2033 4063
2034 4066
2035 4065
2036 4063
2037 4063
2038 4063
2039 4062
2040 4062
2041 4068
2042 4063
2043 4063
2044 4062
2045 4063
2046 4062
2047 4063
2048 4062
2049 4063
2050 4063
2051 4065
2052 4062
2053 4062
2054 4064
2055 4062
2056 4062
2057 4063
2058 4062
2059 4062
2060 4062
2061 4063
2062 4063
2063 4062
2064 4063
2065 4063
2066 4066
2067 4060
2068 4061
2069 4063
2070 4063
2071 4062
2072 4068
2073 4062
2074 4063
2075 4062
2076 4063
2077 4066
2078 4065
2079 4062
2080 4062
2081 4062
2082 4062
2083 4063
2084 4067
2085 4066
2086 4066
2087 4065
2088 4063
2089 4063
2090 4063
2091 4063
2092 4063
2093 4066
2094 4063
2095 4066
2096 4061
2097 4068
2098 4063
2099 4062
2100 4063
2101 4068
2102 4060
2103 4063
2104 4063
2105 4062
2106 4063
2107 4062
2108 4063
2109 4062
2110 4062
2111 4066
2112 4062
2113 4063
2114 4063
2115 4061
2116 4062
2117 4063
2118 4063
2119 4065
2120 4066
2121 4062
2122 4063
2123 4063
2124 4063
2125 4063
2126 4063
2127 4066
2128 4061
2129 4063
2130 4063
2131 4066
2132 4063
2133 4063
2134 4062
2135 4063
2136 4066
2137 4067
2138 4063
2139 4065
2140 4066
2141 4062
2142 4063
2143 4062
2144 4063
2145 4062
2146 4063
2147 4066
2148 4063
2149 4063
2150 4063
2151 4063
2152 4061
2153 4063
2154 4063
2155 4060
2156 4065
2157 4062
2158 4065
2159 4063
2160 4063
2161 4063
2162 4062
2163 4063
2164 4063
2165 4062
2166 4063
2167 4063
2168 4062
2169 4063
2170 4066
2171 4063
2172 4063
2173 4063
2174 4063
2175 4062
2176 4063
2177 4063
2178 4062
2179 4062
2180 4063
2181 4061
2182 4062
2183 4062
2184 4062
2185 4063
2186 4062
2187 4068
2188 4066
2189 4065
2190 4062
2191 4063
2192 4063
2193 4062
2194 4063
2195 4063
2196 4063
2197 4063
2198 4062
2199 4062
2200 4062
2201 4068
2202 4064
2203 4068
2204 4066
2205 4066
2206 4062
2207 4063
2208 4066
2209 4066
2210 4066
2211 4062
2212 4062
2213 4063
2214 4063
2215 4062
2216 4066
2217 4062
2218 4065
2219 4063
2220 4062
2221 4061
2222 4062
2223 4068
2224 4066
2225 4066
2226 4070
2227 4063
2228 4063
2229 4063
2230 4063
2231 4062
2232 4060
2233 4065
2234 4062
2235 4060
2236 4065
2237 4061
2238 4062
2239 4063
2240 4063
2241 4066
2242 4065
2243 4065
2244 4062
2245 4062
2246 4065
2247 4063
2248 4063
2249 4063
2250 4060
2251 4066
2252 4058
2253 4063
2254 4063
2255 4063
2256 4066
2257 4063
2258 4068
2259 4062
2260 4062
2261 4060
2262 4062
2263 4062
2264 4062
2265 4063
2266 4066
2267 4066
2268 4066
2269 4063
2270 4063
2271 4063
2272 4060
2273 4066
2274 4061
2275 4063
2276 4060
2277 4063
2278 4063
2279 4063
2280 4063
2281 4066
2282 4062
2283 4062
2284 4063
2285 4063
2286 4063
2287 4062
2288 4065
2289 4060
2290 4066
2291 4063
2292 4063
2293 4061
2294 4060
2295 4062
2296 4065
2297 4062
2298 4066
2299 4066
2300 4063
2301 4063
2302 4061
2303 4066
2304 4063
2305 4062
2306 4065
2307 4063
2308 4060
2309 4068
2310 4063
2311 4066
2312 4063
2313 4063
2314 4063
2315 4060
2316 4063
2317 4062
2318 4064
2319 4063
2320 4061
2321 4062
2322 4060
2323 4062
2324 4062
2325 4063
2326 4062
2327 4063
2328 4064
2329 4063
2330 4061
2331 4063
2332 4066
2333 4062
2334 4063
2335 4068
2336 4063
2337 4061
2338 4062
2339 4066
2340 4063
2341 4065
2342 4063
2343 4063
2344 4063
2345 4062
2346 4062
2347 4063
2348 4061
2349 4066
2350 4063
2351 4063
2352 4060
2353 4063
2354 4063
2355 4063
2356 4065
2357 4062
2358 4062
2359 4061
2360 4062
2361 4066
2362 4063
2363 4068
2364 4062
2365 4062
2366 4063
2367 4066
2368 4063
2369 4066
2370 4066
2371 4063
2372 4063
2373 4063
2374 4063
2375 4065
2376 4062
2377 4063
2378 4062
2379 4063
2380 4062
2381 4062
2382 4063
2383 4065
2384 4062
2385 4061
2386 4062
2387 4062
2388 4062
2389 4062
2390 4063
2391 4062
2392 4065
2393 4063
2394 4063
2395 4063
2396 4058
2397 4065
2398 4066
2399 4063
2400 4062
2401 4065
2402 4062
2403 4064
2404 4066
2405 4063
2406 4063
2407 4063
2408 4063
2409 4063
2410 4062
2411 4066
2412 4060
2413 4062
2414 4063
2415 4062
2416 4061
2417 4062
2418 4066
2419 4063
2420 4063
2421 4063
2422 4062
2423 4061
2424 4062
2425 4065
2426 4063
2427 4063
2428 4063
2429 4062
2430 4065
2431 4062
2432 4065
2433 4063
2434 4063
2435 4063
2436 4062
2437 4063
2438 4062
2439 4063
2440 4066
2441 4065
2442 4064
2443 4065
2444 4063
2445 4063
2446 4061
2447 4066
2448 4062
2449 4063
2450 4063
2451 4072
2452 4063
2453 4066
2454 4063
2455 4062
2456 4063
2457 4063
2458 4061
2459 4063
2460 4063
2461 4063
2462 4066
2463 4066
2464 4061
2465 4062
2466 4062
2467 4061
2468 4061
2469 4063
2470 4063
2471 4063
2472 4070
2473 4065
2474 4062
2475 4063
2476 4063
2477 4066
2478 4063
2479 4063
2480 4063
2481 4063
2482 4065
2483 4063
2484 4062
2485 4063
2486 4066
2487 4063
2488 4062
2489 4061
2490 4063
2491 4060
2492 4063
2493 4062
2494 4063
2495 4066
2496 4062
2497 4063
2498 4068
2499 4065
2500 4062
2501 4063
2502 4060
2503 4068
2504 4062
2505 4063
2506 4058
2507 4063
2508 4063
2509 4063
2510 4065
2511 4066
2512 4063
2513 4063
2514 4062
2515 4060
2516 4066
2517 4065
2518 4063
2519 4061
2520 4063
2521 4062
2522 4063
2523 4063
2524 4063
2525 4063
2526 4063
2527 4061
2528 4063
2529 4063
2530 4062
2531 4063
2532 4062
2533 4063
2534 4062
2535 4063
2536 4062
2537 4062
2538 4066
2539 4063
2540 4063
2541 4063
2542 4062
2543 4063
2544 4062
2545 4066
2546 4062
2547 4066
2548 4062
2549 4062
2550 4063
2551 4068
2552 4060
2553 4063
2554 4063
2555 4062
2556 4063
2557 4063
2558 4065
2559 4063
2560 4060
2561 4062
2562 4065
2563 4063
2564 4062
2565 4063
2566 4062
2567 4066
2568 4063
2569 4063
2570 4062
2571 4063
2572 4066
2573 4064
2574 4063
2575 4063
2576 4066
2577 4063
2578 4062
2579 4060
2580 4063
2581 4066
2582 4063
2583 4063
2584 4063
2585 4061
2586 4065
2587 4063
2588 4066
2589 4062
2590 4063
2591 4066
2592 4062
2593 4062
2594 4062
2595 4063
2596 4062
2597 4063
2598 4062
2599 4067
2600 4063
2601 4063
2602 4060
2603 4065
2604 4063
2605 4063
2606 4063
2607 4062
2608 4062
2609 4063
2610 4062
2611 4062
2612 4062
2613 4063
2614 4067
2615 4063
2616 4066
2617 4063
2618 4062
2619 4063
2620 4062
2621 4061
2622 4063
2623 4062
2624 4063
2625 4063
2626 4060
2627 4062
2628 4063
2629 4063
2630 4060
2631 4063
2632 4068
2633 4061
2634 4063
2635 4063
2636 4063
2637 4062
2638 4063
2639 4065
2640 4062
2641 4063
2642 4063
2643 4062
2644 4065
2645 4063
2646 4066
2647 4062
2648 4062
2649 4062
2650 4063
2651 4063
2652 4061
2653 4062
2654 4064
2655 4066
2656 4065
2657 4065
2658 4063
2659 4060
2660 4063
2661 4063
2662 4063
2663 4063
2664 4063
2665 4062
2666 4062
2667 4063
2668 4062
2669 4061
2670 4063
2671 4060
2672 4063
2673 4067
2674 4063
2675 4063
2676 4063
2677 4062
2678 4063
2679 4062
2680 4063
2681 4063
2682 4063
2683 4060
2684 4062
2685 4063
2686 4063
2687 4066
2688 4062
2689 4062
2690 4063
2691 4062
2692 4062
2693 4060
2694 4062
2695 4063
2696 4062
2697 4066
2698 4063
2699 4065
2700 4063
2701 4066
2702 4061
2703 4062
2704 4062
2705 4063
2706 4063
2707 4063
2708 4063
2709 4063
2710 4060
2711 4062
2712 4062
2713 4063
2714 4060
2715 4060
2716 4062
2717 4065
2718 4063
2719 4062
2720 4062
2721 4062
2722 4061
2723 4063
2724 4060
2725 4063
2726 4061
2727 4063
2728 4061
2729 4062
2730 4063
2731 4063
2732 4063
2733 4063
2734 4062
2735 4063
2736 4065
2737 4060
2738 4062
2739 4062
2740 4063
2741 4062
2742 4060
2743 4060
2744 4062
2745 4063
2746 4063
2747 4062
2748 4063
2749 4060
2750 4063
2751 4063
2752 4058
2753 4060
2754 4063
2755 4063
2756 4062
2757 4063
2758 4062
2759 4062
2760 4059
2761 4060
2762 4062
2763 4062
2764 4062
2765 4062
2766 4062
2767 4061
2768 4063
2769 4062
2770 4060
2771 4060
2772 4060
2773 4060
2774 4060
2775 4061
2776 4061
2777 4060
2778 4063
2779 4063
2780 4062
2781 4063
2782 4062
2783 4059
2784 4062
2785 4062
2786 4061
2787 4061
2788 4058
2789 4060
2790 4060
2791 4058
2792 4051
2793 4050
2794 4049
2795 4042
2796 4028
2797 4024
2798 4012
2799 3999
2800 3980
2801 3963
2802 3941
2803 3931
2804 3900
2805 3854
2806 3831
2807 3782
2808 3708
2809 3730
2810 3679
2811 3597
2812 3645
2813 3587
2814 3515
2815 3517
2816 3470
2817 3449
2818 3431
2819 3400
2820 3380
2821 3340
2822 3304
2823 3364
2824 3294
2825 3320
2826 3376
2827 3386
2828 3375
2829 3416
2830 3398
2831 3405
2832 3413
2833 3353
2834 3394
2835 3353
2836 3405
2837 3487
2838 3471
2839 3533
2840 3560
2841 3634
2842 3630
2843 3679
2844 3699
2845 3736
2846 3782
2847 3822
2848 3861
2849 3871
2850 3892
2851 3908
2852 3914
2853 3929
2854 3944
2855 3964
2856 3975
2857 3991
2858 4006
2859 4018
2860 4025
2861 4039
2862 4045
2863 4047
2864 4053
2865 4052
2866 4056
2867 4055
2868 4054
2869 4057
2870 4056
2871 4056
2872 4060
2873 4057
2874 4058
2875 4060
2876 4060
2877 4061
2878 4060
2879 4060
2880 4059
2881 4060
2882 4060
2883 4058
2884 4059
2885 4056
2886 4062
2887 4058
2888 4060
2889 4058
2890 4061
2891 4062
2892 4060
2893 4061
2894 4063
2895 4061
2896 4062
2897 4063
2898 4060
2899 4060
2900 4060
2901 4061
2902 4060
2903 4060
2904 4062
2905 4061
2906 4061
2907 4062
2908 4062
2909 4062
2910 4059
2911 4063
2912 4063
2913 4060
2914 4061
2915 4060
2916 4063
2917 4062
2918 4063
2919 4059
2920 4063
2921 4066
2922 4062
2923 4062
2924 4062
2925 4062
2926 4060
2927 4062
2928 4062
2929 4062
2930 4063
2931 4061
2932 4058
2933 4063
2934 4063
2935 4060
2936 4061
2937 4061
2938 4061
2939 4062
2940 4062
2941 4062
2942 4061
2943 4062
2944 4060
2945 4067
2946 4062
2947 4066
2948 4062
2949 4062
2950 4061
2951 4066
2952 4060
2953 4061
2954 4060
2955 4063
2956 4062
2957 4062
2958 4063
2959 4062
2960 4061
2961 4063
2962 4065
2963 4063
2964 4063
2965 4063
2966 4062
2967 4063
2968 4063
2969 4058
2970 4063
2971 4063
2972 4060
2973 4062
2974 4063
2975 4062
2976 4063
2977 4063
2978 4062
2979 4062
2980 4060
2981 4062
2982 4063
2983 4063
2984 4062
2985 4062
2986 4063
2987 4062
2988 4062
2989 4062
2990 4060
2991 4062
2992 4063
2993 4062
2994 4063
2995 4062
2996 4061
2997 4063
2998 4062
2999 4059
3000 4066
3001 4066
3002 4063
3003 4063
3004 4062
3005 4062
3006 4063
3007 4062
3008 4063
3009 4062
3010 4058
3011 4066
3012 4062
3013 4062
3014 4062
3015 4062
3016 4060
3017 4061
3018 4062
3019 4061
3020 4063
3021 4063
3022 4062
3023 4062
3024 4063
3025 4063
3026 4063
3027 4063
3028 4065
3029 4063
3030 4061
3031 4066
3032 4062
3033 4062
3034 4061
3035 4065
3036 4062
3037 4067
3038 4062
3039 4066
3040 4063
3041 4063
3042 4062
3043 4066
3044 4063
3045 4063
3046 4063
3047 4063
3048 4060
3049 4063
3050 4062
3051 4066
3052 4060
3053 4066
3054 4063
3055 4061
3056 4063
3057 4063
3058 4063
3059 4063
3060 4061
3061 4061
3062 4063
3063 4063
3064 4063
3065 4065
3066 4065
3067 4063
3068 4066
3069 4065
3070 4066
3071 4063
3072 4063
3073 4063
3074 4063
3075 4062
3076 4062
3077 4063
3078 4063
3079 4063
3080 4062
3081 4062
3082 4062
3083 4065
3084 4062
3085 4066
3086 4062
3087 4063
3088 4062
3089 4063
3090 4065
3091 4066
3092 4062
3093 4063
3094 4062
3095 4063
3096 4062
3097 4064
3098 4066
3099 4063
3100 4061
3101 4065
3102 4058
3103 4063
3104 4060
3105 4062
3106 4062
3107 4066
3108 4063
3109 4066
3110 4062
3111 4063
3112 4065
3113 4058
3114 4062
3115 4065
3116 4062
3117 4066
3118 4061
3119 4063
3120 4061
3121 4062
3122 4063
3123 4066
3124 4065
3125 4062
3126 4063
3127 4063
3128 4063
3129 4060
3130 4061
3131 4062
3132 4062
3133 4066
3134 4068
3135 4063
3136 4063
3137 4063
3138 4061
3139 4062
3140 4065
3141 4065
3142 4060
3143 4063
3144 4060
3145 4063
3146 4063
3147 4065
3148 4060
3149 4062
3150 4063
3151 4067
3152 4062
3153 4066
3154 4066
3155 4062
3156 4063
3157 4063
3158 4063
3159 4063
3160 4063
3161 4063
3162 4061
3163 4065
3164 4066
3165 4063
3166 4058
3167 4062
3168 4064
3169 4065
3170 4063
3171 4062
3172 4063
3173 4063
3174 4062
3175 4061
3176 4060
3177 4063
3178 4062
3179 4062
3180 4062
3181 4069
3182 4063
3183 4063
3184 4062
3185 4066
3186 4064
3187 4063
3188 4068
3189 4063
3190 4066
3191 4063
3192 4063
3193 4063
3194 4063
3195 4063
3196 4063
3197 4062
3198 4060
3199 4066
3200 4063
3201 4063
3202 4062
3203 4062
3204 4062
3205 4063
3206 4062
3207 4063
3208 4065
3209 4063
3210 4060
3211 4063
3212 4066
3213 4062
3214 4062
3215 4066
3216 4060
3217 4065
3218 4062
3219 4060
3220 4062
3221 4062
3222 4063
3223 4060
3224 4063
3225 4062
3226 4066
3227 4063
3228 4062
3229 4063
3230 4063
3231 4066
3232 4065
3233 4060
3234 4063
3235 4062
3236 4066
3237 4063
3238 4062
3239 4062
3240 4062
3241 4063
3242 4060
3243 4066
3244 4063
3245 4064
3246 4060
3247 4060
3248 4056
3249 4062
3250 4062
3251 4063
3252 4059
3253 4063
3254 4062
3255 4065
3256 4062
3257 4062
3258 4063
3259 4063
3260 4063
3261 4066
3262 4062
3263 4061
3264 4062
3265 4065
3266 4066
3267 4061
3268 4061
3269 4062
3270 4062
3271 4063
3272 4063
3273 4066
3274 4063
3275 4062
3276 4060
3277 4063
3278 4065
3279 4063
3280 4060
3281 4058
3282 4066
3283 4065
3284 4063
3285 4063
3286 4062
3287 4063
3288 4063
3289 4062
3290 4065
3291 4063
3292 4065
3293 4061
3294 4063
3295 4063
3296 4062
3297 4063
3298 4062
3299 4066
3300 4065
3301 4068
3302 4062
3303 4066
3304 4061
3305 4063
3306 4062
3307 4063
3308 4065
3309 4066
3310 4063
3311 4063
3312 4063
3313 4063
3314 4062
3315 4063
3316 4061
3317 4063
3318 4063
3319 4063
3320 4062
3321 4063
3322 4063
3323 4066
3324 4062
3325 4063
3326 4063
3327 4061
3328 4063
3329 4062
3330 4060
3331 4063
3332 4066
3333 4063
3334 4062
3335 4060
3336 4063
3337 4063
3338 4066
3339 4060
3340 4063
3341 4062
3342 4069
3343 4062
3344 4062
3345 4063
3346 4061
3347 4063
3348 4063
3349 4063
3350 4062
3351 4063
3352 4060
3353 4063
3354 4062
3355 4063
3356 4063
3357 4060
3358 4067
3359 4062
3360 4063
3361 4062
3362 4063
3363 4063
3364 4062
3365 4063
3366 4066
3367 4066
3368 4062
3369 4063
3370 4063
3371 4065
3372 4066
3373 4063
3374 4066
3375 4063
3376 4062
3377 4063
3378 4063
3379 4062
3380 4066
3381 4062
3382 4063
3383 4062
3384 4063
3385 4062
3386 4062
3387 4062
3388 4063
3389 4063
3390 4061
3391 4062
3392 4065
3393 4063
3394 4062
3395 4062
3396 4060
3397 4062
3398 4063
3399 4062
3400 4063
3401 4063
3402 4063
3403 4066
3404 4063
3405 4062
3406 4063
3407 4063
3408 4061
3409 4062
3410 4062
3411 4063
3412 4062
3413 4060
3414 4060
3415 4063
3416 4063
3417 4060
3418 4063
3419 4063
3420 4060
3421 4060
3422 4063
3423 4063
3424 4060
3425 4063
3426 4061
3427 4062
3428 4063
3429 4063
3430 4063
3431 4062
3432 4061
3433 4062
3434 4063
3435 4062
3436 4062
3437 4063
3438 4066
3439 4063
3440 4062
3441 4063
3442 4063
3443 4060
3444 4063
3445 4062
3446 4062
3447 4063
3448 4063
3449 4061
3450 4061
3451 4066
3452 4060
3453 4062
3454 4063
3455 4060
3456 4059
3457 4066
3458 4062
3459 4060
3460 4063
3461 4066
3462 4062
3463 4063
3464 4063
3465 4062
3466 4062
3467 4062
3468 4063
3469 4063
3470 4062
3471 4060
3472 4068
3473 4066
3474 4062
3475 4063
3476 4063
3477 4062
3478 4065
3479 4062
3480 4063
3481 4062
3482 4063
3483 4063
3484 4062
3485 4063
3486 4063
3487 4063
3488 4063
3489 4062
3490 4062
3491 4063
3492 4063
3493 4063
3494 4066
3495 4062
3496 4062
3497 4063
3498 4060
3499 4062
3500 4062
3501 4063
3502 4062
3503 4063
3504 4062
3505 4061
3506 4062
3507 4063
3508 4063
3509 4066
3510 4061
3511 4063
3512 4063
3513 4060
3514 4062
3515 4062
3516 4063
3517 4063
3518 4062
3519 4062
3520 4062
3521 4063
3522 4062
3523 4066
3524 4062
3525 4061
3526 4066
3527 4062
3528 4062
3529 4063
3530 4060
3531 4063
3532 4062
3533 4062
3534 4066
3535 4065
3536 4066
3537 4063
3538 4063
3539 4063
3540 4060
3541 4063
3542 4063
3543 4066
3544 4063
3545 4063
3546 4062
3547 4062
3548 4063
3549 4060
3550 4063
3551 4066
3552 4066
3553 4060
3554 4060
3555 4063
3556 4060
3557 4062
3558 4065
3559 4067
3560 4062
3561 4063
3562 4062
3563 4063
3564 4066
3565 4060
3566 4063
3567 4063
3568 4062
3569 4063
3570 4063
3571 4063
3572 4063
3573 4068
3574 4063
3575 4066
3576 4062
3577 4063
3578 4062
3579 4063
3580 4062
3581 4062
3582 4063
3583 4060
3584 4064
3585 4066
3586 4064
3587 4066
3588 4066
3589 4063
3590 4063
3591 4066
3592 4063
3593 4063
3594 4063
3595 4066
3596 4063
3597 4062
3598 4066
3599 4062
3600 4066
3601 4070
3602 4062
3603 4063
3604 4061
3605 4062
3606 4060
3607 4063
3608 4063
3609 4065
3610 4063
3611 4066
3612 4062
3613 4063
3614 4062
3615 4063
3616 4063
3617 4062
3618 4063
3619 4062
3620 4063
3621 4065
3622 4063
3623 4065
3624 4066
3625 4063
3626 4062
3627 4063
3628 4066
3629 4063
3630 4066
3631 4063
3632 4062
3633 4063
3634 4063
3635 4063
3636 4065
3637 4063
3638 4063
3639 4062
3640 4063
3641 4063
3642 4062
3643 4060
3644 4062
3645 4062
3646 4060
3647 4063
3648 4062
3649 4062
3650 4061
3651 4063
3652 4063
3653 4063
3654 4060
3655 4060
3656 4060
3657 4062
3658 4060
3659 4063
3660 4062
3661 4063
3662 4063
3663 4066
3664 4066
3665 4062
3666 4063
3667 4063
3668 4061
3669 4063
3670 4066
3671 4062
3672 4066
3673 4062
3674 4062
3675 4068
3676 4062
3677 4066
3678 4062
3679 4062
3680 4062
3681 4062
3682 4060
3683 4063
3684 4063
3685 4063
3686 4062
3687 4063
3688 4061
3689 4061
3690 4062
3691 4066
3692 4061
3693 4063
3694 4063
