#Data from the TCD1304 linear CCD
#column 1 = pixelnumber , column 2 = pixelvalue
#Pixel 1-32 and 3679-3694 and are dummy pixels
#SH-period: 200    ICG-period: 100000    Integration time: 100.0 us
2 4029
3 4029
4 4049
5 4051
6 4048
7 4049
8 4053
9 4050
10 4051
11 4051
12 4050
13 4051
14 4052
15 4052
16 4050
17 4051
18 4051
19 4049
20 4051
21 4054
22 4052
23 4048
24 4052
25 4054
26 4051
27 4052
28 4052
29 4051
30 4052
31 4053
32 4052
34 4047
35 4054
36 4052
37 4051
38 4053
39 4051
40 4051
41 4053
42 4052
43 4051
44 4051
45 4054
46 4053
47 4052
48 4051
49 4051
50 4050
51 4055
52 4050
53 4050
54 4051
55 4052
56 4051
57 4053
58 4051
59 4051
60 4055
61 4054
62 4050
63 4052
64 4051
65 4051
66 4054
67 4054
68 4050
69 4051
70 4051
71 4054
72 4050
73 4051
74 4051
75 4053
76 4049
77 4053
78 4051
79 4051
80 4051
81 4053
82 4052
83 4051
84 4052
85 4052
86 4052
87 4053
88 4053
89 4053
90 4051
91 4052
92 4055
93 4051
94 4051
95 4053
96 4049
97 4053
98 4051
99 4051
100 4053
101 4056
102 4050
103 4051
104 4050
105 4054
106 4052
107 4053
108 4052
109 4052
110 4052
111 4051
112 4050
113 4051
114 4052
115 4053
116 4052
117 4053
118 4052
119 4055
120 4051
121 4052
122 4051
123 4051
124 4049
125 4050
126 4052
127 4053
128 4050
129 4054
130 4051
131 4051
132 4051
133 4054
134 4052
135 4052
136 4054
137 4050
138 4054
139 4054
140 4056
141 4050
142 4051
143 4053
144 4053
145 4051
146 4052
147 4053
148 4052
149 4054
150 4052
151 4057
152 4050
153 4053
154 4049
155 4052
156 4051
157 4055
158 4050
159 4052
160 4054
161 4056
162 4051
163 4050
164 4053
165 4051
166 4053
167 4053
168 4055
169 4051
170 4051
171 4053
172 4050
173 4048
174 4054
175 4053
176 4056
177 4050
178 4054
179 4053
180 4051
181 4052
182 4050
183 4052
184 4051
185 4053
186 4049
187 4051
188 4050
189 4054
190 4050
191 4050
192 4051
193 4053
194 4053
195 4052
196 4054
197 4052
198 4053
199 4055
200 4053
201 4051
202 4050
203 4048
204 4050
205 4051
206 4050
207 4056
208 4054
209 4055
210 4054
211 4052
212 4051
213 4055
214 4054
215 4053
216 4053
217 4052
218 4052
219 4052
220 4053
221 4053
222 4051
223 4054
224 4051
225 4053
226 4050
227 4055
228 4050
229 4051
230 4051
231 4052
232 4054
233 4050
234 4051
235 4050
236 4053
237 4049
238 4054
239 4054
240 4052
241 4053
242 4051
243 4054
244 4051
245 4054
246 4048
247 4054
248 4052
249 4051
250 4054
251 4056
252 4047
253 4050
254 4051
255 4053
256 4051
257 4051
258 4052
259 4051
260 4050
261 4050
262 4053
263 4053
264 4051
265 4051
266 4051
267 4050
268 4048
269 4052
270 4049
271 4050
272 4050
273 4051
274 4051
275 4050
276 4051
277 4049
278 4050
279 4049
280 4049
281 4052
282 4051
283 4051
284 4053
285 4051
286 4052
287 4052
288 4052
289 4052
290 4051
291 4054
292 4050
293 4052
294 4053
295 4052
296 4050
297 4051
298 4052
299 4051
300 4052
301 4052
302 4050
303 4051
304 4054
305 4050
306 4054
307 4050
308 4051
309 4052
310 4050
311 4053
312 4051
313 4054
314 4055
315 4054
316 4054
317 4055
318 4053
319 4053
320 4050
321 4052
322 4052
323 4050
324 4049
325 4053
326 4052
327 4050
328 4054
329 4052
330 4050
331 4051
332 4053
333 4054
334 4053
335 4052
336 4050
337 4052
338 4051
339 4055
340 4052
341 4050
342 4053
343 4055
344 4051
345 4054
346 4053
347 4051
348 4052
349 4052
350 4053
351 4056
352 4051
353 4053
354 4054
355 4052
356 4050
357 4051
358 4054
359 4055
360 4050
361 4054
362 4050
363 4056
364 4052
365 4053
366 4050
367 4053
368 4052
369 4052
370 4052
371 4052
372 4052
373 4051
374 4056
375 4052
376 4052
377 4054
378 4050
379 4053
380 4054
381 4051
382 4052
383 4052
384 4050
385 4051
386 4051
387 4052
388 4053
389 4051
390 4051
391 4053
392 4053
393 4053
394 4053
395 4051
396 4051
397 4051
398 4051
399 4052
400 4051
401 4053
402 4055
403 4051
404 4050
405 4051
406 4053
407 4049
408 4049
409 4053
410 4052
411 4052
412 4051
413 4052
414 4050
415 4053
416 4054
417 4051
418 4053
419 4051
420 4051
421 4051
422 4051
423 4053
424 4048
425 4050
426 4052
427 4053
428 4052
429 4051
430 4054
431 4055
432 4049
433 4054
434 4050
435 4053
436 4051
437 4051
438 4053
439 4050
440 4051
441 4051
442 4052
443 4052
444 4050
445 4054
446 4052
447 4051
448 4050
449 4051
450 4053
451 4057
452 4045
453 4050
454 4049
455 4050
456 4050
457 4053
458 4051
459 4051
460 4053
461 4052
462 4051
463 4056
464 4050
465 4052
466 4055
467 4050
468 4051
469 4051
470 4051
471 4053
472 4051
473 4051
474 4052
475 4052
476 4053
477 4052
478 4053
479 4052
480 4052
481 4051
482 4050
483 4054
484 4051
485 4051
486 4053
487 4053
488 4054
489 4052
490 4050
491 4052
492 4054
493 4051
494 4050
495 4053
496 4053
497 4052
498 4051
499 4053
500 4056
501 4055
502 4048
503 4054
504 4049
505 4049
506 4051
507 4051
508 4051
509 4050
510 4052
511 4051
512 4051
513 4052
514 4049
515 4049
516 4051
517 4053
518 4055
519 4051
520 4051
521 4051
522 4053
523 4051
524 4051
525 4053
526 4051
527 4051
528 4051
529 4051
530 4056
531 4052
532 4050
533 4051
534 4053
535 4050
536 4053
537 4051
538 4050
539 4051
540 4053
541 4055
542 4050
543 4050
544 4049
545 4053
546 4054
547 4051
548 4051
549 4052
550 4051
551 4057
552 4050
553 4050
554 4051
555 4051
556 4053
557 4052
558 4053
559 4051
560 4053
561 4051
562 4053
563 4054
564 4052
565 4053
566 4053
567 4055
568 4053
569 4056
570 4053
571 4050
572 4053
573 4051
574 4054
575 4052
576 4051
577 4052
578 4054
579 4051
580 4054
581 4053
582 4051
583 4051
584 4053
585 4050
586 4052
587 4051
588 4054
589 4051
590 4049
591 4053
592 4053
593 4051
594 4051
595 4051
596 4054
597 4053
598 4051
599 4047
600 4053
601 4057
602 4048
603 4051
604 4052
605 4053
606 4052
607 4050
608 4051
609 4051
610 4051
611 4049
612 4051
613 4053
614 4051
615 4051
616 4051
617 4052
618 4050
619 4050
620 4053
621 4053
622 4051
623 4052
624 4051
625 4051
626 4049
627 4051
628 4052
629 4051
630 4056
631 4050
632 4051
633 4056
634 4050
635 4051
636 4051
637 4052
638 4051
639 4050
640 4050
641 4053
642 4051
643 4052
644 4053
645 4053
646 4051
647 4055
648 4051
649 4053
650 4051
651 4056
652 4048
653 4051
654 4051
655 4051
656 4052
657 4050
658 4051
659 4053
660 4048
661 4051
662 4050
663 4050
664 4053
665 4053
666 4053
667 4051
668 4051
669 4056
670 4051
671 4052
672 4050
673 4049
674 4051
675 4051
676 4051
677 4052
678 4053
679 4053
680 4052
681 4052
682 4054
683 4050
684 4053
685 4052
686 4053
687 4053
688 4052
689 4051
690 4053
691 4051
692 4055
693 4051
694 4053
695 4050
696 4051
697 4053
698 4055
699 4053
700 4053
701 4054
702 4048
703 4054
704 4052
705 4053
706 4051
707 4052
708 4054
709 4053
710 4050
711 4050
712 4049
713 4052
714 4051
715 4054
716 4050
717 4051
718 4051
719 4054
720 4053
721 4052
722 4054
723 4053
724 4051
725 4051
726 4052
727 4050
728 4054
729 4050
730 4050
731 4051
732 4050
733 4052
734 4052
735 4051
736 4051
737 4052
738 4054
739 4053
740 4051
741 4052
742 4052
743 4051
744 4052
745 4050
746 4050
747 4052
748 4051
749 4052
750 4051
751 4055
752 4051
753 4050
754 4052
755 4052
756 4051
757 4051
758 4052
759 4056
760 4051
761 4054
762 4051
763 4053
764 4053
765 4053
766 4050
767 4050
768 4052
769 4053
770 4049
771 4053
772 4052
773 4049
774 4051
775 4052
776 4051
777 4052
778 4053
779 4051
780 4050
781 4050
782 4051
783 4053
784 4053
785 4052
786 4049
787 4054
788 4051
789 4050
790 4052
791 4053
792 4053
793 4049
794 4051
795 4054
796 4051
797 4054
798 4053
799 4053
800 4050
801 4053
802 4048
803 4054
804 4051
805 4054
806 4053
807 4052
808 4053
809 4051
810 4054
811 4051
812 4054
813 4053
814 4053
815 4050
816 4050
817 4051
818 4052
819 4054
820 4050
821 4051
822 4055
823 4053
824 4054
825 4054
826 4049
827 4051
828 4051
829 4053
830 4052
831 4051
832 4053
833 4051
834 4054
835 4054
836 4051
837 4053
838 4054
839 4050
840 4051
841 4054
842 4050
843 4053
844 4050
845 4052
846 4051
847 4052
848 4052
849 4048
850 4051
851 4057
852 4049
853 4052
854 4051
855 4049
856 4054
857 4053
858 4052
859 4054
860 4052
861 4053
862 4047
863 4051
864 4051
865 4053
866 4049
867 4050
868 4052
869 4054
870 4051
871 4053
872 4055
873 4050
874 4054
875 4054
876 4052
877 4050
878 4050
879 4053
880 4053
881 4053
882 4050
883 4054
884 4051
885 4053
886 4050
887 4050
888 4050
889 4050
890 4050
891 4050
892 4051
893 4048
894 4050
895 4051
896 4050
897 4052
898 4051
899 4054
900 4051
901 4055
902 4051
903 4053
904 4053
905 4050
906 4054
907 4054
908 4049
909 4051
910 4054
911 4051
912 4051
913 4054
914 4051
915 4050
916 4053
917 4051
918 4050
919 4051
920 4051
921 4052
922 4051
923 4051
924 4051
925 4054
926 4052
927 4053
928 4048
929 4050
930 4051
931 4051
932 4050
933 4050
934 4050
935 4054
936 4051
937 4052
938 4048
939 4053
940 4050
941 4054
942 4052
943 4051
944 4053
945 4051
946 4049
947 4053
948 4051
949 4050
950 4054
951 4055
952 4050
953 4052
954 4050
955 4053
956 4050
957 4051
958 4050
959 4052
960 4052
961 4055
962 4055
963 4051
964 4049
965 4054
966 4051
967 4052
968 4049
969 4053
970 4053
971 4054
972 4054
973 4051
974 4056
975 4053
976 4053
977 4052
978 4051
979 4052
980 4051
981 4050
982 4048
983 4052
984 4054
985 4049
986 4049
987 4049
988 4054
989 4053
990 4051
991 4055
992 4052
993 4052
994 4052
995 4051
996 4051
997 4051
998 4050
999 4053
1000 4053
1001 4055
1002 4050
1003 4051
1004 4053
1005 4054
1006 4054
1007 4054
1008 4054
1009 4050
1010 4052
1011 4053
1012 4052
1013 4052
1014 4052
1015 4050
1016 4049
1017 4053
1018 4050
1019 4051
1020 4051
1021 4050
1022 4053
1023 4051
1024 4051
1025 4055
1026 4054
1027 4048
1028 4053
1029 4051
1030 4051
1031 4052
1032 4056
1033 4050
1034 4053
1035 4052
1036 4051
1037 4052
1038 4052
1039 4051
1040 4052
1041 4052
1042 4052
1043 4053
1044 4050
1045 4049
1046 4053
1047 4054
1048 4049
1049 4052
1050 4052
1051 4053
1052 4050
1053 4054
1054 4050
1055 4048
1056 4051
1057 4049
1058 4053
1059 4051
1060 4051
1061 4051
1062 4054
1063 4052
1064 4050
1065 4052
1066 4052
1067 4052
1068 4053
1069 4051
1070 4050
1071 4049
1072 4052
1073 4051
1074 4053
1075 4053
1076 4052
1077 4051
1078 4053
1079 4053
1080 4051
1081 4054
1082 4054
1083 4052
1084 4051
1085 4053
1086 4050
1087 4053
1088 4054
1089 4050
1090 4051
1091 4054
1092 4049
1093 4053
1094 4051
1095 4053
1096 4052
1097 4053
1098 4052
1099 4051
1100 4052
1101 4056
1102 4049
1103 4052
1104 4054
1105 4051
1106 4056
1107 4054
1108 4049
1109 4048
1110 4052
1111 4053
1112 4051
1113 4050
1114 4050
1115 4053
1116 4049
1117 4051
1118 4054
1119 4051
1120 4054
1121 4052
1122 4052
1123 4047
1124 4049
1125 4054
1126 4053
1127 4051
1128 4053
1129 4052
1130 4053
1131 4051
1132 4051
1133 4051
1134 4051
1135 4049
1136 4054
1137 4053
1138 4052
1139 4054
1140 4053
1141 4052
1142 4053
1143 4052
1144 4053
1145 4054
1146 4050
1147 4053
1148 4050
1149 4054
1150 4051
1151 4055
1152 4049
1153 4051
1154 4052
1155 4054
1156 4050
1157 4049
1158 4051
1159 4052
1160 4050
1161 4051
1162 4053
1163 4052
1164 4051
1165 4054
1166 4054
1167 4051
1168 4051
1169 4051
1170 4055
1171 4051
1172 4053
1173 4053
1174 4050
1175 4050
1176 4053
1177 4053
1178 4053
1179 4052
1180 4047
1181 4052
1182 4051
1183 4053
1184 4052
1185 4049
1186 4051
1187 4051
1188 4052
1189 4052
1190 4051
1191 4052
1192 4049
1193 4052
1194 4052
1195 4051
1196 4050
1197 4050
1198 4056
1199 4052
1200 4054
1201 4056
1202 4048
1203 4051
1204 4054
1205 4053
1206 4052
1207 4051
1208 4049
1209 4051
1210 4051
1211 4056
1212 4053
1213 4055
1214 4053
1215 4053
1216 4049
1217 4051
1218 4055
1219 4050
1220 4050
1221 4053
1222 4051
1223 4049
1224 4053
1225 4054
1226 4052
1227 4051
1228 4056
1229 4049
1230 4053
1231 4051
1232 4052
1233 4052
1234 4051
1235 4053
1236 4051
1237 4050
1238 4050
1239 4051
1240 4051
1241 4054
1242 4051
1243 4051
1244 4051
1245 4056
1246 4052
1247 4050
1248 4052
1249 4053
1250 4053
1251 4056
1252 4050
1253 4052
1254 4048
1255 4051
1256 4051
1257 4051
1258 4052
1259 4053
1260 4050
1261 4052
1262 4050
1263 4052
1264 4049
1265 4051
1266 4049
1267 4052
1268 4051
1269 4052
1270 4051
1271 4051
1272 4049
1273 4055
1274 4052
1275 4052
1276 4053
1277 4051
1278 4051
1279 4052
1280 4053
1281 4053
1282 4052
1283 4051
1284 4053
1285 4054
1286 4052
1287 4052
1288 4050
1289 4051
1290 4049
1291 4050
1292 4052
1293 4055
1294 4051
1295 4054
1296 4051
1297 4056
1298 4054
1299 4054
1300 4054
1301 4056
1302 4047
1303 4054
1304 4053
1305 4051
1306 4051
1307 4053
1308 4050
1309 4051
1310 4049
1311 4054
1312 4052
1313 4054
1314 4052
1315 4054
1316 4051
1317 4052
1318 4051
1319 4050
1320 4052
1321 4048
1322 4051
1323 4053
1324 4052
1325 4056
1326 4051
1327 4051
1328 4053
1329 4052
1330 4051
1331 4052
1332 4052
1333 4051
1334 4051
1335 4052
1336 4053
1337 4051
1338 4051
1339 4052
1340 4053
1341 4054
1342 4051
1343 4051
1344 4051
1345 4049
1346 4050
1347 4052
1348 4049
1349 4054
1350 4052
1351 4056
1352 4047
1353 4051
1354 4054
1355 4052
1356 4054
1357 4053
1358 4049
1359 4053
1360 4050
1361 4051
1362 4052
1363 4052
1364 4051
1365 4054
1366 4052
1367 4052
1368 4054
1369 4052
1370 4053
1371 4052
1372 4051
1373 4054
1374 4052
1375 4053
1376 4053
1377 4048
1378 4055
1379 4051
1380 4053
1381 4052
1382 4052
1383 4054
1384 4054
1385 4051
1386 4051
1387 4051
1388 4054
1389 4053
1390 4051
1391 4052
1392 4051
1393 4049
1394 4055
1395 4056
1396 4053
1397 4053
1398 4052
1399 4053
1400 4053
1401 4056
1402 4048
1403 4051
1404 4053
1405 4050
1406 4056
1407 4051
1408 4053
1409 4052
1410 4053
1411 4053
1412 4049
1413 4052
1414 4051
1415 4051
1416 4054
1417 4055
1418 4050
1419 4051
1420 4049
1421 4052
1422 4049
1423 4050
1424 4054
1425 4053
1426 4051
1427 4057
1428 4049
1429 4051
1430 4051
1431 4055
1432 4050
1433 4050
1434 4052
1435 4051
1436 4051
1437 4050
1438 4049
1439 4050
1440 4050
1441 4052
1442 4054
1443 4054
1444 4052
1445 4057
1446 4054
1447 4050
1448 4050
1449 4051
1450 4049
1451 4054
1452 4051
1453 4056
1454 4051
1455 4052
1456 4050
1457 4050
1458 4053
1459 4051
1460 4053
1461 4051
1462 4051
1463 4053
1464 4050
1465 4054
1466 4053
1467 4052
1468 4051
1469 4049
1470 4050
1471 4053
1472 4052
1473 4050
1474 4053
1475 4051
1476 4052
1477 4050
1478 4051
1479 4052
1480 4055
1481 4054
1482 4053
1483 4050
1484 4049
1485 4050
1486 4053
1487 4053
1488 4052
1489 4050
1490 4053
1491 4053
1492 4050
1493 4051
1494 4051
1495 4052
1496 4051
1497 4053
1498 4053
1499 4051
1500 4052
1501 4053
1502 4045
1503 4051
1504 4054
1505 4053
1506 4054
1507 4050
1508 4050
1509 4049
1510 4050
1511 4051
1512 4047
1513 4050
1514 4050
1515 4053
1516 4053
1517 4052
1518 4053
1519 4053
1520 4052
1521 4053
1522 4051
1523 4055
1524 4051
1525 4052
1526 4052
1527 4051
1528 4052
1529 4050
1530 4051
1531 4051
1532 4051
1533 4049
1534 4051
1535 4050
1536 4054
1537 4049
1538 4049
1539 4051
1540 4050
1541 4051
1542 4051
1543 4051
1544 4052
1545 4054
1546 4051
1547 4051
1548 4051
1549 4053
1550 4052
1551 4056
1552 4046
1553 4050
1554 4051
1555 4052
1556 4053
1557 4053
1558 4055
1559 4052
1560 4049
1561 4053
1562 4052
1563 4052
1564 4051
1565 4052
1566 4051
1567 4052
1568 4051
1569 4051
1570 4051
1571 4050
1572 4050
1573 4056
1574 4054
1575 4054
1576 4053
1577 4050
1578 4053
1579 4052
1580 4052
1581 4051
1582 4051
1583 4054
1584 4049
1585 4052
1586 4055
1587 4048
1588 4052
1589 4052
1590 4048
1591 4052
1592 4052
1593 4051
1594 4055
1595 4052
1596 4053
1597 4053
1598 4051
1599 4054
1600 4052
1601 4053
1602 4051
1603 4051
1604 4051
1605 4050
1606 4051
1607 4051
1608 4051
1609 4051
1610 4051
1611 4050
1612 4049
1613 4054
1614 4049
1615 4053
1616 4053
1617 4052
1618 4051
1619 4052
1620 4051
1621 4053
1622 4049
1623 4054
1624 4049
1625 4051
1626 4053
1627 4051
1628 4051
1629 4050
1630 4051
1631 4050
1632 4053
1633 4050
1634 4051
1635 4054
1636 4052
1637 4052
1638 4056
1639 4051
1640 4050
1641 4052
1642 4051
1643 4050
1644 4051
1645 4050
1646 4053
1647 4052
1648 4051
1649 4053
1650 4050
1651 4056
1652 4049
1653 4053
1654 4051
1655 4054
1656 4052
1657 4052
1658 4053
1659 4049
1660 4050
1661 4051
1662 4052
1663 4051
1664 4052
1665 4053
1666 4053
1667 4055
1668 4050
1669 4056
1670 4051
1671 4056
1672 4053
1673 4053
1674 4051
1675 4054
1676 4050
1677 4053
1678 4053
1679 4051
1680 4050
1681 4050
1682 4052
1683 4053
1684 4051
1685 4052
1686 4050
1687 4052
1688 4054
1689 4049
1690 4052
1691 4054
1692 4052
1693 4050
1694 4050
1695 4051
1696 4051
1697 4050
1698 4053
1699 4054
1700 4052
1701 4055
1702 4050
1703 4051
1704 4051
1705 4052
1706 4053
1707 4051
1708 4053
1709 4050
1710 4054
1711 4056
1712 4052
1713 4054
1714 4050
1715 4048
1716 4054
1717 4050
1718 4051
1719 4052
1720 4052
1721 4053
1722 4051
1723 4053
1724 4051
1725 4052
1726 4049
1727 4052
1728 4050
1729 4051
1730 4050
1731 4051
1732 4053
1733 4052
1734 4051
1735 4051
1736 4053
1737 4050
1738 4049
1739 4051
1740 4048
1741 4051
1742 4054
1743 4050
1744 4051
1745 4052
1746 4053
1747 4052
1748 4051
1749 4051
1750 4051
1751 4057
1752 4049
1753 4057
1754 4050
1755 4050
1756 4047
1757 4053
1758 4051
1759 4051
1760 4051
1761 4052
1762 4049
1763 4051
1764 4052
1765 4053
1766 4050
1767 4053
1768 4051
1769 4051
1770 4051
1771 4054
1772 4054
1773 4053
1774 4054
1775 4053
1776 4053
1777 4053
1778 4053
1779 4054
1780 4051
1781 4053
1782 4050
1783 4053
1784 4050
1785 4052
1786 4052
1787 4051
1788 4053
1789 4052
1790 4051
1791 4049
1792 4052
1793 4054
1794 4051
1795 4053
1796 4052
1797 4050
1798 4049
1799 4052
1800 4052
1801 4049
1802 4052
1803 4053
1804 4051
1805 4051
1806 4050
1807 4052
1808 4051
1809 4052
1810 4052
1811 4053
1812 4050
1813 4048
1814 4049
1815 4052
1816 4051
1817 4051
1818 4051
1819 4050
1820 4053
1821 4048
1822 4051
1823 4050
1824 4047
1825 4050
1826 4051
1827 4054
1828 4051
1829 4051
1830 4050
1831 4051
1832 4052
1833 4054
1834 4047
1835 4049
1836 4052
1837 4049
1838 4051
1839 4050
1840 4049
1841 4051
1842 4047
1843 4052
1844 4051
1845 4049
1846 4047
1847 4048
1848 4051
1849 4050
1850 4050
1851 4052
1852 4047
1853 4047
1854 4050
1855 4052
1856 4053
1857 4051
1858 4051
1859 4052
1860 4050
1861 4054
1862 4050
1863 4049
1864 4051
1865 4052
1866 4053
1867 4051
1868 4051
1869 4052
1870 4052
1871 4055
1872 4049
1873 4050
1874 4047
1875 4050
1876 4051
1877 4051
1878 4051
1879 4050
1880 4052
1881 4053
1882 4051
1883 4053
1884 4051
1885 4049
1886 4051
1887 4051
1888 4050
1889 4052
1890 4052
1891 4052
1892 4051
1893 4051
1894 4048
1895 4052
1896 4049
1897 4054
1898 4053
1899 4051
1900 4051
1901 4053
1902 4047
1903 4054
1904 4051
1905 4052
1906 4052
1907 4051
1908 4053
1909 4050
1910 4053
1911 4048
1912 4051
1913 4051
1914 4051
1915 4053
1916 4053
1917 4055
1918 4051
1919 4056
1920 4050
1921 4052
1922 4050
1923 4048
1924 4056
1925 4052
1926 4050
1927 4053
1928 4053
1929 4052
1930 4053
1931 4049
1932 4051
1933 4054
1934 4048
1935 4051
1936 4054
1937 4051
1938 4055
1939 4055
1940 4052
1941 4052
1942 4053
1943 4054
1944 4051
1945 4053
1946 4053
1947 4054
1948 4052
1949 4051
1950 4052
1951 4056
1952 4051
1953 4052
1954 4051
1955 4050
1956 4055
1957 4051
1958 4050
1959 4052
1960 4054
1961 4052
1962 4049
1963 4055
1964 4053
1965 4050
1966 4053
1967 4051
1968 4050
1969 4051
1970 4054
1971 4052
1972 4049
1973 4052
1974 4051
1975 4053
1976 4050
1977 4052
1978 4052
1979 4052
1980 4053
1981 4051
1982 4051
1983 4054
1984 4049
1985 4051
1986 4053
1987 4052
1988 4053
1989 4051
1990 4049
1991 4051
1992 4051
1993 4050
1994 4051
1995 4053
1996 4052
1997 4051
1998 4050
1999 4051
2000 4051
2001 4056
2002 4049
2003 4058
2004 4053
2005 4051
2006 4052
2007 4054
2008 4051
2009 4054
2010 4051
2011 4049
2012 4051
2013 4053
2014 4053
2015 4051
2016 4054
2017 4053
2018 4050
2019 4049
2020 4052
2021 4054
2022 4051
2023 4050
2024 4051
2025 4052
2026 4050
2027 4049
2028 4051
2029 4052
2030 4050
2031 4054
2032 4053
2033 4051
2034 4052
2035 4053
2036 4050
2037 4051
2038 4052
2039 4050
2040 4052
2041 4053
2042 4051
2043 4050
2044 4051
2045 4051
2046 4050
2047 4050
2048 4053
2049 4054
2050 4050
2051 4054
2052 4046
2053 4051
2054 4051
2055 4052
2056 4050
2057 4052
2058 4051
2059 4050
2060 4051
2061 4053
2062 4052
2063 4056
2064 4050
2065 4052
2066 4049
2067 4052
2068 4050
2069 4054
2070 4051
2071 4051
2072 4050
2073 4049
2074 4051
2075 4053
2076 4052
2077 4051
2078 4051
2079 4052
2080 4050
2081 4051
2082 4053
2083 4051
2084 4053
2085 4053
2086 4051
2087 4050
2088 4050
2089 4053
2090 4053
2091 4050
2092 4053
2093 4051
2094 4050
2095 4052
2096 4055
2097 4048
2098 4050
2099 4051
2100 4052
2101 4056
2102 4050
2103 4053
2104 4050
2105 4052
2106 4051
2107 4051
2108 4052
2109 4050
2110 4051
2111 4056
2112 4050
2113 4053
2114 4053
2115 4052
2116 4051
2117 4056
2118 4054
2119 4053
2120 4053
2121 4055
2122 4051
2123 4053
2124 4050
2125 4052
2126 4050
2127 4051
2128 4052
2129 4051
2130 4051
2131 4053
2132 4050
2133 4053
2134 4053
2135 4050
2136 4055
2137 4048
2138 4056
2139 4052
2140 4049
2141 4051
2142 4052
2143 4054
2144 4054
2145 4051
2146 4052
2147 4051
2148 4051
2149 4049
2150 4053
2151 4055
2152 4049
2153 4053
2154 4051
2155 4050
2156 4049
2157 4050
2158 4051
2159 4055
2160 4050
2161 4052
2162 4053
2163 4050
2164 4052
2165 4050
2166 4054
2167 4050
2168 4053
2169 4054
2170 4053
2171 4051
2172 4048
2173 4051
2174 4049
2175 4054
2176 4051
2177 4054
2178 4049
2179 4053
2180 4051
2181 4053
2182 4050
2183 4051
2184 4051
2185 4053
2186 4051
2187 4054
2188 4054
2189 4049
2190 4053
2191 4050
2192 4052
2193 4052
2194 4052
2195 4053
2196 4054
2197 4051
2198 4054
2199 4052
2200 4051
2201 4056
2202 4049
2203 4050
2204 4051
2205 4050
2206 4054
2207 4052
2208 4051
2209 4053
2210 4052
2211 4052
2212 4048
2213 4054
2214 4051
2215 4051
2216 4056
2217 4052
2218 4050
2219 4051
2220 4053
2221 4051
2222 4051
2223 4052
2224 4052
2225 4053
2226 4051
2227 4051
2228 4050
2229 4051
2230 4053
2231 4050
2232 4053
2233 4056
2234 4052
2235 4053
2236 4051
2237 4052
2238 4051
2239 4052
2240 4053
2241 4048
2242 4050
2243 4053
2244 4054
2245 4053
2246 4054
2247 4051
2248 4052
2249 4054
2250 4049
2251 4054
2252 4052
2253 4054
2254 4049
2255 4052
2256 4052
2257 4053
2258 4052
2259 4054
2260 4053
2261 4052
2262 4051
2263 4051
2264 4050
2265 4053
2266 4051
2267 4052
2268 4051
2269 4054
2270 4054
2271 4053
2272 4050
2273 4052
2274 4053
2275 4052
2276 4053
2277 4049
2278 4053
2279 4050
2280 4053
2281 4054
2282 4051
2283 4052
2284 4050
2285 4051
2286 4049
2287 4051
2288 4054
2289 4051
2290 4053
2291 4052
2292 4052
2293 4052
2294 4054
2295 4051
2296 4050
2297 4053
2298 4050
2299 4056
2300 4051
2301 4054
2302 4051
2303 4053
2304 4051
2305 4055
2306 4052
2307 4051
2308 4051
2309 4050
2310 4053
2311 4054
2312 4051
2313 4053
2314 4047
2315 4053
2316 4049
2317 4050
2318 4050
2319 4054
2320 4053
2321 4054
2322 4053
2323 4050
2324 4055
2325 4053
2326 4050
2327 4049
2328 4053
2329 4051
2330 4052
2331 4049
2332 4050
2333 4054
2334 4051
2335 4053
2336 4051
2337 4051
2338 4051
2339 4050
2340 4052
2341 4051
2342 4053
2343 4051
2344 4053
2345 4051
2346 4051
2347 4053
2348 4055
2349 4054
2350 4052
2351 4057
2352 4053
2353 4052
2354 4050
2355 4053
2356 4053
2357 4051
2358 4050
2359 4053
2360 4052
2361 4053
2362 4049
2363 4055
2364 4051
2365 4050
2366 4052
2367 4050
2368 4051
2369 4052
2370 4052
2371 4053
2372 4050
2373 4052
2374 4054
2375 4053
2376 4053
2377 4052
2378 4050
2379 4051
2380 4052
2381 4052
2382 4052
2383 4053
2384 4057
2385 4054
2386 4050
2387 4050
2388 4047
2389 4054
2390 4049
2391 4053
2392 4053
2393 4052
2394 4051
2395 4052
2396 4051
2397 4053
2398 4053
2399 4049
2400 4051
2401 4055
2402 4050
2403 4054
2404 4051
2405 4051
2406 4050
2407 4051
2408 4050
2409 4053
2410 4051
2411 4053
2412 4054
2413 4050
2414 4051
2415 4054
2416 4054
2417 4053
2418 4052
2419 4053
2420 4053
2421 4054
2422 4056
2423 4052
2424 4051
2425 4053
2426 4053
2427 4051
2428 4054
2429 4054
2430 4048
2431 4053
2432 4053
2433 4052
2434 4053
2435 4052
2436 4053
2437 4053
2438 4052
2439 4050
2440 4051
2441 4052
2442 4051
2443 4053
2444 4053
2445 4051
2446 4054
2447 4052
2448 4051
2449 4055
2450 4049
2451 4056
2452 4048
2453 4053
2454 4049
2455 4051
2456 4054
2457 4056
2458 4054
2459 4051
2460 4050
2461 4052
2462 4051
2463 4052
2464 4052
2465 4050
2466 4052
2467 4051
2468 4054
2469 4053
2470 4056
2471 4052
2472 4051
2473 4054
2474 4053
2475 4053
2476 4052
2477 4050
2478 4051
2479 4053
2480 4052
2481 4052
2482 4053
2483 4053
2484 4051
2485 4052
2486 4052
2487 4049
2488 4053
2489 4051
2490 4050
2491 4054
2492 4052
2493 4053
2494 4053
2495 4053
2496 4050
2497 4052
2498 4052
2499 4052
2500 4053
2501 4054
2502 4050
2503 4052
2504 4052
2505 4054
2506 4050
2507 4050
2508 4050
2509 4052
2510 4052
2511 4052
2512 4050
2513 4055
2514 4049
2515 4050
2516 4052
2517 4053
2518 4053
2519 4051
2520 4051
2521 4047
2522 4051
2523 4051
2524 4050
2525 4052
2526 4051
2527 4050
2528 4052
2529 4051
2530 4054
2531 4049
2532 4050
2533 4053
2534 4051
2535 4051
2536 4050
2537 4053
2538 4050
2539 4048
2540 4052
2541 4052
2542 4053
2543 4054
2544 4054
2545 4053
2546 4051
2547 4051
2548 4053
2549 4052
2550 4052
2551 4055
2552 4050
2553 4051
2554 4049
2555 4054
2556 4050
2557 4055
2558 4052
2559 4052
2560 4049
2561 4050
2562 4052
2563 4051
2564 4051
2565 4051
2566 4052
2567 4051
2568 4056
2569 4050
2570 4049
2571 4052
2572 4052
2573 4051
2574 4050
2575 4050
2576 4051
2577 4056
2578 4050
2579 4051
2580 4051
2581 4054
2582 4053
2583 4053
2584 4049
2585 4054
2586 4050
2587 4051
2588 4050
2589 4051
2590 4053
2591 4051
2592 4050
2593 4051
2594 4050
2595 4051
2596 4050
2597 4054
2598 4053
2599 4053
2600 4054
2601 4054
2602 4050
2603 4053
2604 4051
2605 4049
2606 4051
2607 4051
2608 4052
2609 4054
2610 4053
2611 4056
2612 4051
2613 4053
2614 4053
2615 4056
2616 4049
2617 4053
2618 4054
2619 4051
2620 4051
2621 4051
2622 4055
2623 4052
2624 4053
2625 4053
2626 4051
2627 4051
2628 4053
2629 4051
2630 4053
2631 4053
2632 4051
2633 4049
2634 4051
2635 4056
2636 4051
2637 4050
2638 4051
2639 4051
2640 4051
2641 4050
2642 4051
2643 4054
2644 4051
2645 4051
2646 4052
2647 4052
2648 4052
2649 4051
2650 4051
2651 4054
2652 4053
2653 4051
2654 4050
2655 4051
2656 4051
2657 4054
2658 4051
2659 4052
2660 4052
2661 4049
2662 4052
2663 4051
2664 4052
2665 4050
2666 4052
2667 4053
2668 4051
2669 4053
2670 4050
2671 4053
2672 4050
2673 4052
2674 4050
2675 4052
2676 4049
2677 4051
2678 4055
2679 4050
2680 4048
2681 4053
2682 4048
2683 4050
2684 4049
2685 4053
2686 4054
2687 4054
2688 4050
2689 4055
2690 4049
2691 4053
2692 4053
2693 4050
2694 4052
2695 4052
2696 4051
2697 4053
2698 4055
2699 4052
2700 4052
2701 4057
2702 4049
2703 4052
2704 4053
2705 4051
2706 4052
2707 4051
2708 4054
2709 4050
2710 4050
2711 4051
2712 4051
2713 4056
2714 4050
2715 4053
2716 4052
2717 4051
2718 4051
2719 4051
2720 4050
2721 4055
2722 4053
2723 4052
2724 4053
2725 4052
2726 4049
2727 4051
2728 4052
2729 4053
2730 4050
2731 4053
2732 4053
2733 4055
2734 4051
2735 4056
2736 4052
2737 4052
2738 4052
2739 4050
2740 4051
2741 4052
2742 4052
2743 4053
2744 4053
2745 4052
2746 4050
2747 4050
2748 4054
2749 4050
2750 4054
2751 4051
2752 4048
2753 4051
2754 4051
2755 4049
2756 4051
2757 4054
2758 4054
2759 4053
2760 4051
2761 4051
2762 4051
2763 4054
2764 4049
2765 4053
2766 4051
2767 4054
2768 4053
2769 4054
2770 4050
2771 4052
2772 4051
2773 4055
2774 4051
2775 4053
2776 4047
2777 4050
2778 4053
2779 4053
2780 4052
2781 4049
2782 4054
2783 4054
2784 4050
2785 4054
2786 4053
2787 4051
2788 4052
2789 4052
2790 4052
2791 4050
2792 4050
2793 4053
2794 4050
2795 4050
2796 4052
2797 4053
2798 4050
2799 4050
2800 4051
2801 4056
2802 4047
2803 4047
2804 4049
2805 4047
2806 4050
2807 4044
2808 4044
2809 4043
2810 4040
2811 4040
2812 4037
2813 4040
2814 4035
2815 4028
2816 4027
2817 4027
2818 4024
2819 4030
2820 4028
2821 4026
2822 4027
2823 4024
2824 4017
2825 4017
2826 4016
2827 4012
2828 4020
2829 4018
2830 4022
2831 4020
2832 4020
2833 4021
2834 4019
2835 4019
2836 4025
2837 4027
2838 4030
2839 4030
2840 4030
2841 4031
2842 4032
2843 4030
2844 4029
2845 4035
2846 4037
2847 4035
2848 4040
2849 4040
2850 4042
2851 4043
2852 4040
2853 4042
2854 4043
2855 4045
2856 4048
2857 4046
2858 4050
2859 4048
2860 4048
2861 4051
2862 4047
2863 4049
2864 4050
2865 4050
2866 4053
2867 4051
2868 4051
2869 4051
2870 4054
2871 4052
2872 4052
2873 4050
2874 4052
2875 4052
2876 4048
2877 4049
2878 4052
2879 4051
2880 4049
2881 4051
2882 4049
2883 4050
2884 4052
2885 4049
2886 4050
2887 4051
2888 4051
2889 4053
2890 4055
2891 4053
2892 4050
2893 4053
2894 4051
2895 4050
2896 4051
2897 4050
2898 4051
2899 4052
2900 4053
2901 4053
2902 4049
2903 4050
2904 4049
2905 4050
2906 4053
2907 4052
2908 4051
2909 4050
2910 4051
2911 4051
2912 4050
2913 4051
2914 4050
2915 4050
2916 4053
2917 4052
2918 4051
2919 4051
2920 4052
2921 4053
2922 4050
2923 4049
2924 4051
2925 4051
2926 4051
2927 4051
2928 4052
2929 4056
2930 4054
2931 4053
2932 4049
2933 4053
2934 4052
2935 4053
2936 4051
2937 4051
2938 4052
2939 4053
2940 4053
2941 4054
2942 4051
2943 4051
2944 4053
2945 4053
2946 4050
2947 4048
2948 4051
2949 4049
2950 4055
2951 4053
2952 4050
2953 4051
2954 4053
2955 4050
2956 4051
2957 4057
2958 4053
2959 4051
2960 4051
2961 4053
2962 4054
2963 4053
2964 4051
2965 4051
2966 4051
2967 4052
2968 4052
2969 4054
2970 4051
2971 4051
2972 4051
2973 4051
2974 4051
2975 4054
2976 4051
2977 4050
2978 4053
2979 4049
2980 4054
2981 4053
2982 4049
2983 4056
2984 4052
2985 4051
2986 4051
2987 4052
2988 4051
2989 4054
2990 4052
2991 4052
2992 4051
2993 4052
2994 4053
2995 4049
2996 4053
2997 4055
2998 4052
2999 4053
3000 4051
3001 4057
3002 4050
3003 4052
3004 4054
3005 4055
3006 4051
3007 4055
3008 4051
3009 4054
3010 4052
3011 4052
3012 4053
3013 4056
3014 4052
3015 4051
3016 4053
3017 4051
3018 4049
3019 4050
3020 4053
3021 4056
3022 4053
3023 4051
3024 4050
3025 4054
3026 4052
3027 4054
3028 4049
3029 4051
3030 4052
3031 4052
3032 4053
3033 4052
3034 4052
3035 4052
3036 4051
3037 4052
3038 4054
3039 4052
3040 4051
3041 4051
3042 4054
3043 4052
3044 4051
3045 4054
3046 4051
3047 4054
3048 4053
3049 4053
3050 4049
3051 4054
3052 4051
3053 4053
3054 4055
3055 4050
3056 4054
3057 4048
3058 4055
3059 4053
3060 4054
3061 4052
3062 4052
3063 4056
3064 4052
3065 4049
3066 4053
3067 4052
3068 4049
3069 4052
3070 4054
3071 4050
3072 4051
3073 4052
3074 4051
3075 4053
3076 4051
3077 4049
3078 4054
3079 4050
3080 4051
3081 4051
3082 4052
3083 4051
3084 4056
3085 4052
3086 4056
3087 4048
3088 4049
3089 4052
3090 4052
3091 4054
3092 4051
3093 4057
3094 4051
3095 4053
3096 4051
3097 4050
3098 4050
3099 4053
3100 4054
3101 4054
3102 4051
3103 4052
3104 4051
3105 4050
3106 4051
3107 4050
3108 4051
3109 4051
3110 4050
3111 4053
3112 4050
3113 4054
3114 4055
3115 4052
3116 4051
3117 4051
3118 4051
3119 4052
3120 4051
3121 4052
3122 4055
3123 4053
3124 4052
3125 4052
3126 4049
3127 4054
3128 4054
3129 4051
3130 4052
3131 4051
3132 4053
3133 4051
3134 4051
3135 4052
3136 4051
3137 4051
3138 4052
3139 4052
3140 4051
3141 4052
3142 4051
3143 4051
3144 4052
3145 4053
3146 4051
3147 4051
3148 4052
3149 4053
3150 4052
3151 4053
3152 4049
3153 4046
3154 4052
3155 4054
3156 4048
3157 4051
3158 4050
3159 4049
3160 4051
3161 4052
3162 4048
3163 4047
3164 4051
3165 4050
3166 4052
3167 4053
3168 4051
3169 4050
3170 4050
3171 4052
3172 4051
3173 4053
3174 4053
3175 4054
3176 4049
3177 4051
3178 4053
3179 4052
3180 4052
3181 4053
3182 4052
3183 4051
3184 4051
3185 4054
3186 4051
3187 4053
3188 4052
3189 4050
3190 4052
3191 4051
3192 4054
3193 4049
3194 4055
3195 4053
3196 4054
3197 4048
3198 4053
3199 4052
3200 4052
3201 4051
3202 4051
3203 4054
3204 4054
3205 4051
3206 4054
3207 4052
3208 4050
3209 4056
3210 4052
3211 4054
3212 4054
3213 4056
3214 4052
3215 4053
3216 4051
3217 4049
3218 4054
3219 4054
3220 4049
3221 4051
3222 4052
3223 4053
3224 4052
3225 4052
3226 4051
3227 4050
3228 4049
3229 4053
3230 4053
3231 4053
3232 4053
3233 4056
3234 4054
3235 4051
3236 4050
3237 4053
3238 4050
3239 4052
3240 4051
3241 4049
3242 4049
3243 4051
3244 4053
3245 4054
3246 4051
3247 4051
3248 4053
3249 4051
3250 4051
3251 4054
3252 4048
3253 4052
3254 4054
3255 4051
3256 4054
3257 4052
3258 4048
3259 4051
3260 4056
3261 4054
3262 4051
3263 4052
3264 4052
3265 4053
3266 4052
3267 4052
3268 4053
3269 4052
3270 4051
3271 4052
3272 4051
3273 4048
3274 4050
3275 4051
3276 4050
3277 4051
3278 4051
3279 4054
3280 4051
3281 4052
3282 4052
3283 4054
3284 4052
3285 4050
3286 4051
3287 4050
3288 4051
3289 4053
3290 4051
3291 4051
3292 4051
3293 4052
3294 4053
3295 4054
3296 4054
3297 4051
3298 4055
3299 4052
3300 4053
3301 4056
3302 4051
3303 4052
3304 4054
3305 4052
3306 4052
3307 4052
3308 4051
3309 4052
3310 4055
3311 4056
3312 4050
3313 4053
3314 4051
3315 4053
3316 4051
3317 4049
3318 4051
3319 4052
3320 4052
3321 4052
3322 4053
3323 4053
3324 4053
3325 4053
3326 4051
3327 4051
3328 4051
3329 4053
3330 4054
3331 4053
3332 4051
3333 4051
3334 4050
3335 4055
3336 4051
3337 4053
3338 4053
3339 4052
3340 4053
3341 4049
3342 4051
3343 4051
3344 4053
3345 4052
3346 4051
3347 4052
3348 4050
3349 4049
3350 4050
3351 4052
3352 4049
3353 4054
3354 4053
3355 4053
3356 4053
3357 4053
3358 4052
3359 4051
3360 4051
3361 4051
3362 4052
3363 4054
3364 4053
3365 4051
3366 4049
3367 4051
3368 4050
3369 4051
3370 4051
3371 4052
3372 4050
3373 4051
3374 4053
3375 4054
3376 4047
3377 4051
3378 4054
3379 4052
3380 4052
3381 4053
3382 4052
3383 4051
3384 4053
3385 4052
3386 4052
3387 4051
3388 4051
3389 4052
3390 4051
3391 4053
3392 4052
3393 4052
3394 4056
3395 4053
3396 4049
3397 4053
3398 4051
3399 4053
3400 4052
3401 4056
3402 4051
3403 4051
3404 4050
3405 4053
3406 4051
3407 4054
3408 4051
3409 4054
3410 4051
3411 4051
3412 4051
3413 4056
3414 4051
3415 4053
3416 4053
3417 4053
3418 4050
3419 4051
3420 4050
3421 4051
3422 4049
3423 4051
3424 4053
3425 4051
3426 4053
3427 4050
3428 4052
3429 4050
3430 4051
3431 4051
3432 4051
3433 4053
3434 4049
3435 4051
3436 4052
3437 4048
3438 4050
3439 4052
3440 4052
3441 4051
3442 4052
3443 4052
3444 4053
3445 4052
3446 4050
3447 4051
3448 4052
3449 4051
3450 4050
3451 4052
3452 4050
3453 4052
3454 4055
3455 4052
3456 4050
3457 4052
3458 4051
3459 4051
3460 4052
3461 4049
3462 4051
3463 4055
3464 4055
3465 4050
3466 4052
3467 4052
3468 4053
3469 4053
3470 4051
3471 4054
3472 4052
3473 4052
3474 4053
3475 4053
3476 4054
3477 4052
3478 4052
3479 4051
3480 4052
3481 4051
3482 4050
3483 4053
3484 4048
3485 4053
3486 4053
3487 4050
3488 4051
3489 4055
3490 4056
3491 4052
3492 4052
3493 4051
3494 4055
3495 4052
3496 4052
3497 4052
3498 4052
3499 4051
3500 4051
3501 4056
3502 4048
3503 4053
3504 4053
3505 4055
3506 4050
3507 4050
3508 4055
3509 4050
3510 4051
3511 4053
3512 4049
3513 4051
3514 4051
3515 4052
3516 4049
3517 4052
3518 4054
3519 4052
3520 4054
3521 4052
3522 4049
3523 4053
3524 4051
3525 4053
3526 4053
3527 4050
3528 4051
3529 4052
3530 4051
3531 4050
3532 4052
3533 4050
3534 4053
3535 4050
3536 4052
3537 4050
3538 4055
3539 4054
3540 4050
3541 4051
3542 4051
3543 4048
3544 4048
3545 4051
3546 4052
3547 4050
3548 4051
3549 4053
3550 4054
3551 4054
3552 4051
3553 4055
3554 4050
3555 4053
3556 4052
3557 4053
3558 4052
3559 4049
3560 4049
3561 4053
3562 4049
3563 4053
3564 4051
3565 4051
3566 4051
3567 4054
3568 4051
3569 4051
3570 4052
3571 4053
3572 4052
3573 4052
3574 4053
3575 4054
3576 4051
3577 4050
3578 4051
3579 4054
3580 4053
3581 4050
3582 4052
3583 4053
3584 4049
3585 4051
3586 4049
3587 4052
3588 4051
3589 4050
3590 4053
3591 4050
3592 4050
3593 4052
3594 4051
3595 4052
3596 4051
3597 4053
3598 4052
3599 4054
3600 4052
3601 4056
3602 4051
3603 4054
3604 4053
3605 4051
3606 4052
3607 4054
3608 4051
3609 4052
3610 4052
3611 4051
3612 4051
3613 4054
3614 4053
3615 4052
3616 4054
3617 4057
3618 4051
3619 4051
3620 4050
3621 4049
3622 4051
3623 4050
3624 4054
3625 4051
3626 4051
3627 4053
3628 4052
3629 4051
3630 4052
3631 4051
3632 4051
3633 4054
3634 4052
3635 4051
3636 4053
3637 4051
3638 4051
3639 4053
3640 4052
3641 4053
3642 4049
3643 4051
3644 4050
3645 4051
3646 4054
3647 4053
3648 4052
3649 4051
3650 4051
3651 4055
3652 4050
3653 4053
3654 4051
3655 4051
3656 4050
3657 4054
3658 4052
3659 4053
3660 4052
3661 4051
3662 4051
3663 4054
3664 4055
3665 4053
3666 4051
3667 4053
3668 4052
3669 4054
3670 4050
3671 4051
3672 4052
3673 4051
3674 4053
3675 4054
3676 4052
3677 4048
3678 4051
3679 4050
3680 4051
3681 4053
3682 4053
3683 4054
3684 4050
3685 4053
3686 4053
3687 4053
3688 4053
3689 4052
3690 4051
3691 4053
3692 4051
3693 4052
3694 4052
