#Data from the TCD1304 linear CCD
#column 1 = pixelnumber , column 2 = pixelvalue
#Pixel 1-32 and 3679-3694 and are dummy pixels
#SH-period: 200    ICG-period: 100000    Integration time: 100.0 us
2 4034
3 4034
4 4059
5 4060
6 4058
7 4060
8 4054
9 4058
10 4060
11 4060
12 4057
13 4060
14 4057
15 4059
16 4058
17 4058
18 4058
19 4058
20 4058
21 4062
22 4057
23 4060
24 4059
25 4061
26 4059
27 4057
28 4058
29 4059
30 4058
31 4057
32 4058
34 4061
35 4058
36 4059
37 4060
38 4061
39 4060
40 4058
41 4060
42 4056
43 4060
44 4056
45 4057
46 4058
47 4062
48 4056
49 4059
50 4057
51 4061
52 4056
53 4057
54 4056
55 4058
56 4059
57 4058
58 4059
59 4060
60 4060
61 4059
62 4058
63 4057
64 4058
65 4059
66 4056
67 4060
68 4062
69 4060
70 4062
71 4060
72 4057
73 4061
74 4060
75 4062
76 4057
77 4060
78 4058
79 4058
80 4062
81 4060
82 4057
83 4058
84 4061
85 4062
86 4056
87 4059
88 4058
89 4058
90 4058
91 4060
92 4058
93 4061
94 4056
95 4060
96 4061
97 4058
98 4060
99 4060
100 4058
101 4062
102 4056
103 4060
104 4058
105 4060
106 4057
107 4059
108 4057
109 4062
110 4058
111 4058
112 4060
113 4062
114 4061
115 4058
116 4060
117 4058
118 4059
119 4058
120 4058
121 4059
122 4059
123 4058
124 4057
125 4060
126 4060
127 4061
128 4057
129 4058
130 4059
131 4056
132 4058
133 4058
134 4063
135 4059
136 4059
137 4060
138 4054
139 4058
140 4060
141 4060
142 4055
143 4061
144 4062
145 4056
146 4059
147 4059
148 4058
149 4056
150 4061
151 4060
152 4056
153 4061
154 4054
155 4058
156 4060
157 4059
158 4056
159 4058
160 4062
161 4058
162 4059
163 4056
164 4058
165 4060
166 4060
167 4057
168 4059
169 4061
170 4058
171 4057
172 4054
173 4060
174 4058
175 4058
176 4058
177 4062
178 4058
179 4054
180 4058
181 4058
182 4056
183 4059
184 4060
185 4056
186 4061
187 4060
188 4059
189 4060
190 4057
191 4058
192 4058
193 4059
194 4055
195 4062
196 4057
197 4060
198 4060
199 4058
200 4058
201 4062
202 4055
203 4060
204 4058
205 4058
206 4059
207 4062
208 4058
209 4056
210 4060
211 4058
212 4058
213 4060
214 4060
215 4058
216 4057
217 4062
218 4059
219 4057
220 4060
221 4057
222 4057
223 4056
224 4059
225 4058
226 4060
227 4056
228 4057
229 4060
230 4060
231 4058
232 4059
233 4056
234 4061
235 4060
236 4058
237 4059
238 4060
239 4060
240 4060
241 4059
242 4062
243 4056
244 4056
245 4059
246 4059
247 4059
248 4060
249 4059
250 4058
251 4066
252 4054
253 4059
254 4060
255 4059
256 4061
257 4057
258 4058
259 4060
260 4058
261 4060
262 4060
263 4060
264 4059
265 4059
266 4058
267 4057
268 4060
269 4059
270 4059
271 4059
272 4059
273 4058
274 4059
275 4060
276 4058
277 4058
278 4059
279 4062
280 4059
281 4060
282 4058
283 4059
284 4058
285 4060
286 4057
287 4058
288 4058
289 4060
290 4062
291 4061
292 4060
293 4059
294 4061
295 4061
296 4060
297 4057
298 4058
299 4060
300 4056
301 4062
302 4054
303 4060
304 4056
305 4060
306 4060
307 4058
308 4058
309 4062
310 4060
311 4062
312 4058
313 4057
314 4060
315 4058
316 4060
317 4056
318 4063
319 4058
320 4059
321 4058
322 4060
323 4060
324 4059
325 4057
326 4059
327 4058
328 4058
329 4058
330 4060
331 4058
332 4058
333 4061
334 4060
335 4059
336 4061
337 4060
338 4062
339 4060
340 4058
341 4056
342 4063
343 4057
344 4061
345 4060
346 4058
347 4057
348 4058
349 4059
350 4060
351 4063
352 4057
353 4060
354 4059
355 4060
356 4056
357 4058
358 4056
359 4061
360 4062
361 4058
362 4057
363 4058
364 4058
365 4058
366 4058
367 4061
368 4056
369 4058
370 4060
371 4058
372 4059
373 4058
374 4060
375 4060
376 4062
377 4061
378 4060
379 4060
380 4053
381 4059
382 4061
383 4056
384 4057
385 4056
386 4058
387 4060
388 4059
389 4056
390 4059
391 4058
392 4061
393 4060
394 4057
395 4060
396 4059
397 4060
398 4056
399 4060
400 4059
401 4058
402 4055
403 4057
404 4060
405 4059
406 4058
407 4062
408 4060
409 4061
410 4060
411 4058
412 4058
413 4058
414 4058
415 4060
416 4056
417 4060
418 4058
419 4058
420 4059
421 4060
422 4058
423 4061
424 4056
425 4060
426 4058
427 4059
428 4060
429 4058
430 4060
431 4058
432 4060
433 4058
434 4060
435 4056
436 4056
437 4056
438 4062
439 4058
440 4058
441 4062
442 4060
443 4058
444 4058
445 4058
446 4062
447 4060
448 4060
449 4058
450 4059
451 4063
452 4056
453 4060
454 4058
455 4060
456 4062
457 4059
458 4059
459 4060
460 4060
461 4058
462 4060
463 4061
464 4059
465 4059
466 4060
467 4058
468 4060
469 4058
470 4058
471 4058
472 4059
473 4061
474 4058
475 4060
476 4059
477 4060
478 4059
479 4061
480 4060
481 4058
482 4060
483 4059
484 4062
485 4060
486 4059
487 4060
488 4060
489 4060
490 4056
491 4060
492 4058
493 4057
494 4059
495 4056
496 4058
497 4058
498 4059
499 4058
500 4061
501 4066
502 4056
503 4060
504 4061
505 4059
506 4059
507 4056
508 4058
509 4059
510 4058
511 4058
512 4058
513 4058
514 4059
515 4056
516 4057
517 4059
518 4058
519 4062
520 4056
521 4059
522 4058
523 4060
524 4056
525 4060
526 4060
527 4059
528 4057
529 4058
530 4060
531 4060
532 4059
533 4061
534 4060
535 4059
536 4056
537 4058
538 4058
539 4056
540 4060
541 4060
542 4058
543 4062
544 4061
545 4063
546 4056
547 4058
548 4058
549 4060
550 4059
551 4062
552 4056
553 4062
554 4061
555 4060
556 4059
557 4060
558 4059
559 4062
560 4061
561 4060
562 4056
563 4059
564 4060
565 4060
566 4058
567 4060
568 4059
569 4060
570 4060
571 4062
572 4058
573 4060
574 4060
575 4058
576 4059
577 4059
578 4060
579 4056
580 4058
581 4059
582 4052
583 4058
584 4059
585 4060
586 4058
587 4060
588 4061
589 4058
590 4057
591 4060
592 4058
593 4060
594 4059
595 4061
596 4060
597 4059
598 4061
599 4060
600 4059
601 4063
602 4058
603 4058
604 4060
605 4059
606 4060
607 4060
608 4059
609 4060
610 4062
611 4056
612 4059
613 4059
614 4060
615 4061
616 4057
617 4060
618 4059
619 4060
620 4060
621 4059
622 4062
623 4059
624 4056
625 4055
626 4059
627 4056
628 4056
629 4060
630 4060
631 4060
632 4058
633 4061
634 4057
635 4058
636 4058
637 4058
638 4060
639 4058
640 4057
641 4056
642 4058
643 4061
644 4062
645 4062
646 4060
647 4059
648 4061
649 4058
650 4059
651 4060
652 4055
653 4058
654 4056
655 4057
656 4059
657 4057
658 4057
659 4058
660 4059
661 4060
662 4059
663 4060
664 4060
665 4056
666 4059
667 4060
668 4056
669 4060
670 4058
671 4059
672 4060
673 4060
674 4056
675 4061
676 4061
677 4058
678 4056
679 4061
680 4057
681 4062
682 4060
683 4060
684 4058
685 4058
686 4058
687 4062
688 4060
689 4061
690 4062
691 4059
692 4061
693 4058
694 4058
695 4056
696 4061
697 4059
698 4060
699 4059
700 4059
701 4061
702 4054
703 4060
704 4060
705 4060
706 4059
707 4060
708 4058
709 4062
710 4059
711 4058
712 4060
713 4060
714 4056
715 4056
716 4058
717 4062
718 4061
719 4058
720 4059
721 4062
722 4060
723 4063
724 4059
725 4058
726 4059
727 4060
728 4058
729 4056
730 4060
731 4059
732 4058
733 4057
734 4061
735 4059
736 4056
737 4062
738 4058
739 4060
740 4058
741 4060
742 4059
743 4059
744 4058
745 4061
746 4060
747 4060
748 4058
749 4063
750 4060
751 4065
752 4056
753 4058
754 4062
755 4058
756 4058
757 4060
758 4060
759 4062
760 4058
761 4058
762 4059
763 4058
764 4062
765 4057
766 4057
767 4061
768 4058
769 4060
770 4060
771 4058
772 4060
773 4058
774 4057
775 4058
776 4059
777 4058
778 4056
779 4060
780 4061
781 4057
782 4063
783 4058
784 4059
785 4058
786 4060
787 4061
788 4060
789 4062
790 4055
791 4060
792 4058
793 4059
794 4060
795 4060
796 4059
797 4059
798 4057
799 4060
800 4055
801 4062
802 4054
803 4060
804 4058
805 4054
806 4059
807 4060
808 4061
809 4060
810 4058
811 4060
812 4057
813 4058
814 4062
815 4057
816 4058
817 4056
818 4058
819 4062
820 4058
821 4060
822 4057
823 4059
824 4057
825 4060
826 4062
827 4060
828 4058
829 4059
830 4057
831 4058
832 4057
833 4056
834 4061
835 4056
836 4059
837 4058
838 4063
839 4060
840 4059
841 4058
842 4059
843 4057
844 4060
845 4060
846 4059
847 4056
848 4063
849 4058
850 4062
851 4065
852 4056
853 4058
854 4059
855 4056
856 4058
857 4062
858 4058
859 4060
860 4059
861 4058
862 4058
863 4058
864 4056
865 4061
866 4061
867 4059
868 4057
869 4056
870 4059
871 4057
872 4057
873 4056
874 4060
875 4058
876 4059
877 4057
878 4057
879 4056
880 4058
881 4059
882 4060
883 4058
884 4058
885 4057
886 4060
887 4058
888 4059
889 4061
890 4058
891 4060
892 4059
893 4060
894 4061
895 4056
896 4057
897 4060
898 4061
899 4059
900 4059
901 4062
902 4054
903 4060
904 4058
905 4060
906 4058
907 4060
908 4058
909 4060
910 4059
911 4057
912 4056
913 4060
914 4060
915 4059
916 4060
917 4059
918 4056
919 4058
920 4059
921 4061
922 4058
923 4060
924 4058
925 4062
926 4060
927 4066
928 4060
929 4060
930 4056
931 4057
932 4061
933 4058
934 4059
935 4058
936 4058
937 4058
938 4062
939 4058
940 4055
941 4056
942 4061
943 4058
944 4058
945 4056
946 4058
947 4061
948 4060
949 4060
950 4058
951 4066
952 4055
953 4058
954 4057
955 4060
956 4059
957 4058
958 4061
959 4063
960 4060
961 4060
962 4061
963 4060
964 4058
965 4060
966 4061
967 4059
968 4056
969 4061
970 4056
971 4058
972 4058
973 4061
974 4059
975 4058
976 4063
977 4056
978 4058
979 4057
980 4060
981 4059
982 4061
983 4057
984 4060
985 4061
986 4058
987 4062
988 4060
989 4058
990 4057
991 4059
992 4058
993 4063
994 4058
995 4060
996 4060
997 4062
998 4060
999 4056
1000 4057
1001 4063
1002 4056
1003 4061
1004 4060
1005 4057
1006 4060
1007 4062
1008 4058
1009 4060
1010 4060
1011 4060
1012 4060
1013 4058
1014 4062
1015 4058
1016 4058
1017 4061
1018 4057
1019 4059
1020 4061
1021 4060
1022 4057
1023 4059
1024 4058
1025 4060
1026 4060
1027 4063
1028 4057
1029 4057
1030 4056
1031 4060
1032 4060
1033 4058
1034 4059
1035 4058
1036 4058
1037 4062
1038 4060
1039 4062
1040 4059
1041 4058
1042 4059
1043 4059
1044 4061
1045 4060
1046 4060
1047 4060
1048 4057
1049 4058
1050 4060
1051 4066
1052 4056
1053 4059
1054 4059
1055 4056
1056 4058
1057 4061
1058 4056
1059 4062
1060 4059
1061 4060
1062 4058
1063 4062
1064 4058
1065 4060
1066 4056
1067 4057
1068 4062
1069 4059
1070 4061
1071 4057
1072 4059
1073 4060
1074 4060
1075 4057
1076 4060
1077 4060
1078 4061
1079 4060
1080 4060
1081 4058
1082 4063
1083 4058
1084 4059
1085 4060
1086 4058
1087 4060
1088 4060
1089 4060
1090 4058
1091 4057
1092 4059
1093 4060
1094 4060
1095 4059
1096 4060
1097 4056
1098 4057
1099 4060
1100 4059
1101 4063
1102 4057
1103 4062
1104 4058
1105 4057
1106 4059
1107 4061
1108 4058
1109 4058
1110 4058
1111 4059
1112 4056
1113 4060
1114 4060
1115 4056
1116 4056
1117 4060
1118 4061
1119 4062
1120 4060
1121 4058
1122 4060
1123 4059
1124 4062
1125 4058
1126 4056
1127 4059
1128 4056
1129 4057
1130 4059
1131 4060
1132 4059
1133 4058
1134 4059
1135 4058
1136 4057
1137 4063
1138 4059
1139 4060
1140 4058
1141 4058
1142 4058
1143 4061
1144 4058
1145 4058
1146 4056
1147 4057
1148 4060
1149 4058
1150 4057
1151 4063
1152 4058
1153 4060
1154 4059
1155 4063
1156 4059
1157 4062
1158 4057
1159 4060
1160 4061
1161 4060
1162 4057
1163 4060
1164 4059
1165 4059
1166 4057
1167 4060
1168 4060
1169 4058
1170 4062
1171 4058
1172 4056
1173 4058
1174 4058
1175 4060
1176 4059
1177 4060
1178 4060
1179 4059
1180 4056
1181 4058
1182 4059
1183 4061
1184 4057
1185 4061
1186 4056
1187 4057
1188 4060
1189 4059
1190 4057
1191 4061
1192 4055
1193 4058
1194 4060
1195 4058
1196 4060
1197 4059
1198 4060
1199 4056
1200 4057
1201 4062
1202 4057
1203 4058
1204 4058
1205 4062
1206 4060
1207 4059
1208 4058
1209 4060
1210 4060
1211 4058
1212 4058
1213 4058
1214 4059
1215 4060
1216 4059
1217 4058
1218 4060
1219 4056
1220 4060
1221 4065
1222 4057
1223 4062
1224 4058
1225 4057
1226 4059
1227 4058
1228 4066
1229 4061
1230 4058
1231 4061
1232 4060
1233 4054
1234 4061
1235 4062
1236 4058
1237 4057
1238 4058
1239 4060
1240 4058
1241 4058
1242 4057
1243 4061
1244 4056
1245 4060
1246 4058
1247 4060
1248 4060
1249 4061
1250 4057
1251 4060
1252 4058
1253 4058
1254 4058
1255 4056
1256 4057
1257 4059
1258 4060
1259 4058
1260 4059
1261 4059
1262 4056
1263 4060
1264 4059
1265 4058
1266 4058
1267 4060
1268 4060
1269 4060
1270 4058
1271 4059
1272 4056
1273 4060
1274 4058
1275 4059
1276 4063
1277 4060
1278 4056
1279 4058
1280 4058
1281 4060
1282 4058
1283 4058
1284 4063
1285 4060
1286 4062
1287 4058
1288 4060
1289 4060
1290 4058
1291 4059
1292 4059
1293 4056
1294 4056
1295 4060
1296 4058
1297 4057
1298 4056
1299 4060
1300 4058
1301 4062
1302 4058
1303 4060
1304 4060
1305 4061
1306 4059
1307 4060
1308 4060
1309 4062
1310 4058
1311 4058
1312 4061
1313 4056
1314 4058
1315 4059
1316 4057
1317 4059
1318 4056
1319 4062
1320 4060
1321 4061
1322 4060
1323 4058
1324 4060
1325 4056
1326 4057
1327 4060
1328 4056
1329 4060
1330 4060
1331 4060
1332 4056
1333 4058
1334 4061
1335 4058
1336 4058
1337 4056
1338 4058
1339 4060
1340 4058
1341 4059
1342 4062
1343 4060
1344 4057
1345 4059
1346 4058
1347 4058
1348 4058
1349 4056
1350 4058
1351 4060
1352 4056
1353 4059
1354 4060
1355 4058
1356 4060
1357 4060
1358 4057
1359 4056
1360 4059
1361 4058
1362 4058
1363 4061
1364 4059
1365 4061
1366 4061
1367 4058
1368 4061
1369 4058
1370 4059
1371 4058
1372 4061
1373 4060
1374 4060
1375 4058
1376 4058
1377 4062
1378 4058
1379 4058
1380 4060
1381 4058
1382 4057
1383 4060
1384 4058
1385 4060
1386 4062
1387 4059
1388 4056
1389 4058
1390 4059
1391 4058
1392 4062
1393 4058
1394 4058
1395 4063
1396 4061
1397 4056
1398 4056
1399 4057
1400 4060
1401 4061
1402 4057
1403 4063
1404 4060
1405 4060
1406 4058
1407 4059
1408 4058
1409 4058
1410 4060
1411 4056
1412 4060
1413 4057
1414 4058
1415 4059
1416 4062
1417 4061
1418 4062
1419 4058
1420 4059
1421 4058
1422 4058
1423 4058
1424 4057
1425 4060
1426 4060
1427 4060
1428 4062
1429 4057
1430 4060
1431 4061
1432 4056
1433 4058
1434 4058
1435 4060
1436 4062
1437 4060
1438 4058
1439 4058
1440 4058
1441 4060
1442 4062
1443 4058
1444 4058
1445 4060
1446 4059
1447 4062
1448 4058
1449 4059
1450 4061
1451 4063
1452 4056
1453 4060
1454 4062
1455 4059
1456 4062
1457 4058
1458 4061
1459 4059
1460 4061
1461 4056
1462 4059
1463 4060
1464 4060
1465 4060
1466 4058
1467 4058
1468 4058
1469 4060
1470 4056
1471 4060
1472 4058
1473 4063
1474 4058
1475 4060
1476 4058
1477 4056
1478 4060
1479 4060
1480 4056
1481 4060
1482 4058
1483 4057
1484 4060
1485 4058
1486 4058
1487 4057
1488 4060
1489 4058
1490 4059
1491 4060
1492 4060
1493 4060
1494 4059
1495 4060
1496 4058
1497 4056
1498 4060
1499 4059
1500 4060
1501 4060
1502 4058
1503 4057
1504 4061
1505 4057
1506 4057
1507 4061
1508 4058
1509 4062
1510 4060
1511 4061
1512 4058
1513 4060
1514 4061
1515 4057
1516 4058
1517 4062
1518 4059
1519 4058
1520 4058
1521 4060
1522 4061
1523 4056
1524 4060
1525 4058
1526 4059
1527 4060
1528 4060
1529 4059
1530 4057
1531 4058
1532 4060
1533 4058
1534 4060
1535 4060
1536 4060
1537 4061
1538 4062
1539 4061
1540 4058
1541 4059
1542 4056
1543 4057
1544 4059
1545 4058
1546 4057
1547 4058
1548 4061
1549 4058
1550 4061
1551 4067
1552 4056
1553 4062
1554 4058
1555 4058
1556 4060
1557 4056
1558 4057
1559 4060
1560 4058
1561 4055
1562 4058
1563 4061
1564 4061
1565 4061
1566 4058
1567 4060
1568 4058
1569 4060
1570 4061
1571 4060
1572 4059
1573 4060
1574 4055
1575 4060
1576 4060
1577 4057
1578 4056
1579 4062
1580 4059
1581 4060
1582 4059
1583 4057
1584 4058
1585 4056
1586 4059
1587 4058
1588 4057
1589 4061
1590 4058
1591 4058
1592 4057
1593 4060
1594 4058
1595 4063
1596 4057
1597 4060
1598 4058
1599 4060
1600 4060
1601 4060
1602 4056
1603 4060
1604 4062
1605 4056
1606 4063
1607 4058
1608 4058
1609 4058
1610 4059
1611 4060
1612 4055
1613 4060
1614 4058
1615 4059
1616 4059
1617 4057
1618 4057
1619 4060
1620 4060
1621 4058
1622 4056
1623 4061
1624 4058
1625 4060
1626 4062
1627 4058
1628 4058
1629 4060
1630 4056
1631 4059
1632 4057
1633 4060
1634 4061
1635 4058
1636 4056
1637 4063
1638 4058
1639 4062
1640 4056
1641 4057
1642 4057
1643 4058
1644 4058
1645 4062
1646 4060
1647 4060
1648 4057
1649 4058
1650 4055
1651 4062
1652 4057
1653 4060
1654 4059
1655 4058
1656 4056
1657 4058
1658 4058
1659 4060
1660 4058
1661 4059
1662 4060
1663 4060
1664 4062
1665 4058
1666 4058
1667 4059
1668 4060
1669 4061
1670 4057
1671 4058
1672 4056
1673 4058
1674 4056
1675 4061
1676 4060
1677 4058
1678 4058
1679 4060
1680 4058
1681 4058
1682 4060
1683 4059
1684 4058
1685 4058
1686 4058
1687 4059
1688 4057
1689 4060
1690 4058
1691 4060
1692 4058
1693 4059
1694 4058
1695 4061
1696 4057
1697 4059
1698 4058
1699 4057
1700 4061
1701 4062
1702 4058
1703 4056
1704 4059
1705 4056
1706 4059
1707 4058
1708 4058
1709 4060
1710 4056
1711 4059
1712 4060
1713 4060
1714 4058
1715 4059
1716 4060
1717 4058
1718 4060
1719 4058
1720 4061
1721 4060
1722 4058
1723 4060
1724 4060
1725 4062
1726 4061
1727 4062
1728 4058
1729 4058
1730 4058
1731 4062
1732 4059
1733 4061
1734 4059
1735 4058
1736 4060
1737 4056
1738 4058
1739 4060
1740 4058
1741 4062
1742 4059
1743 4060
1744 4062
1745 4058
1746 4060
1747 4058
1748 4057
1749 4059
1750 4058
1751 4059
1752 4059
1753 4057
1754 4060
1755 4058
1756 4056
1757 4058
1758 4062
1759 4063
1760 4061
1761 4060
1762 4058
1763 4060
1764 4058
1765 4059
1766 4058
1767 4062
1768 4057
1769 4062
1770 4060
1771 4060
1772 4060
1773 4060
1774 4061
1775 4056
1776 4058
1777 4058
1778 4061
1779 4058
1780 4060
1781 4059
1782 4060
1783 4057
1784 4057
1785 4061
1786 4060
1787 4060
1788 4059
1789 4058
1790 4057
1791 4058
1792 4059
1793 4058
1794 4058
1795 4061
1796 4060
1797 4059
1798 4060
1799 4060
1800 4060
1801 4062
1802 4055
1803 4058
1804 4056
1805 4060
1806 4056
1807 4060
1808 4056
1809 4059
1810 4060
1811 4060
1812 4060
1813 4058
1814 4058
1815 4058
1816 4060
1817 4055
1818 4060
1819 4057
1820 4059
1821 4059
1822 4058
1823 4062
1824 4055
1825 4058
1826 4059
1827 4056
1828 4058
1829 4058
1830 4059
1831 4060
1832 4061
1833 4059
1834 4060
1835 4058
1836 4060
1837 4061
1838 4059
1839 4058
1840 4059
1841 4058
1842 4052
1843 4057
1844 4060
1845 4061
1846 4060
1847 4058
1848 4058
1849 4056
1850 4058
1851 4059
1852 4058
1853 4060
1854 4061
1855 4057
1856 4061
1857 4057
1858 4063
1859 4059
1860 4058
1861 4059
1862 4056
1863 4060
1864 4060
1865 4058
1866 4058
1867 4058
1868 4059
1869 4059
1870 4060
1871 4058
1872 4057
1873 4061
1874 4059
1875 4066
1876 4060
1877 4058
1878 4059
1879 4059
1880 4057
1881 4059
1882 4059
1883 4062
1884 4057
1885 4059
1886 4060
1887 4058
1888 4060
1889 4059
1890 4058
1891 4059
1892 4058
1893 4059
1894 4062
1895 4058
1896 4058
1897 4060
1898 4058
1899 4059
1900 4056
1901 4061
1902 4055
1903 4056
1904 4058
1905 4058
1906 4059
1907 4062
1908 4060
1909 4062
1910 4056
1911 4060
1912 4062
1913 4059
1914 4056
1915 4059
1916 4058
1917 4059
1918 4060
1919 4058
1920 4059
1921 4058
1922 4060
1923 4060
1924 4058
1925 4058
1926 4060
1927 4060
1928 4058
1929 4057
1930 4059
1931 4061
1932 4060
1933 4054
1934 4056
1935 4061
1936 4060
1937 4060
1938 4061
1939 4058
1940 4056
1941 4060
1942 4061
1943 4060
1944 4056
1945 4060
1946 4059
1947 4058
1948 4062
1949 4057
1950 4060
1951 4062
1952 4058
1953 4059
1954 4061
1955 4056
1956 4057
1957 4058
1958 4058
1959 4062
1960 4061
1961 4056
1962 4057
1963 4060
1964 4059
1965 4060
1966 4059
1967 4060
1968 4057
1969 4056
1970 4062
1971 4060
1972 4060
1973 4054
1974 4059
1975 4060
1976 4060
1977 4061
1978 4063
1979 4062
1980 4058
1981 4058
1982 4060
1983 4060
1984 4062
1985 4058
1986 4058
1987 4057
1988 4060
1989 4058
1990 4058
1991 4060
1992 4058
1993 4058
1994 4058
1995 4060
1996 4061
1997 4058
1998 4063
1999 4057
2000 4059
2001 4061
2002 4056
2003 4059
2004 4061
2005 4058
2006 4059
2007 4059
2008 4061
2009 4060
2010 4060
2011 4058
2012 4060
2013 4062
2014 4058
2015 4062
2016 4057
2017 4058
2018 4060
2019 4060
2020 4058
2021 4060
2022 4059
2023 4057
2024 4057
2025 4060
2026 4054
2027 4060
2028 4062
2029 4060
2030 4059
2031 4057
2032 4056
2033 4061
2034 4062
2035 4060
2036 4058
2037 4060
2038 4060
2039 4058
2040 4059
2041 4056
2042 4060
2043 4062
2044 4059
2045 4057
2046 4057
2047 4061
2048 4057
2049 4059
2050 4059
2051 4057
2052 4060
2053 4060
2054 4060
2055 4060
2056 4063
2057 4062
2058 4057
2059 4060
2060 4058
2061 4060
2062 4061
2063 4060
2064 4060
2065 4058
2066 4060
2067 4060
2068 4059
2069 4061
2070 4060
2071 4059
2072 4054
2073 4061
2074 4060
2075 4058
2076 4060
2077 4057
2078 4056
2079 4056
2080 4058
2081 4056
2082 4058
2083 4058
2084 4060
2085 4060
2086 4060
2087 4058
2088 4059
2089 4058
2090 4061
2091 4059
2092 4060
2093 4059
2094 4058
2095 4058
2096 4058
2097 4058
2098 4058
2099 4061
2100 4058
2101 4063
2102 4056
2103 4061
2104 4061
2105 4062
2106 4060
2107 4063
2108 4062
2109 4062
2110 4063
2111 4059
2112 4058
2113 4058
2114 4060
2115 4059
2116 4060
2117 4060
2118 4060
2119 4058
2120 4063
2121 4060
2122 4059
2123 4058
2124 4061
2125 4059
2126 4060
2127 4058
2128 4059
2129 4059
2130 4059
2131 4060
2132 4060
2133 4059
2134 4060
2135 4059
2136 4059
2137 4058
2138 4061
2139 4059
2140 4059
2141 4060
2142 4060
2143 4060
2144 4057
2145 4061
2146 4056
2147 4058
2148 4060
2149 4060
2150 4059
2151 4062
2152 4057
2153 4061
2154 4056
2155 4057
2156 4060
2157 4060
2158 4061
2159 4060
2160 4058
2161 4058
2162 4060
2163 4058
2164 4058
2165 4058
2166 4061
2167 4056
2168 4058
2169 4060
2170 4058
2171 4060
2172 4058
2173 4057
2174 4060
2175 4058
2176 4060
2177 4056
2178 4057
2179 4060
2180 4060
2181 4057
2182 4062
2183 4058
2184 4060
2185 4056
2186 4060
2187 4058
2188 4063
2189 4058
2190 4058
2191 4060
2192 4054
2193 4060
2194 4059
2195 4063
2196 4059
2197 4059
2198 4058
2199 4060
2200 4061
2201 4061
2202 4056
2203 4058
2204 4062
2205 4058
2206 4058
2207 4060
2208 4060
2209 4060
2210 4058
2211 4058
2212 4058
2213 4060
2214 4058
2215 4060
2216 4058
2217 4058
2218 4058
2219 4057
2220 4058
2221 4061
2222 4060
2223 4059
2224 4062
2225 4062
2226 4060
2227 4061
2228 4059
2229 4062
2230 4058
2231 4054
2232 4054
2233 4058
2234 4062
2235 4059
2236 4060
2237 4059
2238 4060
2239 4060
2240 4061
2241 4058
2242 4058
2243 4056
2244 4058
2245 4057
2246 4058
2247 4058
2248 4058
2249 4060
2250 4060
2251 4066
2252 4058
2253 4060
2254 4058
2255 4060
2256 4058
2257 4059
2258 4058
2259 4061
2260 4059
2261 4057
2262 4062
2263 4060
2264 4060
2265 4058
2266 4060
2267 4058
2268 4060
2269 4062
2270 4060
2271 4058
2272 4059
2273 4060
2274 4060
2275 4060
2276 4061
2277 4060
2278 4061
2279 4060
2280 4058
2281 4058
2282 4061
2283 4058
2284 4058
2285 4058
2286 4059
2287 4058
2288 4057
2289 4058
2290 4058
2291 4060
2292 4058
2293 4062
2294 4056
2295 4059
2296 4061
2297 4059
2298 4060
2299 4060
2300 4056
2301 4063
2302 4056
2303 4060
2304 4061
2305 4060
2306 4058
2307 4060
2308 4058
2309 4059
2310 4060
2311 4058
2312 4060
2313 4059
2314 4058
2315 4058
2316 4059
2317 4060
2318 4058
2319 4058
2320 4060
2321 4063
2322 4059
2323 4056
2324 4060
2325 4061
2326 4059
2327 4059
2328 4058
2329 4058
2330 4057
2331 4062
2332 4058
2333 4058
2334 4060
2335 4060
2336 4058
2337 4058
2338 4060
2339 4058
2340 4056
2341 4060
2342 4057
2343 4062
2344 4058
2345 4060
2346 4062
2347 4059
2348 4061
2349 4062
2350 4059
2351 4062
2352 4054
2353 4060
2354 4058
2355 4060
2356 4058
2357 4062
2358 4056
2359 4058
2360 4060
2361 4058
2362 4057
2363 4062
2364 4058
2365 4062
2366 4060
2367 4058
2368 4062
2369 4058
2370 4059
2371 4061
2372 4060
2373 4060
2374 4056
2375 4059
2376 4058
2377 4059
2378 4060
2379 4059
2380 4056
2381 4060
2382 4058
2383 4059
2384 4060
2385 4058
2386 4057
2387 4056
2388 4059
2389 4058
2390 4059
2391 4060
2392 4058
2393 4060
2394 4060
2395 4060
2396 4058
2397 4059
2398 4058
2399 4060
2400 4060
2401 4063
2402 4057
2403 4055
2404 4058
2405 4059
2406 4062
2407 4060
2408 4059
2409 4056
2410 4055
2411 4060
2412 4060
2413 4063
2414 4062
2415 4058
2416 4060
2417 4058
2418 4059
2419 4061
2420 4062
2421 4062
2422 4059
2423 4056
2424 4060
2425 4061
2426 4058
2427 4060
2428 4056
2429 4061
2430 4060
2431 4059
2432 4057
2433 4062
2434 4056
2435 4054
2436 4057
2437 4060
2438 4059
2439 4060
2440 4058
2441 4057
2442 4058
2443 4058
2444 4056
2445 4060
2446 4056
2447 4058
2448 4055
2449 4056
2450 4056
2451 4061
2452 4056
2453 4060
2454 4058
2455 4054
2456 4056
2457 4056
2458 4058
2459 4060
2460 4058
2461 4060
2462 4056
2463 4058
2464 4061
2465 4058
2466 4058
2467 4057
2468 4060
2469 4063
2470 4061
2471 4060
2472 4058
2473 4057
2474 4058
2475 4059
2476 4058
2477 4061
2478 4060
2479 4060
2480 4058
2481 4060
2482 4061
2483 4058
2484 4060
2485 4059
2486 4058
2487 4056
2488 4058
2489 4060
2490 4062
2491 4059
2492 4061
2493 4058
2494 4058
2495 4058
2496 4058
2497 4062
2498 4058
2499 4057
2500 4058
2501 4058
2502 4055
2503 4060
2504 4056
2505 4058
2506 4061
2507 4056
2508 4058
2509 4059
2510 4058
2511 4060
2512 4058
2513 4058
2514 4060
2515 4057
2516 4060
2517 4056
2518 4062
2519 4060
2520 4060
2521 4058
2522 4053
2523 4063
2524 4060
2525 4059
2526 4058
2527 4058
2528 4057
2529 4060
2530 4059
2531 4058
2532 4056
2533 4058
2534 4058
2535 4058
2536 4061
2537 4057
2538 4060
2539 4062
2540 4058
2541 4059
2542 4060
2543 4056
2544 4058
2545 4060
2546 4060
2547 4059
2548 4057
2549 4060
2550 4061
2551 4062
2552 4056
2553 4060
2554 4061
2555 4056
2556 4059
2557 4058
2558 4058
2559 4058
2560 4056
2561 4059
2562 4058
2563 4061
2564 4060
2565 4058
2566 4062
2567 4056
2568 4061
2569 4060
2570 4056
2571 4056
2572 4059
2573 4063
2574 4055
2575 4058
2576 4059
2577 4060
2578 4058
2579 4061
2580 4059
2581 4058
2582 4061
2583 4062
2584 4062
2585 4060
2586 4061
2587 4062
2588 4060
2589 4057
2590 4058
2591 4059
2592 4057
2593 4059
2594 4060
2595 4058
2596 4060
2597 4060
2598 4058
2599 4060
2600 4058
2601 4062
2602 4058
2603 4061
2604 4060
2605 4061
2606 4058
2607 4059
2608 4058
2609 4058
2610 4061
2611 4056
2612 4058
2613 4061
2614 4060
2615 4058
2616 4062
2617 4060
2618 4058
2619 4060
2620 4058
2621 4058
2622 4061
2623 4060
2624 4060
2625 4062
2626 4061
2627 4059
2628 4059
2629 4059
2630 4060
2631 4059
2632 4060
2633 4060
2634 4060
2635 4063
2636 4059
2637 4059
2638 4059
2639 4060
2640 4060
2641 4059
2642 4062
2643 4059
2644 4059
2645 4059
2646 4058
2647 4058
2648 4060
2649 4058
2650 4058
2651 4063
2652 4059
2653 4059
2654 4057
2655 4056
2656 4060
2657 4062
2658 4056
2659 4059
2660 4060
2661 4055
2662 4059
2663 4062
2664 4058
2665 4056
2666 4057
2667 4058
2668 4060
2669 4058
2670 4062
2671 4056
2672 4056
2673 4058
2674 4058
2675 4060
2676 4057
2677 4060
2678 4061
2679 4062
2680 4061
2681 4060
2682 4061
2683 4058
2684 4060
2685 4060
2686 4058
2687 4062
2688 4061
2689 4056
2690 4057
2691 4059
2692 4062
2693 4058
2694 4063
2695 4058
2696 4055
2697 4060
2698 4058
2699 4060
2700 4058
2701 4061
2702 4058
2703 4058
2704 4058
2705 4058
2706 4059
2707 4057
2708 4059
2709 4056
2710 4057
2711 4060
2712 4056
2713 4058
2714 4058
2715 4059
2716 4058
2717 4057
2718 4056
2719 4060
2720 4062
2721 4056
2722 4058
2723 4062
2724 4056
2725 4059
2726 4059
2727 4058
2728 4062
2729 4060
2730 4059
2731 4061
2732 4058
2733 4060
2734 4062
2735 4056
2736 4058
2737 4060
2738 4057
2739 4056
2740 4060
2741 4060
2742 4058
2743 4062
2744 4062
2745 4062
2746 4058
2747 4060
2748 4055
2749 4061
2750 4057
2751 4060
2752 4058
2753 4061
2754 4060
2755 4062
2756 4059
2757 4058
2758 4056
2759 4061
2760 4060
2761 4060
2762 4058
2763 4056
2764 4062
2765 4060
2766 4058
2767 4060
2768 4059
2769 4058
2770 4060
2771 4059
2772 4059
2773 4060
2774 4056
2775 4060
2776 4060
2777 4057
2778 4058
2779 4062
2780 4058
2781 4058
2782 4060
2783 4058
2784 4062
2785 4056
2786 4059
2787 4056
2788 4059
2789 4059
2790 4061
2791 4059
2792 4059
2793 4058
2794 4056
2795 4060
2796 4059
2797 4060
2798 4058
2799 4058
2800 4057
2801 4063
2802 4056
2803 4060
2804 4058
2805 4060
2806 4057
2807 4058
2808 4058
2809 4059
2810 4057
2811 4058
2812 4053
2813 4054
2814 4053
2815 4052
2816 4050
2817 4052
2818 4052
2819 4052
2820 4052
2821 4048
2822 4052
2823 4054
2824 4051
2825 4050
2826 4050
2827 4050
2828 4051
2829 4052
2830 4049
2831 4046
2832 4052
2833 4051
2834 4051
2835 4050
2836 4052
2837 4050
2838 4051
2839 4052
2840 4053
2841 4054
2842 4056
2843 4056
2844 4054
2845 4056
2846 4056
2847 4055
2848 4054
2849 4054
2850 4058
2851 4060
2852 4055
2853 4056
2854 4059
2855 4056
2856 4058
2857 4056
2858 4058
2859 4056
2860 4056
2861 4058
2862 4060
2863 4060
2864 4060
2865 4058
2866 4058
2867 4058
2868 4060
2869 4060
2870 4058
2871 4056
2872 4054
2873 4061
2874 4059
2875 4058
2876 4060
2877 4058
2878 4057
2879 4060
2880 4056
2881 4060
2882 4057
2883 4058
2884 4057
2885 4058
2886 4058
2887 4056
2888 4056
2889 4058
2890 4059
2891 4060
2892 4058
2893 4058
2894 4058
2895 4058
2896 4058
2897 4061
2898 4054
2899 4060
2900 4060
2901 4061
2902 4055
2903 4056
2904 4058
2905 4061
2906 4058
2907 4058
2908 4060
2909 4059
2910 4058
2911 4056
2912 4062
2913 4059
2914 4058
2915 4059
2916 4060
2917 4058
2918 4058
2919 4060
2920 4059
2921 4057
2922 4057
2923 4058
2924 4048
2925 4056
2926 4058
2927 4058
2928 4054
2929 4058
2930 4060
2931 4058
2932 4062
2933 4058
2934 4061
2935 4057
2936 4061
2937 4056
2938 4058
2939 4059
2940 4057
2941 4060
2942 4058
2943 4058
2944 4058
2945 4060
2946 4059
2947 4056
2948 4062
2949 4057
2950 4058
2951 4062
2952 4054
2953 4059
2954 4059
2955 4056
2956 4057
2957 4060
2958 4059
2959 4060
2960 4059
2961 4060
2962 4058
2963 4058
2964 4060
2965 4060
2966 4058
2967 4062
2968 4058
2969 4059
2970 4057
2971 4059
2972 4058
2973 4058
2974 4054
2975 4058
2976 4056
2977 4058
2978 4061
2979 4058
2980 4057
2981 4060
2982 4062
2983 4060
2984 4056
2985 4059
2986 4060
2987 4058
2988 4056
2989 4060
2990 4060
2991 4060
2992 4061
2993 4056
2994 4056
2995 4058
2996 4056
2997 4060
2998 4056
2999 4059
3000 4060
3001 4056
3002 4057
3003 4058
3004 4060
3005 4059
3006 4057
3007 4060
3008 4060
3009 4060
3010 4060
3011 4058
3012 4056
3013 4057
3014 4058
3015 4060
3016 4058
3017 4061
3018 4056
3019 4060
3020 4060
3021 4056
3022 4058
3023 4059
3024 4060
3025 4058
3026 4057
3027 4058
3028 4058
3029 4058
3030 4060
3031 4061
3032 4059
3033 4056
3034 4060
3035 4058
3036 4060
3037 4059
3038 4058
3039 4057
3040 4054
3041 4058
3042 4058
3043 4060
3044 4058
3045 4060
3046 4058
3047 4058
3048 4060
3049 4060
3050 4058
3051 4062
3052 4060
3053 4058
3054 4057
3055 4056
3056 4058
3057 4060
3058 4057
3059 4062
3060 4055
3061 4063
3062 4058
3063 4058
3064 4056
3065 4058
3066 4062
3067 4058
3068 4055
3069 4056
3070 4060
3071 4058
3072 4060
3073 4058
3074 4058
3075 4060
3076 4063
3077 4057
3078 4056
3079 4060
3080 4062
3081 4058
3082 4060
3083 4058
3084 4058
3085 4056
3086 4059
3087 4059
3088 4057
3089 4058
3090 4059
3091 4060
3092 4056
3093 4055
3094 4058
3095 4056
3096 4058
3097 4059
3098 4058
3099 4059
3100 4056
3101 4063
3102 4058
3103 4060
3104 4062
3105 4058
3106 4060
3107 4058
3108 4060
3109 4054
3110 4058
3111 4060
3112 4056
3113 4058
3114 4057
3115 4058
3116 4060
3117 4060
3118 4058
3119 4057
3120 4057
3121 4060
3122 4060
3123 4058
3124 4058
3125 4059
3126 4058
3127 4059
3128 4059
3129 4060
3130 4058
3131 4060
3132 4060
3133 4058
3134 4059
3135 4058
3136 4061
3137 4060
3138 4057
3139 4062
3140 4056
3141 4055
3142 4062
3143 4058
3144 4056
3145 4059
3146 4058
3147 4058
3148 4058
3149 4059
3150 4058
3151 4062
3152 4058
3153 4059
3154 4059
3155 4058
3156 4060
3157 4060
3158 4058
3159 4058
3160 4060
3161 4058
3162 4057
3163 4059
3164 4061
3165 4060
3166 4058
3167 4058
3168 4058
3169 4063
3170 4060
3171 4059
3172 4058
3173 4058
3174 4061
3175 4060
3176 4058
3177 4058
3178 4057
3179 4057
3180 4058
3181 4058
3182 4058
3183 4058
3184 4059
3185 4060
3186 4057
3187 4060
3188 4059
3189 4058
3190 4058
3191 4060
3192 4058
3193 4058
3194 4062
3195 4061
3196 4054
3197 4060
3198 4060
3199 4057
3200 4058
3201 4058
3202 4059
3203 4057
3204 4058
3205 4060
3206 4058
3207 4060
3208 4055
3209 4059
3210 4058
3211 4059
3212 4055
3213 4060
3214 4058
3215 4060
3216 4058
3217 4060
3218 4056
3219 4058
3220 4058
3221 4058
3222 4061
3223 4058
3224 4058
3225 4060
3226 4058
3227 4058
3228 4058
3229 4060
3230 4057
3231 4059
3232 4058
3233 4059
3234 4060
3235 4061
3236 4060
3237 4056
3238 4059
3239 4058
3240 4058
3241 4056
3242 4057
3243 4056
3244 4059
3245 4063
3246 4056
3247 4060
3248 4056
3249 4059
3250 4060
3251 4061
3252 4056
3253 4059
3254 4057
3255 4058
3256 4058
3257 4056
3258 4058
3259 4059
3260 4058
3261 4058
3262 4058
3263 4060
3264 4056
3265 4058
3266 4058
3267 4059
3268 4058
3269 4060
3270 4058
3271 4059
3272 4059
3273 4062
3274 4055
3275 4057
3276 4056
3277 4058
3278 4061
3279 4061
3280 4058
3281 4062
3282 4060
3283 4058
3284 4057
3285 4057
3286 4056
3287 4060
3288 4058
3289 4060
3290 4056
3291 4058
3292 4059
3293 4058
3294 4059
3295 4057
3296 4061
3297 4060
3298 4056
3299 4058
3300 4055
3301 4061
3302 4058
3303 4058
3304 4060
3305 4062
3306 4058
3307 4059
3308 4058
3309 4061
3310 4057
3311 4058
3312 4057
3313 4058
3314 4056
3315 4058
3316 4060
3317 4056
3318 4060
3319 4060
3320 4056
3321 4059
3322 4059
3323 4058
3324 4058
3325 4062
3326 4062
3327 4056
3328 4055
3329 4058
3330 4056
3331 4058
3332 4058
3333 4058
3334 4057
3335 4059
3336 4062
3337 4060
3338 4056
3339 4060
3340 4058
3341 4060
3342 4058
3343 4056
3344 4054
3345 4060
3346 4058
3347 4058
3348 4057
3349 4061
3350 4060
3351 4060
3352 4057
3353 4060
3354 4061
3355 4057
3356 4058
3357 4058
3358 4056
3359 4058
3360 4060
3361 4060
3362 4058
3363 4059
3364 4060
3365 4059
3366 4059
3367 4061
3368 4059
3369 4058
3370 4056
3371 4062
3372 4059
3373 4056
3374 4057
3375 4059
3376 4058
3377 4060
3378 4058
3379 4060
3380 4058
3381 4058
3382 4056
3383 4060
3384 4061
3385 4058
3386 4058
3387 4057
3388 4061
3389 4062
3390 4057
3391 4059
3392 4060
3393 4060
3394 4058
3395 4060
3396 4056
3397 4058
3398 4056
3399 4060
3400 4059
3401 4062
3402 4059
3403 4058
3404 4058
3405 4059
3406 4058
3407 4058
3408 4058
3409 4060
3410 4058
3411 4060
3412 4058
3413 4058
3414 4060
3415 4059
3416 4060
3417 4058
3418 4056
3419 4059
3420 4057
3421 4059
3422 4059
3423 4059
3424 4060
3425 4058
3426 4057
3427 4058
3428 4056
3429 4057
3430 4057
3431 4058
3432 4060
3433 4060
3434 4061
3435 4056
3436 4061
3437 4056
3438 4059
3439 4059
3440 4061
3441 4060
3442 4058
3443 4060
3444 4058
3445 4058
3446 4058
3447 4059
3448 4057
3449 4058
3450 4057
3451 4061
3452 4059
3453 4058
3454 4059
3455 4058
3456 4058
3457 4058
3458 4060
3459 4060
3460 4056
3461 4058
3462 4058
3463 4060
3464 4060
3465 4059
3466 4060
3467 4057
3468 4058
3469 4060
3470 4061
3471 4056
3472 4058
3473 4058
3474 4059
3475 4058
3476 4062
3477 4058
3478 4059
3479 4060
3480 4056
3481 4060
3482 4057
3483 4057
3484 4062
3485 4059
3486 4060
3487 4058
3488 4056
3489 4058
3490 4060
3491 4061
3492 4058
3493 4061
3494 4060
3495 4058
3496 4058
3497 4060
3498 4057
3499 4060
3500 4058
3501 4060
3502 4057
3503 4060
3504 4060
3505 4056
3506 4058
3507 4059
3508 4060
3509 4062
3510 4060
3511 4060
3512 4060
3513 4060
3514 4062
3515 4059
3516 4058
3517 4056
3518 4060
3519 4058
3520 4061
3521 4058
3522 4059
3523 4060
3524 4060
3525 4062
3526 4057
3527 4058
3528 4056
3529 4062
3530 4060
3531 4062
3532 4059
3533 4060
3534 4058
3535 4059
3536 4058
3537 4057
3538 4057
3539 4060
3540 4058
3541 4058
3542 4062
3543 4058
3544 4057
3545 4060
3546 4061
3547 4059
3548 4056
3549 4062
3550 4058
3551 4061
3552 4056
3553 4060
3554 4058
3555 4056
3556 4056
3557 4062
3558 4058
3559 4059
3560 4059
3561 4061
3562 4058
3563 4061
3564 4060
3565 4058
3566 4057
3567 4060
3568 4056
3569 4057
3570 4059
3571 4058
3572 4056
3573 4061
3574 4058
3575 4060
3576 4060
3577 4059
3578 4056
3579 4060
3580 4059
3581 4060
3582 4058
3583 4059
3584 4058
3585 4060
3586 4060
3587 4059
3588 4058
3589 4058
3590 4057
3591 4058
3592 4058
3593 4058
3594 4062
3595 4058
3596 4057
3597 4062
3598 4058
3599 4062
3600 4060
3601 4061
3602 4055
3603 4057
3604 4058
3605 4060
3606 4058
3607 4055
3608 4061
3609 4059
3610 4059
3611 4058
3612 4059
3613 4057
3614 4058
3615 4059
3616 4058
3617 4059
3618 4058
3619 4060
3620 4056
3621 4056
3622 4058
3623 4060
3624 4058
3625 4058
3626 4058
3627 4058
3628 4058
3629 4058
3630 4058
3631 4061
3632 4062
3633 4058
3634 4060
3635 4060
3636 4059
3637 4060
3638 4059
3639 4057
3640 4061
3641 4058
3642 4060
3643 4058
3644 4058
3645 4060
3646 4058
3647 4059
3648 4061
3649 4059
3650 4059
3651 4063
3652 4060
3653 4058
3654 4058
3655 4058
3656 4058
3657 4061
3658 4058
3659 4058
3660 4056
3661 4059
3662 4056
3663 4060
3664 4058
3665 4061
3666 4056
3667 4059
3668 4059
3669 4058
3670 4056
3671 4060
3672 4059
3673 4058
3674 4061
3675 4057
3676 4058
3677 4059
3678 4059
3679 4057
3680 4061
3681 4061
3682 4058
3683 4056
3684 4058
3685 4059
3686 4062
3687 4059
3688 4058
3689 4058
3690 4060
3691 4060
3692 4060
3693 4058
3694 4054
