#Data from the TCD1304 linear CCD
#column 1 = pixelnumber , column 2 = pixelvalue
#Pixel 1-32 and 3679-3694 and are dummy pixels
#SH-period: 200    ICG-period: 100000    Integration time: 100.0 us
2 4035
3 4037
4 4061
5 4059
6 4057
7 4058
8 4057
9 4061
10 4059
11 4061
12 4060
13 4061
14 4056
15 4059
16 4058
17 4061
18 4057
19 4060
20 4061
21 4059
22 4061
23 4061
24 4061
25 4061
26 4059
27 4063
28 4057
29 4060
30 4058
31 4060
32 4063
34 4060
35 4059
36 4058
37 4060
38 4058
39 4057
40 4059
41 4058
42 4056
43 4060
44 4058
45 4058
46 4058
47 4058
48 4063
49 4061
50 4061
51 4059
52 4057
53 4058
54 4059
55 4060
56 4059
57 4061
58 4058
59 4060
60 4059
61 4060
62 4060
63 4058
64 4058
65 4061
66 4059
67 4060
68 4059
69 4059
70 4062
71 4059
72 4058
73 4059
74 4058
75 4060
76 4061
77 4057
78 4063
79 4059
80 4059
81 4063
82 4059
83 4059
84 4060
85 4060
86 4058
87 4059
88 4057
89 4058
90 4061
91 4058
92 4060
93 4058
94 4062
95 4059
96 4058
97 4059
98 4061
99 4060
100 4058
101 4060
102 4058
103 4062
104 4061
105 4058
106 4060
107 4063
108 4058
109 4062
110 4061
111 4059
112 4060
113 4057
114 4058
115 4060
116 4060
117 4061
118 4061
119 4058
120 4062
121 4062
122 4059
123 4060
124 4059
125 4060
126 4059
127 4058
128 4059
129 4059
130 4058
131 4058
132 4059
133 4059
134 4060
135 4058
136 4058
137 4063
138 4060
139 4060
140 4061
141 4059
142 4060
143 4059
144 4056
145 4059
146 4060
147 4058
148 4060
149 4058
150 4062
151 4060
152 4058
153 4060
154 4062
155 4061
156 4058
157 4063
158 4058
159 4055
160 4060
161 4060
162 4060
163 4060
164 4060
165 4062
166 4059
167 4061
168 4059
169 4059
170 4063
171 4059
172 4060
173 4058
174 4062
175 4061
176 4062
177 4059
178 4061
179 4061
180 4060
181 4060
182 4062
183 4058
184 4058
185 4056
186 4059
187 4061
188 4059
189 4061
190 4062
191 4060
192 4060
193 4061
194 4059
195 4061
196 4063
197 4060
198 4062
199 4061
200 4062
201 4060
202 4058
203 4060
204 4060
205 4060
206 4060
207 4061
208 4059
209 4062
210 4054
211 4058
212 4059
213 4059
214 4058
215 4062
216 4060
217 4061
218 4058
219 4062
220 4061
221 4060
222 4060
223 4060
224 4059
225 4060
226 4060
227 4058
228 4059
229 4062
230 4058
231 4062
232 4062
233 4063
234 4060
235 4062
236 4058
237 4058
238 4062
239 4060
240 4058
241 4061
242 4058
243 4059
244 4061
245 4058
246 4058
247 4058
248 4059
249 4058
250 4063
251 4061
252 4057
253 4056
254 4062
255 4061
256 4060
257 4063
258 4059
259 4060
260 4063
261 4060
262 4063
263 4060
264 4059
265 4059
266 4059
267 4062
268 4058
269 4062
270 4061
271 4059
272 4059
273 4060
274 4061
275 4058
276 4062
277 4059
278 4059
279 4061
280 4057
281 4060
282 4062
283 4058
284 4060
285 4061
286 4059
287 4058
288 4058
289 4057
290 4057
291 4061
292 4060
293 4061
294 4055
295 4060
296 4060
297 4060
298 4059
299 4062
300 4060
301 4063
302 4057
303 4061
304 4060
305 4056
306 4058
307 4058
308 4056
309 4057
310 4059
311 4060
312 4058
313 4058
314 4060
315 4060
316 4058
317 4061
318 4059
319 4061
320 4060
321 4053
322 4058
323 4059
324 4060
325 4061
326 4060
327 4057
328 4059
329 4060
330 4058
331 4061
332 4063
333 4060
334 4056
335 4060
336 4058
337 4057
338 4059
339 4057
340 4061
341 4059
342 4059
343 4059
344 4060
345 4057
346 4058
347 4060
348 4056
349 4058
350 4061
351 4062
352 4053
353 4060
354 4058
355 4062
356 4060
357 4061
358 4056
359 4058
360 4058
361 4060
362 4059
363 4059
364 4061
365 4059
366 4059
367 4059
368 4060
369 4058
370 4059
371 4058
372 4058
373 4063
374 4059
375 4061
376 4060
377 4060
378 4057
379 4059
380 4059
381 4059
382 4058
383 4059
384 4060
385 4061
386 4061
387 4059
388 4061
389 4059
390 4059
391 4059
392 4058
393 4058
394 4057
395 4058
396 4061
397 4061
398 4058
399 4060
400 4062
401 4060
402 4054
403 4058
404 4060
405 4059
406 4061
407 4061
408 4055
409 4058
410 4062
411 4060
412 4058
413 4062
414 4059
415 4057
416 4060
417 4061
418 4057
419 4060
420 4060
421 4060
422 4060
423 4061
424 4060
425 4062
426 4058
427 4060
428 4062
429 4060
430 4060
431 4060
432 4062
433 4058
434 4060
435 4057
436 4059
437 4059
438 4063
439 4063
440 4059
441 4063
442 4060
443 4062
444 4059
445 4060
446 4058
447 4060
448 4061
449 4061
450 4058
451 4063
452 4057
453 4060
454 4057
455 4059
456 4062
457 4062
458 4060
459 4058
460 4058
461 4061
462 4060
463 4060
464 4058
465 4059
466 4060
467 4059
468 4060
469 4062
470 4061
471 4059
472 4061
473 4060
474 4058
475 4059
476 4060
477 4059
478 4060
479 4059
480 4060
481 4058
482 4063
483 4060
484 4060
485 4061
486 4061
487 4060
488 4059
489 4057
490 4058
491 4062
492 4058
493 4058
494 4058
495 4058
496 4060
497 4058
498 4061
499 4058
500 4059
501 4062
502 4057
503 4063
504 4062
505 4058
506 4061
507 4062
508 4060
509 4060
510 4060
511 4060
512 4058
513 4059
514 4059
515 4060
516 4058
517 4061
518 4060
519 4060
520 4062
521 4058
522 4057
523 4060
524 4061
525 4058
526 4063
527 4058
528 4060
529 4060
530 4059
531 4060
532 4061
533 4059
534 4058
535 4060
536 4061
537 4058
538 4062
539 4060
540 4057
541 4058
542 4059
543 4060
544 4058
545 4058
546 4057
547 4058
548 4058
549 4061
550 4060
551 4061
552 4061
553 4058
554 4057
555 4057
556 4059
557 4061
558 4055
559 4060
560 4059
561 4058
562 4059
563 4059
564 4060
565 4062
566 4058
567 4059
568 4057
569 4059
570 4059
571 4060
572 4058
573 4058
574 4057
575 4060
576 4058
577 4060
578 4060
579 4066
580 4056
581 4061
582 4061
583 4056
584 4059
585 4060
586 4057
587 4060
588 4060
589 4061
590 4059
591 4061
592 4058
593 4058
594 4058
595 4056
596 4058
597 4057
598 4058
599 4060
600 4062
601 4060
602 4059
603 4059
604 4058
605 4065
606 4061
607 4058
608 4056
609 4061
610 4059
611 4060
612 4057
613 4055
614 4058
615 4058
616 4059
617 4060
618 4060
619 4061
620 4060
621 4058
622 4060
623 4057
624 4060
625 4058
626 4061
627 4061
628 4059
629 4062
630 4059
631 4059
632 4060
633 4058
634 4061
635 4063
636 4060
637 4061
638 4056
639 4059
640 4057
641 4060
642 4058
643 4058
644 4058
645 4062
646 4060
647 4059
648 4058
649 4060
650 4062
651 4062
652 4058
653 4055
654 4059
655 4058
656 4058
657 4058
658 4059
659 4062
660 4054
661 4057
662 4060
663 4062
664 4058
665 4061
666 4060
667 4060
668 4060
669 4058
670 4059
671 4057
672 4057
673 4058
674 4059
675 4059
676 4060
677 4060
678 4058
679 4056
680 4058
681 4058
682 4060
683 4058
684 4060
685 4060
686 4058
687 4059
688 4059
689 4058
690 4059
691 4062
692 4059
693 4060
694 4061
695 4062
696 4059
697 4059
698 4059
699 4059
700 4059
701 4063
702 4058
703 4058
704 4058
705 4058
706 4061
707 4062
708 4061
709 4057
710 4060
711 4057
712 4058
713 4060
714 4058
715 4056
716 4060
717 4058
718 4062
719 4062
720 4063
721 4059
722 4060
723 4058
724 4061
725 4060
726 4062
727 4059
728 4057
729 4060
730 4059
731 4058
732 4057
733 4061
734 4058
735 4058
736 4062
737 4059
738 4060
739 4061
740 4060
741 4058
742 4058
743 4061
744 4060
745 4057
746 4058
747 4062
748 4062
749 4060
750 4060
751 4061
752 4056
753 4060
754 4058
755 4060
756 4059
757 4061
758 4054
759 4059
760 4062
761 4058
762 4058
763 4061
764 4062
765 4060
766 4061
767 4063
768 4058
769 4059
770 4062
771 4058
772 4058
773 4061
774 4060
775 4059
776 4058
777 4061
778 4061
779 4058
780 4061
781 4061
782 4059
783 4058
784 4058
785 4055
786 4059
787 4059
788 4060
789 4059
790 4057
791 4058
792 4060
793 4062
794 4059
795 4062
796 4059
797 4061
798 4060
799 4060
800 4062
801 4063
802 4055
803 4057
804 4058
805 4059
806 4060
807 4062
808 4062
809 4057
810 4058
811 4060
812 4061
813 4060
814 4056
815 4060
816 4059
817 4060
818 4061
819 4055
820 4060
821 4060
822 4058
823 4063
824 4061
825 4061
826 4060
827 4062
828 4062
829 4060
830 4058
831 4058
832 4058
833 4060
834 4058
835 4062
836 4060
837 4060
838 4062
839 4060
840 4058
841 4056
842 4058
843 4062
844 4060
845 4063
846 4063
847 4061
848 4060
849 4058
850 4059
851 4058
852 4058
853 4060
854 4058
855 4058
856 4058
857 4058
858 4057
859 4058
860 4060
861 4058
862 4059
863 4059
864 4060
865 4061
866 4062
867 4060
868 4060
869 4059
870 4056
871 4060
872 4058
873 4061
874 4061
875 4058
876 4060
877 4058
878 4057
879 4060
880 4060
881 4063
882 4059
883 4060
884 4060
885 4065
886 4058
887 4060
888 4063
889 4058
890 4058
891 4061
892 4058
893 4058
894 4059
895 4060
896 4058
897 4059
898 4054
899 4058
900 4060
901 4061
902 4058
903 4063
904 4060
905 4059
906 4059
907 4063
908 4058
909 4059
910 4058
911 4057
912 4057
913 4060
914 4056
915 4060
916 4058
917 4060
918 4058
919 4061
920 4059
921 4056
922 4061
923 4060
924 4059
925 4060
926 4059
927 4058
928 4058
929 4058
930 4062
931 4062
932 4060
933 4058
934 4058
935 4059
936 4062
937 4060
938 4060
939 4060
940 4060
941 4063
942 4056
943 4062
944 4055
945 4062
946 4061
947 4060
948 4060
949 4057
950 4056
951 4063
952 4056
953 4060
954 4058
955 4057
956 4056
957 4059
958 4058
959 4063
960 4060
961 4058
962 4059
963 4063
964 4059
965 4059
966 4060
967 4060
968 4063
969 4059
970 4059
971 4062
972 4059
973 4059
974 4057
975 4060
976 4059
977 4060
978 4059
979 4057
980 4059
981 4058
982 4058
983 4062
984 4060
985 4062
986 4059
987 4058
988 4056
989 4055
990 4060
991 4059
992 4059
993 4060
994 4057
995 4059
996 4058
997 4061
998 4056
999 4058
1000 4062
1001 4062
1002 4055
1003 4058
1004 4060
1005 4059
1006 4058
1007 4059
1008 4057
1009 4058
1010 4058
1011 4063
1012 4062
1013 4060
1014 4061
1015 4061
1016 4059
1017 4059
1018 4061
1019 4058
1020 4056
1021 4060
1022 4061
1023 4055
1024 4059
1025 4059
1026 4057
1027 4060
1028 4058
1029 4059
1030 4058
1031 4059
1032 4059
1033 4059
1034 4060
1035 4061
1036 4061
1037 4060
1038 4058
1039 4059
1040 4058
1041 4060
1042 4061
1043 4059
1044 4062
1045 4060
1046 4057
1047 4062
1048 4058
1049 4059
1050 4060
1051 4058
1052 4058
1053 4061
1054 4060
1055 4062
1056 4060
1057 4060
1058 4054
1059 4060
1060 4062
1061 4058
1062 4059
1063 4060
1064 4061
1065 4062
1066 4060
1067 4058
1068 4058
1069 4060
1070 4060
1071 4058
1072 4057
1073 4060
1074 4061
1075 4060
1076 4058
1077 4058
1078 4057
1079 4058
1080 4059
1081 4061
1082 4062
1083 4061
1084 4061
1085 4062
1086 4055
1087 4060
1088 4057
1089 4063
1090 4060
1091 4062
1092 4060
1093 4059
1094 4058
1095 4057
1096 4061
1097 4060
1098 4057
1099 4061
1100 4061
1101 4063
1102 4058
1103 4060
1104 4056
1105 4058
1106 4060
1107 4059
1108 4059
1109 4059
1110 4060
1111 4060
1112 4059
1113 4063
1114 4059
1115 4062
1116 4059
1117 4057
1118 4060
1119 4061
1120 4065
1121 4059
1122 4061
1123 4062
1124 4059
1125 4057
1126 4060
1127 4060
1128 4060
1129 4058
1130 4059
1131 4060
1132 4058
1133 4056
1134 4060
1135 4059
1136 4058
1137 4060
1138 4058
1139 4061
1140 4059
1141 4058
1142 4059
1143 4058
1144 4062
1145 4059
1146 4060
1147 4058
1148 4059
1149 4058
1150 4059
1151 4062
1152 4060
1153 4060
1154 4059
1155 4059
1156 4062
1157 4062
1158 4058
1159 4056
1160 4058
1161 4060
1162 4058
1163 4062
1164 4059
1165 4059
1166 4060
1167 4062
1168 4062
1169 4062
1170 4062
1171 4060
1172 4060
1173 4058
1174 4060
1175 4060
1176 4059
1177 4057
1178 4059
1179 4061
1180 4058
1181 4062
1182 4060
1183 4060
1184 4060
1185 4058
1186 4062
1187 4060
1188 4058
1189 4061
1190 4061
1191 4061
1192 4062
1193 4060
1194 4060
1195 4058
1196 4060
1197 4059
1198 4059
1199 4058
1200 4059
1201 4062
1202 4058
1203 4055
1204 4057
1205 4059
1206 4059
1207 4060
1208 4057
1209 4058
1210 4059
1211 4061
1212 4054
1213 4063
1214 4058
1215 4060
1216 4059
1217 4060
1218 4059
1219 4062
1220 4060
1221 4062
1222 4061
1223 4060
1224 4062
1225 4061
1226 4056
1227 4059
1228 4062
1229 4060
1230 4059
1231 4060
1232 4060
1233 4059
1234 4060
1235 4063
1236 4062
1237 4062
1238 4061
1239 4061
1240 4062
1241 4058
1242 4060
1243 4058
1244 4062
1245 4059
1246 4058
1247 4060
1248 4063
1249 4060
1250 4062
1251 4063
1252 4059
1253 4062
1254 4059
1255 4058
1256 4058
1257 4063
1258 4058
1259 4060
1260 4058
1261 4062
1262 4058
1263 4062
1264 4060
1265 4061
1266 4056
1267 4061
1268 4059
1269 4060
1270 4060
1271 4062
1272 4058
1273 4061
1274 4058
1275 4062
1276 4058
1277 4061
1278 4058
1279 4059
1280 4058
1281 4059
1282 4063
1283 4058
1284 4060
1285 4061
1286 4060
1287 4059
1288 4061
1289 4061
1290 4059
1291 4059
1292 4061
1293 4060
1294 4057
1295 4063
1296 4058
1297 4058
1298 4061
1299 4061
1300 4063
1301 4059
1302 4056
1303 4060
1304 4062
1305 4060
1306 4061
1307 4061
1308 4058
1309 4062
1310 4063
1311 4057
1312 4061
1313 4059
1314 4062
1315 4063
1316 4063
1317 4060
1318 4060
1319 4059
1320 4060
1321 4056
1322 4057
1323 4058
1324 4058
1325 4059
1326 4061
1327 4059
1328 4062
1329 4061
1330 4058
1331 4058
1332 4061
1333 4060
1334 4059
1335 4060
1336 4060
1337 4058
1338 4054
1339 4060
1340 4059
1341 4060
1342 4062
1343 4061
1344 4058
1345 4061
1346 4054
1347 4059
1348 4059
1349 4061
1350 4060
1351 4062
1352 4055
1353 4057
1354 4059
1355 4057
1356 4061
1357 4058
1358 4063
1359 4060
1360 4059
1361 4063
1362 4058
1363 4060
1364 4058
1365 4061
1366 4060
1367 4058
1368 4062
1369 4061
1370 4060
1371 4060
1372 4058
1373 4060
1374 4060
1375 4060
1376 4060
1377 4062
1378 4059
1379 4058
1380 4058
1381 4059
1382 4062
1383 4058
1384 4060
1385 4063
1386 4059
1387 4061
1388 4060
1389 4063
1390 4060
1391 4059
1392 4056
1393 4060
1394 4059
1395 4060
1396 4061
1397 4062
1398 4058
1399 4060
1400 4063
1401 4061
1402 4059
1403 4060
1404 4059
1405 4060
1406 4060
1407 4061
1408 4060
1409 4056
1410 4059
1411 4062
1412 4058
1413 4060
1414 4058
1415 4059
1416 4058
1417 4062
1418 4058
1419 4062
1420 4059
1421 4057
1422 4061
1423 4061
1424 4058
1425 4062
1426 4062
1427 4061
1428 4058
1429 4061
1430 4060
1431 4062
1432 4060
1433 4060
1434 4059
1435 4058
1436 4058
1437 4062
1438 4062
1439 4062
1440 4060
1441 4063
1442 4059
1443 4062
1444 4058
1445 4061
1446 4060
1447 4061
1448 4061
1449 4059
1450 4062
1451 4063
1452 4061
1453 4063
1454 4058
1455 4062
1456 4059
1457 4060
1458 4061
1459 4059
1460 4059
1461 4060
1462 4059
1463 4058
1464 4058
1465 4062
1466 4059
1467 4059
1468 4060
1469 4058
1470 4060
1471 4058
1472 4060
1473 4057
1474 4059
1475 4062
1476 4058
1477 4058
1478 4058
1479 4057
1480 4058
1481 4059
1482 4058
1483 4063
1484 4060
1485 4062
1486 4057
1487 4059
1488 4056
1489 4060
1490 4061
1491 4058
1492 4059
1493 4058
1494 4059
1495 4060
1496 4059
1497 4059
1498 4061
1499 4059
1500 4060
1501 4064
1502 4057
1503 4060
1504 4060
1505 4061
1506 4060
1507 4060
1508 4059
1509 4060
1510 4056
1511 4059
1512 4058
1513 4058
1514 4057
1515 4063
1516 4059
1517 4062
1518 4059
1519 4061
1520 4061
1521 4063
1522 4062
1523 4061
1524 4059
1525 4062
1526 4058
1527 4057
1528 4058
1529 4061
1530 4062
1531 4061
1532 4061
1533 4056
1534 4058
1535 4059
1536 4056
1537 4059
1538 4059
1539 4063
1540 4059
1541 4060
1542 4059
1543 4060
1544 4060
1545 4059
1546 4056
1547 4063
1548 4062
1549 4057
1550 4056
1551 4062
1552 4061
1553 4062
1554 4063
1555 4058
1556 4055
1557 4062
1558 4060
1559 4060
1560 4062
1561 4056
1562 4059
1563 4058
1564 4062
1565 4060
1566 4061
1567 4060
1568 4059
1569 4060
1570 4056
1571 4060
1572 4055
1573 4056
1574 4059
1575 4063
1576 4060
1577 4058
1578 4061
1579 4060
1580 4062
1581 4056
1582 4063
1583 4061
1584 4059
1585 4060
1586 4060
1587 4058
1588 4060
1589 4058
1590 4059
1591 4061
1592 4061
1593 4058
1594 4058
1595 4058
1596 4059
1597 4060
1598 4061
1599 4060
1600 4063
1601 4059
1602 4055
1603 4059
1604 4055
1605 4061
1606 4059
1607 4061
1608 4056
1609 4057
1610 4061
1611 4062
1612 4060
1613 4060
1614 4059
1615 4062
1616 4057
1617 4062
1618 4060
1619 4061
1620 4062
1621 4061
1622 4058
1623 4061
1624 4062
1625 4060
1626 4058
1627 4060
1628 4060
1629 4058
1630 4060
1631 4058
1632 4060
1633 4059
1634 4058
1635 4062
1636 4057
1637 4062
1638 4057
1639 4060
1640 4060
1641 4061
1642 4058
1643 4061
1644 4059
1645 4061
1646 4058
1647 4059
1648 4060
1649 4061
1650 4060
1651 4062
1652 4055
1653 4060
1654 4055
1655 4060
1656 4058
1657 4063
1658 4061
1659 4060
1660 4062
1661 4057
1662 4060
1663 4060
1664 4055
1665 4057
1666 4058
1667 4061
1668 4059
1669 4058
1670 4056
1671 4062
1672 4059
1673 4060
1674 4061
1675 4062
1676 4059
1677 4058
1678 4059
1679 4060
1680 4060
1681 4058
1682 4062
1683 4059
1684 4057
1685 4063
1686 4062
1687 4062
1688 4060
1689 4057
1690 4059
1691 4061
1692 4059
1693 4058
1694 4060
1695 4062
1696 4058
1697 4059
1698 4063
1699 4059
1700 4060
1701 4060
1702 4058
1703 4059
1704 4063
1705 4060
1706 4058
1707 4058
1708 4060
1709 4059
1710 4060
1711 4060
1712 4061
1713 4059
1714 4059
1715 4059
1716 4061
1717 4058
1718 4061
1719 4058
1720 4059
1721 4059
1722 4060
1723 4058
1724 4058
1725 4062
1726 4058
1727 4059
1728 4058
1729 4061
1730 4060
1731 4063
1732 4063
1733 4057
1734 4062
1735 4057
1736 4061
1737 4059
1738 4058
1739 4061
1740 4058
1741 4062
1742 4061
1743 4063
1744 4060
1745 4058
1746 4062
1747 4056
1748 4057
1749 4059
1750 4059
1751 4058
1752 4056
1753 4058
1754 4059
1755 4062
1756 4059
1757 4063
1758 4060
1759 4059
1760 4059
1761 4063
1762 4056
1763 4062
1764 4057
1765 4062
1766 4058
1767 4059
1768 4060
1769 4060
1770 4057
1771 4059
1772 4058
1773 4058
1774 4059
1775 4059
1776 4060
1777 4061
1778 4063
1779 4060
1780 4060
1781 4058
1782 4059
1783 4061
1784 4059
1785 4062
1786 4061
1787 4060
1788 4061
1789 4060
1790 4058
1791 4059
1792 4059
1793 4060
1794 4058
1795 4060
1796 4057
1797 4059
1798 4058
1799 4062
1800 4063
1801 4066
1802 4058
1803 4058
1804 4060
1805 4063
1806 4060
1807 4061
1808 4059
1809 4058
1810 4060
1811 4056
1812 4060
1813 4061
1814 4056
1815 4060
1816 4062
1817 4061
1818 4062
1819 4055
1820 4060
1821 4060
1822 4057
1823 4059
1824 4060
1825 4062
1826 4058
1827 4061
1828 4058
1829 4059
1830 4059
1831 4060
1832 4057
1833 4059
1834 4059
1835 4058
1836 4058
1837 4061
1838 4060
1839 4058
1840 4060
1841 4058
1842 4060
1843 4058
1844 4060
1845 4057
1846 4058
1847 4060
1848 4061
1849 4059
1850 4061
1851 4061
1852 4054
1853 4056
1854 4059
1855 4059
1856 4059
1857 4063
1858 4062
1859 4062
1860 4058
1861 4060
1862 4060
1863 4058
1864 4058
1865 4059
1866 4060
1867 4058
1868 4060
1869 4058
1870 4062
1871 4057
1872 4060
1873 4060
1874 4062
1875 4060
1876 4061
1877 4060
1878 4060
1879 4062
1880 4055
1881 4061
1882 4063
1883 4057
1884 4056
1885 4058
1886 4056
1887 4060
1888 4059
1889 4063
1890 4057
1891 4057
1892 4055
1893 4060
1894 4057
1895 4057
1896 4057
1897 4062
1898 4058
1899 4058
1900 4062
1901 4061
1902 4053
1903 4059
1904 4057
1905 4058
1906 4060
1907 4058
1908 4056
1909 4060
1910 4061
1911 4058
1912 4058
1913 4061
1914 4058
1915 4058
1916 4056
1917 4059
1918 4058
1919 4058
1920 4059
1921 4060
1922 4061
1923 4058
1924 4058
1925 4058
1926 4060
1927 4057
1928 4060
1929 4061
1930 4060
1931 4056
1932 4059
1933 4059
1934 4058
1935 4059
1936 4059
1937 4062
1938 4060
1939 4061
1940 4062
1941 4061
1942 4060
1943 4060
1944 4059
1945 4062
1946 4061
1947 4060
1948 4059
1949 4059
1950 4057
1951 4060
1952 4054
1953 4057
1954 4060
1955 4060
1956 4059
1957 4060
1958 4058
1959 4059
1960 4057
1961 4058
1962 4061
1963 4062
1964 4054
1965 4059
1966 4059
1967 4057
1968 4062
1969 4060
1970 4061
1971 4058
1972 4063
1973 4063
1974 4057
1975 4061
1976 4058
1977 4059
1978 4060
1979 4059
1980 4057
1981 4060
1982 4060
1983 4061
1984 4061
1985 4058
1986 4060
1987 4062
1988 4059
1989 4063
1990 4059
1991 4056
1992 4058
1993 4059
1994 4060
1995 4057
1996 4057
1997 4061
1998 4060
1999 4062
2000 4057
2001 4063
2002 4061
2003 4055
2004 4060
2005 4058
2006 4058
2007 4062
2008 4056
2009 4060
2010 4058
2011 4058
2012 4061
2013 4060
2014 4059
2015 4058
2016 4060
2017 4060
2018 4062
2019 4061
2020 4060
2021 4056
2022 4060
2023 4060
2024 4060
2025 4061
2026 4063
2027 4058
2028 4060
2029 4063
2030 4058
2031 4059
2032 4060
2033 4061
2034 4058
2035 4058
2036 4058
2037 4059
2038 4059
2039 4059
2040 4055
2041 4056
2042 4060
2043 4061
2044 4062
2045 4063
2046 4061
2047 4062
2048 4060
2049 4058
2050 4061
2051 4061
2052 4055
2053 4058
2054 4060
2055 4056
2056 4058
2057 4062
2058 4059
2059 4062
2060 4062
2061 4059
2062 4059
2063 4062
2064 4061
2065 4059
2066 4060
2067 4060
2068 4060
2069 4062
2070 4060
2071 4062
2072 4062
2073 4060
2074 4059
2075 4057
2076 4061
2077 4059
2078 4059
2079 4059
2080 4057
2081 4058
2082 4060
2083 4059
2084 4060
2085 4059
2086 4059
2087 4060
2088 4061
2089 4059
2090 4059
2091 4059
2092 4061
2093 4058
2094 4060
2095 4059
2096 4059
2097 4058
2098 4054
2099 4061
2100 4059
2101 4058
2102 4054
2103 4059
2104 4058
2105 4063
2106 4059
2107 4061
2108 4058
2109 4060
2110 4062
2111 4062
2112 4059
2113 4058
2114 4057
2115 4060
2116 4060
2117 4059
2118 4060
2119 4060
2120 4058
2121 4058
2122 4058
2123 4060
2124 4059
2125 4060
2126 4058
2127 4060
2128 4060
2129 4061
2130 4060
2131 4061
2132 4058
2133 4060
2134 4062
2135 4061
2136 4060
2137 4058
2138 4056
2139 4060
2140 4060
2141 4060
2142 4062
2143 4058
2144 4057
2145 4061
2146 4056
2147 4062
2148 4061
2149 4059
2150 4058
2151 4061
2152 4057
2153 4059
2154 4060
2155 4059
2156 4059
2157 4062
2158 4060
2159 4061
2160 4063
2161 4061
2162 4061
2163 4059
2164 4058
2165 4061
2166 4061
2167 4058
2168 4059
2169 4058
2170 4061
2171 4062
2172 4062
2173 4065
2174 4058
2175 4061
2176 4061
2177 4062
2178 4062
2179 4060
2180 4060
2181 4059
2182 4062
2183 4060
2184 4057
2185 4056
2186 4062
2187 4060
2188 4061
2189 4062
2190 4059
2191 4058
2192 4058
2193 4058
2194 4058
2195 4060
2196 4062
2197 4061
2198 4059
2199 4059
2200 4058
2201 4060
2202 4060
2203 4059
2204 4057
2205 4060
2206 4058
2207 4060
2208 4061
2209 4058
2210 4065
2211 4057
2212 4060
2213 4059
2214 4060
2215 4060
2216 4060
2217 4056
2218 4059
2219 4057
2220 4060
2221 4058
2222 4056
2223 4056
2224 4060
2225 4062
2226 4059
2227 4058
2228 4060
2229 4063
2230 4062
2231 4060
2232 4063
2233 4061
2234 4058
2235 4060
2236 4060
2237 4059
2238 4058
2239 4059
2240 4060
2241 4061
2242 4060
2243 4061
2244 4060
2245 4062
2246 4058
2247 4062
2248 4060
2249 4060
2250 4059
2251 4062
2252 4053
2253 4058
2254 4059
2255 4057
2256 4058
2257 4060
2258 4058
2259 4062
2260 4059
2261 4060
2262 4060
2263 4063
2264 4061
2265 4060
2266 4062
2267 4057
2268 4059
2269 4059
2270 4058
2271 4062
2272 4059
2273 4062
2274 4061
2275 4058
2276 4061
2277 4059
2278 4059
2279 4058
2280 4060
2281 4062
2282 4060
2283 4055
2284 4062
2285 4059
2286 4062
2287 4062
2288 4063
2289 4059
2290 4058
2291 4060
2292 4058
2293 4063
2294 4061
2295 4058
2296 4060
2297 4061
2298 4060
2299 4063
2300 4062
2301 4060
2302 4056
2303 4058
2304 4063
2305 4062
2306 4059
2307 4062
2308 4058
2309 4057
2310 4058
2311 4061
2312 4058
2313 4060
2314 4061
2315 4060
2316 4058
2317 4063
2318 4060
2319 4058
2320 4058
2321 4058
2322 4058
2323 4061
2324 4060
2325 4062
2326 4062
2327 4059
2328 4060
2329 4058
2330 4055
2331 4060
2332 4062
2333 4058
2334 4057
2335 4060
2336 4062
2337 4058
2338 4060
2339 4058
2340 4058
2341 4063
2342 4058
2343 4058
2344 4056
2345 4058
2346 4059
2347 4058
2348 4055
2349 4061
2350 4062
2351 4063
2352 4059
2353 4062
2354 4056
2355 4058
2356 4059
2357 4061
2358 4060
2359 4057
2360 4061
2361 4060
2362 4059
2363 4062
2364 4060
2365 4060
2366 4061
2367 4056
2368 4058
2369 4059
2370 4060
2371 4060
2372 4061
2373 4065
2374 4060
2375 4059
2376 4058
2377 4063
2378 4062
2379 4062
2380 4061
2381 4060
2382 4060
2383 4059
2384 4058
2385 4062
2386 4059
2387 4057
2388 4060
2389 4056
2390 4062
2391 4062
2392 4056
2393 4059
2394 4056
2395 4060
2396 4059
2397 4060
2398 4056
2399 4062
2400 4060
2401 4060
2402 4058
2403 4059
2404 4059
2405 4060
2406 4059
2407 4059
2408 4061
2409 4060
2410 4060
2411 4061
2412 4059
2413 4062
2414 4060
2415 4060
2416 4059
2417 4056
2418 4060
2419 4058
2420 4058
2421 4056
2422 4059
2423 4059
2424 4060
2425 4062
2426 4057
2427 4058
2428 4061
2429 4061
2430 4058
2431 4057
2432 4060
2433 4060
2434 4059
2435 4058
2436 4060
2437 4059
2438 4055
2439 4060
2440 4058
2441 4058
2442 4062
2443 4060
2444 4060
2445 4059
2446 4058
2447 4061
2448 4059
2449 4058
2450 4056
2451 4062
2452 4057
2453 4057
2454 4058
2455 4060
2456 4058
2457 4056
2458 4060
2459 4060
2460 4059
2461 4059
2462 4060
2463 4062
2464 4062
2465 4061
2466 4059
2467 4058
2468 4059
2469 4059
2470 4059
2471 4063
2472 4059
2473 4062
2474 4057
2475 4062
2476 4058
2477 4057
2478 4059
2479 4058
2480 4060
2481 4061
2482 4059
2483 4059
2484 4060
2485 4061
2486 4060
2487 4058
2488 4060
2489 4063
2490 4059
2491 4061
2492 4058
2493 4060
2494 4060
2495 4057
2496 4059
2497 4060
2498 4060
2499 4061
2500 4061
2501 4060
2502 4056
2503 4057
2504 4058
2505 4058
2506 4061
2507 4058
2508 4062
2509 4060
2510 4058
2511 4059
2512 4058
2513 4060
2514 4061
2515 4058
2516 4060
2517 4058
2518 4058
2519 4060
2520 4058
2521 4058
2522 4060
2523 4060
2524 4058
2525 4063
2526 4059
2527 4058
2528 4062
2529 4058
2530 4058
2531 4062
2532 4060
2533 4058
2534 4060
2535 4062
2536 4055
2537 4059
2538 4062
2539 4063
2540 4063
2541 4061
2542 4061
2543 4061
2544 4056
2545 4059
2546 4060
2547 4062
2548 4062
2549 4060
2550 4060
2551 4063
2552 4058
2553 4061
2554 4058
2555 4061
2556 4058
2557 4061
2558 4058
2559 4059
2560 4060
2561 4058
2562 4060
2563 4059
2564 4058
2565 4059
2566 4058
2567 4058
2568 4058
2569 4061
2570 4062
2571 4059
2572 4059
2573 4060
2574 4056
2575 4062
2576 4062
2577 4058
2578 4059
2579 4061
2580 4058
2581 4060
2582 4061
2583 4057
2584 4059
2585 4058
2586 4059
2587 4059
2588 4061
2589 4063
2590 4055
2591 4057
2592 4055
2593 4059
2594 4059
2595 4059
2596 4058
2597 4060
2598 4062
2599 4058
2600 4059
2601 4060
2602 4058
2603 4059
2604 4055
2605 4060
2606 4059
2607 4060
2608 4060
2609 4058
2610 4059
2611 4057
2612 4058
2613 4055
2614 4058
2615 4060
2616 4060
2617 4059
2618 4060
2619 4061
2620 4063
2621 4060
2622 4063
2623 4062
2624 4058
2625 4059
2626 4059
2627 4060
2628 4060
2629 4060
2630 4060
2631 4057
2632 4061
2633 4056
2634 4056
2635 4059
2636 4057
2637 4058
2638 4061
2639 4062
2640 4059
2641 4060
2642 4061
2643 4060
2644 4056
2645 4059
2646 4059
2647 4060
2648 4062
2649 4054
2650 4059
2651 4060
2652 4056
2653 4061
2654 4061
2655 4058
2656 4059
2657 4061
2658 4059
2659 4060
2660 4058
2661 4060
2662 4059
2663 4060
2664 4060
2665 4059
2666 4057
2667 4059
2668 4058
2669 4058
2670 4057
2671 4060
2672 4058
2673 4059
2674 4058
2675 4062
2676 4061
2677 4062
2678 4060
2679 4060
2680 4061
2681 4061
2682 4059
2683 4058
2684 4057
2685 4059
2686 4062
2687 4062
2688 4057
2689 4058
2690 4058
2691 4058
2692 4057
2693 4060
2694 4058
2695 4057
2696 4057
2697 4056
2698 4058
2699 4058
2700 4058
2701 4062
2702 4059
2703 4056
2704 4057
2705 4061
2706 4058
2707 4057
2708 4055
2709 4055
2710 4058
2711 4057
2712 4060
2713 4062
2714 4062
2715 4059
2716 4059
2717 4062
2718 4060
2719 4062
2720 4060
2721 4061
2722 4059
2723 4059
2724 4059
2725 4058
2726 4058
2727 4058
2728 4058
2729 4061
2730 4058
2731 4060
2732 4061
2733 4057
2734 4058
2735 4060
2736 4060
2737 4056
2738 4060
2739 4062
2740 4059
2741 4059
2742 4056
2743 4060
2744 4060
2745 4060
2746 4059
2747 4062
2748 4058
2749 4057
2750 4058
2751 4059
2752 4058
2753 4058
2754 4057
2755 4058
2756 4058
2757 4062
2758 4059
2759 4062
2760 4060
2761 4061
2762 4058
2763 4062
2764 4058
2765 4060
2766 4058
2767 4060
2768 4061
2769 4056
2770 4058
2771 4059
2772 4058
2773 4057
2774 4057
2775 4058
2776 4059
2777 4062
2778 4062
2779 4059
2780 4059
2781 4056
2782 4059
2783 4062
2784 4061
2785 4062
2786 4056
2787 4058
2788 4058
2789 4061
2790 4056
2791 4058
2792 4058
2793 4058
2794 4056
2795 4055
2796 4057
2797 4055
2798 4055
2799 4053
2800 4045
2801 4047
2802 4034
2803 4031
2804 4028
2805 4020
2806 4011
2807 4005
2808 3995
2809 3984
2810 3974
2811 3966
2812 3951
2813 3943
2814 3940
2815 3939
2816 3932
2817 3928
2818 3926
2819 3912
2820 3912
2821 3898
2822 3886
2823 3881
2824 3858
2825 3849
2826 3831
2827 3831
2828 3834
2829 3839
2830 3854
2831 3853
2832 3877
2833 3873
2834 3891
2835 3892
2836 3894
2837 3916
2838 3918
2839 3925
2840 3938
2841 3952
2842 3963
2843 3970
2844 3974
2845 3984
2846 3993
2847 3997
2848 4001
2849 4010
2850 4018
2851 4022
2852 4027
2853 4034
2854 4031
2855 4038
2856 4043
2857 4048
2858 4045
2859 4049
2860 4048
2861 4056
2862 4056
2863 4055
2864 4055
2865 4056
2866 4058
2867 4060
2868 4058
2869 4058
2870 4058
2871 4058
2872 4057
2873 4058
2874 4059
2875 4059
2876 4058
2877 4055
2878 4066
2879 4059
2880 4056
2881 4058
2882 4060
2883 4059
2884 4060
2885 4058
2886 4059
2887 4059
2888 4058
2889 4062
2890 4059
2891 4058
2892 4058
2893 4060
2894 4055
2895 4058
2896 4060
2897 4061
2898 4060
2899 4061
2900 4060
2901 4060
2902 4055
2903 4057
2904 4055
2905 4057
2906 4063
2907 4058
2908 4058
2909 4061
2910 4058
2911 4059
2912 4058
2913 4059
2914 4059
2915 4060
2916 4061
2917 4058
2918 4058
2919 4060
2920 4058
2921 4060
2922 4059
2923 4057
2924 4058
2925 4060
2926 4058
2927 4061
2928 4061
2929 4063
2930 4057
2931 4059
2932 4063
2933 4059
2934 4060
2935 4060
2936 4060
2937 4063
2938 4060
2939 4059
2940 4060
2941 4061
2942 4059
2943 4057
2944 4056
2945 4059
2946 4062
2947 4057
2948 4061
2949 4058
2950 4057
2951 4061
2952 4058
2953 4060
2954 4057
2955 4059
2956 4059
2957 4059
2958 4057
2959 4061
2960 4060
2961 4060
2962 4061
2963 4060
2964 4061
2965 4058
2966 4060
2967 4059
2968 4059
2969 4060
2970 4058
2971 4060
2972 4056
2973 4062
2974 4055
2975 4061
2976 4055
2977 4060
2978 4059
2979 4062
2980 4059
2981 4059
2982 4061
2983 4058
2984 4061
2985 4058
2986 4061
2987 4056
2988 4058
2989 4059
2990 4060
2991 4057
2992 4058
2993 4059
2994 4059
2995 4059
2996 4058
2997 4062
2998 4061
2999 4061
3000 4059
3001 4060
3002 4060
3003 4059
3004 4058
3005 4060
3006 4059
3007 4059
3008 4059
3009 4063
3010 4059
3011 4062
3012 4060
3013 4060
3014 4060
3015 4060
3016 4058
3017 4059
3018 4060
3019 4060
3020 4059
3021 4058
3022 4063
3023 4060
3024 4060
3025 4058
3026 4058
3027 4059
3028 4059
3029 4057
3030 4058
3031 4055
3032 4062
3033 4061
3034 4060
3035 4060
3036 4060
3037 4055
3038 4061
3039 4060
3040 4062
3041 4060
3042 4061
3043 4061
3044 4061
3045 4062
3046 4060
3047 4060
3048 4058
3049 4061
3050 4056
3051 4060
3052 4057
3053 4057
3054 4060
3055 4059
3056 4058
3057 4063
3058 4055
3059 4059
3060 4058
3061 4060
3062 4061
3063 4057
3064 4060
3065 4062
3066 4055
3067 4060
3068 4063
3069 4062
3070 4060
3071 4061
3072 4058
3073 4056
3074 4058
3075 4061
3076 4058
3077 4060
3078 4056
3079 4058
3080 4059
3081 4059
3082 4058
3083 4061
3084 4062
3085 4058
3086 4058
3087 4058
3088 4059
3089 4058
3090 4059
3091 4059
3092 4060
3093 4058
3094 4060
3095 4058
3096 4058
3097 4058
3098 4059
3099 4061
3100 4060
3101 4063
3102 4056
3103 4056
3104 4058
3105 4058
3106 4056
3107 4060
3108 4057
3109 4058
3110 4061
3111 4060
3112 4058
3113 4060
3114 4056
3115 4060
3116 4061
3117 4062
3118 4057
3119 4061
3120 4060
3121 4059
3122 4060
3123 4060
3124 4058
3125 4062
3126 4058
3127 4060
3128 4059
3129 4059
3130 4058
3131 4058
3132 4060
3133 4056
3134 4058
3135 4061
3136 4059
3137 4058
3138 4060
3139 4055
3140 4060
3141 4057
3142 4058
3143 4060
3144 4059
3145 4056
3146 4058
3147 4060
3148 4058
3149 4059
3150 4059
3151 4059
3152 4060
3153 4062
3154 4060
3155 4055
3156 4057
3157 4060
3158 4060
3159 4059
3160 4056
3161 4060
3162 4059
3163 4060
3164 4063
3165 4057
3166 4060
3167 4062
3168 4059
3169 4060
3170 4061
3171 4060
3172 4058
3173 4058
3174 4059
3175 4062
3176 4058
3177 4060
3178 4058
3179 4061
3180 4058
3181 4060
3182 4061
3183 4059
3184 4056
3185 4062
3186 4057
3187 4060
3188 4059
3189 4061
3190 4060
3191 4060
3192 4061
3193 4059
3194 4058
3195 4061
3196 4058
3197 4060
3198 4057
3199 4060
3200 4058
3201 4062
3202 4058
3203 4058
3204 4060
3205 4059
3206 4061
3207 4060
3208 4058
3209 4060
3210 4059
3211 4062
3212 4059
3213 4058
3214 4060
3215 4058
3216 4059
3217 4055
3218 4058
3219 4061
3220 4060
3221 4057
3222 4060
3223 4061
3224 4060
3225 4059
3226 4060
3227 4059
3228 4057
3229 4054
3230 4059
3231 4062
3232 4060
3233 4058
3234 4056
3235 4058
3236 4060
3237 4058
3238 4061
3239 4062
3240 4058
3241 4062
3242 4061
3243 4061
3244 4062
3245 4060
3246 4059
3247 4058
3248 4056
3249 4061
3250 4059
3251 4063
3252 4055
3253 4056
3254 4062
3255 4058
3256 4055
3257 4060
3258 4062
3259 4058
3260 4060
3261 4059
3262 4056
3263 4061
3264 4058
3265 4062
3266 4058
3267 4054
3268 4059
3269 4060
3270 4058
3271 4061
3272 4058
3273 4059
3274 4056
3275 4059
3276 4060
3277 4060
3278 4058
3279 4061
3280 4060
3281 4057
3282 4061
3283 4060
3284 4055
3285 4063
3286 4057
3287 4058
3288 4062
3289 4062
3290 4059
3291 4058
3292 4060
3293 4059
3294 4058
3295 4059
3296 4061
3297 4058
3298 4060
3299 4059
3300 4060
3301 4060
3302 4056
3303 4059
3304 4058
3305 4060
3306 4061
3307 4060
3308 4061
3309 4062
3310 4059
3311 4061
3312 4059
3313 4058
3314 4058
3315 4057
3316 4059
3317 4062
3318 4057
3319 4059
3320 4061
3321 4059
3322 4058
3323 4059
3324 4058
3325 4058
3326 4059
3327 4057
3328 4057
3329 4059
3330 4059
3331 4058
3332 4060
3333 4060
3334 4062
3335 4060
3336 4062
3337 4058
3338 4060
3339 4060
3340 4056
3341 4056
3342 4058
3343 4062
3344 4062
3345 4060
3346 4059
3347 4057
3348 4059
3349 4059
3350 4061
3351 4062
3352 4057
3353 4056
3354 4059
3355 4060
3356 4061
3357 4060
3358 4060
3359 4060
3360 4058
3361 4057
3362 4059
3363 4060
3364 4063
3365 4061
3366 4059
3367 4058
3368 4058
3369 4058
3370 4061
3371 4059
3372 4059
3373 4056
3374 4062
3375 4062
3376 4060
3377 4062
3378 4058
3379 4058
3380 4056
3381 4060
3382 4060
3383 4062
3384 4059
3385 4061
3386 4058
3387 4062
3388 4058
3389 4058
3390 4058
3391 4062
3392 4060
3393 4061
3394 4057
3395 4061
3396 4061
3397 4056
3398 4062
3399 4060
3400 4058
3401 4062
3402 4058
3403 4060
3404 4063
3405 4061
3406 4058
3407 4062
3408 4058
3409 4060
3410 4062
3411 4058
3412 4058
3413 4057
3414 4058
3415 4059
3416 4059
3417 4060
3418 4060
3419 4059
3420 4061
3421 4059
3422 4052
3423 4056
3424 4057
3425 4058
3426 4058
3427 4060
3428 4062
3429 4063
3430 4062
3431 4058
3432 4059
3433 4060
3434 4060
3435 4060
3436 4059
3437 4062
3438 4058
3439 4059
3440 4060
3441 4059
3442 4060
3443 4059
3444 4061
3445 4061
3446 4060
3447 4062
3448 4058
3449 4058
3450 4058
3451 4063
3452 4054
3453 4058
3454 4061
3455 4058
3456 4058
3457 4059
3458 4060
3459 4058
3460 4057
3461 4060
3462 4061
3463 4060
3464 4061
3465 4059
3466 4058
3467 4058
3468 4061
3469 4059
3470 4057
3471 4060
3472 4063
3473 4058
3474 4061
3475 4060
3476 4058
3477 4058
3478 4060
3479 4060
3480 4057
3481 4058
3482 4059
3483 4060
3484 4061
3485 4058
3486 4061
3487 4056
3488 4057
3489 4059
3490 4060
3491 4060
3492 4063
3493 4058
3494 4058
3495 4060
3496 4059
3497 4060
3498 4059
3499 4060
3500 4060
3501 4062
3502 4054
3503 4057
3504 4060
3505 4059
3506 4060
3507 4061
3508 4058
3509 4059
3510 4057
3511 4061
3512 4061
3513 4060
3514 4060
3515 4056
3516 4060
3517 4061
3518 4061
3519 4061
3520 4062
3521 4058
3522 4058
3523 4061
3524 4062
3525 4058
3526 4057
3527 4057
3528 4056
3529 4059
3530 4058
3531 4058
3532 4062
3533 4060
3534 4061
3535 4059
3536 4057
3537 4062
3538 4060
3539 4060
3540 4062
3541 4059
3542 4058
3543 4062
3544 4060
3545 4059
3546 4060
3547 4060
3548 4059
3549 4056
3550 4062
3551 4060
3552 4059
3553 4062
3554 4059
3555 4061
3556 4062
3557 4060
3558 4055
3559 4059
3560 4060
3561 4059
3562 4059
3563 4061
3564 4060
3565 4060
3566 4059
3567 4063
3568 4058
3569 4059
3570 4059
3571 4058
3572 4058
3573 4061
3574 4063
3575 4059
3576 4061
3577 4061
3578 4059
3579 4055
3580 4061
3581 4058
3582 4061
3583 4057
3584 4060
3585 4056
3586 4058
3587 4060
3588 4061
3589 4060
3590 4059
3591 4059
3592 4059
3593 4058
3594 4060
3595 4055
3596 4058
3597 4059
3598 4057
3599 4060
3600 4059
3601 4063
3602 4058
3603 4059
3604 4062
3605 4059
3606 4060
3607 4058
3608 4058
3609 4060
3610 4058
3611 4060
3612 4060
3613 4062
3614 4057
3615 4058
3616 4060
3617 4057
3618 4060
3619 4058
3620 4058
3621 4056
3622 4060
3623 4061
3624 4059
3625 4058
3626 4060
3627 4061
3628 4060
3629 4061
3630 4058
3631 4061
3632 4059
3633 4060
3634 4056
3635 4058
3636 4059
3637 4062
3638 4060
3639 4061
3640 4058
3641 4057
3642 4057
3643 4060
3644 4059
3645 4060
3646 4055
3647 4059
3648 4058
3649 4060
3650 4059
3651 4060
3652 4055
3653 4058
3654 4060
3655 4060
3656 4061
3657 4061
3658 4061
3659 4059
3660 4059
3661 4062
3662 4060
3663 4063
3664 4061
3665 4058
3666 4058
3667 4055
3668 4062
3669 4059
3670 4060
3671 4061
3672 4060
3673 4057
3674 4059
3675 4059
3676 4054
3677 4060
3678 4062
3679 4058
3680 4059
3681 4058
3682 4057
3683 4057
3684 4061
3685 4059
3686 4059
3687 4060
3688 4057
3689 4060
3690 4061
3691 4060
3692 4059
3693 4059
3694 4058
