#Data from the TCD1304 linear CCD
#column 1 = pixelnumber , column 2 = pixelvalue
#Pixel 1-32 and 3679-3694 and are dummy pixels
#SH-period: 200    ICG-period: 100000    Integration time: 100.0 us
2 4029
3 4033
4 4052
5 4052
6 4051
7 4051
8 4052
9 4050
10 4053
11 4052
12 4053
13 4048
14 4050
15 4053
16 4050
17 4050
18 4050
19 4052
20 4051
21 4056
22 4050
23 4053
24 4053
25 4053
26 4052
27 4050
28 4055
29 4050
30 4052
31 4053
32 4054
34 4051
35 4050
36 4054
37 4051
38 4054
39 4049
40 4052
41 4051
42 4052
43 4053
44 4050
45 4052
46 4050
47 4054
48 4053
49 4051
50 4049
51 4054
52 4050
53 4055
54 4051
55 4052
56 4050
57 4056
58 4051
59 4056
60 4052
61 4052
62 4050
63 4053
64 4052
65 4050
66 4054
67 4050
68 4052
69 4055
70 4051
71 4049
72 4051
73 4055
74 4052
75 4055
76 4050
77 4050
78 4053
79 4050
80 4055
81 4050
82 4050
83 4051
84 4056
85 4051
86 4051
87 4055
88 4056
89 4051
90 4054
91 4050
92 4051
93 4049
94 4051
95 4052
96 4049
97 4053
98 4052
99 4053
100 4052
101 4056
102 4048
103 4051
104 4054
105 4052
106 4050
107 4056
108 4054
109 4052
110 4050
111 4054
112 4049
113 4050
114 4053
115 4051
116 4051
117 4054
118 4053
119 4053
120 4052
121 4054
122 4051
123 4052
124 4049
125 4052
126 4056
127 4056
128 4053
129 4053
130 4053
131 4052
132 4051
133 4054
134 4054
135 4052
136 4056
137 4053
138 4053
139 4050
140 4050
141 4052
142 4050
143 4053
144 4054
145 4053
146 4051
147 4053
148 4052
149 4052
150 4054
151 4058
152 4051
153 4056
154 4056
155 4050
156 4051
157 4054
158 4053
159 4054
160 4054
161 4052
162 4051
163 4056
164 4054
165 4053
166 4050
167 4056
168 4051
169 4056
170 4052
171 4055
172 4052
173 4057
174 4052
175 4054
176 4053
177 4052
178 4056
179 4057
180 4053
181 4054
182 4057
183 4054
184 4056
185 4056
186 4054
187 4051
188 4057
189 4054
190 4056
191 4053
192 4056
193 4054
194 4054
195 4054
196 4052
197 4053
198 4054
199 4053
200 4055
201 4056
202 4051
203 4054
204 4054
205 4054
206 4055
207 4057
208 4052
209 4055
210 4053
211 4056
212 4053
213 4056
214 4056
215 4054
216 4056
217 4054
218 4053
219 4052
220 4056
221 4055
222 4054
223 4052
224 4058
225 4054
226 4056
227 4052
228 4056
229 4053
230 4053
231 4055
232 4052
233 4056
234 4051
235 4059
236 4053
237 4054
238 4055
239 4057
240 4056
241 4053
242 4053
243 4053
244 4056
245 4056
246 4054
247 4056
248 4055
249 4054
250 4056
251 4058
252 4053
253 4054
254 4054
255 4055
256 4056
257 4057
258 4055
259 4056
260 4054
261 4054
262 4053
263 4056
264 4055
265 4053
266 4054
267 4056
268 4054
269 4055
270 4056
271 4054
272 4056
273 4053
274 4054
275 4053
276 4055
277 4056
278 4054
279 4053
280 4051
281 4053
282 4056
283 4054
284 4057
285 4056
286 4056
287 4056
288 4056
289 4054
290 4054
291 4056
292 4054
293 4056
294 4053
295 4053
296 4054
297 4056
298 4054
299 4054
300 4054
301 4058
302 4051
303 4056
304 4054
305 4054
306 4050
307 4053
308 4056
309 4058
310 4054
311 4052
312 4054
313 4056
314 4051
315 4056
316 4056
317 4056
318 4056
319 4055
320 4054
321 4053
322 4055
323 4054
324 4053
325 4053
326 4056
327 4056
328 4054
329 4056
330 4054
331 4056
332 4052
333 4056
334 4056
335 4056
336 4053
337 4054
338 4054
339 4055
340 4053
341 4056
342 4055
343 4054
344 4054
345 4056
346 4056
347 4056
348 4053
349 4054
350 4053
351 4054
352 4051
353 4057
354 4055
355 4054
356 4056
357 4055
358 4056
359 4055
360 4054
361 4056
362 4054
363 4056
364 4055
365 4056
366 4057
367 4056
368 4053
369 4052
370 4056
371 4056
372 4054
373 4055
374 4056
375 4057
376 4055
377 4058
378 4055
379 4052
380 4054
381 4056
382 4057
383 4053
384 4054
385 4054
386 4054
387 4058
388 4055
389 4054
390 4055
391 4056
392 4057
393 4056
394 4054
395 4056
396 4055
397 4054
398 4053
399 4054
400 4051
401 4057
402 4050
403 4054
404 4054
405 4056
406 4056
407 4056
408 4054
409 4056
410 4052
411 4056
412 4054
413 4055
414 4054
415 4056
416 4054
417 4054
418 4052
419 4056
420 4057
421 4054
422 4053
423 4056
424 4054
425 4054
426 4056
427 4056
428 4054
429 4054
430 4052
431 4056
432 4055
433 4052
434 4051
435 4053
436 4056
437 4053
438 4052
439 4054
440 4055
441 4056
442 4055
443 4058
444 4055
445 4058
446 4052
447 4056
448 4053
449 4054
450 4055
451 4058
452 4051
453 4055
454 4055
455 4053
456 4053
457 4056
458 4056
459 4052
460 4054
461 4055
462 4054
463 4054
464 4054
465 4057
466 4056
467 4056
468 4054
469 4055
470 4054
471 4051
472 4057
473 4057
474 4056
475 4057
476 4052
477 4054
478 4056
479 4057
480 4054
481 4051
482 4053
483 4054
484 4054
485 4054
486 4054
487 4053
488 4055
489 4053
490 4057
491 4052
492 4057
493 4055
494 4056
495 4056
496 4053
497 4054
498 4056
499 4052
500 4054
501 4058
502 4050
503 4052
504 4053
505 4053
506 4054
507 4056
508 4053
509 4056
510 4054
511 4055
512 4054
513 4055
514 4056
515 4055
516 4055
517 4056
518 4057
519 4056
520 4053
521 4056
522 4056
523 4053
524 4053
525 4057
526 4055
527 4056
528 4054
529 4052
530 4054
531 4054
532 4057
533 4054
534 4055
535 4057
536 4053
537 4057
538 4056
539 4053
540 4056
541 4053
542 4056
543 4054
544 4056
545 4057
546 4053
547 4056
548 4055
549 4057
550 4053
551 4057
552 4053
553 4057
554 4057
555 4053
556 4052
557 4055
558 4054
559 4054
560 4055
561 4055
562 4054
563 4051
564 4056
565 4058
566 4054
567 4056
568 4056
569 4055
570 4054
571 4054
572 4052
573 4055
574 4052
575 4055
576 4053
577 4054
578 4055
579 4056
580 4053
581 4054
582 4054
583 4051
584 4055
585 4056
586 4051
587 4055
588 4056
589 4055
590 4052
591 4052
592 4054
593 4054
594 4052
595 4056
596 4056
597 4054
598 4059
599 4054
600 4054
601 4059
602 4053
603 4057
604 4052
605 4056
606 4055
607 4055
608 4053
609 4058
610 4054
611 4056
612 4054
613 4052
614 4057
615 4055
616 4053
617 4054
618 4056
619 4053
620 4056
621 4055
622 4058
623 4053
624 4052
625 4056
626 4054
627 4056
628 4056
629 4056
630 4056
631 4057
632 4054
633 4053
634 4054
635 4053
636 4055
637 4056
638 4056
639 4053
640 4056
641 4056
642 4054
643 4056
644 4054
645 4056
646 4052
647 4054
648 4056
649 4055
650 4055
651 4059
652 4054
653 4054
654 4056
655 4056
656 4052
657 4053
658 4053
659 4057
660 4052
661 4056
662 4057
663 4054
664 4056
665 4056
666 4056
667 4054
668 4053
669 4052
670 4054
671 4053
672 4053
673 4055
674 4053
675 4056
676 4056
677 4055
678 4056
679 4056
680 4053
681 4052
682 4052
683 4056
684 4054
685 4056
686 4056
687 4053
688 4053
689 4054
690 4054
691 4056
692 4052
693 4052
694 4054
695 4055
696 4052
697 4053
698 4054
699 4056
700 4055
701 4058
702 4054
703 4056
704 4056
705 4054
706 4054
707 4056
708 4053
709 4051
710 4056
711 4055
712 4054
713 4057
714 4053
715 4057
716 4054
717 4055
718 4053
719 4058
720 4056
721 4054
722 4054
723 4054
724 4054
725 4057
726 4052
727 4052
728 4055
729 4055
730 4054
731 4057
732 4053
733 4057
734 4053
735 4051
736 4052
737 4054
738 4056
739 4054
740 4051
741 4056
742 4053
743 4056
744 4056
745 4055
746 4054
747 4055
748 4053
749 4054
750 4057
751 4057
752 4056
753 4056
754 4052
755 4056
756 4055
757 4054
758 4050
759 4056
760 4053
761 4052
762 4053
763 4057
764 4059
765 4056
766 4056
767 4055
768 4055
769 4057
770 4056
771 4055
772 4053
773 4056
774 4051
775 4053
776 4055
777 4055
778 4053
779 4054
780 4056
781 4055
782 4052
783 4056
784 4054
785 4056
786 4054
787 4056
788 4054
789 4054
790 4050
791 4058
792 4055
793 4056
794 4056
795 4057
796 4051
797 4055
798 4056
799 4054
800 4055
801 4056
802 4052
803 4056
804 4050
805 4053
806 4051
807 4054
808 4053
809 4053
810 4056
811 4056
812 4054
813 4055
814 4052
815 4056
816 4054
817 4054
818 4058
819 4056
820 4053
821 4054
822 4053
823 4054
824 4055
825 4054
826 4056
827 4054
828 4053
829 4053
830 4052
831 4055
832 4054
833 4056
834 4054
835 4053
836 4055
837 4056
838 4056
839 4057
840 4056
841 4053
842 4056
843 4056
844 4054
845 4051
846 4052
847 4053
848 4057
849 4054
850 4057
851 4053
852 4053
853 4054
854 4056
855 4056
856 4055
857 4054
858 4056
859 4056
860 4054
861 4053
862 4053
863 4054
864 4057
865 4054
866 4056
867 4056
868 4053
869 4056
870 4057
871 4056
872 4058
873 4056
874 4058
875 4054
876 4053
877 4052
878 4056
879 4054
880 4055
881 4055
882 4053
883 4054
884 4053
885 4054
886 4058
887 4053
888 4051
889 4054
890 4054
891 4053
892 4053
893 4053
894 4052
895 4054
896 4052
897 4053
898 4058
899 4058
900 4055
901 4057
902 4052
903 4059
904 4056
905 4054
906 4057
907 4052
908 4056
909 4055
910 4052
911 4054
912 4054
913 4057
914 4056
915 4055
916 4056
917 4055
918 4058
919 4054
920 4054
921 4055
922 4052
923 4054
924 4056
925 4056
926 4056
927 4053
928 4054
929 4056
930 4054
931 4054
932 4056
933 4057
934 4052
935 4056
936 4054
937 4050
938 4058
939 4057
940 4054
941 4056
942 4056
943 4056
944 4056
945 4056
946 4053
947 4054
948 4055
949 4052
950 4056
951 4058
952 4052
953 4056
954 4054
955 4056
956 4053
957 4054
958 4054
959 4055
960 4049
961 4056
962 4055
963 4053
964 4056
965 4054
966 4054
967 4056
968 4052
969 4057
970 4054
971 4056
972 4052
973 4052
974 4053
975 4051
976 4057
977 4057
978 4051
979 4056
980 4057
981 4056
982 4054
983 4057
984 4052
985 4055
986 4054
987 4052
988 4054
989 4055
990 4056
991 4057
992 4054
993 4055
994 4055
995 4053
996 4055
997 4053
998 4051
999 4053
1000 4052
1001 4056
1002 4054
1003 4058
1004 4054
1005 4055
1006 4056
1007 4054
1008 4054
1009 4054
1010 4057
1011 4056
1012 4055
1013 4058
1014 4054
1015 4052
1016 4053
1017 4056
1018 4057
1019 4056
1020 4056
1021 4055
1022 4057
1023 4055
1024 4055
1025 4055
1026 4056
1027 4053
1028 4054
1029 4054
1030 4056
1031 4052
1032 4056
1033 4056
1034 4054
1035 4053
1036 4053
1037 4054
1038 4052
1039 4055
1040 4058
1041 4057
1042 4057
1043 4055
1044 4052
1045 4056
1046 4053
1047 4053
1048 4056
1049 4055
1050 4057
1051 4059
1052 4048
1053 4059
1054 4055
1055 4058
1056 4054
1057 4055
1058 4057
1059 4055
1060 4057
1061 4056
1062 4056
1063 4054
1064 4054
1065 4056
1066 4053
1067 4055
1068 4055
1069 4054
1070 4055
1071 4053
1072 4054
1073 4056
1074 4056
1075 4056
1076 4055
1077 4056
1078 4053
1079 4056
1080 4053
1081 4056
1082 4057
1083 4054
1084 4054
1085 4055
1086 4051
1087 4054
1088 4056
1089 4054
1090 4052
1091 4054
1092 4056
1093 4056
1094 4056
1095 4057
1096 4054
1097 4057
1098 4059
1099 4054
1100 4056
1101 4056
1102 4051
1103 4055
1104 4054
1105 4054
1106 4056
1107 4057
1108 4054
1109 4053
1110 4056
1111 4056
1112 4054
1113 4054
1114 4052
1115 4055
1116 4056
1117 4054
1118 4054
1119 4056
1120 4057
1121 4056
1122 4053
1123 4056
1124 4055
1125 4053
1126 4054
1127 4052
1128 4054
1129 4054
1130 4054
1131 4054
1132 4056
1133 4053
1134 4054
1135 4056
1136 4058
1137 4055
1138 4053
1139 4056
1140 4054
1141 4057
1142 4056
1143 4052
1144 4055
1145 4052
1146 4053
1147 4054
1148 4056
1149 4056
1150 4054
1151 4056
1152 4050
1153 4056
1154 4056
1155 4054
1156 4053
1157 4052
1158 4053
1159 4054
1160 4056
1161 4053
1162 4056
1163 4053
1164 4054
1165 4051
1166 4054
1167 4053
1168 4056
1169 4053
1170 4053
1171 4052
1172 4052
1173 4052
1174 4057
1175 4056
1176 4051
1177 4054
1178 4056
1179 4055
1180 4055
1181 4054
1182 4056
1183 4052
1184 4056
1185 4054
1186 4056
1187 4054
1188 4053
1189 4052
1190 4055
1191 4054
1192 4056
1193 4053
1194 4054
1195 4055
1196 4054
1197 4050
1198 4056
1199 4053
1200 4056
1201 4058
1202 4053
1203 4055
1204 4056
1205 4054
1206 4052
1207 4056
1208 4052
1209 4051
1210 4055
1211 4053
1212 4054
1213 4053
1214 4056
1215 4052
1216 4051
1217 4049
1218 4052
1219 4054
1220 4055
1221 4056
1222 4053
1223 4051
1224 4055
1225 4054
1226 4054
1227 4054
1228 4052
1229 4056
1230 4052
1231 4057
1232 4054
1233 4054
1234 4054
1235 4054
1236 4052
1237 4054
1238 4050
1239 4054
1240 4055
1241 4052
1242 4055
1243 4056
1244 4053
1245 4058
1246 4053
1247 4052
1248 4056
1249 4054
1250 4053
1251 4056
1252 4049
1253 4053
1254 4051
1255 4053
1256 4056
1257 4054
1258 4053
1259 4053
1260 4050
1261 4056
1262 4053
1263 4052
1264 4051
1265 4052
1266 4052
1267 4054
1268 4054
1269 4056
1270 4053
1271 4053
1272 4055
1273 4054
1274 4052
1275 4052
1276 4053
1277 4051
1278 4053
1279 4056
1280 4051
1281 4053
1282 4051
1283 4050
1284 4055
1285 4052
1286 4053
1287 4053
1288 4053
1289 4051
1290 4054
1291 4052
1292 4053
1293 4052
1294 4053
1295 4052
1296 4056
1297 4055
1298 4054
1299 4053
1300 4051
1301 4056
1302 4054
1303 4052
1304 4054
1305 4054
1306 4056
1307 4054
1308 4051
1309 4056
1310 4054
1311 4055
1312 4054
1313 4053
1314 4054
1315 4056
1316 4051
1317 4056
1318 4055
1319 4054
1320 4057
1321 4056
1322 4054
1323 4056
1324 4054
1325 4054
1326 4057
1327 4054
1328 4055
1329 4053
1330 4054
1331 4057
1332 4051
1333 4055
1334 4056
1335 4054
1336 4054
1337 4054
1338 4052
1339 4056
1340 4057
1341 4054
1342 4053
1343 4056
1344 4053
1345 4054
1346 4053
1347 4051
1348 4052
1349 4054
1350 4051
1351 4057
1352 4051
1353 4053
1354 4055
1355 4054
1356 4054
1357 4054
1358 4056
1359 4054
1360 4053
1361 4055
1362 4055
1363 4051
1364 4056
1365 4056
1366 4054
1367 4055
1368 4053
1369 4056
1370 4056
1371 4053
1372 4056
1373 4056
1374 4054
1375 4053
1376 4056
1377 4052
1378 4053
1379 4051
1380 4052
1381 4054
1382 4055
1383 4056
1384 4054
1385 4054
1386 4053
1387 4052
1388 4057
1389 4054
1390 4054
1391 4054
1392 4056
1393 4053
1394 4056
1395 4054
1396 4054
1397 4056
1398 4053
1399 4053
1400 4051
1401 4057
1402 4051
1403 4054
1404 4056
1405 4056
1406 4056
1407 4055
1408 4056
1409 4053
1410 4055
1411 4057
1412 4052
1413 4054
1414 4053
1415 4056
1416 4054
1417 4054
1418 4053
1419 4054
1420 4053
1421 4054
1422 4051
1423 4054
1424 4053
1425 4054
1426 4054
1427 4052
1428 4053
1429 4054
1430 4056
1431 4056
1432 4055
1433 4056
1434 4056
1435 4052
1436 4054
1437 4053
1438 4054
1439 4056
1440 4056
1441 4053
1442 4052
1443 4054
1444 4056
1445 4056
1446 4055
1447 4055
1448 4056
1449 4054
1450 4054
1451 4057
1452 4053
1453 4056
1454 4053
1455 4056
1456 4056
1457 4051
1458 4054
1459 4056
1460 4055
1461 4058
1462 4057
1463 4055
1464 4056
1465 4056
1466 4055
1467 4056
1468 4054
1469 4057
1470 4055
1471 4051
1472 4056
1473 4054
1474 4052
1475 4052
1476 4056
1477 4055
1478 4053
1479 4056
1480 4052
1481 4056
1482 4054
1483 4059
1484 4057
1485 4055
1486 4053
1487 4054
1488 4053
1489 4056
1490 4056
1491 4052
1492 4057
1493 4052
1494 4056
1495 4055
1496 4052
1497 4054
1498 4053
1499 4053
1500 4054
1501 4059
1502 4051
1503 4054
1504 4051
1505 4056
1506 4051
1507 4054
1508 4056
1509 4052
1510 4050
1511 4055
1512 4051
1513 4052
1514 4052
1515 4055
1516 4055
1517 4054
1518 4058
1519 4056
1520 4052
1521 4056
1522 4057
1523 4056
1524 4054
1525 4054
1526 4054
1527 4056
1528 4054
1529 4051
1530 4054
1531 4058
1532 4056
1533 4056
1534 4057
1535 4054
1536 4054
1537 4054
1538 4055
1539 4056
1540 4055
1541 4056
1542 4054
1543 4053
1544 4059
1545 4054
1546 4052
1547 4058
1548 4054
1549 4055
1550 4059
1551 4056
1552 4051
1553 4057
1554 4053
1555 4056
1556 4055
1557 4055
1558 4056
1559 4055
1560 4056
1561 4056
1562 4056
1563 4056
1564 4055
1565 4055
1566 4054
1567 4054
1568 4056
1569 4055
1570 4054
1571 4057
1572 4058
1573 4055
1574 4055
1575 4056
1576 4053
1577 4056
1578 4051
1579 4055
1580 4056
1581 4058
1582 4056
1583 4055
1584 4055
1585 4057
1586 4053
1587 4052
1588 4054
1589 4056
1590 4057
1591 4054
1592 4054
1593 4055
1594 4056
1595 4051
1596 4053
1597 4054
1598 4051
1599 4056
1600 4056
1601 4059
1602 4052
1603 4057
1604 4057
1605 4050
1606 4053
1607 4055
1608 4052
1609 4051
1610 4056
1611 4056
1612 4054
1613 4052
1614 4055
1615 4054
1616 4052
1617 4054
1618 4052
1619 4054
1620 4056
1621 4054
1622 4054
1623 4056
1624 4052
1625 4056
1626 4056
1627 4053
1628 4052
1629 4054
1630 4055
1631 4054
1632 4054
1633 4054
1634 4055
1635 4051
1636 4056
1637 4054
1638 4053
1639 4057
1640 4058
1641 4055
1642 4056
1643 4056
1644 4056
1645 4053
1646 4053
1647 4054
1648 4052
1649 4054
1650 4057
1651 4060
1652 4054
1653 4054
1654 4055
1655 4059
1656 4053
1657 4053
1658 4056
1659 4053
1660 4056
1661 4054
1662 4053
1663 4056
1664 4054
1665 4056
1666 4053
1667 4054
1668 4053
1669 4053
1670 4054
1671 4051
1672 4056
1673 4056
1674 4052
1675 4054
1676 4056
1677 4056
1678 4054
1679 4057
1680 4054
1681 4056
1682 4057
1683 4054
1684 4052
1685 4049
1686 4055
1687 4056
1688 4054
1689 4054
1690 4056
1691 4054
1692 4054
1693 4057
1694 4051
1695 4054
1696 4054
1697 4057
1698 4052
1699 4056
1700 4055
1701 4058
1702 4054
1703 4055
1704 4057
1705 4054
1706 4053
1707 4056
1708 4053
1709 4056
1710 4056
1711 4056
1712 4053
1713 4054
1714 4056
1715 4053
1716 4055
1717 4052
1718 4054
1719 4055
1720 4054
1721 4058
1722 4054
1723 4057
1724 4054
1725 4053
1726 4055
1727 4056
1728 4054
1729 4054
1730 4056
1731 4055
1732 4056
1733 4053
1734 4058
1735 4053
1736 4055
1737 4053
1738 4058
1739 4056
1740 4054
1741 4054
1742 4055
1743 4058
1744 4054
1745 4056
1746 4058
1747 4054
1748 4054
1749 4053
1750 4056
1751 4058
1752 4049
1753 4057
1754 4055
1755 4054
1756 4051
1757 4054
1758 4055
1759 4053
1760 4057
1761 4056
1762 4054
1763 4056
1764 4052
1765 4053
1766 4054
1767 4055
1768 4056
1769 4056
1770 4054
1771 4058
1772 4054
1773 4053
1774 4054
1775 4057
1776 4056
1777 4054
1778 4052
1779 4056
1780 4054
1781 4057
1782 4056
1783 4054
1784 4053
1785 4055
1786 4056
1787 4056
1788 4056
1789 4054
1790 4053
1791 4053
1792 4054
1793 4055
1794 4056
1795 4055
1796 4056
1797 4055
1798 4053
1799 4054
1800 4054
1801 4058
1802 4051
1803 4055
1804 4053
1805 4054
1806 4057
1807 4053
1808 4053
1809 4056
1810 4056
1811 4056
1812 4056
1813 4055
1814 4054
1815 4055
1816 4053
1817 4056
1818 4056
1819 4054
1820 4053
1821 4056
1822 4056
1823 4051
1824 4051
1825 4057
1826 4055
1827 4056
1828 4054
1829 4056
1830 4057
1831 4052
1832 4057
1833 4056
1834 4054
1835 4056
1836 4053
1837 4055
1838 4053
1839 4056
1840 4055
1841 4053
1842 4053
1843 4055
1844 4057
1845 4054
1846 4055
1847 4053
1848 4053
1849 4056
1850 4054
1851 4057
1852 4053
1853 4057
1854 4051
1855 4054
1856 4053
1857 4054
1858 4056
1859 4056
1860 4055
1861 4055
1862 4054
1863 4053
1864 4053
1865 4056
1866 4056
1867 4054
1868 4053
1869 4051
1870 4054
1871 4056
1872 4056
1873 4054
1874 4054
1875 4058
1876 4051
1877 4056
1878 4053
1879 4055
1880 4052
1881 4059
1882 4054
1883 4056
1884 4054
1885 4053
1886 4054
1887 4054
1888 4053
1889 4054
1890 4056
1891 4054
1892 4057
1893 4054
1894 4056
1895 4052
1896 4056
1897 4052
1898 4053
1899 4053
1900 4056
1901 4057
1902 4055
1903 4055
1904 4053
1905 4056
1906 4055
1907 4053
1908 4054
1909 4052
1910 4054
1911 4053
1912 4056
1913 4056
1914 4055
1915 4054
1916 4051
1917 4051
1918 4058
1919 4056
1920 4052
1921 4056
1922 4054
1923 4056
1924 4056
1925 4054
1926 4053
1927 4053
1928 4056
1929 4056
1930 4053
1931 4054
1932 4052
1933 4052
1934 4055
1935 4053
1936 4052
1937 4056
1938 4053
1939 4056
1940 4056
1941 4054
1942 4054
1943 4056
1944 4054
1945 4058
1946 4054
1947 4052
1948 4054
1949 4057
1950 4054
1951 4058
1952 4053
1953 4056
1954 4051
1955 4057
1956 4054
1957 4054
1958 4057
1959 4055
1960 4054
1961 4052
1962 4056
1963 4054
1964 4052
1965 4057
1966 4053
1967 4054
1968 4056
1969 4058
1970 4053
1971 4053
1972 4053
1973 4056
1974 4051
1975 4053
1976 4054
1977 4056
1978 4055
1979 4052
1980 4054
1981 4054
1982 4054
1983 4058
1984 4056
1985 4056
1986 4052
1987 4058
1988 4053
1989 4052
1990 4054
1991 4053
1992 4056
1993 4054
1994 4054
1995 4056
1996 4055
1997 4055
1998 4055
1999 4054
2000 4054
2001 4057
2002 4053
2003 4057
2004 4052
2005 4056
2006 4057
2007 4055
2008 4055
2009 4056
2010 4054
2011 4056
2012 4056
2013 4051
2014 4051
2015 4058
2016 4053
2017 4054
2018 4054
2019 4055
2020 4053
2021 4056
2022 4054
2023 4058
2024 4056
2025 4056
2026 4056
2027 4052
2028 4056
2029 4057
2030 4054
2031 4055
2032 4056
2033 4055
2034 4056
2035 4053
2036 4053
2037 4054
2038 4056
2039 4056
2040 4053
2041 4055
2042 4056
2043 4056
2044 4059
2045 4054
2046 4053
2047 4056
2048 4056
2049 4056
2050 4051
2051 4057
2052 4053
2053 4055
2054 4054
2055 4054
2056 4055
2057 4053
2058 4054
2059 4054
2060 4056
2061 4058
2062 4054
2063 4056
2064 4053
2065 4054
2066 4058
2067 4056
2068 4056
2069 4054
2070 4052
2071 4055
2072 4053
2073 4054
2074 4054
2075 4054
2076 4053
2077 4056
2078 4056
2079 4056
2080 4056
2081 4054
2082 4056
2083 4056
2084 4053
2085 4055
2086 4059
2087 4056
2088 4057
2089 4056
2090 4058
2091 4054
2092 4051
2093 4053
2094 4055
2095 4057
2096 4056
2097 4054
2098 4051
2099 4056
2100 4057
2101 4057
2102 4051
2103 4058
2104 4054
2105 4056
2106 4055
2107 4057
2108 4056
2109 4056
2110 4053
2111 4054
2112 4054
2113 4054
2114 4052
2115 4054
2116 4058
2117 4056
2118 4056
2119 4054
2120 4054
2121 4055
2122 4054
2123 4055
2124 4054
2125 4056
2126 4055
2127 4053
2128 4053
2129 4056
2130 4056
2131 4057
2132 4056
2133 4056
2134 4053
2135 4055
2136 4051
2137 4054
2138 4054
2139 4054
2140 4058
2141 4055
2142 4054
2143 4057
2144 4054
2145 4054
2146 4053
2147 4056
2148 4057
2149 4054
2150 4051
2151 4060
2152 4053
2153 4058
2154 4055
2155 4056
2156 4055
2157 4056
2158 4053
2159 4055
2160 4056
2161 4051
2162 4053
2163 4055
2164 4056
2165 4053
2166 4056
2167 4053
2168 4056
2169 4054
2170 4056
2171 4054
2172 4058
2173 4056
2174 4056
2175 4056
2176 4054
2177 4055
2178 4056
2179 4053
2180 4055
2181 4054
2182 4056
2183 4054
2184 4057
2185 4056
2186 4056
2187 4056
2188 4053
2189 4058
2190 4054
2191 4056
2192 4053
2193 4054
2194 4054
2195 4056
2196 4054
2197 4054
2198 4054
2199 4056
2200 4054
2201 4055
2202 4055
2203 4055
2204 4054
2205 4055
2206 4053
2207 4054
2208 4053
2209 4055
2210 4056
2211 4055
2212 4052
2213 4052
2214 4056
2215 4054
2216 4054
2217 4054
2218 4054
2219 4052
2220 4051
2221 4053
2222 4053
2223 4057
2224 4056
2225 4054
2226 4055
2227 4052
2228 4054
2229 4052
2230 4055
2231 4056
2232 4056
2233 4054
2234 4055
2235 4056
2236 4056
2237 4054
2238 4055
2239 4051
2240 4058
2241 4054
2242 4053
2243 4055
2244 4054
2245 4054
2246 4053
2247 4056
2248 4052
2249 4054
2250 4053
2251 4059
2252 4052
2253 4054
2254 4057
2255 4056
2256 4055
2257 4056
2258 4052
2259 4055
2260 4054
2261 4053
2262 4052
2263 4053
2264 4056
2265 4057
2266 4055
2267 4053
2268 4052
2269 4055
2270 4054
2271 4056
2272 4056
2273 4057
2274 4055
2275 4056
2276 4056
2277 4052
2278 4055
2279 4054
2280 4049
2281 4054
2282 4057
2283 4055
2284 4057
2285 4055
2286 4056
2287 4056
2288 4054
2289 4055
2290 4050
2291 4056
2292 4056
2293 4055
2294 4055
2295 4053
2296 4052
2297 4054
2298 4055
2299 4054
2300 4056
2301 4056
2302 4051
2303 4056
2304 4051
2305 4054
2306 4054
2307 4056
2308 4055
2309 4055
2310 4054
2311 4054
2312 4056
2313 4056
2314 4052
2315 4056
2316 4055
2317 4056
2318 4053
2319 4054
2320 4056
2321 4052
2322 4056
2323 4056
2324 4056
2325 4056
2326 4054
2327 4054
2328 4053
2329 4053
2330 4052
2331 4052
2332 4053
2333 4054
2334 4055
2335 4055
2336 4054
2337 4056
2338 4058
2339 4053
2340 4053
2341 4054
2342 4056
2343 4053
2344 4053
2345 4055
2346 4054
2347 4051
2348 4056
2349 4057
2350 4052
2351 4056
2352 4056
2353 4056
2354 4054
2355 4054
2356 4053
2357 4053
2358 4056
2359 4056
2360 4055
2361 4054
2362 4055
2363 4054
2364 4056
2365 4057
2366 4054
2367 4054
2368 4053
2369 4054
2370 4057
2371 4056
2372 4054
2373 4053
2374 4053
2375 4056
2376 4051
2377 4057
2378 4056
2379 4054
2380 4056
2381 4056
2382 4054
2383 4055
2384 4054
2385 4052
2386 4053
2387 4058
2388 4053
2389 4055
2390 4057
2391 4054
2392 4055
2393 4055
2394 4054
2395 4056
2396 4053
2397 4054
2398 4056
2399 4054
2400 4054
2401 4059
2402 4053
2403 4052
2404 4054
2405 4056
2406 4053
2407 4056
2408 4057
2409 4054
2410 4055
2411 4055
2412 4054
2413 4054
2414 4055
2415 4056
2416 4052
2417 4054
2418 4053
2419 4057
2420 4052
2421 4056
2422 4056
2423 4056
2424 4050
2425 4057
2426 4056
2427 4054
2428 4055
2429 4056
2430 4054
2431 4054
2432 4056
2433 4057
2434 4056
2435 4054
2436 4054
2437 4056
2438 4053
2439 4054
2440 4056
2441 4053
2442 4052
2443 4057
2444 4051
2445 4056
2446 4056
2447 4053
2448 4054
2449 4054
2450 4055
2451 4056
2452 4052
2453 4053
2454 4054
2455 4054
2456 4055
2457 4053
2458 4058
2459 4053
2460 4053
2461 4053
2462 4055
2463 4053
2464 4055
2465 4054
2466 4054
2467 4055
2468 4055
2469 4056
2470 4051
2471 4057
2472 4056
2473 4054
2474 4056
2475 4058
2476 4054
2477 4053
2478 4054
2479 4056
2480 4057
2481 4057
2482 4051
2483 4054
2484 4054
2485 4053
2486 4053
2487 4053
2488 4057
2489 4054
2490 4056
2491 4052
2492 4055
2493 4056
2494 4051
2495 4055
2496 4056
2497 4055
2498 4053
2499 4057
2500 4056
2501 4059
2502 4051
2503 4054
2504 4053
2505 4054
2506 4056
2507 4053
2508 4053
2509 4058
2510 4055
2511 4054
2512 4054
2513 4057
2514 4054
2515 4056
2516 4053
2517 4054
2518 4053
2519 4052
2520 4054
2521 4053
2522 4054
2523 4056
2524 4053
2525 4054
2526 4057
2527 4054
2528 4056
2529 4052
2530 4052
2531 4056
2532 4055
2533 4055
2534 4056
2535 4056
2536 4055
2537 4053
2538 4056
2539 4056
2540 4053
2541 4052
2542 4055
2543 4054
2544 4052
2545 4056
2546 4054
2547 4054
2548 4053
2549 4056
2550 4056
2551 4054
2552 4052
2553 4056
2554 4054
2555 4051
2556 4048
2557 4054
2558 4057
2559 4056
2560 4053
2561 4054
2562 4051
2563 4054
2564 4052
2565 4056
2566 4054
2567 4055
2568 4056
2569 4053
2570 4056
2571 4054
2572 4056
2573 4053
2574 4056
2575 4056
2576 4055
2577 4050
2578 4054
2579 4054
2580 4054
2581 4054
2582 4056
2583 4054
2584 4054
2585 4054
2586 4056
2587 4053
2588 4054
2589 4053
2590 4054
2591 4053
2592 4054
2593 4055
2594 4051
2595 4054
2596 4054
2597 4055
2598 4050
2599 4056
2600 4055
2601 4056
2602 4050
2603 4053
2604 4054
2605 4056
2606 4053
2607 4053
2608 4053
2609 4058
2610 4053
2611 4058
2612 4052
2613 4053
2614 4057
2615 4052
2616 4054
2617 4056
2618 4053
2619 4053
2620 4050
2621 4051
2622 4054
2623 4056
2624 4051
2625 4055
2626 4053
2627 4054
2628 4053
2629 4055
2630 4053
2631 4055
2632 4053
2633 4054
2634 4055
2635 4056
2636 4054
2637 4055
2638 4054
2639 4054
2640 4055
2641 4056
2642 4056
2643 4055
2644 4054
2645 4051
2646 4056
2647 4054
2648 4054
2649 4056
2650 4051
2651 4059
2652 4052
2653 4056
2654 4057
2655 4056
2656 4050
2657 4056
2658 4053
2659 4058
2660 4053
2661 4057
2662 4055
2663 4056
2664 4057
2665 4056
2666 4053
2667 4053
2668 4054
2669 4054
2670 4053
2671 4054
2672 4054
2673 4057
2674 4055
2675 4056
2676 4054
2677 4053
2678 4056
2679 4052
2680 4053
2681 4056
2682 4056
2683 4054
2684 4050
2685 4054
2686 4055
2687 4053
2688 4053
2689 4056
2690 4056
2691 4055
2692 4051
2693 4053
2694 4055
2695 4054
2696 4058
2697 4054
2698 4056
2699 4058
2700 4051
2701 4060
2702 4054
2703 4054
2704 4053
2705 4057
2706 4054
2707 4058
2708 4058
2709 4056
2710 4054
2711 4051
2712 4053
2713 4056
2714 4054
2715 4057
2716 4054
2717 4050
2718 4051
2719 4053
2720 4056
2721 4056
2722 4057
2723 4057
2724 4054
2725 4052
2726 4051
2727 4054
2728 4053
2729 4053
2730 4053
2731 4055
2732 4052
2733 4052
2734 4052
2735 4055
2736 4053
2737 4048
2738 4054
2739 4053
2740 4055
2741 4053
2742 4052
2743 4054
2744 4056
2745 4056
2746 4054
2747 4053
2748 4053
2749 4051
2750 4051
2751 4059
2752 4049
2753 4054
2754 4050
2755 4058
2756 4054
2757 4057
2758 4054
2759 4056
2760 4053
2761 4056
2762 4051
2763 4054
2764 4055
2765 4054
2766 4053
2767 4054
2768 4053
2769 4056
2770 4056
2771 4056
2772 4056
2773 4054
2774 4055
2775 4053
2776 4057
2777 4051
2778 4055
2779 4054
2780 4056
2781 4056
2782 4056
2783 4059
2784 4054
2785 4052
2786 4058
2787 4054
2788 4054
2789 4054
2790 4056
2791 4056
2792 4054
2793 4055
2794 4055
2795 4054
2796 4056
2797 4055
2798 4055
2799 4051
2800 4056
2801 4054
2802 4051
2803 4054
2804 4050
2805 4047
2806 4044
2807 4037
2808 4043
2809 4040
2810 4038
2811 4038
2812 4036
2813 4033
2814 4035
2815 4030
2816 4028
2817 4029
2818 4020
2819 4029
2820 4027
2821 4025
2822 4025
2823 4018
2824 4022
2825 4024
2826 4022
2827 4019
2828 4025
2829 4022
2830 4023
2831 4021
2832 4025
2833 4024
2834 4023
2835 4025
2836 4029
2837 4026
2838 4033
2839 4034
2840 4033
2841 4034
2842 4036
2843 4034
2844 4040
2845 4041
2846 4043
2847 4042
2848 4045
2849 4046
2850 4042
2851 4051
2852 4046
2853 4047
2854 4048
2855 4050
2856 4052
2857 4051
2858 4052
2859 4052
2860 4053
2861 4052
2862 4055
2863 4054
2864 4054
2865 4057
2866 4054
2867 4053
2868 4054
2869 4056
2870 4051
2871 4053
2872 4052
2873 4056
2874 4053
2875 4055
2876 4055
2877 4056
2878 4056
2879 4056
2880 4053
2881 4056
2882 4056
2883 4056
2884 4052
2885 4057
2886 4056
2887 4053
2888 4056
2889 4053
2890 4054
2891 4057
2892 4054
2893 4055
2894 4054
2895 4054
2896 4056
2897 4054
2898 4057
2899 4057
2900 4052
2901 4060
2902 4052
2903 4054
2904 4053
2905 4056
2906 4056
2907 4055
2908 4054
2909 4054
2910 4054
2911 4056
2912 4055
2913 4057
2914 4056
2915 4054
2916 4052
2917 4054
2918 4053
2919 4053
2920 4054
2921 4056
2922 4056
2923 4056
2924 4054
2925 4055
2926 4056
2927 4056
2928 4052
2929 4056
2930 4055
2931 4057
2932 4057
2933 4055
2934 4055
2935 4052
2936 4056
2937 4054
2938 4052
2939 4056
2940 4055
2941 4052
2942 4055
2943 4054
2944 4055
2945 4056
2946 4054
2947 4056
2948 4056
2949 4053
2950 4055
2951 4059
2952 4052
2953 4058
2954 4057
2955 4056
2956 4052
2957 4053
2958 4053
2959 4056
2960 4056
2961 4051
2962 4053
2963 4054
2964 4054
2965 4057
2966 4054
2967 4053
2968 4054
2969 4054
2970 4055
2971 4054
2972 4054
2973 4054
2974 4057
2975 4056
2976 4053
2977 4054
2978 4054
2979 4055
2980 4054
2981 4055
2982 4057
2983 4054
2984 4053
2985 4054
2986 4054
2987 4055
2988 4056
2989 4055
2990 4056
2991 4056
2992 4053
2993 4053
2994 4056
2995 4051
2996 4055
2997 4053
2998 4053
2999 4056
3000 4054
3001 4061
3002 4053
3003 4057
3004 4053
3005 4053
3006 4055
3007 4053
3008 4053
3009 4058
3010 4054
3011 4055
3012 4054
3013 4053
3014 4056
3015 4057
3016 4052
3017 4056
3018 4054
3019 4051
3020 4056
3021 4054
3022 4055
3023 4051
3024 4053
3025 4052
3026 4056
3027 4055
3028 4057
3029 4054
3030 4054
3031 4054
3032 4057
3033 4051
3034 4056
3035 4053
3036 4055
3037 4057
3038 4056
3039 4054
3040 4054
3041 4054
3042 4057
3043 4054
3044 4053
3045 4057
3046 4054
3047 4056
3048 4056
3049 4057
3050 4053
3051 4060
3052 4051
3053 4055
3054 4056
3055 4057
3056 4056
3057 4054
3058 4052
3059 4055
3060 4056
3061 4054
3062 4053
3063 4056
3064 4053
3065 4056
3066 4054
3067 4054
3068 4056
3069 4054
3070 4056
3071 4054
3072 4057
3073 4056
3074 4054
3075 4053
3076 4057
3077 4052
3078 4055
3079 4056
3080 4056
3081 4058
3082 4052
3083 4053
3084 4054
3085 4055
3086 4057
3087 4055
3088 4052
3089 4054
3090 4056
3091 4052
3092 4057
3093 4056
3094 4056
3095 4056
3096 4054
3097 4057
3098 4052
3099 4056
3100 4052
3101 4054
3102 4050
3103 4052
3104 4053
3105 4052
3106 4055
3107 4053
3108 4055
3109 4054
3110 4054
3111 4054
3112 4055
3113 4055
3114 4052
3115 4054
3116 4054
3117 4055
3118 4058
3119 4054
3120 4056
3121 4057
3122 4053
3123 4052
3124 4053
3125 4057
3126 4056
3127 4056
3128 4052
3129 4054
3130 4052
3131 4052
3132 4052
3133 4051
3134 4054
3135 4056
3136 4056
3137 4054
3138 4051
3139 4054
3140 4055
3141 4050
3142 4056
3143 4058
3144 4057
3145 4056
3146 4054
3147 4054
3148 4055
3149 4056
3150 4056
3151 4057
3152 4052
3153 4053
3154 4056
3155 4056
3156 4056
3157 4056
3158 4053
3159 4050
3160 4053
3161 4054
3162 4052
3163 4054
3164 4054
3165 4053
3166 4055
3167 4055
3168 4051
3169 4056
3170 4052
3171 4053
3172 4054
3173 4053
3174 4056
3175 4052
3176 4054
3177 4052
3178 4055
3179 4051
3180 4054
3181 4056
3182 4056
3183 4053
3184 4054
3185 4054
3186 4054
3187 4054
3188 4053
3189 4051
3190 4053
3191 4053
3192 4057
3193 4055
3194 4053
3195 4056
3196 4053
3197 4056
3198 4053
3199 4050
3200 4053
3201 4056
3202 4051
3203 4052
3204 4057
3205 4051
3206 4056
3207 4056
3208 4053
3209 4057
3210 4052
3211 4053
3212 4054
3213 4055
3214 4056
3215 4056
3216 4053
3217 4056
3218 4054
3219 4054
3220 4054
3221 4056
3222 4053
3223 4053
3224 4056
3225 4056
3226 4053
3227 4053
3228 4056
3229 4055
3230 4055
3231 4054
3232 4053
3233 4058
3234 4056
3235 4054
3236 4056
3237 4054
3238 4053
3239 4053
3240 4056
3241 4052
3242 4054
3243 4054
3244 4056
3245 4056
3246 4052
3247 4055
3248 4055
3249 4053
3250 4054
3251 4057
3252 4051
3253 4055
3254 4053
3255 4057
3256 4053
3257 4055
3258 4057
3259 4053
3260 4054
3261 4053
3262 4054
3263 4051
3264 4051
3265 4055
3266 4051
3267 4057
3268 4054
3269 4056
3270 4054
3271 4054
3272 4054
3273 4056
3274 4054
3275 4053
3276 4053
3277 4055
3278 4056
3279 4053
3280 4054
3281 4056
3282 4053
3283 4052
3284 4056
3285 4056
3286 4056
3287 4055
3288 4056
3289 4056
3290 4057
3291 4054
3292 4054
3293 4053
3294 4055
3295 4052
3296 4055
3297 4055
3298 4052
3299 4051
3300 4057
3301 4059
3302 4053
3303 4052
3304 4051
3305 4056
3306 4054
3307 4054
3308 4054
3309 4053
3310 4056
3311 4053
3312 4056
3313 4056
3314 4058
3315 4056
3316 4054
3317 4056
3318 4057
3319 4056
3320 4056
3321 4054
3322 4052
3323 4052
3324 4056
3325 4056
3326 4053
3327 4053
3328 4053
3329 4053
3330 4056
3331 4056
3332 4052
3333 4057
3334 4052
3335 4058
3336 4053
3337 4054
3338 4056
3339 4053
3340 4056
3341 4053
3342 4056
3343 4053
3344 4053
3345 4055
3346 4056
3347 4055
3348 4053
3349 4053
3350 4054
3351 4054
3352 4054
3353 4057
3354 4053
3355 4054
3356 4054
3357 4056
3358 4051
3359 4056
3360 4055
3361 4053
3362 4052
3363 4057
3364 4054
3365 4054
3366 4056
3367 4056
3368 4053
3369 4053
3370 4054
3371 4054
3372 4056
3373 4056
3374 4054
3375 4054
3376 4054
3377 4058
3378 4056
3379 4052
3380 4057
3381 4056
3382 4054
3383 4056
3384 4056
3385 4052
3386 4054
3387 4052
3388 4058
3389 4052
3390 4054
3391 4055
3392 4054
3393 4056
3394 4056
3395 4054
3396 4054
3397 4053
3398 4053
3399 4057
3400 4053
3401 4058
3402 4050
3403 4056
3404 4052
3405 4056
3406 4057
3407 4051
3408 4053
3409 4053
3410 4053
3411 4056
3412 4052
3413 4056
3414 4052
3415 4054
3416 4051
3417 4054
3418 4053
3419 4053
3420 4057
3421 4056
3422 4055
3423 4055
3424 4051
3425 4058
3426 4056
3427 4056
3428 4056
3429 4054
3430 4056
3431 4053
3432 4054
3433 4053
3434 4052
3435 4056
3436 4053
3437 4052
3438 4051
3439 4056
3440 4055
3441 4054
3442 4052
3443 4058
3444 4054
3445 4053
3446 4052
3447 4054
3448 4051
3449 4054
3450 4055
3451 4059
3452 4053
3453 4057
3454 4055
3455 4054
3456 4055
3457 4051
3458 4053
3459 4055
3460 4055
3461 4055
3462 4055
3463 4056
3464 4056
3465 4053
3466 4054
3467 4055
3468 4052
3469 4056
3470 4059
3471 4055
3472 4056
3473 4054
3474 4054
3475 4053
3476 4052
3477 4054
3478 4054
3479 4053
3480 4054
3481 4054
3482 4056
3483 4055
3484 4052
3485 4054
3486 4055
3487 4053
3488 4055
3489 4056
3490 4054
3491 4053
3492 4052
3493 4054
3494 4052
3495 4053
3496 4053
3497 4055
3498 4058
3499 4057
3500 4051
3501 4055
3502 4051
3503 4058
3504 4053
3505 4052
3506 4053
3507 4056
3508 4052
3509 4054
3510 4053
3511 4054
3512 4054
3513 4054
3514 4053
3515 4056
3516 4053
3517 4055
3518 4051
3519 4054
3520 4055
3521 4054
3522 4052
3523 4053
3524 4053
3525 4058
3526 4056
3527 4053
3528 4055
3529 4054
3530 4055
3531 4056
3532 4054
3533 4056
3534 4059
3535 4054
3536 4056
3537 4054
3538 4057
3539 4056
3540 4055
3541 4052
3542 4054
3543 4059
3544 4051
3545 4057
3546 4055
3547 4057
3548 4056
3549 4056
3550 4054
3551 4058
3552 4051
3553 4057
3554 4051
3555 4053
3556 4057
3557 4053
3558 4053
3559 4052
3560 4056
3561 4053
3562 4052
3563 4052
3564 4056
3565 4053
3566 4054
3567 4056
3568 4053
3569 4054
3570 4054
3571 4056
3572 4057
3573 4054
3574 4056
3575 4057
3576 4054
3577 4055
3578 4048
3579 4055
3580 4056
3581 4054
3582 4053
3583 4055
3584 4053
3585 4053
3586 4055
3587 4052
3588 4051
3589 4057
3590 4052
3591 4054
3592 4050
3593 4055
3594 4053
3595 4056
3596 4056
3597 4055
3598 4056
3599 4054
3600 4052
3601 4054
3602 4051
3603 4053
3604 4051
3605 4056
3606 4053
3607 4054
3608 4056
3609 4056
3610 4055
3611 4054
3612 4056
3613 4053
3614 4054
3615 4054
3616 4055
3617 4054
3618 4055
3619 4054
3620 4053
3621 4054
3622 4053
3623 4055
3624 4054
3625 4056
3626 4051
3627 4052
3628 4054
3629 4052
3630 4052
3631 4054
3632 4057
3633 4052
3634 4056
3635 4054
3636 4053
3637 4056
3638 4053
3639 4055
3640 4055
3641 4057
3642 4054
3643 4055
3644 4058
3645 4054
3646 4056
3647 4054
3648 4051
3649 4053
3650 4056
3651 4057
3652 4049
3653 4056
3654 4051
3655 4054
3656 4056
3657 4055
3658 4054
3659 4056
3660 4055
3661 4053
3662 4054
3663 4053
3664 4054
3665 4054
3666 4054
3667 4051
3668 4056
3669 4052
3670 4054
3671 4058
3672 4053
3673 4053
3674 4055
3675 4054
3676 4052
3677 4055
3678 4052
3679 4055
3680 4054
3681 4054
3682 4054
3683 4054
3684 4054
3685 4057
3686 4056
3687 4057
3688 4054
3689 4054
3690 4054
3691 4054
3692 4053
3693 4056
3694 4052
