#Data from the TCD1304 linear CCD
#column 1 = pixelnumber , column 2 = pixelvalue
#Pixel 1-32 and 3679-3694 and are dummy pixels
#SH-period: 200    ICG-period: 100000    Integration time: 100.0 us
2 4046
3 4047
4 4069
5 4063
6 4063
7 4062
8 4063
9 4063
10 4063
11 4062
12 4062
13 4063
14 4063
15 4066
16 4063
17 4062
18 4065
19 4063
20 4062
21 4062
22 4061
23 4063
24 4062
25 4062
26 4062
27 4063
28 4063
29 4065
30 4062
31 4062
32 4062
34 4066
35 4062
36 4062
37 4063
38 4062
39 4062
40 4063
41 4063
42 4063
43 4062
44 4061
45 4063
46 4062
47 4060
48 4061
49 4061
50 4060
51 4066
52 4060
53 4062
54 4063
55 4063
56 4063
57 4063
58 4062
59 4066
60 4060
61 4060
62 4063
63 4062
64 4062
65 4063
66 4063
67 4063
68 4060
69 4062
70 4063
71 4063
72 4060
73 4062
74 4063
75 4058
76 4063
77 4062
78 4062
79 4062
80 4062
81 4060
82 4063
83 4063
84 4061
85 4063
86 4063
87 4062
88 4062
89 4063
90 4063
91 4060
92 4063
93 4063
94 4063
95 4063
96 4062
97 4060
98 4063
99 4063
100 4063
101 4062
102 4061
103 4063
104 4062
105 4063
106 4063
107 4060
108 4062
109 4063
110 4062
111 4063
112 4060
113 4063
114 4060
115 4063
116 4063
117 4063
118 4062
119 4063
120 4060
121 4063
122 4063
123 4061
124 4062
125 4063
126 4062
127 4066
128 4063
129 4066
130 4062
131 4062
132 4062
133 4062
134 4063
135 4063
136 4063
137 4063
138 4062
139 4063
140 4062
141 4062
142 4063
143 4063
144 4060
145 4062
146 4063
147 4062
148 4062
149 4062
150 4061
151 4066
152 4062
153 4062
154 4063
155 4062
156 4063
157 4063
158 4063
159 4060
160 4063
161 4062
162 4061
163 4063
164 4061
165 4062
166 4062
167 4063
168 4062
169 4062
170 4062
171 4063
172 4062
173 4063
174 4060
175 4062
176 4062
177 4062
178 4060
179 4063
180 4062
181 4062
182 4062
183 4062
184 4062
185 4062
186 4063
187 4063
188 4061
189 4062
190 4063
191 4062
192 4062
193 4063
194 4063
195 4063
196 4063
197 4062
198 4063
199 4066
200 4063
201 4063
202 4057
203 4060
204 4063
205 4062
206 4063
207 4063
208 4062
209 4063
210 4062
211 4063
212 4063
213 4063
214 4062
215 4061
216 4062
217 4060
218 4061
219 4062
220 4063
221 4063
222 4059
223 4060
224 4063
225 4063
226 4063
227 4063
228 4062
229 4062
230 4063
231 4063
232 4062
233 4062
234 4062
235 4061
236 4061
237 4062
238 4063
239 4060
240 4060
241 4063
242 4062
243 4063
244 4060
245 4063
246 4061
247 4061
248 4062
249 4061
250 4063
251 4063
252 4058
253 4062
254 4066
255 4063
256 4062
257 4060
258 4061
259 4061
260 4063
261 4063
262 4063
263 4061
264 4062
265 4063
266 4063
267 4062
268 4061
269 4060
270 4063
271 4066
272 4061
273 4062
274 4061
275 4066
276 4063
277 4063
278 4066
279 4063
280 4063
281 4062
282 4062
283 4060
284 4062
285 4060
286 4060
287 4063
288 4062
289 4060
290 4063
291 4063
292 4066
293 4061
294 4066
295 4062
296 4061
297 4061
298 4063
299 4063
300 4062
301 4067
302 4063
303 4060
304 4061
305 4062
306 4062
307 4060
308 4062
309 4061
310 4062
311 4062
312 4065
313 4059
314 4061
315 4062
316 4062
317 4063
318 4060
319 4063
320 4063
321 4063
322 4063
323 4062
324 4062
325 4063
326 4060
327 4063
328 4063
329 4062
330 4063
331 4061
332 4063
333 4066
334 4062
335 4062
336 4063
337 4066
338 4063
339 4063
340 4063
341 4063
342 4063
343 4061
344 4062
345 4063
346 4063
347 4062
348 4060
349 4066
350 4063
351 4063
352 4062
353 4062
354 4060
355 4062
356 4063
357 4062
358 4062
359 4062
360 4063
361 4062
362 4062
363 4062
364 4063
365 4063
366 4063
367 4061
368 4062
369 4060
370 4062
371 4063
372 4061
373 4063
374 4060
375 4060
376 4062
377 4063
378 4060
379 4061
380 4060
381 4062
382 4062
383 4063
384 4060
385 4066
386 4063
387 4062
388 4060
389 4062
390 4063
391 4060
392 4067
393 4063
394 4062
395 4063
396 4060
397 4062
398 4063
399 4063
400 4063
401 4062
402 4059
403 4061
404 4063
405 4062
406 4061
407 4063
408 4061
409 4063
410 4062
411 4062
412 4059
413 4062
414 4062
415 4062
416 4063
417 4063
418 4063
419 4063
420 4063
421 4062
422 4063
423 4063
424 4066
425 4063
426 4060
427 4063
428 4062
429 4061
430 4063
431 4060
432 4063
433 4063
434 4062
435 4063
436 4062
437 4066
438 4063
439 4062
440 4063
441 4062
442 4062
443 4063
444 4060
445 4063
446 4062
447 4062
448 4062
449 4062
450 4060
451 4063
452 4059
453 4062
454 4062
455 4063
456 4063
457 4063
458 4062
459 4062
460 4066
461 4063
462 4061
463 4063
464 4062
465 4063
466 4062
467 4062
468 4065
469 4062
470 4060
471 4062
472 4063
473 4063
474 4062
475 4062
476 4060
477 4063
478 4062
479 4062
480 4063
481 4063
482 4063
483 4063
484 4061
485 4062
486 4063
487 4062
488 4063
489 4062
490 4061
491 4062
492 4062
493 4063
494 4063
495 4062
496 4062
497 4062
498 4062
499 4062
500 4058
501 4066
502 4060
503 4062
504 4062
505 4063
506 4065
507 4062
508 4063
509 4062
510 4062
511 4062
512 4062
513 4060
514 4063
515 4063
516 4060
517 4063
518 4062
519 4063
520 4062
521 4063
522 4063
523 4063
524 4062
525 4060
526 4062
527 4062
528 4060
529 4062
530 4063
531 4063
532 4063
533 4061
534 4062
535 4060
536 4062
537 4063
538 4062
539 4063
540 4063
541 4063
542 4063
543 4061
544 4062
545 4063
546 4062
547 4062
548 4063
549 4062
550 4062
551 4063
552 4060
553 4062
554 4063
555 4063
556 4063
557 4062
558 4060
559 4063
560 4066
561 4062
562 4060
563 4066
564 4066
565 4063
566 4063
567 4062
568 4063
569 4063
570 4060
571 4063
572 4063
573 4063
574 4062
575 4061
576 4063
577 4063
578 4062
579 4062
580 4062
581 4063
582 4062
583 4063
584 4063
585 4062
586 4063
587 4063
588 4061
589 4062
590 4062
591 4063
592 4063
593 4063
594 4063
595 4060
596 4062
597 4060
598 4061
599 4063
600 4060
601 4066
602 4060
603 4062
604 4062
605 4063
606 4062
607 4062
608 4063
609 4060
610 4061
611 4066
612 4062
613 4062
614 4063
615 4062
616 4068
617 4062
618 4062
619 4066
620 4062
621 4062
622 4062
623 4066
624 4062
625 4061
626 4060
627 4062
628 4063
629 4063
630 4063
631 4063
632 4062
633 4063
634 4062
635 4063
636 4063
637 4059
638 4063
639 4061
640 4061
641 4062
642 4062
643 4063
644 4062
645 4062
646 4063
647 4063
648 4062
649 4062
650 4066
651 4066
652 4059
653 4063
654 4062
655 4063
656 4063
657 4061
658 4063
659 4062
660 4063
661 4058
662 4063
663 4063
664 4063
665 4066
666 4061
667 4063
668 4061
669 4060
670 4063
671 4063
672 4062
673 4062
674 4061
675 4061
676 4063
677 4062
678 4063
679 4061
680 4062
681 4063
682 4062
683 4062
684 4063
685 4062
686 4060
687 4063
688 4063
689 4062
690 4066
691 4063
692 4063
693 4062
694 4062
695 4063
696 4066
697 4062
698 4065
699 4062
700 4062
701 4062
702 4062
703 4062
704 4060
705 4062
706 4062
707 4063
708 4064
709 4062
710 4062
711 4063
712 4063
713 4062
714 4062
715 4063
716 4062
717 4060
718 4066
719 4062
720 4063
721 4062
722 4062
723 4062
724 4062
725 4063
726 4062
727 4061
728 4062
729 4063
730 4062
731 4067
732 4063
733 4063
734 4063
735 4060
736 4062
737 4062
738 4063
739 4062
740 4062
741 4063
742 4063
743 4063
744 4062
745 4060
746 4063
747 4062
748 4060
749 4062
750 4063
751 4063
752 4058
753 4063
754 4062
755 4063
756 4062
757 4062
758 4062
759 4063
760 4062
761 4063
762 4065
763 4063
764 4062
765 4062
766 4060
767 4063
768 4060
769 4062
770 4062
771 4062
772 4062
773 4062
774 4063
775 4062
776 4063
777 4063
778 4062
779 4060
780 4063
781 4063
782 4062
783 4061
784 4063
785 4060
786 4062
787 4062
788 4060
789 4063
790 4061
791 4063
792 4062
793 4063
794 4062
795 4063
796 4063
797 4063
798 4063
799 4063
800 4063
801 4063
802 4060
803 4063
804 4061
805 4063
806 4062
807 4062
808 4062
809 4062
810 4063
811 4061
812 4062
813 4063
814 4062
815 4062
816 4060
817 4063
818 4063
819 4062
820 4063
821 4060
822 4060
823 4063
824 4063
825 4065
826 4062
827 4062
828 4062
829 4063
830 4063
831 4063
832 4063
833 4062
834 4066
835 4063
836 4063
837 4063
838 4059
839 4063
840 4063
841 4063
842 4062
843 4063
844 4063
845 4063
846 4063
847 4062
848 4063
849 4062
850 4063
851 4063
852 4056
853 4063
854 4062
855 4061
856 4060
857 4062
858 4063
859 4062
860 4061
861 4061
862 4062
863 4062
864 4062
865 4065
866 4062
867 4066
868 4062
869 4062
870 4062
871 4063
872 4061
873 4062
874 4061
875 4063
876 4060
877 4062
878 4062
879 4061
880 4063
881 4062
882 4062
883 4063
884 4062
885 4062
886 4063
887 4063
888 4063
889 4062
890 4062
891 4063
892 4062
893 4066
894 4063
895 4063
896 4063
897 4063
898 4061
899 4063
900 4060
901 4062
902 4061
903 4062
904 4062
905 4063
906 4060
907 4062
908 4063
909 4063
910 4060
911 4063
912 4060
913 4063
914 4063
915 4063
916 4060
917 4062
918 4063
919 4062
920 4063
921 4062
922 4062
923 4063
924 4063
925 4062
926 4062
927 4066
928 4063
929 4063
930 4062
931 4061
932 4063
933 4060
934 4066
935 4063
936 4060
937 4063
938 4061
939 4063
940 4060
941 4063
942 4062
943 4060
944 4063
945 4062
946 4062
947 4066
948 4061
949 4063
950 4060
951 4067
952 4059
953 4062
954 4060
955 4061
956 4063
957 4061
958 4063
959 4063
960 4059
961 4062
962 4063
963 4062
964 4062
965 4062
966 4061
967 4062
968 4063
969 4063
970 4060
971 4063
972 4062
973 4063
974 4060
975 4063
976 4062
977 4062
978 4062
979 4062
980 4060
981 4061
982 4061
983 4065
984 4062
985 4063
986 4062
987 4063
988 4062
989 4062
990 4062
991 4063
992 4063
993 4063
994 4062
995 4062
996 4063
997 4063
998 4063
999 4063
1000 4061
1001 4063
1002 4063
1003 4062
1004 4063
1005 4062
1006 4059
1007 4060
1008 4062
1009 4062
1010 4062
1011 4062
1012 4061
1013 4062
1014 4063
1015 4062
1016 4061
1017 4062
1018 4066
1019 4062
1020 4063
1021 4063
1022 4061
1023 4063
1024 4062
1025 4062
1026 4062
1027 4063
1028 4062
1029 4062
1030 4059
1031 4062
1032 4063
1033 4058
1034 4063
1035 4060
1036 4061
1037 4062
1038 4058
1039 4063
1040 4060
1041 4062
1042 4060
1043 4063
1044 4061
1045 4062
1046 4063
1047 4063
1048 4058
1049 4063
1050 4060
1051 4066
1052 4062
1053 4063
1054 4063
1055 4060
1056 4062
1057 4063
1058 4062
1059 4060
1060 4061
1061 4063
1062 4062
1063 4063
1064 4061
1065 4062
1066 4066
1067 4063
1068 4063
1069 4062
1070 4061
1071 4060
1072 4061
1073 4060
1074 4066
1075 4063
1076 4061
1077 4059
1078 4060
1079 4060
1080 4062
1081 4063
1082 4061
1083 4062
1084 4066
1085 4062
1086 4065
1087 4062
1088 4063
1089 4065
1090 4063
1091 4061
1092 4063
1093 4062
1094 4063
1095 4062
1096 4063
1097 4066
1098 4062
1099 4063
1100 4060
1101 4062
1102 4062
1103 4061
1104 4061
1105 4060
1106 4062
1107 4062
1108 4063
1109 4063
1110 4062
1111 4062
1112 4063
1113 4063
1114 4063
1115 4067
1116 4063
1117 4061
1118 4063
1119 4060
1120 4063
1121 4061
1122 4062
1123 4062
1124 4063
1125 4063
1126 4061
1127 4063
1128 4061
1129 4060
1130 4059
1131 4062
1132 4060
1133 4063
1134 4062
1135 4060
1136 4060
1137 4063
1138 4064
1139 4063
1140 4066
1141 4063
1142 4063
1143 4060
1144 4063
1145 4063
1146 4061
1147 4061
1148 4063
1149 4062
1150 4063
1151 4066
1152 4061
1153 4062
1154 4063
1155 4062
1156 4060
1157 4062
1158 4063
1159 4062
1160 4063
1161 4060
1162 4061
1163 4060
1164 4062
1165 4063
1166 4062
1167 4062
1168 4063
1169 4062
1170 4063
1171 4063
1172 4062
1173 4060
1174 4062
1175 4062
1176 4060
1177 4063
1178 4062
1179 4066
1180 4063
1181 4061
1182 4063
1183 4062
1184 4062
1185 4066
1186 4063
1187 4062
1188 4060
1189 4063
1190 4063
1191 4063
1192 4062
1193 4063
1194 4062
1195 4065
1196 4062
1197 4063
1198 4062
1199 4063
1200 4063
1201 4067
1202 4059
1203 4063
1204 4060
1205 4062
1206 4061
1207 4063
1208 4060
1209 4066
1210 4063
1211 4066
1212 4060
1213 4062
1214 4063
1215 4062
1216 4063
1217 4066
1218 4061
1219 4063
1220 4062
1221 4066
1222 4060
1223 4062
1224 4062
1225 4062
1226 4062
1227 4063
1228 4063
1229 4061
1230 4066
1231 4063
1232 4060
1233 4060
1234 4062
1235 4063
1236 4063
1237 4060
1238 4062
1239 4063
1240 4061
1241 4062
1242 4061
1243 4063
1244 4062
1245 4062
1246 4061
1247 4059
1248 4061
1249 4061
1250 4062
1251 4066
1252 4060
1253 4061
1254 4060
1255 4063
1256 4061
1257 4066
1258 4063
1259 4063
1260 4062
1261 4065
1262 4062
1263 4062
1264 4066
1265 4063
1266 4063
1267 4060
1268 4062
1269 4063
1270 4061
1271 4066
1272 4062
1273 4059
1274 4058
1275 4062
1276 4063
1277 4063
1278 4063
1279 4063
1280 4063
1281 4063
1282 4062
1283 4060
1284 4063
1285 4060
1286 4062
1287 4063
1288 4065
1289 4061
1290 4061
1291 4063
1292 4063
1293 4063
1294 4063
1295 4063
1296 4060
1297 4060
1298 4063
1299 4062
1300 4063
1301 4066
1302 4058
1303 4062
1304 4060
1305 4063
1306 4063
1307 4063
1308 4060
1309 4063
1310 4062
1311 4060
1312 4063
1313 4063
1314 4062
1315 4063
1316 4058
1317 4062
1318 4063
1319 4063
1320 4062
1321 4062
1322 4062
1323 4062
1324 4062
1325 4062
1326 4062
1327 4063
1328 4061
1329 4063
1330 4063
1331 4062
1332 4062
1333 4062
1334 4063
1335 4062
1336 4063
1337 4063
1338 4061
1339 4063
1340 4063
1341 4060
1342 4062
1343 4063
1344 4062
1345 4062
1346 4063
1347 4062
1348 4063
1349 4063
1350 4060
1351 4063
1352 4063
1353 4063
1354 4062
1355 4066
1356 4061
1357 4062
1358 4063
1359 4062
1360 4062
1361 4061
1362 4063
1363 4062
1364 4062
1365 4066
1366 4062
1367 4062
1368 4061
1369 4063
1370 4063
1371 4062
1372 4062
1373 4063
1374 4062
1375 4063
1376 4062
1377 4060
1378 4060
1379 4060
1380 4063
1381 4063
1382 4063
1383 4062
1384 4062
1385 4062
1386 4066
1387 4061
1388 4062
1389 4067
1390 4063
1391 4060
1392 4062
1393 4063
1394 4063
1395 4061
1396 4063
1397 4063
1398 4063
1399 4062
1400 4063
1401 4066
1402 4062
1403 4062
1404 4065
1405 4062
1406 4062
1407 4066
1408 4062
1409 4063
1410 4062
1411 4062
1412 4060
1413 4066
1414 4063
1415 4061
1416 4063
1417 4063
1418 4063
1419 4062
1420 4063
1421 4066
1422 4060
1423 4063
1424 4063
1425 4063
1426 4063
1427 4063
1428 4063
1429 4062
1430 4063
1431 4063
1432 4062
1433 4070
1434 4062
1435 4063
1436 4061
1437 4062
1438 4063
1439 4058
1440 4063
1441 4063
1442 4063
1443 4062
1444 4060
1445 4063
1446 4066
1447 4060
1448 4063
1449 4062
1450 4063
1451 4063
1452 4060
1453 4061
1454 4063
1455 4062
1456 4061
1457 4063
1458 4060
1459 4063
1460 4060
1461 4062
1462 4061
1463 4062
1464 4062
1465 4066
1466 4063
1467 4063
1468 4062
1469 4061
1470 4062
1471 4066
1472 4062
1473 4063
1474 4062
1475 4063
1476 4061
1477 4063
1478 4063
1479 4060
1480 4060
1481 4066
1482 4060
1483 4058
1484 4066
1485 4062
1486 4062
1487 4062
1488 4061
1489 4063
1490 4062
1491 4062
1492 4060
1493 4063
1494 4062
1495 4063
1496 4063
1497 4062
1498 4063
1499 4062
1500 4063
1501 4066
1502 4062
1503 4063
1504 4062
1505 4063
1506 4062
1507 4062
1508 4066
1509 4062
1510 4066
1511 4063
1512 4062
1513 4063
1514 4062
1515 4066
1516 4062
1517 4062
1518 4062
1519 4062
1520 4062
1521 4063
1522 4062
1523 4062
1524 4062
1525 4063
1526 4060
1527 4062
1528 4060
1529 4062
1530 4062
1531 4063
1532 4060
1533 4063
1534 4063
1535 4062
1536 4062
1537 4063
1538 4062
1539 4060
1540 4062
1541 4066
1542 4063
1543 4063
1544 4063
1545 4060
1546 4062
1547 4061
1548 4060
1549 4062
1550 4063
1551 4062
1552 4062
1553 4065
1554 4062
1555 4060
1556 4063
1557 4066
1558 4063
1559 4060
1560 4062
1561 4062
1562 4063
1563 4062
1564 4063
1565 4063
1566 4062
1567 4062
1568 4063
1569 4063
1570 4062
1571 4063
1572 4060
1573 4062
1574 4062
1575 4062
1576 4062
1577 4063
1578 4061
1579 4063
1580 4063
1581 4062
1582 4063
1583 4062
1584 4062
1585 4062
1586 4063
1587 4063
1588 4062
1589 4060
1590 4062
1591 4060
1592 4063
1593 4061
1594 4060
1595 4063
1596 4061
1597 4062
1598 4062
1599 4063
1600 4063
1601 4063
1602 4063
1603 4056
1604 4060
1605 4063
1606 4063
1607 4062
1608 4062
1609 4062
1610 4061
1611 4062
1612 4061
1613 4060
1614 4063
1615 4063
1616 4063
1617 4061
1618 4062
1619 4058
1620 4062
1621 4063
1622 4062
1623 4062
1624 4060
1625 4063
1626 4063
1627 4063
1628 4063
1629 4060
1630 4063
1631 4060
1632 4062
1633 4063
1634 4066
1635 4062
1636 4060
1637 4063
1638 4063
1639 4062
1640 4062
1641 4060
1642 4063
1643 4062
1644 4062
1645 4063
1646 4063
1647 4063
1648 4063
1649 4062
1650 4060
1651 4063
1652 4063
1653 4063
1654 4062
1655 4062
1656 4063
1657 4063
1658 4063
1659 4063
1660 4060
1661 4063
1662 4063
1663 4063
1664 4060
1665 4062
1666 4060
1667 4062
1668 4062
1669 4063
1670 4059
1671 4063
1672 4060
1673 4066
1674 4063
1675 4063
1676 4061
1677 4062
1678 4063
1679 4061
1680 4063
1681 4062
1682 4062
1683 4063
1684 4062
1685 4056
1686 4060
1687 4062
1688 4062
1689 4062
1690 4063
1691 4062
1692 4063
1693 4062
1694 4062
1695 4063
1696 4062
1697 4062
1698 4060
1699 4063
1700 4062
1701 4063
1702 4062
1703 4062
1704 4063
1705 4063
1706 4062
1707 4062
1708 4063
1709 4063
1710 4060
1711 4062
1712 4062
1713 4062
1714 4063
1715 4062
1716 4060
1717 4062
1718 4063
1719 4062
1720 4062
1721 4063
1722 4063
1723 4060
1724 4066
1725 4063
1726 4068
1727 4062
1728 4063
1729 4066
1730 4062
1731 4062
1732 4063
1733 4063
1734 4063
1735 4062
1736 4063
1737 4063
1738 4060
1739 4062
1740 4063
1741 4066
1742 4063
1743 4063
1744 4060
1745 4062
1746 4065
1747 4062
1748 4062
1749 4062
1750 4066
1751 4063
1752 4060
1753 4063
1754 4062
1755 4062
1756 4063
1757 4059
1758 4063
1759 4063
1760 4063
1761 4061
1762 4061
1763 4063
1764 4063
1765 4063
1766 4063
1767 4063
1768 4063
1769 4062
1770 4063
1771 4062
1772 4062
1773 4063
1774 4062
1775 4066
1776 4063
1777 4063
1778 4060
1779 4066
1780 4060
1781 4062
1782 4062
1783 4060
1784 4062
1785 4063
1786 4063
1787 4062
1788 4062
1789 4063
1790 4062
1791 4063
1792 4061
1793 4061
1794 4062
1795 4062
1796 4063
1797 4063
1798 4063
1799 4063
1800 4062
1801 4062
1802 4058
1803 4062
1804 4060
1805 4060
1806 4062
1807 4066
1808 4060
1809 4062
1810 4063
1811 4063
1812 4060
1813 4063
1814 4062
1815 4061
1816 4062
1817 4060
1818 4062
1819 4061
1820 4063
1821 4062
1822 4062
1823 4063
1824 4062
1825 4060
1826 4061
1827 4065
1828 4062
1829 4062
1830 4061
1831 4059
1832 4063
1833 4063
1834 4063
1835 4062
1836 4061
1837 4062
1838 4063
1839 4062
1840 4062
1841 4062
1842 4063
1843 4062
1844 4060
1845 4063
1846 4063
1847 4061
1848 4061
1849 4070
1850 4063
1851 4063
1852 4060
1853 4062
1854 4063
1855 4063
1856 4062
1857 4062
1858 4063
1859 4063
1860 4063
1861 4060
1862 4063
1863 4063
1864 4062
1865 4061
1866 4063
1867 4060
1868 4062
1869 4063
1870 4063
1871 4063
1872 4063
1873 4066
1874 4063
1875 4061
1876 4063
1877 4062
1878 4066
1879 4062
1880 4062
1881 4062
1882 4063
1883 4063
1884 4062
1885 4061
1886 4066
1887 4060
1888 4062
1889 4067
1890 4063
1891 4058
1892 4062
1893 4063
1894 4062
1895 4062
1896 4062
1897 4063
1898 4060
1899 4063
1900 4059
1901 4063
1902 4058
1903 4063
1904 4062
1905 4063
1906 4062
1907 4063
1908 4062
1909 4063
1910 4063
1911 4062
1912 4061
1913 4063
1914 4062
1915 4060
1916 4063
1917 4062
1918 4060
1919 4063
1920 4060
1921 4062
1922 4063
1923 4061
1924 4062
1925 4063
1926 4062
1927 4063
1928 4062
1929 4066
1930 4067
1931 4066
1932 4063
1933 4060
1934 4063
1935 4062
1936 4061
1937 4066
1938 4060
1939 4063
1940 4062
1941 4060
1942 4062
1943 4066
1944 4060
1945 4063
1946 4066
1947 4063
1948 4062
1949 4063
1950 4060
1951 4066
1952 4060
1953 4068
1954 4063
1955 4061
1956 4062
1957 4066
1958 4060
1959 4066
1960 4063
1961 4061
1962 4063
1963 4063
1964 4061
1965 4061
1966 4063
1967 4061
1968 4062
1969 4063
1970 4062
1971 4062
1972 4060
1973 4062
1974 4063
1975 4062
1976 4063
1977 4063
1978 4063
1979 4060
1980 4060
1981 4062
1982 4062
1983 4062
1984 4063
1985 4066
1986 4063
1987 4063
1988 4062
1989 4063
1990 4063
1991 4063
1992 4063
1993 4063
1994 4062
1995 4063
1996 4062
1997 4066
1998 4060
1999 4063
2000 4063
2001 4063
2002 4060
2003 4063
2004 4062
2005 4063
2006 4062
2007 4063
2008 4059
2009 4063
2010 4061
2011 4060
2012 4062
2013 4063
2014 4063
2015 4062
2016 4061
2017 4063
2018 4060
2019 4063
2020 4063
2021 4062
2022 4063
2023 4062
2024 4063
2025 4061
2026 4063
2027 4061
2028 4063
2029 4063
2030 4062
2031 4063
2032 4060
2033 4060
2034 4062
2035 4061
2036 4060
2037 4060
2038 4061
2039 4063
2040 4066
2041 4061
2042 4062
2043 4063
2044 4062
2045 4062
2046 4065
2047 4061
2048 4062
2049 4063
2050 4062
2051 4063
2052 4060
2053 4063
2054 4062
2055 4062
2056 4062
2057 4063
2058 4060
2059 4062
2060 4062
2061 4063
2062 4060
2063 4060
2064 4062
2065 4063
2066 4062
2067 4060
2068 4063
2069 4062
2070 4060
2071 4063
2072 4060
2073 4062
2074 4061
2075 4063
2076 4062
2077 4062
2078 4061
2079 4061
2080 4060
2081 4062
2082 4062
2083 4059
2084 4063
2085 4060
2086 4062
2087 4063
2088 4060
2089 4063
2090 4065
2091 4062
2092 4063
2093 4063
2094 4063
2095 4060
2096 4063
2097 4060
2098 4061
2099 4062
2100 4062
2101 4066
2102 4060
2103 4066
2104 4063
2105 4062
2106 4063
2107 4062
2108 4062
2109 4063
2110 4063
2111 4066
2112 4062
2113 4061
2114 4063
2115 4060
2116 4062
2117 4062
2118 4060
2119 4062
2120 4063
2121 4063
2122 4063
2123 4063
2124 4062
2125 4062
2126 4062
2127 4063
2128 4060
2129 4060
2130 4062
2131 4063
2132 4063
2133 4060
2134 4063
2135 4063
2136 4063
2137 4062
2138 4063
2139 4061
2140 4063
2141 4061
2142 4062
2143 4062
2144 4062
2145 4063
2146 4063
2147 4063
2148 4063
2149 4063
2150 4063
2151 4066
2152 4060
2153 4062
2154 4061
2155 4063
2156 4058
2157 4062
2158 4063
2159 4063
2160 4062
2161 4063
2162 4062
2163 4063
2164 4066
2165 4062
2166 4063
2167 4063
2168 4066
2169 4060
2170 4063
2171 4063
2172 4060
2173 4061
2174 4062
2175 4062
2176 4062
2177 4063
2178 4060
2179 4066
2180 4062
2181 4062
2182 4063
2183 4062
2184 4063
2185 4063
2186 4062
2187 4061
2188 4062
2189 4065
2190 4062
2191 4060
2192 4063
2193 4062
2194 4063
2195 4062
2196 4061
2197 4062
2198 4066
2199 4060
2200 4062
2201 4063
2202 4062
2203 4061
2204 4063
2205 4062
2206 4066
2207 4063
2208 4062
2209 4066
2210 4063
2211 4063
2212 4063
2213 4060
2214 4061
2215 4063
2216 4062
2217 4063
2218 4063
2219 4061
2220 4062
2221 4062
2222 4063
2223 4062
2224 4066
2225 4062
2226 4062
2227 4060
2228 4060
2229 4062
2230 4062
2231 4062
2232 4062
2233 4062
2234 4062
2235 4063
2236 4063
2237 4062
2238 4063
2239 4060
2240 4063
2241 4063
2242 4062
2243 4059
2244 4062
2245 4062
2246 4063
2247 4062
2248 4062
2249 4063
2250 4063
2251 4066
2252 4060
2253 4063
2254 4062
2255 4065
2256 4062
2257 4063
2258 4062
2259 4061
2260 4062
2261 4061
2262 4061
2263 4061
2264 4062
2265 4062
2266 4063
2267 4062
2268 4063
2269 4063
2270 4063
2271 4063
2272 4062
2273 4062
2274 4062
2275 4063
2276 4061
2277 4062
2278 4063
2279 4066
2280 4061
2281 4062
2282 4061
2283 4060
2284 4062
2285 4062
2286 4063
2287 4063
2288 4062
2289 4063
2290 4062
2291 4060
2292 4062
2293 4063
2294 4062
2295 4062
2296 4063
2297 4062
2298 4061
2299 4063
2300 4066
2301 4063
2302 4060
2303 4063
2304 4062
2305 4063
2306 4062
2307 4062
2308 4062
2309 4063
2310 4063
2311 4063
2312 4060
2313 4063
2314 4063
2315 4062
2316 4062
2317 4063
2318 4060
2319 4066
2320 4063
2321 4063
2322 4063
2323 4061
2324 4060
2325 4062
2326 4063
2327 4061
2328 4061
2329 4063
2330 4063
2331 4063
2332 4061
2333 4061
2334 4063
2335 4066
2336 4061
2337 4063
2338 4063
2339 4063
2340 4062
2341 4061
2342 4062
2343 4061
2344 4061
2345 4061
2346 4062
2347 4062
2348 4063
2349 4063
2350 4060
2351 4063
2352 4060
2353 4062
2354 4060
2355 4063
2356 4063
2357 4062
2358 4063
2359 4062
2360 4062
2361 4063
2362 4063
2363 4060
2364 4058
2365 4063
2366 4062
2367 4062
2368 4063
2369 4062
2370 4061
2371 4062
2372 4060
2373 4059
2374 4066
2375 4060
2376 4062
2377 4062
2378 4063
2379 4063
2380 4063
2381 4063
2382 4063
2383 4062
2384 4063
2385 4062
2386 4062
2387 4063
2388 4061
2389 4063
2390 4062
2391 4062
2392 4063
2393 4063
2394 4060
2395 4061
2396 4062
2397 4065
2398 4063
2399 4063
2400 4060
2401 4063
2402 4061
2403 4063
2404 4053
2405 4061
2406 4062
2407 4061
2408 4062
2409 4062
2410 4062
2411 4063
2412 4063
2413 4062
2414 4063
2415 4063
2416 4061
2417 4063
2418 4063
2419 4063
2420 4062
2421 4063
2422 4060
2423 4063
2424 4063
2425 4067
2426 4059
2427 4063
2428 4063
2429 4060
2430 4062
2431 4059
2432 4063
2433 4063
2434 4062
2435 4062
2436 4063
2437 4063
2438 4060
2439 4060
2440 4063
2441 4060
2442 4063
2443 4063
2444 4062
2445 4062
2446 4059
2447 4063
2448 4059
2449 4063
2450 4063
2451 4063
2452 4060
2453 4061
2454 4063
2455 4062
2456 4062
2457 4060
2458 4062
2459 4063
2460 4063
2461 4063
2462 4062
2463 4062
2464 4063
2465 4063
2466 4063
2467 4061
2468 4063
2469 4060
2470 4059
2471 4063
2472 4063
2473 4062
2474 4063
2475 4062
2476 4061
2477 4062
2478 4062
2479 4060
2480 4060
2481 4063
2482 4062
2483 4061
2484 4063
2485 4063
2486 4058
2487 4063
2488 4060
2489 4062
2490 4061
2491 4060
2492 4062
2493 4060
2494 4062
2495 4066
2496 4063
2497 4063
2498 4062
2499 4063
2500 4060
2501 4063
2502 4060
2503 4061
2504 4063
2505 4060
2506 4062
2507 4062
2508 4062
2509 4062
2510 4062
2511 4063
2512 4062
2513 4061
2514 4060
2515 4062
2516 4061
2517 4063
2518 4062
2519 4062
2520 4062
2521 4062
2522 4058
2523 4062
2524 4062
2525 4061
2526 4059
2527 4061
2528 4060
2529 4062
2530 4063
2531 4063
2532 4060
2533 4062
2534 4062
2535 4062
2536 4063
2537 4058
2538 4060
2539 4063
2540 4062
2541 4059
2542 4060
2543 4059
2544 4060
2545 4062
2546 4063
2547 4060
2548 4062
2549 4062
2550 4063
2551 4062
2552 4058
2553 4059
2554 4058
2555 4062
2556 4060
2557 4062
2558 4062
2559 4061
2560 4062
2561 4060
2562 4060
2563 4063
2564 4061
2565 4062
2566 4061
2567 4062
2568 4059
2569 4063
2570 4062
2571 4058
2572 4060
2573 4058
2574 4060
2575 4063
2576 4060
2577 4060
2578 4058
2579 4062
2580 4058
2581 4058
2582 4061
2583 4061
2584 4060
2585 4061
2586 4060
2587 4062
2588 4060
2589 4060
2590 4061
2591 4060
2592 4060
2593 4062
2594 4062
2595 4062
2596 4063
2597 4060
2598 4058
2599 4060
2600 4060
2601 4063
2602 4058
2603 4062
2604 4060
2605 4062
2606 4060
2607 4060
2608 4059
2609 4062
2610 4060
2611 4060
2612 4063
2613 4057
2614 4059
2615 4060
2616 4060
2617 4060
2618 4058
2619 4058
2620 4061
2621 4061
2622 4060
2623 4058
2624 4059
2625 4057
2626 4060
2627 4062
2628 4060
2629 4062
2630 4062
2631 4062
2632 4059
2633 4056
2634 4059
2635 4061
2636 4058
2637 4057
2638 4060
2639 4058
2640 4060
2641 4058
2642 4061
2643 4056
2644 4060
2645 4061
2646 4061
2647 4062
2648 4060
2649 4059
2650 4054
2651 4060
2652 4058
2653 4058
2654 4060
2655 4059
2656 4060
2657 4058
2658 4060
2659 4058
2660 4058
2661 4063
2662 4060
2663 4058
2664 4062
2665 4058
2666 4060
2667 4058
2668 4063
2669 4057
2670 4059
2671 4058
2672 4059
2673 4059
2674 4058
2675 4060
2676 4058
2677 4059
2678 4058
2679 4058
2680 4058
2681 4058
2682 4056
2683 4055
2684 4060
2685 4058
2686 4058
2687 4056
2688 4060
2689 4060
2690 4057
2691 4057
2692 4058
2693 4056
2694 4057
2695 4058
2696 4060
2697 4056
2698 4058
2699 4057
2700 4056
2701 4058
2702 4053
2703 4060
2704 4057
2705 4060
2706 4057
2707 4060
2708 4058
2709 4056
2710 4056
2711 4058
2712 4059
2713 4056
2714 4058
2715 4056
2716 4055
2717 4055
2718 4056
2719 4057
2720 4056
2721 4058
2722 4056
2723 4056
2724 4054
2725 4056
2726 4056
2727 4052
2728 4052
2729 4056
2730 4054
2731 4054
2732 4052
2733 4053
2734 4053
2735 4056
2736 4054
2737 4054
2738 4048
2739 4055
2740 4054
2741 4052
2742 4054
2743 4056
2744 4050
2745 4054
2746 4054
2747 4051
2748 4050
2749 4050
2750 4050
2751 4054
2752 4047
2753 4051
2754 4046
2755 4046
2756 4053
2757 4050
2758 4051
2759 4050
2760 4050
2761 4052
2762 4045
2763 4050
2764 4047
2765 4048
2766 4048
2767 4046
2768 4046
2769 4044
2770 4042
2771 4046
2772 4041
2773 4042
2774 4043
2775 4042
2776 4044
2777 4042
2778 4040
2779 4041
2780 4041
2781 4042
2782 4041
2783 4036
2784 4036
2785 4036
2786 4036
2787 4031
2788 4030
2789 4029
2790 4024
2791 4020
2792 4015
2793 4006
2794 3992
2795 3970
2796 3921
2797 3864
2798 3768
2799 3646
2800 3497
2801 3328
2802 3155
2803 3001
2804 2804
2805 2635
2806 2441
2807 2258
2808 2184
2809 1988
2810 1853
2811 1774
2812 1746
2813 1695
2814 1653
2815 1638
2816 1619
2817 1609
2818 1599
2819 1591
2820 1585
2821 1582
2822 1579
2823 1574
2824 1573
2825 1569
2826 1568
2827 1566
2828 1566
2829 1563
2830 1563
2831 1561
2832 1562
2833 1559
2834 1561
2835 1558
2836 1558
2837 1556
2838 1558
2839 1555
2840 1557
2841 1554
2842 1555
2843 1552
2844 1553
2845 1552
2846 1555
2847 1551
2848 1553
2849 1711
2850 2387
2851 2971
2852 3078
2853 3226
2854 3349
2855 3465
2856 3582
2857 3681
2858 3765
2859 3823
2860 3853
2861 3896
2862 3917
2863 3946
2864 3959
2865 3978
2866 3983
2867 3999
2868 3998
2869 4003
2870 4008
2871 4011
2872 4014
2873 4017
2874 4018
2875 4021
2876 4022
2877 4026
2878 4027
2879 4025
2880 4031
2881 4031
2882 4031
2883 4030
2884 4035
2885 4033
2886 4034
2887 4037
2888 4038
2889 4042
2890 4036
2891 4040
2892 4040
2893 4040
2894 4039
2895 4040
2896 4044
2897 4038
2898 4042
2899 4043
2900 4041
2901 4044
2902 4044
2903 4044
2904 4047
2905 4047
2906 4048
2907 4047
2908 4043
2909 4047
2910 4044
2911 4047
2912 4049
2913 4049
2914 4050
2915 4051
2916 4047
2917 4048
2918 4049
2919 4049
2920 4050
2921 4055
2922 4054
2923 4051
2924 4051
2925 4052
2926 4050
2927 4055
2928 4052
2929 4052
2930 4050
2931 4054
2932 4052
2933 4050
2934 4054
2935 4054
2936 4052
2937 4056
2938 4052
2939 4055
2940 4054
2941 4054
2942 4054
2943 4055
2944 4052
2945 4053
2946 4056
2947 4052
2948 4054
2949 4054
2950 4053
2951 4056
2952 4051
2953 4054
2954 4053
2955 4057
2956 4055
2957 4056
2958 4058
2959 4059
2960 4055
2961 4054
2962 4056
2963 4056
2964 4059
2965 4056
2966 4054
2967 4056
2968 4058
2969 4058
2970 4056
2971 4054
2972 4053
2973 4054
2974 4058
2975 4058
2976 4058
2977 4059
2978 4056
2979 4056
2980 4058
2981 4058
2982 4062
2983 4057
2984 4058
2985 4058
2986 4060
2987 4057
2988 4054
2989 4056
2990 4058
2991 4056
2992 4058
2993 4060
2994 4058
2995 4059
2996 4058
2997 4060
2998 4058
2999 4058
3000 4062
3001 4062
3002 4057
3003 4060
3004 4058
3005 4059
3006 4058
3007 4058
3008 4058
3009 4059
3010 4058
3011 4060
3012 4058
3013 4059
3014 4058
3015 4061
3016 4058
3017 4058
3018 4060
3019 4057
3020 4057
3021 4060
3022 4056
3023 4062
3024 4058
3025 4057
3026 4061
3027 4056
3028 4058
3029 4060
3030 4060
3031 4060
3032 4058
3033 4058
3034 4063
3035 4061
3036 4060
3037 4060
3038 4057
3039 4062
3040 4060
3041 4059
3042 4058
3043 4061
3044 4060
3045 4062
3046 4058
3047 4058
3048 4062
3049 4058
3050 4060
3051 4059
3052 4059
3053 4057
3054 4058
3055 4062
3056 4060
3057 4062
3058 4059
3059 4060
3060 4062
3061 4060
3062 4060
3063 4057
3064 4060
3065 4061
3066 4060
3067 4060
3068 4060
3069 4060
3070 4060
3071 4060
3072 4058
3073 4057
3074 4058
3075 4057
3076 4056
3077 4060
3078 4060
3079 4062
3080 4060
3081 4060
3082 4059
3083 4059
3084 4062
3085 4060
3086 4059
3087 4061
3088 4060
3089 4063
3090 4058
3091 4061
3092 4060
3093 4061
3094 4060
3095 4061
3096 4061
3097 4060
3098 4060
3099 4060
3100 4063
3101 4063
3102 4059
3103 4063
3104 4060
3105 4057
3106 4059
3107 4060
3108 4059
3109 4060
3110 4061
3111 4060
3112 4061
3113 4062
3114 4062
3115 4060
3116 4060
3117 4061
3118 4060
3119 4060
3120 4062
3121 4059
3122 4058
3123 4061
3124 4059
3125 4060
3126 4060
3127 4063
3128 4058
3129 4062
3130 4063
3131 4062
3132 4060
3133 4061
3134 4063
3135 4058
3136 4060
3137 4060
3138 4062
3139 4062
3140 4060
3141 4060
3142 4060
3143 4061
3144 4063
3145 4060
3146 4063
3147 4062
3148 4062
3149 4062
3150 4060
3151 4062
3152 4058
3153 4063
3154 4061
3155 4062
3156 4060
3157 4062
3158 4060
3159 4058
3160 4063
3161 4062
3162 4058
3163 4062
3164 4063
3165 4060
3166 4061
3167 4060
3168 4060
3169 4063
3170 4062
3171 4063
3172 4063
3173 4058
3174 4060
3175 4063
3176 4062
3177 4062
3178 4062
3179 4059
3180 4062
3181 4062
3182 4062
3183 4062
3184 4062
3185 4060
3186 4063
3187 4062
3188 4063
3189 4062
3190 4062
3191 4061
3192 4060
3193 4062
3194 4062
3195 4060
3196 4062
3197 4062
3198 4062
3199 4061
3200 4061
3201 4066
3202 4060
3203 4062
3204 4061
3205 4059
3206 4062
3207 4062
3208 4061
3209 4062
3210 4061
3211 4060
3212 4062
3213 4062
3214 4060
3215 4060
3216 4061
3217 4062
3218 4062
3219 4063
3220 4061
3221 4062
3222 4060
3223 4063
3224 4063
3225 4060
3226 4060
3227 4061
3228 4059
3229 4063
3230 4063
3231 4062
3232 4063
3233 4060
3234 4062
3235 4062
3236 4062
3237 4063
3238 4062
3239 4060
3240 4060
3241 4058
3242 4060
3243 4062
3244 4061
3245 4063
3246 4060
3247 4058
3248 4060
3249 4063
3250 4060
3251 4063
3252 4062
3253 4061
3254 4062
3255 4061
3256 4063
3257 4062
3258 4060
3259 4062
3260 4063
3261 4062
3262 4062
3263 4063
3264 4060
3265 4063
3266 4058
3267 4063
3268 4063
3269 4063
3270 4063
3271 4062
3272 4058
3273 4063
3274 4062
3275 4062
3276 4063
3277 4062
3278 4061
3279 4063
3280 4061
3281 4060
3282 4059
3283 4060
3284 4063
3285 4062
3286 4062
3287 4063
3288 4062
3289 4063
3290 4060
3291 4060
3292 4062
3293 4063
3294 4062
3295 4063
3296 4062
3297 4062
3298 4060
3299 4063
3300 4063
3301 4061
3302 4062
3303 4066
3304 4060
3305 4061
3306 4060
3307 4060
3308 4060
3309 4062
3310 4060
3311 4061
3312 4062
3313 4063
3314 4060
3315 4062
3316 4060
3317 4062
3318 4062
3319 4060
3320 4060
3321 4063
3322 4058
3323 4063
3324 4063
3325 4062
3326 4060
3327 4062
3328 4062
3329 4063
3330 4062
3331 4062
3332 4062
3333 4062
3334 4063
3335 4061
3336 4062
3337 4062
3338 4062
3339 4062
3340 4062
3341 4062
3342 4062
3343 4062
3344 4062
3345 4062
3346 4062
3347 4062
3348 4062
3349 4062
3350 4063
3351 4063
3352 4060
3353 4060
3354 4060
3355 4060
3356 4062
3357 4062
3358 4060
3359 4066
3360 4062
3361 4063
3362 4061
3363 4059
3364 4061
3365 4062
3366 4057
3367 4063
3368 4062
3369 4060
3370 4063
3371 4063
3372 4063
3373 4063
3374 4063
3375 4063
3376 4063
3377 4063
3378 4062
3379 4059
3380 4061
3381 4062
3382 4060
3383 4058
3384 4060
3385 4063
3386 4063
3387 4063
3388 4057
3389 4060
3390 4063
3391 4063
3392 4060
3393 4058
3394 4063
3395 4060
3396 4062
3397 4063
3398 4062
3399 4060
3400 4060
3401 4062
3402 4058
3403 4062
3404 4063
3405 4066
3406 4060
3407 4063
3408 4058
3409 4062
3410 4060
3411 4063
3412 4063
3413 4063
3414 4063
3415 4066
3416 4060
3417 4062
3418 4063
3419 4061
3420 4062
3421 4063
3422 4062
3423 4062
3424 4062
3425 4063
3426 4062
3427 4060
3428 4062
3429 4060
3430 4061
3431 4061
3432 4062
3433 4061
3434 4063
3435 4062
3436 4062
3437 4061
3438 4062
3439 4061
3440 4060
3441 4060
3442 4062
3443 4063
3444 4062
3445 4062
3446 4062
3447 4062
3448 4060
3449 4061
3450 4060
3451 4063
3452 4058
3453 4062
3454 4062
3455 4061
3456 4063
3457 4059
3458 4060
3459 4061
3460 4061
3461 4060
3462 4062
3463 4062
3464 4062
3465 4062
3466 4063
3467 4063
3468 4060
3469 4062
3470 4062
3471 4066
3472 4061
3473 4062
3474 4062
3475 4063
3476 4062
3477 4060
3478 4060
3479 4060
3480 4060
3481 4063
3482 4060
3483 4063
3484 4062
3485 4063
3486 4062
3487 4062
3488 4062
3489 4066
3490 4063
3491 4063
3492 4061
3493 4062
3494 4066
3495 4062
3496 4063
3497 4060
3498 4063
3499 4063
3500 4061
3501 4066
3502 4058
3503 4062
3504 4060
3505 4062
3506 4063
3507 4063
3508 4063
3509 4063
3510 4063
3511 4063
3512 4062
3513 4062
3514 4063
3515 4063
3516 4063
3517 4062
3518 4063
3519 4063
3520 4061
3521 4060
3522 4061
3523 4060
3524 4063
3525 4063
3526 4062
3527 4062
3528 4062
3529 4063
3530 4060
3531 4066
3532 4063
3533 4058
3534 4061
3535 4062
3536 4061
3537 4062
3538 4062
3539 4063
3540 4060
3541 4063
3542 4062
3543 4063
3544 4063
3545 4063
3546 4063
3547 4060
3548 4062
3549 4063
3550 4063
3551 4063
3552 4058
3553 4060
3554 4062
3555 4062
3556 4062
3557 4063
3558 4058
3559 4063
3560 4058
3561 4063
3562 4062
3563 4063
3564 4060
3565 4061
3566 4062
3567 4062
3568 4063
3569 4062
3570 4063
3571 4066
3572 4062
3573 4061
3574 4061
3575 4060
3576 4063
3577 4063
3578 4062
3579 4060
3580 4062
3581 4062
3582 4061
3583 4062
3584 4061
3585 4060
3586 4061
3587 4062
3588 4063
3589 4061
3590 4063
3591 4063
3592 4063
3593 4062
3594 4063
3595 4061
3596 4063
3597 4063
3598 4062
3599 4062
3600 4060
3601 4063
3602 4056
3603 4062
3604 4062
3605 4060
3606 4062
3607 4060
3608 4063
3609 4067
3610 4062
3611 4060
3612 4062
3613 4063
3614 4060
3615 4058
3616 4060
3617 4062
3618 4063
3619 4063
3620 4062
3621 4062
3622 4063
3623 4060
3624 4066
3625 4062
3626 4060
3627 4066
3628 4063
3629 4062
3630 4062
3631 4063
3632 4063
3633 4061
3634 4062
3635 4061
3636 4060
3637 4063
3638 4060
3639 4063
3640 4060
3641 4060
3642 4063
3643 4062
3644 4062
3645 4060
3646 4062
3647 4062
3648 4063
3649 4060
3650 4062
3651 4063
3652 4060
3653 4068
3654 4060
3655 4061
3656 4062
3657 4063
3658 4060
3659 4062
3660 4060
3661 4063
3662 4062
3663 4063
3664 4062
3665 4062
3666 4062
3667 4060
3668 4061
3669 4063
3670 4063
3671 4063
3672 4063
3673 4062
3674 4063
3675 4063
3676 4060
3677 4063
3678 4062
3679 4062
3680 4063
3681 4061
3682 4063
3683 4060
3684 4062
3685 4063
3686 4063
3687 4062
3688 4058
3689 4063
3690 4062
3691 4060
3692 4062
3693 4063
3694 4063
