#Data from the TCD1304 linear CCD
#column 1 = pixelnumber , column 2 = pixelvalue
#Pixel 1-32 and 3679-3694 and are dummy pixels
#SH-period: 200    ICG-period: 100000    Integration time: 100.0 us
2 4039
3 4039
4 4068
5 4067
6 4062
7 4062
8 4063
9 4063
10 4062
11 4064
12 4063
13 4065
14 4063
15 4062
16 4063
17 4063
18 4062
19 4063
20 4059
21 4062
22 4058
23 4065
24 4063
25 4063
26 4062
27 4063
28 4062
29 4063
30 4062
31 4063
32 4063
34 4062
35 4061
36 4063
37 4062
38 4062
39 4066
40 4062
41 4062
42 4061
43 4063
44 4060
45 4062
46 4065
47 4061
48 4061
49 4063
50 4062
51 4066
52 4063
53 4062
54 4061
55 4063
56 4062
57 4066
58 4061
59 4063
60 4062
61 4063
62 4062
63 4063
64 4061
65 4064
66 4066
67 4062
68 4062
69 4063
70 4062
71 4063
72 4062
73 4062
74 4063
75 4061
76 4062
77 4063
78 4060
79 4060
80 4066
81 4062
82 4063
83 4062
84 4063
85 4063
86 4063
87 4063
88 4063
89 4062
90 4062
91 4063
92 4063
93 4060
94 4063
95 4063
96 4063
97 4062
98 4061
99 4061
100 4062
101 4067
102 4060
103 4063
104 4062
105 4061
106 4063
107 4063
108 4065
109 4062
110 4063
111 4062
112 4063
113 4062
114 4063
115 4063
116 4062
117 4062
118 4062
119 4062
120 4062
121 4065
122 4062
123 4061
124 4063
125 4062
126 4063
127 4063
128 4062
129 4063
130 4062
131 4062
132 4062
133 4063
134 4060
135 4062
136 4063
137 4062
138 4063
139 4062
140 4062
141 4063
142 4063
143 4062
144 4063
145 4063
146 4063
147 4061
148 4058
149 4061
150 4062
151 4065
152 4060
153 4060
154 4062
155 4063
156 4062
157 4065
158 4064
159 4063
160 4059
161 4063
162 4062
163 4062
164 4062
165 4066
166 4062
167 4060
168 4062
169 4063
170 4062
171 4063
172 4058
173 4066
174 4061
175 4063
176 4063
177 4059
178 4065
179 4061
180 4063
181 4062
182 4065
183 4062
184 4066
185 4063
186 4062
187 4063
188 4065
189 4062
190 4067
191 4062
192 4063
193 4063
194 4065
195 4063
196 4063
197 4062
198 4063
199 4063
200 4063
201 4063
202 4059
203 4061
204 4063
205 4061
206 4061
207 4063
208 4062
209 4066
210 4063
211 4063
212 4061
213 4065
214 4063
215 4066
216 4062
217 4065
218 4062
219 4062
220 4062
221 4065
222 4065
223 4063
224 4063
225 4065
226 4061
227 4063
228 4063
229 4062
230 4063
231 4063
232 4063
233 4063
234 4061
235 4063
236 4061
237 4063
238 4065
239 4065
240 4063
241 4061
242 4063
243 4063
244 4063
245 4066
246 4060
247 4063
248 4060
249 4062
250 4063
251 4063
252 4062
253 4063
254 4064
255 4062
256 4062
257 4063
258 4062
259 4066
260 4061
261 4063
262 4062
263 4066
264 4065
265 4065
266 4060
267 4063
268 4061
269 4066
270 4062
271 4063
272 4066
273 4067
274 4060
275 4061
276 4063
277 4063
278 4061
279 4065
280 4066
281 4061
282 4066
283 4059
284 4059
285 4063
286 4063
287 4066
288 4062
289 4066
290 4061
291 4064
292 4063
293 4062
294 4061
295 4066
296 4062
297 4063
298 4063
299 4066
300 4062
301 4065
302 4060
303 4060
304 4060
305 4063
306 4058
307 4064
308 4060
309 4062
310 4065
311 4063
312 4061
313 4063
314 4062
315 4063
316 4062
317 4062
318 4062
319 4065
320 4063
321 4062
322 4061
323 4063
324 4063
325 4063
326 4065
327 4062
328 4061
329 4063
330 4062
331 4062
332 4063
333 4062
334 4063
335 4066
336 4063
337 4066
338 4062
339 4061
340 4063
341 4063
342 4062
343 4066
344 4062
345 4064
346 4062
347 4062
348 4063
349 4061
350 4061
351 4063
352 4059
353 4062
354 4060
355 4062
356 4063
357 4063
358 4062
359 4062
360 4065
361 4062
362 4063
363 4063
364 4059
365 4063
366 4060
367 4062
368 4063
369 4062
370 4063
371 4062
372 4062
373 4065
374 4063
375 4063
376 4063
377 4059
378 4061
379 4060
380 4062
381 4063
382 4062
383 4062
384 4061
385 4063
386 4062
387 4063
388 4061
389 4062
390 4060
391 4062
392 4063
393 4066
394 4062
395 4061
396 4064
397 4063
398 4063
399 4063
400 4059
401 4067
402 4063
403 4063
404 4063
405 4066
406 4062
407 4062
408 4062
409 4066
410 4060
411 4062
412 4063
413 4062
414 4062
415 4062
416 4067
417 4062
418 4062
419 4059
420 4063
421 4060
422 4063
423 4060
424 4063
425 4062
426 4063
427 4063
428 4062
429 4063
430 4061
431 4063
432 4063
433 4062
434 4063
435 4063
436 4063
437 4060
438 4062
439 4063
440 4063
441 4061
442 4062
443 4061
444 4065
445 4062
446 4061
447 4062
448 4062
449 4063
450 4066
451 4065
452 4061
453 4060
454 4062
455 4063
456 4063
457 4063
458 4063
459 4063
460 4063
461 4067
462 4062
463 4062
464 4062
465 4063
466 4063
467 4063
468 4061
469 4063
470 4061
471 4063
472 4065
473 4060
474 4062
475 4062
476 4063
477 4061
478 4060
479 4062
480 4062
481 4062
482 4063
483 4063
484 4062
485 4063
486 4063
487 4063
488 4062
489 4063
490 4063
491 4060
492 4061
493 4063
494 4062
495 4063
496 4061
497 4063
498 4062
499 4058
500 4063
501 4063
502 4059
503 4063
504 4061
505 4063
506 4061
507 4063
508 4060
509 4062
510 4062
511 4065
512 4063
513 4063
514 4063
515 4063
516 4062
517 4061
518 4062
519 4062
520 4062
521 4065
522 4061
523 4062
524 4062
525 4063
526 4062
527 4062
528 4063
529 4062
530 4062
531 4061
532 4059
533 4062
534 4063
535 4062
536 4062
537 4064
538 4062
539 4063
540 4063
541 4059
542 4063
543 4062
544 4062
545 4062
546 4063
547 4063
548 4061
549 4066
550 4063
551 4066
552 4062
553 4062
554 4062
555 4062
556 4063
557 4063
558 4062
559 4062
560 4065
561 4067
562 4060
563 4066
564 4062
565 4062
566 4063
567 4067
568 4062
569 4063
570 4062
571 4063
572 4063
573 4065
574 4063
575 4065
576 4064
577 4062
578 4062
579 4062
580 4062
581 4062
582 4066
583 4065
584 4062
585 4062
586 4060
587 4063
588 4062
589 4066
590 4062
591 4061
592 4063
593 4063
594 4067
595 4067
596 4062
597 4065
598 4063
599 4063
600 4062
601 4067
602 4058
603 4063
604 4061
605 4062
606 4061
607 4061
608 4062
609 4062
610 4063
611 4064
612 4063
613 4061
614 4063
615 4062
616 4063
617 4062
618 4062
619 4066
620 4062
621 4062
622 4063
623 4063
624 4062
625 4062
626 4063
627 4061
628 4061
629 4061
630 4063
631 4060
632 4063
633 4063
634 4067
635 4063
636 4063
637 4061
638 4066
639 4062
640 4063
641 4065
642 4062
643 4065
644 4061
645 4061
646 4062
647 4063
648 4063
649 4066
650 4061
651 4063
652 4061
653 4063
654 4063
655 4068
656 4062
657 4063
658 4059
659 4063
660 4060
661 4060
662 4062
663 4063
664 4065
665 4063
666 4059
667 4063
668 4061
669 4065
670 4060
671 4062
672 4063
673 4062
674 4060
675 4063
676 4063
677 4062
678 4063
679 4059
680 4063
681 4063
682 4060
683 4062
684 4063
685 4063
686 4063
687 4065
688 4063
689 4061
690 4062
691 4063
692 4062
693 4063
694 4058
695 4062
696 4065
697 4063
698 4060
699 4062
700 4067
701 4063
702 4061
703 4062
704 4063
705 4063
706 4063
707 4061
708 4060
709 4062
710 4062
711 4063
712 4061
713 4066
714 4062
715 4063
716 4062
717 4062
718 4061
719 4065
720 4062
721 4060
722 4060
723 4060
724 4063
725 4061
726 4063
727 4061
728 4065
729 4062
730 4063
731 4063
732 4062
733 4061
734 4062
735 4063
736 4060
737 4065
738 4065
739 4063
740 4062
741 4060
742 4062
743 4060
744 4063
745 4063
746 4061
747 4063
748 4063
749 4061
750 4063
751 4063
752 4061
753 4063
754 4062
755 4063
756 4063
757 4063
758 4060
759 4061
760 4060
761 4060
762 4062
763 4063
764 4064
765 4063
766 4063
767 4061
768 4065
769 4063
770 4062
771 4065
772 4063
773 4061
774 4063
775 4063
776 4063
777 4068
778 4062
779 4060
780 4063
781 4062
782 4060
783 4065
784 4062
785 4062
786 4060
787 4063
788 4061
789 4065
790 4062
791 4063
792 4062
793 4060
794 4062
795 4062
796 4062
797 4063
798 4062
799 4064
800 4063
801 4067
802 4060
803 4062
804 4061
805 4061
806 4062
807 4062
808 4066
809 4063
810 4063
811 4066
812 4063
813 4063
814 4061
815 4063
816 4063
817 4063
818 4062
819 4063
820 4060
821 4063
822 4062
823 4063
824 4063
825 4063
826 4061
827 4062
828 4061
829 4065
830 4062
831 4060
832 4062
833 4062
834 4062
835 4063
836 4062
837 4063
838 4063
839 4063
840 4065
841 4062
842 4060
843 4063
844 4063
845 4065
846 4062
847 4062
848 4066
849 4063
850 4059
851 4066
852 4060
853 4060
854 4063
855 4063
856 4061
857 4065
858 4063
859 4063
860 4062
861 4063
862 4062
863 4062
864 4062
865 4062
866 4062
867 4061
868 4061
869 4065
870 4062
871 4063
872 4063
873 4062
874 4066
875 4066
876 4063
877 4060
878 4061
879 4061
880 4065
881 4061
882 4062
883 4061
884 4063
885 4063
886 4063
887 4062
888 4065
889 4063
890 4061
891 4069
892 4062
893 4061
894 4062
895 4061
896 4062
897 4065
898 4062
899 4062
900 4065
901 4062
902 4061
903 4067
904 4062
905 4065
906 4061
907 4066
908 4060
909 4066
910 4063
911 4060
912 4062
913 4063
914 4062
915 4063
916 4061
917 4061
918 4063
919 4062
920 4061
921 4061
922 4062
923 4063
924 4063
925 4063
926 4064
927 4063
928 4063
929 4062
930 4062
931 4060
932 4063
933 4063
934 4063
935 4063
936 4062
937 4063
938 4063
939 4063
940 4061
941 4063
942 4063
943 4066
944 4062
945 4067
946 4061
947 4063
948 4062
949 4062
950 4065
951 4067
952 4062
953 4066
954 4063
955 4065
956 4063
957 4062
958 4063
959 4065
960 4066
961 4063
962 4065
963 4060
964 4063
965 4063
966 4063
967 4063
968 4062
969 4063
970 4063
971 4062
972 4062
973 4059
974 4063
975 4060
976 4062
977 4066
978 4062
979 4062
980 4063
981 4059
982 4067
983 4062
984 4064
985 4062
986 4063
987 4066
988 4063
989 4061
990 4060
991 4063
992 4061
993 4063
994 4062
995 4060
996 4063
997 4061
998 4062
999 4063
1000 4063
1001 4063
1002 4062
1003 4058
1004 4059
1005 4063
1006 4060
1007 4063
1008 4062
1009 4062
1010 4062
1011 4066
1012 4062
1013 4062
1014 4065
1015 4063
1016 4065
1017 4062
1018 4062
1019 4062
1020 4060
1021 4062
1022 4063
1023 4065
1024 4064
1025 4063
1026 4065
1027 4062
1028 4063
1029 4063
1030 4065
1031 4063
1032 4063
1033 4063
1034 4062
1035 4063
1036 4062
1037 4062
1038 4062
1039 4063
1040 4062
1041 4063
1042 4062
1043 4063
1044 4063
1045 4061
1046 4063
1047 4061
1048 4062
1049 4063
1050 4062
1051 4065
1052 4060
1053 4063
1054 4065
1055 4062
1056 4060
1057 4062
1058 4063
1059 4061
1060 4062
1061 4063
1062 4062
1063 4062
1064 4063
1065 4060
1066 4062
1067 4061
1068 4063
1069 4063
1070 4060
1071 4062
1072 4059
1073 4063
1074 4061
1075 4063
1076 4060
1077 4063
1078 4063
1079 4061
1080 4060
1081 4061
1082 4060
1083 4064
1084 4062
1085 4065
1086 4063
1087 4065
1088 4065
1089 4062
1090 4063
1091 4061
1092 4063
1093 4062
1094 4065
1095 4063
1096 4062
1097 4058
1098 4061
1099 4061
1100 4059
1101 4067
1102 4059
1103 4061
1104 4061
1105 4065
1106 4062
1107 4062
1108 4062
1109 4060
1110 4065
1111 4061
1112 4061
1113 4062
1114 4061
1115 4063
1116 4062
1117 4061
1118 4062
1119 4063
1120 4063
1121 4062
1122 4063
1123 4066
1124 4061
1125 4063
1126 4063
1127 4063
1128 4056
1129 4063
1130 4063
1131 4061
1132 4063
1133 4060
1134 4063
1135 4063
1136 4062
1137 4066
1138 4063
1139 4060
1140 4062
1141 4063
1142 4060
1143 4063
1144 4063
1145 4062
1146 4058
1147 4062
1148 4063
1149 4065
1150 4063
1151 4063
1152 4060
1153 4061
1154 4062
1155 4063
1156 4062
1157 4063
1158 4062
1159 4064
1160 4062
1161 4063
1162 4061
1163 4061
1164 4060
1165 4063
1166 4061
1167 4061
1168 4063
1169 4066
1170 4060
1171 4061
1172 4063
1173 4063
1174 4062
1175 4062
1176 4062
1177 4064
1178 4061
1179 4063
1180 4061
1181 4062
1182 4061
1183 4065
1184 4065
1185 4060
1186 4061
1187 4062
1188 4062
1189 4063
1190 4063
1191 4063
1192 4063
1193 4066
1194 4062
1195 4065
1196 4063
1197 4063
1198 4062
1199 4063
1200 4061
1201 4065
1202 4063
1203 4060
1204 4063
1205 4067
1206 4063
1207 4063
1208 4062
1209 4062
1210 4062
1211 4062
1212 4062
1213 4063
1214 4063
1215 4063
1216 4063
1217 4058
1218 4062
1219 4061
1220 4061
1221 4067
1222 4062
1223 4063
1224 4063
1225 4063
1226 4062
1227 4064
1228 4063
1229 4059
1230 4061
1231 4062
1232 4062
1233 4059
1234 4063
1235 4063
1236 4062
1237 4063
1238 4062
1239 4062
1240 4061
1241 4066
1242 4061
1243 4066
1244 4066
1245 4060
1246 4061
1247 4060
1248 4062
1249 4063
1250 4062
1251 4065
1252 4062
1253 4063
1254 4059
1255 4061
1256 4062
1257 4065
1258 4060
1259 4060
1260 4063
1261 4063
1262 4062
1263 4063
1264 4063
1265 4063
1266 4063
1267 4063
1268 4058
1269 4062
1270 4063
1271 4063
1272 4061
1273 4061
1274 4061
1275 4062
1276 4063
1277 4067
1278 4060
1279 4059
1280 4061
1281 4060
1282 4061
1283 4063
1284 4063
1285 4063
1286 4062
1287 4063
1288 4062
1289 4063
1290 4062
1291 4063
1292 4062
1293 4063
1294 4062
1295 4065
1296 4063
1297 4061
1298 4061
1299 4064
1300 4062
1301 4065
1302 4061
1303 4060
1304 4062
1305 4063
1306 4062
1307 4063
1308 4062
1309 4062
1310 4063
1311 4063
1312 4063
1313 4062
1314 4060
1315 4062
1316 4063
1317 4063
1318 4061
1319 4063
1320 4062
1321 4062
1322 4063
1323 4063
1324 4062
1325 4060
1326 4062
1327 4061
1328 4062
1329 4061
1330 4060
1331 4061
1332 4065
1333 4065
1334 4062
1335 4063
1336 4065
1337 4063
1338 4061
1339 4061
1340 4063
1341 4063
1342 4061
1343 4061
1344 4061
1345 4062
1346 4064
1347 4062
1348 4062
1349 4062
1350 4060
1351 4066
1352 4059
1353 4062
1354 4063
1355 4063
1356 4061
1357 4066
1358 4063
1359 4062
1360 4060
1361 4066
1362 4062
1363 4063
1364 4066
1365 4060
1366 4062
1367 4063
1368 4063
1369 4062
1370 4062
1371 4063
1372 4063
1373 4063
1374 4062
1375 4059
1376 4062
1377 4059
1378 4060
1379 4063
1380 4062
1381 4059
1382 4061
1383 4062
1384 4061
1385 4063
1386 4061
1387 4063
1388 4064
1389 4063
1390 4063
1391 4061
1392 4061
1393 4062
1394 4062
1395 4063
1396 4061
1397 4060
1398 4061
1399 4063
1400 4065
1401 4063
1402 4062
1403 4063
1404 4062
1405 4062
1406 4061
1407 4062
1408 4064
1409 4061
1410 4062
1411 4062
1412 4062
1413 4063
1414 4062
1415 4065
1416 4063
1417 4067
1418 4063
1419 4062
1420 4063
1421 4065
1422 4060
1423 4061
1424 4062
1425 4063
1426 4061
1427 4066
1428 4061
1429 4062
1430 4063
1431 4062
1432 4066
1433 4059
1434 4059
1435 4062
1436 4063
1437 4063
1438 4063
1439 4063
1440 4062
1441 4061
1442 4061
1443 4062
1444 4062
1445 4063
1446 4064
1447 4059
1448 4062
1449 4063
1450 4062
1451 4063
1452 4060
1453 4063
1454 4063
1455 4062
1456 4061
1457 4062
1458 4060
1459 4060
1460 4062
1461 4060
1462 4063
1463 4065
1464 4061
1465 4063
1466 4060
1467 4062
1468 4063
1469 4063
1470 4063
1471 4061
1472 4062
1473 4061
1474 4064
1475 4063
1476 4061
1477 4065
1478 4062
1479 4063
1480 4063
1481 4063
1482 4063
1483 4063
1484 4062
1485 4061
1486 4062
1487 4066
1488 4066
1489 4061
1490 4066
1491 4062
1492 4059
1493 4060
1494 4063
1495 4063
1496 4063
1497 4063
1498 4062
1499 4062
1500 4065
1501 4065
1502 4062
1503 4059
1504 4062
1505 4069
1506 4059
1507 4063
1508 4062
1509 4063
1510 4062
1511 4061
1512 4063
1513 4067
1514 4061
1515 4061
1516 4063
1517 4063
1518 4062
1519 4062
1520 4061
1521 4063
1522 4063
1523 4064
1524 4063
1525 4062
1526 4063
1527 4061
1528 4062
1529 4063
1530 4063
1531 4058
1532 4060
1533 4065
1534 4061
1535 4062
1536 4063
1537 4060
1538 4061
1539 4063
1540 4063
1541 4065
1542 4063
1543 4062
1544 4062
1545 4061
1546 4063
1547 4063
1548 4061
1549 4063
1550 4063
1551 4061
1552 4060
1553 4063
1554 4062
1555 4063
1556 4060
1557 4062
1558 4062
1559 4065
1560 4063
1561 4063
1562 4063
1563 4062
1564 4061
1565 4063
1566 4063
1567 4065
1568 4061
1569 4065
1570 4063
1571 4065
1572 4062
1573 4061
1574 4060
1575 4063
1576 4059
1577 4063
1578 4062
1579 4062
1580 4066
1581 4060
1582 4062
1583 4063
1584 4060
1585 4065
1586 4062
1587 4063
1588 4060
1589 4062
1590 4063
1591 4063
1592 4063
1593 4063
1594 4063
1595 4059
1596 4060
1597 4062
1598 4062
1599 4066
1600 4063
1601 4066
1602 4063
1603 4063
1604 4063
1605 4065
1606 4063
1607 4061
1608 4063
1609 4063
1610 4062
1611 4063
1612 4062
1613 4063
1614 4065
1615 4063
1616 4062
1617 4063
1618 4065
1619 4060
1620 4061
1621 4062
1622 4062
1623 4063
1624 4064
1625 4063
1626 4062
1627 4063
1628 4062
1629 4062
1630 4063
1631 4060
1632 4063
1633 4062
1634 4062
1635 4063
1636 4060
1637 4063
1638 4059
1639 4063
1640 4063
1641 4061
1642 4063
1643 4063
1644 4063
1645 4062
1646 4067
1647 4063
1648 4059
1649 4060
1650 4060
1651 4066
1652 4060
1653 4063
1654 4063
1655 4067
1656 4062
1657 4064
1658 4061
1659 4063
1660 4063
1661 4063
1662 4062
1663 4063
1664 4063
1665 4062
1666 4062
1667 4061
1668 4062
1669 4061
1670 4061
1671 4063
1672 4060
1673 4061
1674 4060
1675 4060
1676 4063
1677 4059
1678 4060
1679 4061
1680 4060
1681 4063
1682 4060
1683 4063
1684 4060
1685 4061
1686 4063
1687 4060
1688 4058
1689 4064
1690 4061
1691 4063
1692 4063
1693 4063
1694 4063
1695 4063
1696 4063
1697 4063
1698 4060
1699 4063
1700 4063
1701 4063
1702 4061
1703 4063
1704 4065
1705 4060
1706 4061
1707 4063
1708 4062
1709 4067
1710 4062
1711 4063
1712 4063
1713 4063
1714 4062
1715 4063
1716 4063
1717 4066
1718 4063
1719 4063
1720 4060
1721 4066
1722 4062
1723 4063
1724 4063
1725 4063
1726 4061
1727 4066
1728 4059
1729 4063
1730 4061
1731 4060
1732 4063
1733 4066
1734 4064
1735 4066
1736 4063
1737 4062
1738 4063
1739 4065
1740 4063
1741 4062
1742 4063
1743 4063
1744 4068
1745 4062
1746 4062
1747 4062
1748 4063
1749 4062
1750 4064
1751 4066
1752 4055
1753 4063
1754 4062
1755 4063
1756 4059
1757 4064
1758 4062
1759 4062
1760 4062
1761 4063
1762 4062
1763 4063
1764 4062
1765 4063
1766 4063
1767 4063
1768 4063
1769 4065
1770 4059
1771 4063
1772 4061
1773 4061
1774 4062
1775 4062
1776 4062
1777 4063
1778 4063
1779 4062
1780 4062
1781 4063
1782 4063
1783 4063
1784 4062
1785 4062
1786 4060
1787 4060
1788 4065
1789 4062
1790 4062
1791 4063
1792 4059
1793 4062
1794 4062
1795 4065
1796 4062
1797 4062
1798 4061
1799 4062
1800 4059
1801 4064
1802 4062
1803 4066
1804 4061
1805 4062
1806 4060
1807 4060
1808 4063
1809 4061
1810 4062
1811 4061
1812 4065
1813 4063
1814 4062
1815 4066
1816 4062
1817 4063
1818 4060
1819 4061
1820 4060
1821 4066
1822 4062
1823 4062
1824 4062
1825 4061
1826 4063
1827 4066
1828 4063
1829 4063
1830 4061
1831 4060
1832 4063
1833 4063
1834 4063
1835 4060
1836 4064
1837 4061
1838 4062
1839 4062
1840 4060
1841 4063
1842 4063
1843 4063
1844 4059
1845 4063
1846 4065
1847 4063
1848 4060
1849 4065
1850 4060
1851 4066
1852 4061
1853 4060
1854 4063
1855 4061
1856 4063
1857 4062
1858 4062
1859 4061
1860 4063
1861 4063
1862 4063
1863 4062
1864 4063
1865 4060
1866 4063
1867 4063
1868 4062
1869 4063
1870 4063
1871 4062
1872 4060
1873 4063
1874 4063
1875 4061
1876 4063
1877 4062
1878 4063
1879 4061
1880 4063
1881 4062
1882 4065
1883 4062
1884 4066
1885 4060
1886 4066
1887 4059
1888 4059
1889 4062
1890 4065
1891 4062
1892 4061
1893 4065
1894 4062
1895 4062
1896 4063
1897 4063
1898 4060
1899 4062
1900 4061
1901 4067
1902 4062
1903 4060
1904 4063
1905 4061
1906 4061
1907 4065
1908 4065
1909 4058
1910 4063
1911 4063
1912 4063
1913 4064
1914 4065
1915 4063
1916 4061
1917 4063
1918 4063
1919 4063
1920 4062
1921 4061
1922 4063
1923 4059
1924 4065
1925 4061
1926 4063
1927 4062
1928 4063
1929 4063
1930 4063
1931 4062
1932 4061
1933 4060
1934 4060
1935 4060
1936 4065
1937 4063
1938 4062
1939 4063
1940 4062
1941 4062
1942 4063
1943 4061
1944 4060
1945 4065
1946 4063
1947 4062
1948 4065
1949 4063
1950 4063
1951 4068
1952 4062
1953 4063
1954 4063
1955 4063
1956 4062
1957 4063
1958 4061
1959 4065
1960 4064
1961 4063
1962 4063
1963 4062
1964 4062
1965 4063
1966 4063
1967 4059
1968 4062
1969 4062
1970 4063
1971 4063
1972 4062
1973 4063
1974 4064
1975 4063
1976 4062
1977 4063
1978 4061
1979 4063
1980 4063
1981 4061
1982 4062
1983 4061
1984 4063
1985 4065
1986 4063
1987 4063
1988 4062
1989 4062
1990 4062
1991 4065
1992 4064
1993 4060
1994 4063
1995 4062
1996 4062
1997 4066
1998 4065
1999 4065
2000 4060
2001 4063
2002 4058
2003 4061
2004 4065
2005 4063
2006 4061
2007 4062
2008 4062
2009 4063
2010 4061
2011 4063
2012 4059
2013 4063
2014 4063
2015 4062
2016 4062
2017 4061
2018 4063
2019 4063
2020 4063
2021 4060
2022 4059
2023 4063
2024 4063
2025 4062
2026 4067
2027 4062
2028 4062
2029 4062
2030 4060
2031 4064
2032 4061
2033 4064
2034 4062
2035 4061
2036 4062
2037 4063
2038 4061
2039 4063
2040 4061
2041 4063
2042 4061
2043 4063
2044 4060
2045 4066
2046 4062
2047 4063
2048 4062
2049 4061
2050 4063
2051 4063
2052 4060
2053 4063
2054 4062
2055 4063
2056 4059
2057 4062
2058 4061
2059 4062
2060 4058
2061 4061
2062 4066
2063 4062
2064 4060
2065 4066
2066 4061
2067 4063
2068 4063
2069 4060
2070 4060
2071 4062
2072 4062
2073 4063
2074 4061
2075 4065
2076 4060
2077 4062
2078 4063
2079 4063
2080 4060
2081 4062
2082 4063
2083 4063
2084 4063
2085 4060
2086 4065
2087 4061
2088 4062
2089 4062
2090 4059
2091 4063
2092 4058
2093 4062
2094 4066
2095 4060
2096 4063
2097 4062
2098 4065
2099 4062
2100 4063
2101 4068
2102 4058
2103 4063
2104 4062
2105 4062
2106 4062
2107 4063
2108 4065
2109 4065
2110 4060
2111 4063
2112 4063
2113 4063
2114 4059
2115 4059
2116 4063
2117 4065
2118 4063
2119 4062
2120 4062
2121 4063
2122 4062
2123 4062
2124 4062
2125 4063
2126 4062
2127 4063
2128 4063
2129 4062
2130 4062
2131 4063
2132 4060
2133 4062
2134 4062
2135 4065
2136 4062
2137 4062
2138 4063
2139 4066
2140 4061
2141 4062
2142 4066
2143 4063
2144 4063
2145 4063
2146 4062
2147 4063
2148 4065
2149 4066
2150 4062
2151 4066
2152 4060
2153 4061
2154 4063
2155 4063
2156 4062
2157 4062
2158 4064
2159 4062
2160 4063
2161 4060
2162 4063
2163 4062
2164 4064
2165 4060
2166 4063
2167 4063
2168 4061
2169 4063
2170 4063
2171 4061
2172 4063
2173 4063
2174 4062
2175 4063
2176 4063
2177 4063
2178 4063
2179 4063
2180 4062
2181 4062
2182 4062
2183 4063
2184 4060
2185 4060
2186 4063
2187 4063
2188 4062
2189 4063
2190 4061
2191 4062
2192 4061
2193 4063
2194 4063
2195 4063
2196 4062
2197 4063
2198 4062
2199 4063
2200 4062
2201 4063
2202 4062
2203 4060
2204 4062
2205 4063
2206 4060
2207 4067
2208 4061
2209 4063
2210 4059
2211 4061
2212 4063
2213 4062
2214 4061
2215 4063
2216 4062
2217 4063
2218 4063
2219 4066
2220 4062
2221 4065
2222 4066
2223 4063
2224 4059
2225 4061
2226 4063
2227 4063
2228 4061
2229 4062
2230 4060
2231 4063
2232 4063
2233 4062
2234 4063
2235 4066
2236 4067
2237 4063
2238 4063
2239 4063
2240 4061
2241 4066
2242 4061
2243 4063
2244 4063
2245 4063
2246 4063
2247 4059
2248 4065
2249 4061
2250 4061
2251 4063
2252 4062
2253 4062
2254 4063
2255 4061
2256 4062
2257 4066
2258 4063
2259 4063
2260 4062
2261 4063
2262 4063
2263 4061
2264 4062
2265 4066
2266 4062
2267 4063
2268 4063
2269 4063
2270 4063
2271 4062
2272 4060
2273 4063
2274 4062
2275 4066
2276 4060
2277 4062
2278 4063
2279 4063
2280 4059
2281 4062
2282 4066
2283 4066
2284 4061
2285 4063
2286 4062
2287 4060
2288 4062
2289 4065
2290 4062
2291 4062
2292 4065
2293 4062
2294 4062
2295 4063
2296 4062
2297 4063
2298 4063
2299 4062
2300 4060
2301 4066
2302 4058
2303 4063
2304 4063
2305 4063
2306 4062
2307 4066
2308 4060
2309 4063
2310 4062
2311 4063
2312 4063
2313 4061
2314 4062
2315 4063
2316 4061
2317 4062
2318 4062
2319 4062
2320 4062
2321 4065
2322 4060
2323 4063
2324 4065
2325 4063
2326 4059
2327 4066
2328 4061
2329 4062
2330 4065
2331 4062
2332 4063
2333 4062
2334 4061
2335 4062
2336 4062
2337 4062
2338 4063
2339 4062
2340 4063
2341 4060
2342 4063
2343 4065
2344 4065
2345 4062
2346 4060
2347 4062
2348 4063
2349 4061
2350 4063
2351 4066
2352 4060
2353 4063
2354 4062
2355 4062
2356 4060
2357 4062
2358 4059
2359 4063
2360 4062
2361 4062
2362 4063
2363 4065
2364 4062
2365 4063
2366 4060
2367 4060
2368 4063
2369 4061
2370 4063
2371 4063
2372 4060
2373 4061
2374 4062
2375 4063
2376 4061
2377 4063
2378 4063
2379 4061
2380 4063
2381 4062
2382 4062
2383 4062
2384 4065
2385 4063
2386 4061
2387 4062
2388 4062
2389 4062
2390 4065
2391 4062
2392 4063
2393 4063
2394 4063
2395 4063
2396 4060
2397 4063
2398 4063
2399 4060
2400 4062
2401 4065
2402 4060
2403 4065
2404 4064
2405 4062
2406 4061
2407 4066
2408 4061
2409 4065
2410 4062
2411 4061
2412 4060
2413 4067
2414 4062
2415 4063
2416 4063
2417 4060
2418 4063
2419 4065
2420 4062
2421 4065
2422 4063
2423 4063
2424 4058
2425 4063
2426 4063
2427 4063
2428 4066
2429 4062
2430 4061
2431 4063
2432 4065
2433 4065
2434 4063
2435 4063
2436 4063
2437 4063
2438 4062
2439 4066
2440 4062
2441 4067
2442 4062
2443 4065
2444 4061
2445 4062
2446 4063
2447 4063
2448 4066
2449 4062
2450 4066
2451 4067
2452 4059
2453 4061
2454 4060
2455 4063
2456 4062
2457 4063
2458 4063
2459 4062
2460 4062
2461 4065
2462 4062
2463 4061
2464 4065
2465 4062
2466 4062
2467 4063
2468 4063
2469 4063
2470 4062
2471 4062
2472 4063
2473 4062
2474 4065
2475 4063
2476 4062
2477 4062
2478 4063
2479 4062
2480 4066
2481 4062
2482 4066
2483 4063
2484 4063
2485 4061
2486 4063
2487 4062
2488 4061
2489 4063
2490 4063
2491 4063
2492 4066
2493 4063
2494 4063
2495 4061
2496 4062
2497 4063
2498 4060
2499 4063
2500 4062
2501 4062
2502 4059
2503 4063
2504 4063
2505 4063
2506 4066
2507 4062
2508 4060
2509 4063
2510 4063
2511 4061
2512 4063
2513 4061
2514 4063
2515 4060
2516 4062
2517 4061
2518 4062
2519 4062
2520 4063
2521 4062
2522 4061
2523 4063
2524 4062
2525 4062
2526 4063
2527 4062
2528 4063
2529 4062
2530 4063
2531 4063
2532 4060
2533 4063
2534 4063
2535 4063
2536 4063
2537 4065
2538 4063
2539 4063
2540 4062
2541 4065
2542 4061
2543 4067
2544 4063
2545 4063
2546 4060
2547 4061
2548 4063
2549 4062
2550 4062
2551 4062
2552 4062
2553 4063
2554 4063
2555 4063
2556 4061
2557 4060
2558 4061
2559 4061
2560 4063
2561 4063
2562 4063
2563 4065
2564 4066
2565 4061
2566 4063
2567 4060
2568 4065
2569 4063
2570 4063
2571 4066
2572 4061
2573 4063
2574 4059
2575 4063
2576 4063
2577 4062
2578 4062
2579 4062
2580 4062
2581 4063
2582 4063
2583 4063
2584 4062
2585 4062
2586 4063
2587 4063
2588 4062
2589 4070
2590 4060
2591 4062
2592 4062
2593 4063
2594 4062
2595 4061
2596 4063
2597 4060
2598 4062
2599 4065
2600 4061
2601 4063
2602 4059
2603 4066
2604 4062
2605 4061
2606 4060
2607 4066
2608 4061
2609 4062
2610 4058
2611 4063
2612 4061
2613 4063
2614 4066
2615 4062
2616 4063
2617 4062
2618 4061
2619 4066
2620 4062
2621 4063
2622 4062
2623 4062
2624 4062
2625 4067
2626 4063
2627 4062
2628 4061
2629 4061
2630 4061
2631 4062
2632 4067
2633 4060
2634 4063
2635 4063
2636 4061
2637 4062
2638 4063
2639 4065
2640 4063
2641 4061
2642 4063
2643 4063
2644 4066
2645 4062
2646 4063
2647 4063
2648 4064
2649 4061
2650 4066
2651 4067
2652 4060
2653 4065
2654 4063
2655 4063
2656 4061
2657 4063
2658 4061
2659 4062
2660 4062
2661 4064
2662 4065
2663 4062
2664 4061
2665 4062
2666 4062
2667 4059
2668 4062
2669 4063
2670 4062
2671 4063
2672 4060
2673 4063
2674 4061
2675 4058
2676 4062
2677 4065
2678 4062
2679 4062
2680 4062
2681 4061
2682 4063
2683 4061
2684 4061
2685 4062
2686 4062
2687 4063
2688 4062
2689 4062
2690 4066
2691 4063
2692 4062
2693 4060
2694 4062
2695 4063
2696 4063
2697 4060
2698 4065
2699 4062
2700 4065
2701 4065
2702 4061
2703 4063
2704 4065
2705 4063
2706 4066
2707 4063
2708 4066
2709 4063
2710 4063
2711 4061
2712 4065
2713 4061
2714 4063
2715 4063
2716 4061
2717 4063
2718 4063
2719 4063
2720 4066
2721 4063
2722 4063
2723 4063
2724 4061
2725 4062
2726 4062
2727 4062
2728 4061
2729 4063
2730 4063
2731 4062
2732 4064
2733 4061
2734 4067
2735 4060
2736 4059
2737 4062
2738 4061
2739 4062
2740 4063
2741 4063
2742 4063
2743 4062
2744 4063
2745 4063
2746 4063
2747 4062
2748 4062
2749 4062
2750 4062
2751 4068
2752 4063
2753 4061
2754 4062
2755 4064
2756 4062
2757 4062
2758 4063
2759 4063
2760 4061
2761 4063
2762 4060
2763 4062
2764 4063
2765 4063
2766 4061
2767 4062
2768 4063
2769 4062
2770 4064
2771 4060
2772 4062
2773 4062
2774 4060
2775 4060
2776 4061
2777 4061
2778 4060
2779 4061
2780 4062
2781 4063
2782 4063
2783 4062
2784 4059
2785 4061
2786 4062
2787 4059
2788 4063
2789 4061
2790 4062
2791 4062
2792 4059
2793 4062
2794 4062
2795 4058
2796 4059
2797 4059
2798 4053
2799 4054
2800 4050
2801 4054
2802 4044
2803 4040
2804 4031
2805 4026
2806 4016
2807 4016
2808 4008
2809 4005
2810 3990
2811 3990
2812 3982
2813 3977
2814 3964
2815 3966
2816 3945
2817 3942
2818 3938
2819 3926
2820 3929
2821 3914
2822 3911
2823 3922
2824 3918
2825 3932
2826 3929
2827 3933
2828 3946
2829 3940
2830 3942
2831 3947
2832 3942
2833 3952
2834 3963
2835 3963
2836 3982
2837 3975
2838 3992
2839 3993
2840 3994
2841 3998
2842 4006
2843 4012
2844 4016
2845 4016
2846 4022
2847 4023
2848 4026
2849 4031
2850 4027
2851 4034
2852 4029
2853 4039
2854 4042
2855 4048
2856 4046
2857 4054
2858 4058
2859 4054
2860 4058
2861 4058
2862 4058
2863 4056
2864 4061
2865 4056
2866 4061
2867 4060
2868 4062
2869 4059
2870 4060
2871 4063
2872 4061
2873 4061
2874 4060
2875 4063
2876 4058
2877 4065
2878 4066
2879 4058
2880 4058
2881 4062
2882 4061
2883 4062
2884 4063
2885 4063
2886 4063
2887 4065
2888 4065
2889 4062
2890 4058
2891 4063
2892 4060
2893 4062
2894 4063
2895 4063
2896 4062
2897 4061
2898 4062
2899 4063
2900 4061
2901 4063
2902 4059
2903 4062
2904 4062
2905 4062
2906 4061
2907 4065
2908 4063
2909 4062
2910 4062
2911 4062
2912 4065
2913 4062
2914 4062
2915 4065
2916 4062
2917 4063
2918 4063
2919 4062
2920 4063
2921 4061
2922 4063
2923 4062
2924 4065
2925 4062
2926 4061
2927 4061
2928 4065
2929 4063
2930 4060
2931 4063
2932 4061
2933 4060
2934 4062
2935 4063
2936 4065
2937 4062
2938 4063
2939 4063
2940 4057
2941 4062
2942 4062
2943 4066
2944 4062
2945 4063
2946 4062
2947 4062
2948 4063
2949 4063
2950 4063
2951 4063
2952 4057
2953 4063
2954 4062
2955 4062
2956 4066
2957 4062
2958 4063
2959 4063
2960 4062
2961 4063
2962 4066
2963 4063
2964 4062
2965 4063
2966 4063
2967 4063
2968 4067
2969 4061
2970 4061
2971 4063
2972 4061
2973 4062
2974 4063
2975 4063
2976 4062
2977 4061
2978 4062
2979 4062
2980 4063
2981 4060
2982 4063
2983 4063
2984 4061
2985 4063
2986 4061
2987 4062
2988 4062
2989 4062
2990 4061
2991 4061
2992 4062
2993 4061
2994 4060
2995 4061
2996 4062
2997 4060
2998 4063
2999 4066
3000 4065
3001 4063
3002 4060
3003 4063
3004 4064
3005 4061
3006 4061
3007 4063
3008 4063
3009 4061
3010 4065
3011 4065
3012 4062
3013 4061
3014 4063
3015 4061
3016 4066
3017 4063
3018 4062
3019 4063
3020 4062
3021 4062
3022 4063
3023 4062
3024 4063
3025 4063
3026 4060
3027 4066
3028 4065
3029 4062
3030 4063
3031 4062
3032 4062
3033 4063
3034 4067
3035 4061
3036 4063
3037 4062
3038 4063
3039 4066
3040 4068
3041 4063
3042 4063
3043 4063
3044 4065
3045 4066
3046 4065
3047 4063
3048 4059
3049 4062
3050 4061
3051 4065
3052 4061
3053 4062
3054 4060
3055 4063
3056 4063
3057 4063
3058 4062
3059 4066
3060 4061
3061 4062
3062 4059
3063 4062
3064 4063
3065 4063
3066 4058
3067 4063
3068 4061
3069 4062
3070 4066
3071 4061
3072 4063
3073 4063
3074 4058
3075 4063
3076 4062
3077 4065
3078 4063
3079 4065
3080 4063
3081 4065
3082 4063
3083 4062
3084 4062
3085 4063
3086 4061
3087 4063
3088 4063
3089 4063
3090 4063
3091 4063
3092 4061
3093 4063
3094 4066
3095 4060
3096 4060
3097 4063
3098 4062
3099 4063
3100 4060
3101 4062
3102 4061
3103 4063
3104 4063
3105 4063
3106 4060
3107 4061
3108 4062
3109 4060
3110 4058
3111 4062
3112 4066
3113 4059
3114 4061
3115 4063
3116 4063
3117 4066
3118 4063
3119 4063
3120 4063
3121 4063
3122 4062
3123 4063
3124 4062
3125 4063
3126 4060
3127 4062
3128 4059
3129 4060
3130 4063
3131 4062
3132 4061
3133 4062
3134 4062
3135 4063
3136 4062
3137 4062
3138 4061
3139 4065
3140 4062
3141 4060
3142 4060
3143 4063
3144 4063
3145 4061
3146 4061
3147 4060
3148 4061
3149 4063
3150 4063
3151 4062
3152 4061
3153 4061
3154 4060
3155 4061
3156 4061
3157 4063
3158 4066
3159 4061
3160 4067
3161 4063
3162 4060
3163 4061
3164 4063
3165 4063
3166 4062
3167 4066
3168 4060
3169 4065
3170 4063
3171 4060
3172 4061
3173 4064
3174 4061
3175 4063
3176 4061
3177 4061
3178 4062
3179 4062
3180 4063
3181 4059
3182 4065
3183 4062
3184 4063
3185 4063
3186 4063
3187 4063
3188 4060
3189 4067
3190 4062
3191 4065
3192 4063
3193 4063
3194 4062
3195 4063
3196 4062
3197 4063
3198 4061
3199 4063
3200 4063
3201 4063
3202 4062
3203 4062
3204 4065
3205 4063
3206 4062
3207 4060
3208 4060
3209 4063
3210 4063
3211 4062
3212 4063
3213 4063
3214 4058
3215 4063
3216 4063
3217 4062
3218 4066
3219 4063
3220 4061
3221 4063
3222 4061
3223 4063
3224 4062
3225 4062
3226 4063
3227 4061
3228 4063
3229 4063
3230 4062
3231 4063
3232 4063
3233 4060
3234 4061
3235 4062
3236 4063
3237 4061
3238 4065
3239 4063
3240 4065
3241 4063
3242 4063
3243 4066
3244 4061
3245 4061
3246 4066
3247 4061
3248 4060
3249 4062
3250 4062
3251 4063
3252 4062
3253 4060
3254 4060
3255 4066
3256 4063
3257 4066
3258 4063
3259 4066
3260 4062
3261 4063
3262 4058
3263 4062
3264 4063
3265 4062
3266 4063
3267 4062
3268 4062
3269 4063
3270 4062
3271 4062
3272 4062
3273 4063
3274 4063
3275 4066
3276 4063
3277 4060
3278 4060
3279 4063
3280 4061
3281 4066
3282 4062
3283 4061
3284 4065
3285 4060
3286 4061
3287 4064
3288 4060
3289 4062
3290 4061
3291 4063
3292 4063
3293 4062
3294 4063
3295 4060
3296 4065
3297 4063
3298 4059
3299 4063
3300 4060
3301 4064
3302 4062
3303 4063
3304 4063
3305 4066
3306 4065
3307 4063
3308 4060
3309 4061
3310 4063
3311 4065
3312 4062
3313 4065
3314 4063
3315 4062
3316 4060
3317 4063
3318 4060
3319 4060
3320 4063
3321 4062
3322 4060
3323 4062
3324 4063
3325 4062
3326 4061
3327 4062
3328 4061
3329 4065
3330 4063
3331 4058
3332 4062
3333 4060
3334 4063
3335 4063
3336 4063
3337 4060
3338 4062
3339 4059
3340 4058
3341 4062
3342 4060
3343 4060
3344 4060
3345 4062
3346 4061
3347 4061
3348 4059
3349 4062
3350 4061
3351 4062
3352 4062
3353 4060
3354 4063
3355 4060
3356 4061
3357 4063
3358 4062
3359 4062
3360 4063
3361 4063
3362 4063
3363 4063
3364 4063
3365 4062
3366 4063
3367 4060
3368 4063
3369 4063
3370 4063
3371 4066
3372 4064
3373 4062
3374 4066
3375 4061
3376 4065
3377 4063
3378 4061
3379 4063
3380 4061
3381 4061
3382 4062
3383 4060
3384 4061
3385 4060
3386 4060
3387 4063
3388 4061
3389 4062
3390 4061
3391 4063
3392 4061
3393 4063
3394 4062
3395 4062
3396 4066
3397 4063
3398 4062
3399 4066
3400 4063
3401 4062
3402 4061
3403 4061
3404 4062
3405 4061
3406 4060
3407 4062
3408 4060
3409 4062
3410 4060
3411 4065
3412 4063
3413 4065
3414 4056
3415 4060
3416 4059
3417 4060
3418 4065
3419 4059
3420 4063
3421 4061
3422 4063
3423 4062
3424 4063
3425 4063
3426 4063
3427 4062
3428 4063
3429 4062
3430 4062
3431 4061
3432 4062
3433 4063
3434 4060
3435 4063
3436 4059
3437 4063
3438 4061
3439 4059
3440 4066
3441 4059
3442 4060
3443 4063
3444 4062
3445 4063
3446 4063
3447 4060
3448 4061
3449 4066
3450 4061
3451 4066
3452 4060
3453 4063
3454 4063
3455 4060
3456 4065
3457 4066
3458 4062
3459 4061
3460 4063
3461 4061
3462 4067
3463 4063
3464 4060
3465 4063
3466 4063
3467 4062
3468 4062
3469 4066
3470 4062
3471 4062
3472 4063
3473 4062
3474 4066
3475 4062
3476 4065
3477 4063
3478 4063
3479 4066
3480 4063
3481 4060
3482 4063
3483 4063
3484 4060
3485 4063
3486 4062
3487 4062
3488 4062
3489 4063
3490 4060
3491 4063
3492 4063
3493 4063
3494 4062
3495 4063
3496 4063
3497 4063
3498 4062
3499 4061
3500 4062
3501 4065
3502 4058
3503 4062
3504 4066
3505 4063
3506 4062
3507 4062
3508 4062
3509 4061
3510 4063
3511 4063
3512 4063
3513 4063
3514 4063
3515 4063
3516 4063
3517 4065
3518 4060
3519 4063
3520 4062
3521 4063
3522 4060
3523 4066
3524 4062
3525 4061
3526 4065
3527 4063
3528 4062
3529 4058
3530 4061
3531 4067
3532 4062
3533 4063
3534 4062
3535 4063
3536 4062
3537 4062
3538 4063
3539 4062
3540 4066
3541 4061
3542 4062
3543 4063
3544 4063
3545 4062
3546 4059
3547 4063
3548 4063
3549 4061
3550 4063
3551 4066
3552 4060
3553 4062
3554 4061
3555 4063
3556 4058
3557 4063
3558 4063
3559 4061
3560 4062
3561 4060
3562 4063
3563 4063
3564 4063
3565 4060
3566 4063
3567 4066
3568 4062
3569 4063
3570 4067
3571 4063
3572 4063
3573 4062
3574 4063
3575 4060
3576 4063
3577 4062
3578 4061
3579 4062
3580 4060
3581 4065
3582 4063
3583 4062
3584 4063
3585 4060
3586 4060
3587 4062
3588 4062
3589 4062
3590 4060
3591 4063
3592 4061
3593 4063
3594 4062
3595 4062
3596 4060
3597 4061
3598 4061
3599 4063
3600 4063
3601 4066
3602 4058
3603 4063
3604 4063
3605 4065
3606 4059
3607 4063
3608 4061
3609 4063
3610 4062
3611 4066
3612 4062
3613 4061
3614 4061
3615 4063
3616 4063
3617 4062
3618 4062
3619 4061
3620 4063
3621 4065
3622 4063
3623 4061
3624 4061
3625 4062
3626 4065
3627 4060
3628 4065
3629 4063
3630 4063
3631 4061
3632 4062
3633 4062
3634 4063
3635 4062
3636 4063
3637 4064
3638 4062
3639 4061
3640 4061
3641 4060
3642 4061
3643 4063
3644 4063
3645 4064
3646 4065
3647 4061
3648 4063
3649 4062
3650 4063
3651 4065
3652 4059
3653 4062
3654 4063
3655 4062
3656 4063
3657 4062
3658 4062
3659 4062
3660 4063
3661 4062
3662 4062
3663 4062
3664 4060
3665 4063
3666 4062
3667 4066
3668 4063
3669 4062
3670 4063
3671 4062
3672 4062
3673 4065
3674 4062
3675 4061
3676 4060
3677 4063
3678 4062
3679 4063
3680 4063
3681 4062
3682 4063
3683 4059
3684 4060
3685 4061
3686 4063
3687 4062
3688 4062
3689 4062
3690 4063
3691 4061
3692 4065
3693 4066
3694 4061
