#Data from the TCD1304 linear CCD
#column 1 = pixelnumber , column 2 = pixelvalue
#Pixel 1-32 and 3679-3694 and are dummy pixels
#SH-period: 200    ICG-period: 100000    Integration time: 100.0 us
2 4034
3 4035
4 4063
5 4062
6 4063
7 4062
8 4061
9 4063
10 4062
11 4061
12 4061
13 4063
14 4062
15 4063
16 4066
17 4061
18 4063
19 4063
20 4062
21 4062
22 4060
23 4061
24 4062
25 4063
26 4058
27 4063
28 4061
29 4063
30 4063
31 4062
32 4061
34 4058
35 4062
36 4062
37 4059
38 4063
39 4063
40 4062
41 4060
42 4061
43 4062
44 4062
45 4062
46 4061
47 4062
48 4063
49 4062
50 4059
51 4066
52 4060
53 4063
54 4063
55 4063
56 4062
57 4062
58 4063
59 4060
60 4063
61 4063
62 4063
63 4062
64 4063
65 4062
66 4062
67 4062
68 4062
69 4066
70 4060
71 4063
72 4060
73 4062
74 4063
75 4060
76 4063
77 4063
78 4062
79 4063
80 4062
81 4063
82 4061
83 4063
84 4063
85 4063
86 4060
87 4063
88 4062
89 4062
90 4066
91 4068
92 4062
93 4063
94 4063
95 4062
96 4063
97 4061
98 4062
99 4066
100 4063
101 4063
102 4061
103 4061
104 4063
105 4062
106 4062
107 4060
108 4063
109 4060
110 4061
111 4062
112 4063
113 4063
114 4060
115 4062
116 4063
117 4062
118 4060
119 4063
120 4063
121 4059
122 4061
123 4062
124 4063
125 4061
126 4061
127 4063
128 4062
129 4063
130 4062
131 4063
132 4061
133 4063
134 4063
135 4063
136 4061
137 4063
138 4060
139 4059
140 4062
141 4063
142 4062
143 4061
144 4063
145 4063
146 4060
147 4062
148 4062
149 4062
150 4063
151 4063
152 4060
153 4063
154 4061
155 4063
156 4063
157 4063
158 4060
159 4063
160 4063
161 4061
162 4062
163 4062
164 4062
165 4062
166 4063
167 4061
168 4066
169 4063
170 4063
171 4063
172 4060
173 4061
174 4061
175 4063
176 4062
177 4063
178 4062
179 4063
180 4059
181 4059
182 4062
183 4060
184 4063
185 4063
186 4061
187 4063
188 4063
189 4062
190 4062
191 4063
192 4062
193 4060
194 4063
195 4063
196 4060
197 4062
198 4060
199 4063
200 4063
201 4063
202 4059
203 4063
204 4062
205 4060
206 4065
207 4062
208 4063
209 4063
210 4061
211 4060
212 4063
213 4063
214 4063
215 4062
216 4062
217 4063
218 4063
219 4062
220 4066
221 4060
222 4063
223 4063
224 4062
225 4062
226 4063
227 4063
228 4062
229 4063
230 4063
231 4062
232 4060
233 4062
234 4058
235 4061
236 4060
237 4063
238 4063
239 4063
240 4063
241 4058
242 4063
243 4059
244 4063
245 4060
246 4062
247 4058
248 4059
249 4061
250 4060
251 4060
252 4060
253 4063
254 4063
255 4063
256 4063
257 4062
258 4063
259 4063
260 4063
261 4066
262 4063
263 4063
264 4060
265 4063
266 4065
267 4062
268 4059
269 4063
270 4063
271 4063
272 4062
273 4067
274 4063
275 4062
276 4061
277 4062
278 4062
279 4060
280 4063
281 4063
282 4058
283 4057
284 4062
285 4066
286 4061
287 4059
288 4062
289 4062
290 4065
291 4061
292 4063
293 4062
294 4063
295 4062
296 4062
297 4063
298 4063
299 4063
300 4058
301 4063
302 4060
303 4063
304 4063
305 4062
306 4062
307 4062
308 4060
309 4062
310 4063
311 4062
312 4063
313 4061
314 4062
315 4063
316 4061
317 4063
318 4061
319 4061
320 4063
321 4063
322 4063
323 4059
324 4062
325 4063
326 4062
327 4059
328 4063
329 4063
330 4062
331 4065
332 4061
333 4062
334 4063
335 4065
336 4063
337 4063
338 4060
339 4063
340 4063
341 4061
342 4059
343 4061
344 4062
345 4062
346 4062
347 4066
348 4063
349 4062
350 4063
351 4066
352 4060
353 4063
354 4059
355 4060
356 4063
357 4062
358 4060
359 4061
360 4063
361 4065
362 4063
363 4063
364 4062
365 4062
366 4058
367 4063
368 4062
369 4063
370 4061
371 4059
372 4062
373 4060
374 4063
375 4060
376 4063
377 4063
378 4062
379 4063
380 4061
381 4062
382 4062
383 4063
384 4060
385 4062
386 4063
387 4063
388 4061
389 4062
390 4062
391 4062
392 4061
393 4062
394 4063
395 4062
396 4063
397 4063
398 4060
399 4063
400 4063
401 4063
402 4059
403 4061
404 4062
405 4062
406 4063
407 4062
408 4062
409 4062
410 4063
411 4061
412 4062
413 4065
414 4062
415 4062
416 4062
417 4063
418 4063
419 4063
420 4062
421 4063
422 4065
423 4063
424 4060
425 4063
426 4062
427 4060
428 4061
429 4062
430 4061
431 4063
432 4062
433 4060
434 4062
435 4063
436 4058
437 4062
438 4059
439 4062
440 4063
441 4060
442 4056
443 4060
444 4058
445 4059
446 4058
447 4063
448 4061
449 4058
450 4060
451 4060
452 4058
453 4063
454 4060
455 4060
456 4059
457 4062
458 4061
459 4062
460 4061
461 4060
462 4059
463 4060
464 4061
465 4060
466 4062
467 4058
468 4062
469 4058
470 4060
471 4058
472 4063
473 4057
474 4060
475 4062
476 4062
477 4056
478 4060
479 4059
480 4059
481 4059
482 4058
483 4060
484 4061
485 4062
486 4059
487 4063
488 4061
489 4062
490 4059
491 4062
492 4060
493 4060
494 4062
495 4062
496 4060
497 4059
498 4059
499 4060
500 4062
501 4062
502 4058
503 4059
504 4060
505 4062
506 4062
507 4060
508 4059
509 4061
510 4059
511 4060
512 4060
513 4060
514 4059
515 4060
516 4059
517 4059
518 4059
519 4060
520 4059
521 4058
522 4061
523 4061
524 4060
525 4056
526 4058
527 4063
528 4061
529 4059
530 4059
531 4063
532 4057
533 4058
534 4060
535 4060
536 4062
537 4063
538 4062
539 4060
540 4062
541 4060
542 4061
543 4059
544 4061
545 4059
546 4059
547 4060
548 4060
549 4061
550 4060
551 4065
552 4059
553 4060
554 4058
555 4060
556 4059
557 4060
558 4060
559 4060
560 4062
561 4062
562 4062
563 4059
564 4059
565 4062
566 4060
567 4059
568 4060
569 4058
570 4060
571 4062
572 4059
573 4060
574 4059
575 4058
576 4060
577 4058
578 4058
579 4060
580 4061
581 4060
582 4058
583 4062
584 4062
585 4060
586 4060
587 4060
588 4059
589 4062
590 4056
591 4060
592 4058
593 4059
594 4058
595 4059
596 4058
597 4059
598 4060
599 4062
600 4060
601 4066
602 4059
603 4062
604 4060
605 4061
606 4058
607 4060
608 4060
609 4060
610 4060
611 4060
612 4062
613 4061
614 4058
615 4061
616 4059
617 4062
618 4061
619 4063
620 4058
621 4063
622 4059
623 4062
624 4057
625 4060
626 4061
627 4061
628 4056
629 4062
630 4060
631 4061
632 4058
633 4061
634 4059
635 4058
636 4061
637 4062
638 4059
639 4059
640 4061
641 4063
642 4059
643 4062
644 4060
645 4058
646 4060
647 4062
648 4060
649 4063
650 4060
651 4063
652 4058
653 4062
654 4062
655 4060
656 4059
657 4063
658 4062
659 4057
660 4058
661 4061
662 4063
663 4062
664 4057
665 4063
666 4058
667 4058
668 4062
669 4063
670 4060
671 4058
672 4055
673 4062
674 4060
675 4059
676 4061
677 4057
678 4059
679 4060
680 4062
681 4058
682 4059
683 4062
684 4058
685 4059
686 4060
687 4060
688 4060
689 4062
690 4062
691 4059
692 4060
693 4062
694 4060
695 4060
696 4063
697 4060
698 4061
699 4063
700 4061
701 4062
702 4058
703 4061
704 4061
705 4060
706 4058
707 4059
708 4059
709 4057
710 4063
711 4062
712 4060
713 4061
714 4060
715 4061
716 4058
717 4061
718 4060
719 4058
720 4060
721 4063
722 4059
723 4059
724 4062
725 4060
726 4057
727 4058
728 4062
729 4063
730 4062
731 4058
732 4062
733 4063
734 4060
735 4060
736 4060
737 4061
738 4059
739 4062
740 4061
741 4059
742 4061
743 4058
744 4059
745 4063
746 4060
747 4060
748 4060
749 4062
750 4062
751 4061
752 4059
753 4059
754 4058
755 4058
756 4062
757 4061
758 4060
759 4058
760 4062
761 4063
762 4059
763 4060
764 4060
765 4059
766 4058
767 4061
768 4061
769 4061
770 4058
771 4060
772 4061
773 4063
774 4060
775 4063
776 4062
777 4062
778 4063
779 4062
780 4063
781 4060
782 4060
783 4063
784 4060
785 4063
786 4060
787 4062
788 4060
789 4059
790 4063
791 4062
792 4061
793 4062
794 4062
795 4065
796 4063
797 4063
798 4058
799 4063
800 4062
801 4066
802 4062
803 4063
804 4063
805 4062
806 4060
807 4060
808 4063
809 4062
810 4063
811 4063
812 4062
813 4063
814 4061
815 4062
816 4061
817 4063
818 4063
819 4061
820 4063
821 4063
822 4066
823 4063
824 4063
825 4062
826 4060
827 4063
828 4060
829 4063
830 4062
831 4060
832 4062
833 4063
834 4060
835 4063
836 4057
837 4061
838 4063
839 4063
840 4060
841 4062
842 4063
843 4063
844 4063
845 4061
846 4060
847 4061
848 4061
849 4062
850 4061
851 4065
852 4063
853 4063
854 4063
855 4063
856 4060
857 4060
858 4063
859 4062
860 4062
861 4059
862 4063
863 4063
864 4060
865 4063
866 4062
867 4062
868 4060
869 4062
870 4063
871 4063
872 4060
873 4061
874 4062
875 4060
876 4061
877 4061
878 4062
879 4063
880 4062
881 4059
882 4063
883 4062
884 4060
885 4063
886 4062
887 4060
888 4061
889 4063
890 4060
891 4060
892 4063
893 4063
894 4066
895 4066
896 4062
897 4063
898 4062
899 4063
900 4061
901 4063
902 4058
903 4062
904 4063
905 4061
906 4060
907 4062
908 4062
909 4063
910 4062
911 4066
912 4063
913 4063
914 4058
915 4063
916 4062
917 4063
918 4063
919 4065
920 4060
921 4061
922 4062
923 4063
924 4063
925 4062
926 4061
927 4063
928 4062
929 4063
930 4063
931 4063
932 4062
933 4063
934 4058
935 4063
936 4060
937 4062
938 4062
939 4066
940 4060
941 4063
942 4062
943 4063
944 4062
945 4063
946 4061
947 4061
948 4060
949 4063
950 4062
951 4066
952 4062
953 4063
954 4060
955 4061
956 4058
957 4063
958 4062
959 4061
960 4060
961 4063
962 4060
963 4062
964 4066
965 4061
966 4062
967 4063
968 4060
969 4063
970 4056
971 4061
972 4063
973 4062
974 4063
975 4057
976 4063
977 4060
978 4061
979 4063
980 4060
981 4059
982 4060
983 4061
984 4063
985 4061
986 4062
987 4062
988 4063
989 4061
990 4062
991 4063
992 4060
993 4059
994 4062
995 4061
996 4061
997 4061
998 4062
999 4063
1000 4062
1001 4066
1002 4062
1003 4060
1004 4062
1005 4062
1006 4063
1007 4063
1008 4062
1009 4063
1010 4063
1011 4065
1012 4062
1013 4063
1014 4066
1015 4062
1016 4062
1017 4062
1018 4066
1019 4062
1020 4063
1021 4063
1022 4062
1023 4063
1024 4060
1025 4061
1026 4062
1027 4062
1028 4063
1029 4063
1030 4063
1031 4062
1032 4063
1033 4062
1034 4060
1035 4062
1036 4062
1037 4063
1038 4060
1039 4060
1040 4060
1041 4063
1042 4062
1043 4062
1044 4060
1045 4062
1046 4061
1047 4062
1048 4062
1049 4063
1050 4062
1051 4063
1052 4058
1053 4063
1054 4062
1055 4062
1056 4062
1057 4063
1058 4062
1059 4062
1060 4058
1061 4061
1062 4062
1063 4066
1064 4062
1065 4063
1066 4060
1067 4066
1068 4062
1069 4063
1070 4063
1071 4059
1072 4063
1073 4062
1074 4061
1075 4062
1076 4063
1077 4060
1078 4063
1079 4060
1080 4063
1081 4063
1082 4060
1083 4062
1084 4059
1085 4066
1086 4061
1087 4062
1088 4062
1089 4062
1090 4060
1091 4063
1092 4063
1093 4062
1094 4062
1095 4065
1096 4066
1097 4062
1098 4061
1099 4060
1100 4062
1101 4063
1102 4059
1103 4063
1104 4063
1105 4061
1106 4060
1107 4063
1108 4062
1109 4061
1110 4063
1111 4063
1112 4060
1113 4063
1114 4066
1115 4062
1116 4062
1117 4062
1118 4061
1119 4060
1120 4063
1121 4062
1122 4061
1123 4062
1124 4061
1125 4063
1126 4062
1127 4061
1128 4062
1129 4062
1130 4063
1131 4060
1132 4060
1133 4063
1134 4062
1135 4066
1136 4060
1137 4063
1138 4062
1139 4060
1140 4063
1141 4063
1142 4062
1143 4066
1144 4062
1145 4063
1146 4066
1147 4062
1148 4060
1149 4060
1150 4063
1151 4066
1152 4060
1153 4063
1154 4063
1155 4063
1156 4062
1157 4063
1158 4063
1159 4063
1160 4062
1161 4063
1162 4063
1163 4061
1164 4062
1165 4063
1166 4060
1167 4063
1168 4062
1169 4061
1170 4060
1171 4063
1172 4063
1173 4062
1174 4062
1175 4063
1176 4063
1177 4063
1178 4061
1179 4066
1180 4062
1181 4062
1182 4063
1183 4062
1184 4063
1185 4063
1186 4062
1187 4066
1188 4062
1189 4063
1190 4061
1191 4062
1192 4059
1193 4061
1194 4063
1195 4061
1196 4062
1197 4061
1198 4061
1199 4059
1200 4062
1201 4063
1202 4058
1203 4063
1204 4059
1205 4063
1206 4060
1207 4063
1208 4063
1209 4062
1210 4063
1211 4062
1212 4062
1213 4062
1214 4063
1215 4060
1216 4063
1217 4063
1218 4062
1219 4063
1220 4063
1221 4062
1222 4060
1223 4066
1224 4062
1225 4063
1226 4062
1227 4060
1228 4063
1229 4062
1230 4065
1231 4062
1232 4060
1233 4062
1234 4063
1235 4066
1236 4063
1237 4063
1238 4062
1239 4063
1240 4060
1241 4060
1242 4062
1243 4060
1244 4060
1245 4062
1246 4063
1247 4062
1248 4061
1249 4062
1250 4062
1251 4067
1252 4060
1253 4065
1254 4062
1255 4062
1256 4060
1257 4061
1258 4062
1259 4062
1260 4065
1261 4062
1262 4063
1263 4063
1264 4063
1265 4065
1266 4063
1267 4062
1268 4063
1269 4060
1270 4062
1271 4060
1272 4057
1273 4063
1274 4063
1275 4062
1276 4063
1277 4063
1278 4061
1279 4063
1280 4063
1281 4066
1282 4062
1283 4063
1284 4062
1285 4062
1286 4060
1287 4060
1288 4061
1289 4061
1290 4063
1291 4063
1292 4060
1293 4065
1294 4062
1295 4060
1296 4062
1297 4061
1298 4059
1299 4063
1300 4062
1301 4067
1302 4062
1303 4062
1304 4060
1305 4063
1306 4062
1307 4063
1308 4061
1309 4063
1310 4062
1311 4063
1312 4063
1313 4061
1314 4059
1315 4060
1316 4059
1317 4062
1318 4063
1319 4062
1320 4063
1321 4063
1322 4066
1323 4063
1324 4062
1325 4062
1326 4066
1327 4063
1328 4058
1329 4062
1330 4065
1331 4062
1332 4062
1333 4061
1334 4059
1335 4063
1336 4061
1337 4062
1338 4062
1339 4063
1340 4061
1341 4060
1342 4062
1343 4062
1344 4063
1345 4062
1346 4058
1347 4063
1348 4063
1349 4061
1350 4061
1351 4066
1352 4058
1353 4062
1354 4061
1355 4062
1356 4063
1357 4062
1358 4062
1359 4062
1360 4062
1361 4063
1362 4060
1363 4062
1364 4063
1365 4066
1366 4063
1367 4062
1368 4059
1369 4062
1370 4060
1371 4063
1372 4062
1373 4060
1374 4062
1375 4063
1376 4062
1377 4063
1378 4060
1379 4063
1380 4062
1381 4062
1382 4061
1383 4062
1384 4063
1385 4065
1386 4060
1387 4063
1388 4065
1389 4062
1390 4062
1391 4062
1392 4062
1393 4065
1394 4063
1395 4062
1396 4063
1397 4060
1398 4060
1399 4060
1400 4062
1401 4066
1402 4059
1403 4060
1404 4061
1405 4060
1406 4063
1407 4062
1408 4063
1409 4062
1410 4062
1411 4066
1412 4062
1413 4062
1414 4063
1415 4063
1416 4063
1417 4063
1418 4062
1419 4061
1420 4058
1421 4065
1422 4063
1423 4060
1424 4062
1425 4062
1426 4058
1427 4063
1428 4063
1429 4058
1430 4058
1431 4063
1432 4061
1433 4063
1434 4061
1435 4063
1436 4060
1437 4060
1438 4062
1439 4062
1440 4062
1441 4062
1442 4063
1443 4059
1444 4062
1445 4062
1446 4063
1447 4062
1448 4062
1449 4062
1450 4063
1451 4063
1452 4060
1453 4063
1454 4062
1455 4062
1456 4060
1457 4063
1458 4063
1459 4063
1460 4063
1461 4060
1462 4059
1463 4061
1464 4062
1465 4063
1466 4061
1467 4063
1468 4065
1469 4062
1470 4063
1471 4063
1472 4063
1473 4063
1474 4063
1475 4062
1476 4062
1477 4063
1478 4063
1479 4062
1480 4062
1481 4062
1482 4062
1483 4060
1484 4059
1485 4062
1486 4060
1487 4063
1488 4062
1489 4062
1490 4063
1491 4062
1492 4062
1493 4062
1494 4066
1495 4062
1496 4062
1497 4062
1498 4063
1499 4060
1500 4062
1501 4066
1502 4061
1503 4063
1504 4063
1505 4063
1506 4062
1507 4066
1508 4061
1509 4061
1510 4063
1511 4061
1512 4063
1513 4063
1514 4060
1515 4063
1516 4066
1517 4062
1518 4063
1519 4062
1520 4062
1521 4063
1522 4061
1523 4063
1524 4059
1525 4063
1526 4062
1527 4061
1528 4063
1529 4063
1530 4062
1531 4065
1532 4063
1533 4066
1534 4060
1535 4062
1536 4061
1537 4063
1538 4062
1539 4061
1540 4062
1541 4060
1542 4062
1543 4063
1544 4062
1545 4062
1546 4061
1547 4062
1548 4061
1549 4063
1550 4061
1551 4066
1552 4062
1553 4062
1554 4062
1555 4062
1556 4062
1557 4062
1558 4062
1559 4058
1560 4063
1561 4063
1562 4062
1563 4062
1564 4062
1565 4061
1566 4060
1567 4063
1568 4060
1569 4060
1570 4060
1571 4063
1572 4062
1573 4060
1574 4061
1575 4066
1576 4062
1577 4062
1578 4062
1579 4059
1580 4066
1581 4060
1582 4063
1583 4062
1584 4062
1585 4063
1586 4061
1587 4062
1588 4062
1589 4060
1590 4063
1591 4062
1592 4063
1593 4063
1594 4062
1595 4062
1596 4063
1597 4061
1598 4062
1599 4062
1600 4063
1601 4066
1602 4062
1603 4062
1604 4061
1605 4065
1606 4063
1607 4061
1608 4066
1609 4060
1610 4065
1611 4062
1612 4063
1613 4062
1614 4063
1615 4060
1616 4061
1617 4061
1618 4062
1619 4063
1620 4061
1621 4063
1622 4060
1623 4060
1624 4065
1625 4062
1626 4058
1627 4060
1628 4065
1629 4062
1630 4062
1631 4063
1632 4060
1633 4061
1634 4063
1635 4063
1636 4060
1637 4062
1638 4063
1639 4063
1640 4062
1641 4062
1642 4060
1643 4063
1644 4063
1645 4063
1646 4063
1647 4062
1648 4062
1649 4060
1650 4062
1651 4067
1652 4059
1653 4063
1654 4062
1655 4063
1656 4060
1657 4063
1658 4063
1659 4063
1660 4063
1661 4061
1662 4063
1663 4062
1664 4058
1665 4060
1666 4060
1667 4060
1668 4062
1669 4060
1670 4063
1671 4063
1672 4065
1673 4063
1674 4062
1675 4063
1676 4063
1677 4060
1678 4061
1679 4063
1680 4062
1681 4062
1682 4063
1683 4061
1684 4062
1685 4063
1686 4062
1687 4063
1688 4063
1689 4065
1690 4062
1691 4062
1692 4062
1693 4063
1694 4060
1695 4063
1696 4060
1697 4066
1698 4066
1699 4062
1700 4062
1701 4069
1702 4058
1703 4062
1704 4063
1705 4061
1706 4062
1707 4063
1708 4061
1709 4062
1710 4062
1711 4063
1712 4063
1713 4061
1714 4061
1715 4063
1716 4063
1717 4063
1718 4060
1719 4062
1720 4060
1721 4060
1722 4060
1723 4067
1724 4061
1725 4060
1726 4062
1727 4066
1728 4060
1729 4062
1730 4062
1731 4063
1732 4063
1733 4061
1734 4063
1735 4066
1736 4062
1737 4063
1738 4060
1739 4063
1740 4062
1741 4063
1742 4063
1743 4063
1744 4062
1745 4063
1746 4062
1747 4065
1748 4063
1749 4062
1750 4061
1751 4066
1752 4059
1753 4063
1754 4062
1755 4062
1756 4063
1757 4063
1758 4063
1759 4060
1760 4066
1761 4063
1762 4063
1763 4066
1764 4063
1765 4063
1766 4062
1767 4063
1768 4063
1769 4062
1770 4063
1771 4062
1772 4063
1773 4063
1774 4061
1775 4062
1776 4062
1777 4066
1778 4067
1779 4063
1780 4063
1781 4062
1782 4062
1783 4066
1784 4062
1785 4062
1786 4058
1787 4063
1788 4066
1789 4063
1790 4062
1791 4062
1792 4063
1793 4062
1794 4063
1795 4063
1796 4062
1797 4060
1798 4062
1799 4063
1800 4061
1801 4068
1802 4059
1803 4063
1804 4062
1805 4063
1806 4062
1807 4062
1808 4063
1809 4062
1810 4063
1811 4063
1812 4060
1813 4062
1814 4062
1815 4062
1816 4062
1817 4060
1818 4060
1819 4063
1820 4063
1821 4063
1822 4060
1823 4062
1824 4062
1825 4062
1826 4061
1827 4061
1828 4063
1829 4062
1830 4063
1831 4059
1832 4061
1833 4063
1834 4062
1835 4063
1836 4062
1837 4063
1838 4061
1839 4063
1840 4063
1841 4062
1842 4063
1843 4062
1844 4062
1845 4062
1846 4063
1847 4062
1848 4063
1849 4060
1850 4063
1851 4062
1852 4059
1853 4060
1854 4063
1855 4063
1856 4063
1857 4063
1858 4062
1859 4060
1860 4062
1861 4062
1862 4063
1863 4063
1864 4060
1865 4062
1866 4062
1867 4063
1868 4062
1869 4063
1870 4063
1871 4062
1872 4062
1873 4062
1874 4060
1875 4062
1876 4062
1877 4061
1878 4062
1879 4063
1880 4066
1881 4062
1882 4061
1883 4062
1884 4062
1885 4062
1886 4065
1887 4061
1888 4062
1889 4063
1890 4060
1891 4063
1892 4063
1893 4066
1894 4062
1895 4062
1896 4059
1897 4061
1898 4062
1899 4066
1900 4061
1901 4065
1902 4057
1903 4063
1904 4062
1905 4063
1906 4059
1907 4063
1908 4062
1909 4060
1910 4063
1911 4062
1912 4061
1913 4066
1914 4063
1915 4063
1916 4058
1917 4063
1918 4060
1919 4062
1920 4063
1921 4061
1922 4062
1923 4063
1924 4063
1925 4063
1926 4063
1927 4062
1928 4063
1929 4061
1930 4063
1931 4062
1932 4063
1933 4062
1934 4063
1935 4063
1936 4066
1937 4063
1938 4062
1939 4062
1940 4065
1941 4063
1942 4062
1943 4061
1944 4060
1945 4062
1946 4062
1947 4062
1948 4063
1949 4066
1950 4060
1951 4066
1952 4060
1953 4061
1954 4062
1955 4063
1956 4063
1957 4060
1958 4062
1959 4061
1960 4059
1961 4062
1962 4062
1963 4063
1964 4063
1965 4060
1966 4060
1967 4062
1968 4063
1969 4063
1970 4063
1971 4062
1972 4060
1973 4062
1974 4062
1975 4061
1976 4063
1977 4060
1978 4063
1979 4062
1980 4061
1981 4063
1982 4065
1983 4062
1984 4065
1985 4063
1986 4063
1987 4063
1988 4061
1989 4062
1990 4062
1991 4063
1992 4063
1993 4062
1994 4063
1995 4066
1996 4063
1997 4061
1998 4061
1999 4063
2000 4063
2001 4063
2002 4061
2003 4063
2004 4061
2005 4063
2006 4063
2007 4061
2008 4063
2009 4057
2010 4063
2011 4062
2012 4061
2013 4066
2014 4062
2015 4062
2016 4062
2017 4061
2018 4063
2019 4063
2020 4062
2021 4065
2022 4062
2023 4062
2024 4060
2025 4062
2026 4063
2027 4063
2028 4063
2029 4062
2030 4062
2031 4062
2032 4063
2033 4062
2034 4063
2035 4063
2036 4062
2037 4061
2038 4059
2039 4063
2040 4063
2041 4063
2042 4062
2043 4060
2044 4063
2045 4063
2046 4063
2047 4061
2048 4060
2049 4063
2050 4061
2051 4069
2052 4058
2053 4062
2054 4063
2055 4065
2056 4060
2057 4063
2058 4063
2059 4061
2060 4065
2061 4063
2062 4062
2063 4063
2064 4059
2065 4063
2066 4060
2067 4063
2068 4063
2069 4062
2070 4060
2071 4060
2072 4066
2073 4063
2074 4063
2075 4063
2076 4063
2077 4062
2078 4063
2079 4063
2080 4060
2081 4061
2082 4061
2083 4065
2084 4063
2085 4062
2086 4062
2087 4062
2088 4062
2089 4062
2090 4063
2091 4063
2092 4062
2093 4063
2094 4060
2095 4062
2096 4063
2097 4063
2098 4063
2099 4063
2100 4059
2101 4063
2102 4061
2103 4063
2104 4060
2105 4063
2106 4063
2107 4060
2108 4060
2109 4062
2110 4065
2111 4063
2112 4063
2113 4062
2114 4063
2115 4062
2116 4062
2117 4063
2118 4063
2119 4060
2120 4063
2121 4063
2122 4062
2123 4062
2124 4063
2125 4063
2126 4062
2127 4061
2128 4063
2129 4066
2130 4062
2131 4062
2132 4062
2133 4061
2134 4062
2135 4063
2136 4062
2137 4059
2138 4062
2139 4062
2140 4062
2141 4060
2142 4062
2143 4063
2144 4061
2145 4063
2146 4061
2147 4064
2148 4063
2149 4066
2150 4063
2151 4066
2152 4060
2153 4063
2154 4063
2155 4063
2156 4062
2157 4063
2158 4062
2159 4059
2160 4063
2161 4063
2162 4060
2163 4062
2164 4062
2165 4065
2166 4062
2167 4063
2168 4062
2169 4062
2170 4060
2171 4063
2172 4062
2173 4063
2174 4062
2175 4063
2176 4062
2177 4062
2178 4060
2179 4062
2180 4061
2181 4061
2182 4062
2183 4063
2184 4063
2185 4066
2186 4063
2187 4062
2188 4065
2189 4063
2190 4063
2191 4061
2192 4061
2193 4063
2194 4063
2195 4061
2196 4062
2197 4063
2198 4060
2199 4062
2200 4062
2201 4071
2202 4059
2203 4061
2204 4063
2205 4062
2206 4062
2207 4062
2208 4060
2209 4061
2210 4062
2211 4059
2212 4062
2213 4059
2214 4058
2215 4063
2216 4062
2217 4062
2218 4062
2219 4063
2220 4061
2221 4059
2222 4063
2223 4063
2224 4062
2225 4061
2226 4063
2227 4063
2228 4063
2229 4066
2230 4063
2231 4063
2232 4063
2233 4065
2234 4063
2235 4063
2236 4062
2237 4062
2238 4059
2239 4063
2240 4059
2241 4062
2242 4062
2243 4062
2244 4062
2245 4063
2246 4063
2247 4063
2248 4062
2249 4058
2250 4062
2251 4063
2252 4060
2253 4061
2254 4063
2255 4063
2256 4062
2257 4062
2258 4063
2259 4062
2260 4066
2261 4061
2262 4060
2263 4062
2264 4062
2265 4063
2266 4063
2267 4063
2268 4061
2269 4061
2270 4061
2271 4066
2272 4063
2273 4060
2274 4061
2275 4062
2276 4059
2277 4059
2278 4063
2279 4062
2280 4062
2281 4059
2282 4062
2283 4062
2284 4061
2285 4066
2286 4063
2287 4060
2288 4060
2289 4062
2290 4062
2291 4060
2292 4063
2293 4063
2294 4060
2295 4062
2296 4065
2297 4063
2298 4063
2299 4062
2300 4063
2301 4062
2302 4059
2303 4063
2304 4063
2305 4060
2306 4065
2307 4062
2308 4062
2309 4061
2310 4063
2311 4060
2312 4062
2313 4062
2314 4062
2315 4062
2316 4063
2317 4062
2318 4062
2319 4062
2320 4063
2321 4062
2322 4062
2323 4063
2324 4063
2325 4062
2326 4062
2327 4061
2328 4061
2329 4062
2330 4063
2331 4063
2332 4061
2333 4063
2334 4061
2335 4062
2336 4063
2337 4063
2338 4063
2339 4061
2340 4059
2341 4063
2342 4065
2343 4063
2344 4062
2345 4063
2346 4063
2347 4066
2348 4063
2349 4063
2350 4061
2351 4066
2352 4061
2353 4062
2354 4060
2355 4060
2356 4062
2357 4062
2358 4062
2359 4061
2360 4062
2361 4063
2362 4063
2363 4061
2364 4063
2365 4063
2366 4063
2367 4062
2368 4062
2369 4060
2370 4062
2371 4063
2372 4062
2373 4061
2374 4063
2375 4062
2376 4063
2377 4062
2378 4062
2379 4063
2380 4059
2381 4066
2382 4062
2383 4060
2384 4060
2385 4062
2386 4059
2387 4060
2388 4062
2389 4063
2390 4063
2391 4062
2392 4063
2393 4068
2394 4063
2395 4060
2396 4061
2397 4060
2398 4058
2399 4060
2400 4060
2401 4069
2402 4061
2403 4060
2404 4062
2405 4063
2406 4063
2407 4063
2408 4063
2409 4062
2410 4065
2411 4061
2412 4062
2413 4063
2414 4062
2415 4063
2416 4063
2417 4062
2418 4063
2419 4061
2420 4063
2421 4063
2422 4061
2423 4060
2424 4062
2425 4063
2426 4062
2427 4063
2428 4062
2429 4063
2430 4060
2431 4061
2432 4062
2433 4067
2434 4059
2435 4063
2436 4062
2437 4062
2438 4060
2439 4066
2440 4061
2441 4062
2442 4063
2443 4063
2444 4062
2445 4062
2446 4062
2447 4063
2448 4061
2449 4063
2450 4060
2451 4065
2452 4063
2453 4063
2454 4060
2455 4066
2456 4062
2457 4063
2458 4063
2459 4060
2460 4062
2461 4060
2462 4062
2463 4062
2464 4062
2465 4061
2466 4062
2467 4063
2468 4061
2469 4066
2470 4060
2471 4061
2472 4060
2473 4063
2474 4059
2475 4062
2476 4062
2477 4062
2478 4063
2479 4063
2480 4063
2481 4063
2482 4063
2483 4062
2484 4059
2485 4063
2486 4061
2487 4062
2488 4061
2489 4063
2490 4063
2491 4063
2492 4061
2493 4062
2494 4063
2495 4063
2496 4063
2497 4063
2498 4061
2499 4060
2500 4063
2501 4062
2502 4056
2503 4062
2504 4059
2505 4063
2506 4062
2507 4062
2508 4062
2509 4063
2510 4063
2511 4062
2512 4062
2513 4063
2514 4062
2515 4062
2516 4063
2517 4062
2518 4062
2519 4060
2520 4060
2521 4063
2522 4063
2523 4063
2524 4064
2525 4060
2526 4063
2527 4061
2528 4063
2529 4062
2530 4063
2531 4061
2532 4062
2533 4062
2534 4062
2535 4063
2536 4063
2537 4062
2538 4063
2539 4066
2540 4062
2541 4059
2542 4066
2543 4063
2544 4062
2545 4063
2546 4062
2547 4063
2548 4060
2549 4062
2550 4063
2551 4063
2552 4058
2553 4061
2554 4062
2555 4063
2556 4061
2557 4061
2558 4060
2559 4062
2560 4059
2561 4063
2562 4062
2563 4062
2564 4062
2565 4063
2566 4063
2567 4063
2568 4062
2569 4061
2570 4061
2571 4063
2572 4061
2573 4062
2574 4067
2575 4062
2576 4062
2577 4060
2578 4060
2579 4063
2580 4061
2581 4062
2582 4063
2583 4062
2584 4061
2585 4061
2586 4066
2587 4062
2588 4062
2589 4063
2590 4059
2591 4062
2592 4063
2593 4063
2594 4064
2595 4062
2596 4062
2597 4063
2598 4058
2599 4063
2600 4062
2601 4067
2602 4058
2603 4062
2604 4063
2605 4063
2606 4060
2607 4060
2608 4061
2609 4060
2610 4063
2611 4062
2612 4059
2613 4060
2614 4063
2615 4062
2616 4066
2617 4062
2618 4061
2619 4062
2620 4062
2621 4062
2622 4063
2623 4062
2624 4062
2625 4063
2626 4061
2627 4063
2628 4063
2629 4061
2630 4062
2631 4062
2632 4063
2633 4063
2634 4060
2635 4063
2636 4063
2637 4059
2638 4063
2639 4061
2640 4063
2641 4062
2642 4061
2643 4062
2644 4063
2645 4063
2646 4062
2647 4066
2648 4062
2649 4062
2650 4059
2651 4063
2652 4059
2653 4061
2654 4062
2655 4066
2656 4063
2657 4062
2658 4062
2659 4063
2660 4062
2661 4062
2662 4061
2663 4062
2664 4063
2665 4061
2666 4060
2667 4060
2668 4063
2669 4062
2670 4061
2671 4063
2672 4058
2673 4063
2674 4063
2675 4062
2676 4060
2677 4063
2678 4062
2679 4062
2680 4066
2681 4061
2682 4063
2683 4059
2684 4062
2685 4063
2686 4063
2687 4062
2688 4066
2689 4063
2690 4063
2691 4062
2692 4061
2693 4062
2694 4060
2695 4059
2696 4060
2697 4063
2698 4062
2699 4066
2700 4061
2701 4063
2702 4061
2703 4062
2704 4061
2705 4063
2706 4062
2707 4063
2708 4063
2709 4062
2710 4063
2711 4062
2712 4062
2713 4060
2714 4062
2715 4063
2716 4063
2717 4062
2718 4062
2719 4060
2720 4062
2721 4060
2722 4060
2723 4063
2724 4063
2725 4062
2726 4060
2727 4063
2728 4062
2729 4062
2730 4066
2731 4062
2732 4063
2733 4061
2734 4063
2735 4062
2736 4063
2737 4063
2738 4061
2739 4063
2740 4060
2741 4063
2742 4060
2743 4063
2744 4062
2745 4058
2746 4062
2747 4063
2748 4059
2749 4062
2750 4061
2751 4063
2752 4060
2753 4062
2754 4065
2755 4061
2756 4062
2757 4062
2758 4062
2759 4062
2760 4061
2761 4061
2762 4063
2763 4061
2764 4063
2765 4063
2766 4062
2767 4063
2768 4063
2769 4063
2770 4062
2771 4063
2772 4063
2773 4063
2774 4062
2775 4062
2776 4063
2777 4062
2778 4060
2779 4062
2780 4060
2781 4062
2782 4062
2783 4062
2784 4061
2785 4063
2786 4063
2787 4063
2788 4061
2789 4062
2790 4063
2791 4060
2792 4062
2793 4063
2794 4060
2795 4063
2796 4063
2797 4062
2798 4062
2799 4066
2800 4062
2801 4063
2802 4061
2803 4062
2804 4061
2805 4061
2806 4062
2807 4059
2808 4059
2809 4058
2810 4058
2811 4060
2812 4060
2813 4058
2814 4059
2815 4058
2816 4058
2817 4056
2818 4057
2819 4054
2820 4056
2821 4054
2822 4054
2823 4054
2824 4055
2825 4051
2826 4058
2827 4052
2828 4055
2829 4053
2830 4053
2831 4054
2832 4054
2833 4051
2834 4053
2835 4055
2836 4054
2837 4058
2838 4054
2839 4056
2840 4052
2841 4054
2842 4058
2843 4060
2844 4059
2845 4056
2846 4060
2847 4059
2848 4058
2849 4059
2850 4059
2851 4063
2852 4057
2853 4061
2854 4059
2855 4059
2856 4062
2857 4063
2858 4060
2859 4062
2860 4060
2861 4063
2862 4063
2863 4063
2864 4062
2865 4063
2866 4066
2867 4063
2868 4061
2869 4063
2870 4060
2871 4065
2872 4056
2873 4060
2874 4062
2875 4059
2876 4063
2877 4063
2878 4066
2879 4063
2880 4063
2881 4062
2882 4060
2883 4062
2884 4059
2885 4063
2886 4061
2887 4063
2888 4062
2889 4062
2890 4062
2891 4063
2892 4062
2893 4061
2894 4059
2895 4062
2896 4063
2897 4062
2898 4062
2899 4060
2900 4060
2901 4069
2902 4062
2903 4063
2904 4062
2905 4060
2906 4063
2907 4062
2908 4063
2909 4062
2910 4065
2911 4062
2912 4063
2913 4062
2914 4062
2915 4063
2916 4064
2917 4063
2918 4062
2919 4061
2920 4060
2921 4063
2922 4062
2923 4064
2924 4063
2925 4060
2926 4066
2927 4062
2928 4063
2929 4062
2930 4066
2931 4063
2932 4062
2933 4062
2934 4061
2935 4063
2936 4062
2937 4060
2938 4062
2939 4063
2940 4062
2941 4063
2942 4062
2943 4062
2944 4062
2945 4062
2946 4063
2947 4062
2948 4063
2949 4063
2950 4062
2951 4068
2952 4061
2953 4062
2954 4063
2955 4061
2956 4063
2957 4061
2958 4060
2959 4060
2960 4060
2961 4065
2962 4061
2963 4063
2964 4062
2965 4063
2966 4062
2967 4062
2968 4062
2969 4061
2970 4060
2971 4061
2972 4060
2973 4059
2974 4063
2975 4060
2976 4061
2977 4066
2978 4059
2979 4062
2980 4062
2981 4063
2982 4063
2983 4061
2984 4062
2985 4063
2986 4063
2987 4061
2988 4063
2989 4063
2990 4062
2991 4062
2992 4062
2993 4065
2994 4063
2995 4063
2996 4061
2997 4062
2998 4063
2999 4062
3000 4062
3001 4063
3002 4059
3003 4066
3004 4058
3005 4063
3006 4062
3007 4062
3008 4067
3009 4062
3010 4060
3011 4062
3012 4063
3013 4063
3014 4063
3015 4063
3016 4062
3017 4059
3018 4060
3019 4063
3020 4059
3021 4062
3022 4061
3023 4059
3024 4063
3025 4063
3026 4062
3027 4063
3028 4060
3029 4059
3030 4065
3031 4063
3032 4062
3033 4063
3034 4061
3035 4063
3036 4062
3037 4063
3038 4061
3039 4062
3040 4062
3041 4066
3042 4060
3043 4060
3044 4063
3045 4062
3046 4062
3047 4062
3048 4066
3049 4063
3050 4063
3051 4063
3052 4062
3053 4062
3054 4058
3055 4063
3056 4062
3057 4062
3058 4062
3059 4060
3060 4063
3061 4060
3062 4062
3063 4063
3064 4061
3065 4061
3066 4063
3067 4063
3068 4060
3069 4063
3070 4063
3071 4063
3072 4066
3073 4059
3074 4060
3075 4065
3076 4063
3077 4062
3078 4061
3079 4061
3080 4061
3081 4061
3082 4062
3083 4063
3084 4062
3085 4062
3086 4062
3087 4060
3088 4065
3089 4062
3090 4065
3091 4063
3092 4062
3093 4062
3094 4063
3095 4063
3096 4061
3097 4061
3098 4063
3099 4062
3100 4062
3101 4063
3102 4061
3103 4063
3104 4063
3105 4062
3106 4063
3107 4062
3108 4062
3109 4060
3110 4063
3111 4061
3112 4062
3113 4062
3114 4063
3115 4058
3116 4063
3117 4062
3118 4063
3119 4062
3120 4063
3121 4062
3122 4062
3123 4063
3124 4063
3125 4065
3126 4062
3127 4062
3128 4060
3129 4062
3130 4062
3131 4063
3132 4063
3133 4060
3134 4062
3135 4062
3136 4059
3137 4063
3138 4062
3139 4063
3140 4062
3141 4061
3142 4061
3143 4063
3144 4062
3145 4061
3146 4063
3147 4063
3148 4062
3149 4063
3150 4063
3151 4063
3152 4060
3153 4063
3154 4059
3155 4060
3156 4063
3157 4063
3158 4062
3159 4063
3160 4063
3161 4063
3162 4063
3163 4061
3164 4062
3165 4063
3166 4062
3167 4063
3168 4062
3169 4063
3170 4065
3171 4060
3172 4066
3173 4063
3174 4063
3175 4061
3176 4061
3177 4063
3178 4063
3179 4063
3180 4062
3181 4065
3182 4063
3183 4063
3184 4060
3185 4062
3186 4062
3187 4063
3188 4060
3189 4062
3190 4062
3191 4063
3192 4063
3193 4063
3194 4063
3195 4063
3196 4061
3197 4063
3198 4057
3199 4063
3200 4060
3201 4066
3202 4059
3203 4063
3204 4061
3205 4066
3206 4063
3207 4062
3208 4063
3209 4063
3210 4063
3211 4063
3212 4060
3213 4060
3214 4060
3215 4062
3216 4062
3217 4061
3218 4061
3219 4063
3220 4065
3221 4063
3222 4065
3223 4062
3224 4066
3225 4063
3226 4062
3227 4063
3228 4062
3229 4060
3230 4061
3231 4066
3232 4062
3233 4066
3234 4058
3235 4062
3236 4063
3237 4058
3238 4062
3239 4063
3240 4062
3241 4063
3242 4059
3243 4061
3244 4062
3245 4063
3246 4062
3247 4062
3248 4062
3249 4063
3250 4063
3251 4067
3252 4063
3253 4063
3254 4063
3255 4062
3256 4062
3257 4061
3258 4063
3259 4063
3260 4060
3261 4062
3262 4063
3263 4062
3264 4060
3265 4063
3266 4063
3267 4062
3268 4061
3269 4061
3270 4063
3271 4061
3272 4061
3273 4062
3274 4062
3275 4061
3276 4063
3277 4063
3278 4059
3279 4063
3280 4062
3281 4060
3282 4059
3283 4063
3284 4062
3285 4062
3286 4063
3287 4060
3288 4060
3289 4063
3290 4062
3291 4063
3292 4063
3293 4062
3294 4062
3295 4061
3296 4059
3297 4063
3298 4061
3299 4062
3300 4060
3301 4066
3302 4060
3303 4066
3304 4062
3305 4066
3306 4058
3307 4061
3308 4063
3309 4063
3310 4063
3311 4063
3312 4058
3313 4063
3314 4060
3315 4061
3316 4062
3317 4063
3318 4060
3319 4063
3320 4061
3321 4063
3322 4062
3323 4062
3324 4063
3325 4063
3326 4063
3327 4063
3328 4062
3329 4065
3330 4066
3331 4062
3332 4062
3333 4063
3334 4063
3335 4065
3336 4062
3337 4063
3338 4062
3339 4059
3340 4062
3341 4062
3342 4066
3343 4063
3344 4062
3345 4063
3346 4062
3347 4063
3348 4062
3349 4062
3350 4063
3351 4066
3352 4059
3353 4063
3354 4062
3355 4063
3356 4063
3357 4060
3358 4062
3359 4062
3360 4062
3361 4060
3362 4062
3363 4063
3364 4060
3365 4062
3366 4063
3367 4065
3368 4061
3369 4062
3370 4063
3371 4063
3372 4063
3373 4063
3374 4062
3375 4062
3376 4065
3377 4062
3378 4062
3379 4062
3380 4063
3381 4063
3382 4062
3383 4062
3384 4063
3385 4062
3386 4060
3387 4063
3388 4063
3389 4063
3390 4062
3391 4063
3392 4061
3393 4063
3394 4062
3395 4063
3396 4063
3397 4066
3398 4063
3399 4063
3400 4060
3401 4068
3402 4058
3403 4065
3404 4059
3405 4063
3406 4063
3407 4062
3408 4062
3409 4066
3410 4065
3411 4061
3412 4063
3413 4063
3414 4063
3415 4062
3416 4061
3417 4062
3418 4063
3419 4062
3420 4062
3421 4063
3422 4066
3423 4063
3424 4062
3425 4063
3426 4063
3427 4062
3428 4062
3429 4063
3430 4063
3431 4062
3432 4063
3433 4063
3434 4060
3435 4060
3436 4060
3437 4061
3438 4063
3439 4063
3440 4063
3441 4063
3442 4063
3443 4063
3444 4063
3445 4061
3446 4065
3447 4062
3448 4062
3449 4063
3450 4062
3451 4063
3452 4062
3453 4066
3454 4063
3455 4063
3456 4062
3457 4063
3458 4062
3459 4062
3460 4063
3461 4060
3462 4062
3463 4063
3464 4062
3465 4063
3466 4062
3467 4060
3468 4063
3469 4059
3470 4063
3471 4063
3472 4068
3473 4063
3474 4063
3475 4062
3476 4063
3477 4062
3478 4060
3479 4063
3480 4059
3481 4062
3482 4062
3483 4066
3484 4062
3485 4063
3486 4061
3487 4062
3488 4062
3489 4061
3490 4063
3491 4063
3492 4062
3493 4063
3494 4063
3495 4063
3496 4063
3497 4062
3498 4060
3499 4060
3500 4062
3501 4066
3502 4062
3503 4063
3504 4062
3505 4062
3506 4061
3507 4061
3508 4062
3509 4059
3510 4065
3511 4060
3512 4059
3513 4061
3514 4063
3515 4060
3516 4062
3517 4063
3518 4063
3519 4063
3520 4062
3521 4062
3522 4063
3523 4062
3524 4063
3525 4062
3526 4063
3527 4063
3528 4059
3529 4063
3530 4063
3531 4063
3532 4063
3533 4062
3534 4060
3535 4062
3536 4062
3537 4060
3538 4063
3539 4063
3540 4063
3541 4061
3542 4063
3543 4063
3544 4061
3545 4062
3546 4063
3547 4061
3548 4061
3549 4063
3550 4062
3551 4063
3552 4061
3553 4063
3554 4062
3555 4063
3556 4061
3557 4060
3558 4062
3559 4061
3560 4063
3561 4062
3562 4063
3563 4062
3564 4062
3565 4063
3566 4063
3567 4062
3568 4063
3569 4063
3570 4062
3571 4063
3572 4060
3573 4061
3574 4062
3575 4062
3576 4062
3577 4066
3578 4062
3579 4063
3580 4062
3581 4062
3582 4063
3583 4062
3584 4065
3585 4063
3586 4062
3587 4063
3588 4063
3589 4062
3590 4061
3591 4062
3592 4063
3593 4062
3594 4062
3595 4062
3596 4064
3597 4063
3598 4059
3599 4062
3600 4062
3601 4063
3602 4062
3603 4063
3604 4063
3605 4066
3606 4061
3607 4061
3608 4063
3609 4063
3610 4063
3611 4062
3612 4063
3613 4062
3614 4063
3615 4062
3616 4060
3617 4065
3618 4063
3619 4060
3620 4060
3621 4066
3622 4063
3623 4063
3624 4063
3625 4062
3626 4062
3627 4062
3628 4062
3629 4061
3630 4060
3631 4060
3632 4063
3633 4062
3634 4062
3635 4063
3636 4066
3637 4060
3638 4063
3639 4063
3640 4062
3641 4062
3642 4066
3643 4061
3644 4062
3645 4062
3646 4063
3647 4062
3648 4060
3649 4058
3650 4062
3651 4063
3652 4060
3653 4065
3654 4066
3655 4061
3656 4060
3657 4062
3658 4063
3659 4062
3660 4063
3661 4062
3662 4062
3663 4066
3664 4063
3665 4062
3666 4063
3667 4063
3668 4063
3669 4062
3670 4063
3671 4062
3672 4062
3673 4062
3674 4063
3675 4061
3676 4062
3677 4060
3678 4063
3679 4062
3680 4067
3681 4063
3682 4063
3683 4062
3684 4059
3685 4063
3686 4061
3687 4062
3688 4059
3689 4062
3690 4063
3691 4062
3692 4063
3693 4063
3694 4061
