#Data from the TCD1304 linear CCD
#column 1 = pixelnumber , column 2 = pixelvalue
#Pixel 1-32 and 3679-3694 and are dummy pixels
#SH-period: 200    ICG-period: 100000    Integration time: 100.0 us
2 4044
3 4046
4 4062
5 4060
6 4062
7 4063
8 4060
9 4063
10 4063
11 4060
12 4058
13 4063
14 4060
15 4062
16 4060
17 4063
18 4062
19 4063
20 4059
21 4067
22 4062
23 4062
24 4062
25 4063
26 4066
27 4063
28 4063
29 4063
30 4062
31 4066
32 4066
34 4062
35 4063
36 4062
37 4062
38 4059
39 4062
40 4063
41 4062
42 4066
43 4062
44 4063
45 4062
46 4066
47 4060
48 4062
49 4061
50 4063
51 4066
52 4062
53 4060
54 4062
55 4063
56 4063
57 4063
58 4063
59 4063
60 4060
61 4063
62 4062
63 4062
64 4061
65 4063
66 4062
67 4066
68 4064
69 4062
70 4063
71 4066
72 4062
73 4065
74 4062
75 4062
76 4062
77 4060
78 4060
79 4062
80 4063
81 4062
82 4062
83 4062
84 4063
85 4062
86 4063
87 4062
88 4060
89 4063
90 4062
91 4066
92 4062
93 4060
94 4063
95 4063
96 4062
97 4063
98 4062
99 4063
100 4062
101 4063
102 4062
103 4063
104 4063
105 4061
106 4062
107 4060
108 4062
109 4063
110 4062
111 4066
112 4060
113 4066
114 4062
115 4063
116 4063
117 4062
118 4062
119 4062
120 4062
121 4063
122 4062
123 4063
124 4062
125 4063
126 4062
127 4066
128 4063
129 4060
130 4060
131 4063
132 4061
133 4063
134 4059
135 4060
136 4062
137 4063
138 4063
139 4063
140 4063
141 4063
142 4060
143 4062
144 4063
145 4060
146 4062
147 4060
148 4066
149 4063
150 4063
151 4062
152 4058
153 4062
154 4062
155 4062
156 4062
157 4063
158 4062
159 4062
160 4063
161 4060
162 4062
163 4062
164 4065
165 4064
166 4062
167 4063
168 4060
169 4063
170 4063
171 4062
172 4063
173 4063
174 4061
175 4062
176 4063
177 4060
178 4060
179 4063
180 4063
181 4061
182 4063
183 4066
184 4062
185 4061
186 4060
187 4067
188 4063
189 4066
190 4063
191 4063
192 4063
193 4063
194 4058
195 4063
196 4063
197 4062
198 4060
199 4060
200 4060
201 4063
202 4062
203 4063
204 4061
205 4065
206 4062
207 4063
208 4062
209 4065
210 4062
211 4062
212 4062
213 4063
214 4061
215 4063
216 4060
217 4059
218 4063
219 4062
220 4062
221 4062
222 4060
223 4063
224 4062
225 4061
226 4062
227 4062
228 4062
229 4060
230 4062
231 4063
232 4063
233 4060
234 4062
235 4062
236 4068
237 4062
238 4062
239 4059
240 4062
241 4061
242 4060
243 4063
244 4061
245 4060
246 4063
247 4063
248 4062
249 4063
250 4061
251 4063
252 4062
253 4063
254 4062
255 4060
256 4060
257 4064
258 4060
259 4062
260 4062
261 4062
262 4064
263 4062
264 4060
265 4063
266 4063
267 4062
268 4062
269 4066
270 4061
271 4063
272 4063
273 4063
274 4063
275 4062
276 4062
277 4062
278 4063
279 4062
280 4062
281 4066
282 4060
283 4061
284 4063
285 4065
286 4063
287 4062
288 4062
289 4062
290 4060
291 4066
292 4062
293 4063
294 4063
295 4062
296 4062
297 4063
298 4062
299 4060
300 4063
301 4063
302 4061
303 4062
304 4063
305 4066
306 4062
307 4066
308 4062
309 4060
310 4062
311 4065
312 4062
313 4062
314 4063
315 4062
316 4062
317 4060
318 4060
319 4066
320 4063
321 4067
322 4058
323 4063
324 4062
325 4062
326 4063
327 4062
328 4062
329 4062
330 4062
331 4063
332 4064
333 4060
334 4063
335 4060
336 4065
337 4065
338 4061
339 4062
340 4065
341 4063
342 4062
343 4061
344 4061
345 4062
346 4063
347 4063
348 4066
349 4062
350 4063
351 4063
352 4060
353 4063
354 4065
355 4066
356 4063
357 4062
358 4063
359 4062
360 4062
361 4064
362 4063
363 4063
364 4063
365 4062
366 4063
367 4060
368 4063
369 4066
370 4063
371 4063
372 4062
373 4062
374 4063
375 4063
376 4063
377 4063
378 4063
379 4062
380 4062
381 4065
382 4062
383 4062
384 4062
385 4062
386 4062
387 4063
388 4060
389 4060
390 4060
391 4062
392 4061
393 4063
394 4063
395 4060
396 4061
397 4063
398 4062
399 4060
400 4063
401 4066
402 4060
403 4060
404 4062
405 4063
406 4063
407 4062
408 4063
409 4060
410 4063
411 4060
412 4063
413 4063
414 4067
415 4062
416 4063
417 4063
418 4063
419 4066
420 4063
421 4061
422 4062
423 4064
424 4062
425 4063
426 4062
427 4063
428 4062
429 4062
430 4063
431 4061
432 4066
433 4063
434 4063
435 4060
436 4062
437 4059
438 4062
439 4062
440 4062
441 4062
442 4061
443 4066
444 4063
445 4062
446 4062
447 4063
448 4063
449 4062
450 4063
451 4063
452 4061
453 4062
454 4060
455 4062
456 4066
457 4062
458 4063
459 4063
460 4062
461 4063
462 4063
463 4063
464 4062
465 4063
466 4062
467 4062
468 4063
469 4062
470 4062
471 4068
472 4062
473 4062
474 4060
475 4063
476 4062
477 4067
478 4062
479 4066
480 4061
481 4063
482 4063
483 4063
484 4062
485 4063
486 4062
487 4063
488 4059
489 4060
490 4062
491 4065
492 4062
493 4063
494 4063
495 4060
496 4065
497 4063
498 4059
499 4062
500 4066
501 4065
502 4061
503 4063
504 4062
505 4062
506 4067
507 4062
508 4062
509 4064
510 4063
511 4061
512 4063
513 4060
514 4065
515 4062
516 4062
517 4062
518 4063
519 4060
520 4066
521 4065
522 4058
523 4063
524 4062
525 4063
526 4061
527 4063
528 4063
529 4065
530 4061
531 4059
532 4066
533 4062
534 4062
535 4063
536 4062
537 4063
538 4062
539 4062
540 4063
541 4062
542 4063
543 4063
544 4062
545 4060
546 4063
547 4065
548 4060
549 4061
550 4063
551 4063
552 4062
553 4063
554 4063
555 4063
556 4062
557 4062
558 4060
559 4063
560 4063
561 4063
562 4063
563 4066
564 4063
565 4061
566 4063
567 4062
568 4062
569 4062
570 4062
571 4063
572 4063
573 4067
574 4062
575 4063
576 4062
577 4062
578 4062
579 4063
580 4062
581 4063
582 4062
583 4062
584 4066
585 4063
586 4062
587 4062
588 4062
589 4060
590 4063
591 4061
592 4063
593 4063
594 4062
595 4063
596 4062
597 4062
598 4063
599 4058
600 4063
601 4063
602 4059
603 4062
604 4066
605 4063
606 4066
607 4063
608 4062
609 4063
610 4060
611 4062
612 4062
613 4063
614 4062
615 4063
616 4063
617 4062
618 4061
619 4063
620 4063
621 4061
622 4063
623 4061
624 4062
625 4063
626 4061
627 4063
628 4062
629 4060
630 4063
631 4063
632 4060
633 4062
634 4060
635 4063
636 4060
637 4063
638 4061
639 4062
640 4065
641 4065
642 4062
643 4060
644 4062
645 4063
646 4061
647 4063
648 4062
649 4063
650 4062
651 4058
652 4061
653 4063
654 4063
655 4063
656 4067
657 4060
658 4061
659 4063
660 4063
661 4062
662 4060
663 4062
664 4062
665 4066
666 4063
667 4063
668 4060
669 4062
670 4062
671 4062
672 4062
673 4063
674 4062
675 4062
676 4063
677 4065
678 4065
679 4062
680 4062
681 4061
682 4062
683 4062
684 4062
685 4060
686 4065
687 4062
688 4063
689 4063
690 4063
691 4062
692 4060
693 4062
694 4068
695 4062
696 4063
697 4062
698 4062
699 4062
700 4063
701 4060
702 4063
703 4063
704 4062
705 4063
706 4062
707 4063
708 4063
709 4063
710 4063
711 4062
712 4061
713 4061
714 4068
715 4060
716 4063
717 4065
718 4060
719 4060
720 4062
721 4066
722 4062
723 4062
724 4062
725 4063
726 4063
727 4063
728 4062
729 4063
730 4062
731 4060
732 4062
733 4063
734 4063
735 4062
736 4062
737 4062
738 4063
739 4063
740 4063
741 4066
742 4060
743 4062
744 4062
745 4063
746 4062
747 4062
748 4061
749 4062
750 4062
751 4063
752 4062
753 4061
754 4063
755 4066
756 4060
757 4061
758 4066
759 4061
760 4063
761 4066
762 4063
763 4063
764 4063
765 4063
766 4063
767 4063
768 4063
769 4062
770 4063
771 4062
772 4061
773 4062
774 4063
775 4062
776 4060
777 4064
778 4068
779 4062
780 4063
781 4062
782 4061
783 4062
784 4062
785 4063
786 4063
787 4063
788 4062
789 4062
790 4063
791 4062
792 4063
793 4060
794 4062
795 4063
796 4063
797 4063
798 4062
799 4062
800 4062
801 4066
802 4060
803 4060
804 4063
805 4063
806 4063
807 4063
808 4063
809 4062
810 4063
811 4062
812 4063
813 4061
814 4062
815 4063
816 4061
817 4065
818 4065
819 4063
820 4063
821 4063
822 4063
823 4063
824 4063
825 4060
826 4060
827 4062
828 4062
829 4060
830 4062
831 4062
832 4062
833 4063
834 4063
835 4062
836 4058
837 4063
838 4062
839 4064
840 4062
841 4062
842 4063
843 4063
844 4060
845 4063
846 4061
847 4063
848 4066
849 4061
850 4063
851 4063
852 4060
853 4063
854 4063
855 4063
856 4063
857 4063
858 4063
859 4062
860 4062
861 4063
862 4062
863 4063
864 4063
865 4063
866 4062
867 4062
868 4062
869 4062
870 4063
871 4063
872 4063
873 4063
874 4060
875 4063
876 4063
877 4060
878 4063
879 4062
880 4063
881 4062
882 4063
883 4063
884 4062
885 4063
886 4062
887 4063
888 4063
889 4066
890 4063
891 4066
892 4063
893 4063
894 4062
895 4063
896 4063
897 4062
898 4062
899 4062
900 4062
901 4063
902 4061
903 4063
904 4062
905 4063
906 4061
907 4060
908 4062
909 4063
910 4062
911 4063
912 4063
913 4063
914 4060
915 4062
916 4062
917 4063
918 4066
919 4060
920 4063
921 4059
922 4061
923 4066
924 4063
925 4061
926 4063
927 4062
928 4060
929 4060
930 4062
931 4063
932 4062
933 4063
934 4063
935 4058
936 4063
937 4061
938 4062
939 4062
940 4063
941 4063
942 4062
943 4063
944 4063
945 4062
946 4062
947 4062
948 4063
949 4063
950 4063
951 4063
952 4060
953 4066
954 4062
955 4063
956 4062
957 4062
958 4062
959 4063
960 4066
961 4062
962 4062
963 4063
964 4061
965 4065
966 4062
967 4063
968 4062
969 4063
970 4062
971 4062
972 4059
973 4063
974 4062
975 4060
976 4066
977 4063
978 4062
979 4062
980 4063
981 4062
982 4063
983 4062
984 4060
985 4062
986 4063
987 4061
988 4061
989 4062
990 4063
991 4062
992 4063
993 4066
994 4063
995 4062
996 4062
997 4062
998 4062
999 4067
1000 4060
1001 4062
1002 4060
1003 4062
1004 4062
1005 4062
1006 4063
1007 4062
1008 4062
1009 4060
1010 4062
1011 4063
1012 4062
1013 4062
1014 4062
1015 4063
1016 4062
1017 4066
1018 4062
1019 4063
1020 4060
1021 4063
1022 4060
1023 4068
1024 4062
1025 4061
1026 4062
1027 4062
1028 4066
1029 4061
1030 4062
1031 4062
1032 4063
1033 4063
1034 4062
1035 4058
1036 4062
1037 4062
1038 4063
1039 4063
1040 4062
1041 4063
1042 4062
1043 4060
1044 4063
1045 4063
1046 4065
1047 4060
1048 4063
1049 4063
1050 4061
1051 4064
1052 4058
1053 4063
1054 4061
1055 4062
1056 4062
1057 4060
1058 4063
1059 4060
1060 4062
1061 4062
1062 4060
1063 4062
1064 4062
1065 4062
1066 4062
1067 4063
1068 4062
1069 4063
1070 4063
1071 4062
1072 4062
1073 4062
1074 4063
1075 4062
1076 4060
1077 4066
1078 4063
1079 4066
1080 4065
1081 4062
1082 4063
1083 4063
1084 4062
1085 4066
1086 4063
1087 4062
1088 4066
1089 4063
1090 4062
1091 4063
1092 4063
1093 4063
1094 4062
1095 4063
1096 4062
1097 4065
1098 4063
1099 4062
1100 4063
1101 4063
1102 4060
1103 4062
1104 4062
1105 4061
1106 4062
1107 4065
1108 4062
1109 4060
1110 4062
1111 4063
1112 4063
1113 4060
1114 4060
1115 4063
1116 4062
1117 4060
1118 4063
1119 4060
1120 4060
1121 4062
1122 4060
1123 4062
1124 4062
1125 4060
1126 4062
1127 4063
1128 4062
1129 4062
1130 4063
1131 4061
1132 4063
1133 4062
1134 4062
1135 4063
1136 4062
1137 4062
1138 4063
1139 4063
1140 4062
1141 4063
1142 4058
1143 4062
1144 4062
1145 4062
1146 4063
1147 4063
1148 4063
1149 4062
1150 4058
1151 4063
1152 4062
1153 4062
1154 4063
1155 4063
1156 4063
1157 4063
1158 4062
1159 4065
1160 4062
1161 4060
1162 4063
1163 4062
1164 4062
1165 4065
1166 4062
1167 4062
1168 4063
1169 4060
1170 4063
1171 4059
1172 4063
1173 4062
1174 4063
1175 4063
1176 4063
1177 4062
1178 4062
1179 4063
1180 4062
1181 4060
1182 4063
1183 4063
1184 4063
1185 4062
1186 4060
1187 4062
1188 4060
1189 4063
1190 4065
1191 4063
1192 4060
1193 4063
1194 4061
1195 4063
1196 4063
1197 4060
1198 4060
1199 4063
1200 4063
1201 4066
1202 4058
1203 4063
1204 4062
1205 4063
1206 4063
1207 4062
1208 4062
1209 4063
1210 4060
1211 4062
1212 4063
1213 4062
1214 4063
1215 4063
1216 4062
1217 4063
1218 4063
1219 4062
1220 4062
1221 4066
1222 4060
1223 4063
1224 4061
1225 4063
1226 4061
1227 4060
1228 4062
1229 4062
1230 4063
1231 4063
1232 4062
1233 4061
1234 4062
1235 4063
1236 4063
1237 4062
1238 4065
1239 4060
1240 4062
1241 4063
1242 4061
1243 4063
1244 4063
1245 4063
1246 4066
1247 4060
1248 4063
1249 4063
1250 4062
1251 4063
1252 4060
1253 4062
1254 4061
1255 4062
1256 4067
1257 4063
1258 4062
1259 4063
1260 4063
1261 4062
1262 4060
1263 4063
1264 4060
1265 4062
1266 4060
1267 4062
1268 4062
1269 4063
1270 4063
1271 4062
1272 4063
1273 4063
1274 4063
1275 4060
1276 4065
1277 4059
1278 4062
1279 4062
1280 4062
1281 4061
1282 4060
1283 4065
1284 4059
1285 4062
1286 4059
1287 4062
1288 4063
1289 4062
1290 4063
1291 4062
1292 4063
1293 4059
1294 4062
1295 4062
1296 4062
1297 4061
1298 4062
1299 4062
1300 4062
1301 4063
1302 4061
1303 4062
1304 4063
1305 4062
1306 4062
1307 4068
1308 4066
1309 4065
1310 4061
1311 4063
1312 4060
1313 4066
1314 4062
1315 4062
1316 4066
1317 4063
1318 4062
1319 4063
1320 4066
1321 4062
1322 4061
1323 4065
1324 4063
1325 4062
1326 4063
1327 4063
1328 4061
1329 4066
1330 4063
1331 4062
1332 4062
1333 4061
1334 4061
1335 4062
1336 4062
1337 4062
1338 4062
1339 4063
1340 4062
1341 4063
1342 4063
1343 4061
1344 4062
1345 4062
1346 4060
1347 4063
1348 4062
1349 4063
1350 4063
1351 4063
1352 4060
1353 4063
1354 4062
1355 4063
1356 4062
1357 4063
1358 4062
1359 4062
1360 4062
1361 4063
1362 4063
1363 4063
1364 4063
1365 4063
1366 4062
1367 4063
1368 4066
1369 4068
1370 4062
1371 4060
1372 4063
1373 4063
1374 4062
1375 4062
1376 4063
1377 4063
1378 4062
1379 4063
1380 4063
1381 4063
1382 4062
1383 4063
1384 4062
1385 4065
1386 4063
1387 4060
1388 4058
1389 4063
1390 4063
1391 4062
1392 4062
1393 4059
1394 4063
1395 4063
1396 4063
1397 4063
1398 4062
1399 4066
1400 4062
1401 4063
1402 4062
1403 4063
1404 4060
1405 4066
1406 4062
1407 4062
1408 4063
1409 4061
1410 4062
1411 4065
1412 4063
1413 4062
1414 4063
1415 4063
1416 4064
1417 4063
1418 4063
1419 4063
1420 4061
1421 4062
1422 4062
1423 4063
1424 4063
1425 4063
1426 4058
1427 4060
1428 4063
1429 4063
1430 4062
1431 4062
1432 4060
1433 4063
1434 4062
1435 4063
1436 4065
1437 4058
1438 4063
1439 4063
1440 4062
1441 4062
1442 4060
1443 4066
1444 4060
1445 4063
1446 4063
1447 4062
1448 4063
1449 4063
1450 4061
1451 4066
1452 4060
1453 4061
1454 4062
1455 4065
1456 4061
1457 4063
1458 4063
1459 4063
1460 4063
1461 4061
1462 4063
1463 4065
1464 4062
1465 4062
1466 4062
1467 4060
1468 4063
1469 4063
1470 4063
1471 4061
1472 4062
1473 4063
1474 4063
1475 4060
1476 4062
1477 4063
1478 4062
1479 4060
1480 4062
1481 4066
1482 4063
1483 4061
1484 4061
1485 4062
1486 4063
1487 4063
1488 4063
1489 4062
1490 4062
1491 4062
1492 4062
1493 4062
1494 4063
1495 4063
1496 4058
1497 4060
1498 4062
1499 4062
1500 4062
1501 4065
1502 4059
1503 4062
1504 4062
1505 4063
1506 4063
1507 4062
1508 4063
1509 4066
1510 4060
1511 4062
1512 4062
1513 4063
1514 4063
1515 4063
1516 4063
1517 4060
1518 4063
1519 4063
1520 4060
1521 4062
1522 4062
1523 4060
1524 4062
1525 4063
1526 4062
1527 4062
1528 4062
1529 4062
1530 4063
1531 4066
1532 4062
1533 4063
1534 4065
1535 4061
1536 4059
1537 4061
1538 4061
1539 4062
1540 4061
1541 4062
1542 4060
1543 4060
1544 4063
1545 4063
1546 4063
1547 4062
1548 4063
1549 4066
1550 4063
1551 4063
1552 4062
1553 4063
1554 4062
1555 4058
1556 4061
1557 4061
1558 4062
1559 4063
1560 4063
1561 4062
1562 4061
1563 4062
1564 4060
1565 4063
1566 4060
1567 4062
1568 4063
1569 4062
1570 4062
1571 4063
1572 4063
1573 4063
1574 4059
1575 4063
1576 4062
1577 4060
1578 4061
1579 4062
1580 4063
1581 4063
1582 4063
1583 4062
1584 4062
1585 4061
1586 4063
1587 4063
1588 4060
1589 4063
1590 4060
1591 4066
1592 4066
1593 4063
1594 4063
1595 4062
1596 4059
1597 4063
1598 4061
1599 4063
1600 4063
1601 4063
1602 4058
1603 4065
1604 4060
1605 4063
1606 4063
1607 4062
1608 4060
1609 4062
1610 4062
1611 4066
1612 4063
1613 4063
1614 4062
1615 4062
1616 4062
1617 4063
1618 4060
1619 4062
1620 4063
1621 4063
1622 4063
1623 4062
1624 4059
1625 4063
1626 4066
1627 4063
1628 4063
1629 4062
1630 4066
1631 4062
1632 4063
1633 4061
1634 4063
1635 4062
1636 4063
1637 4060
1638 4060
1639 4063
1640 4063
1641 4063
1642 4066
1643 4062
1644 4063
1645 4063
1646 4061
1647 4062
1648 4062
1649 4063
1650 4063
1651 4062
1652 4060
1653 4064
1654 4063
1655 4063
1656 4063
1657 4063
1658 4060
1659 4070
1660 4063
1661 4063
1662 4065
1663 4062
1664 4063
1665 4062
1666 4063
1667 4062
1668 4060
1669 4062
1670 4066
1671 4062
1672 4063
1673 4060
1674 4063
1675 4063
1676 4062
1677 4061
1678 4062
1679 4062
1680 4062
1681 4062
1682 4063
1683 4062
1684 4062
1685 4062
1686 4065
1687 4063
1688 4060
1689 4062
1690 4061
1691 4063
1692 4062
1693 4060
1694 4063
1695 4061
1696 4063
1697 4060
1698 4066
1699 4065
1700 4062
1701 4065
1702 4060
1703 4065
1704 4063
1705 4062
1706 4062
1707 4062
1708 4063
1709 4063
1710 4063
1711 4065
1712 4062
1713 4063
1714 4062
1715 4063
1716 4060
1717 4062
1718 4063
1719 4066
1720 4061
1721 4063
1722 4061
1723 4062
1724 4063
1725 4066
1726 4061
1727 4066
1728 4060
1729 4066
1730 4063
1731 4062
1732 4063
1733 4063
1734 4063
1735 4062
1736 4066
1737 4060
1738 4062
1739 4063
1740 4066
1741 4063
1742 4062
1743 4061
1744 4062
1745 4064
1746 4065
1747 4063
1748 4063
1749 4063
1750 4063
1751 4061
1752 4062
1753 4063
1754 4062
1755 4063
1756 4063
1757 4060
1758 4063
1759 4062
1760 4063
1761 4063
1762 4062
1763 4062
1764 4062
1765 4063
1766 4063
1767 4063
1768 4062
1769 4063
1770 4063
1771 4063
1772 4060
1773 4066
1774 4062
1775 4060
1776 4062
1777 4063
1778 4065
1779 4063
1780 4065
1781 4062
1782 4068
1783 4063
1784 4062
1785 4063
1786 4062
1787 4060
1788 4063
1789 4063
1790 4061
1791 4063
1792 4062
1793 4065
1794 4062
1795 4063
1796 4065
1797 4063
1798 4063
1799 4062
1800 4060
1801 4062
1802 4059
1803 4060
1804 4065
1805 4062
1806 4062
1807 4062
1808 4063
1809 4059
1810 4063
1811 4062
1812 4063
1813 4061
1814 4063
1815 4063
1816 4062
1817 4062
1818 4060
1819 4062
1820 4061
1821 4063
1822 4060
1823 4062
1824 4063
1825 4060
1826 4062
1827 4063
1828 4062
1829 4063
1830 4060
1831 4060
1832 4063
1833 4062
1834 4060
1835 4065
1836 4061
1837 4063
1838 4063
1839 4063
1840 4063
1841 4062
1842 4063
1843 4063
1844 4063
1845 4062
1846 4062
1847 4062
1848 4062
1849 4065
1850 4063
1851 4067
1852 4060
1853 4060
1854 4062
1855 4062
1856 4060
1857 4060
1858 4062
1859 4063
1860 4063
1861 4062
1862 4063
1863 4063
1864 4063
1865 4066
1866 4063
1867 4060
1868 4062
1869 4063
1870 4063
1871 4063
1872 4061
1873 4066
1874 4062
1875 4065
1876 4062
1877 4061
1878 4063
1879 4062
1880 4065
1881 4062
1882 4063
1883 4063
1884 4062
1885 4063
1886 4062
1887 4063
1888 4063
1889 4063
1890 4062
1891 4062
1892 4063
1893 4063
1894 4066
1895 4061
1896 4066
1897 4061
1898 4062
1899 4062
1900 4063
1901 4065
1902 4063
1903 4063
1904 4063
1905 4067
1906 4062
1907 4066
1908 4060
1909 4062
1910 4060
1911 4063
1912 4062
1913 4062
1914 4062
1915 4061
1916 4060
1917 4063
1918 4060
1919 4063
1920 4063
1921 4063
1922 4062
1923 4063
1924 4062
1925 4065
1926 4061
1927 4062
1928 4065
1929 4063
1930 4062
1931 4060
1932 4063
1933 4066
1934 4062
1935 4066
1936 4061
1937 4062
1938 4062
1939 4062
1940 4062
1941 4062
1942 4062
1943 4065
1944 4063
1945 4063
1946 4063
1947 4066
1948 4065
1949 4062
1950 4063
1951 4066
1952 4060
1953 4062
1954 4060
1955 4062
1956 4062
1957 4063
1958 4060
1959 4062
1960 4062
1961 4062
1962 4063
1963 4063
1964 4063
1965 4063
1966 4063
1967 4062
1968 4063
1969 4063
1970 4062
1971 4063
1972 4060
1973 4062
1974 4065
1975 4058
1976 4063
1977 4063
1978 4062
1979 4063
1980 4062
1981 4063
1982 4063
1983 4062
1984 4063
1985 4062
1986 4062
1987 4061
1988 4060
1989 4062
1990 4062
1991 4061
1992 4060
1993 4066
1994 4061
1995 4060
1996 4063
1997 4062
1998 4063
1999 4062
2000 4062
2001 4062
2002 4058
2003 4063
2004 4061
2005 4065
2006 4063
2007 4060
2008 4062
2009 4061
2010 4061
2011 4062
2012 4061
2013 4063
2014 4063
2015 4058
2016 4062
2017 4063
2018 4063
2019 4063
2020 4062
2021 4062
2022 4059
2023 4065
2024 4060
2025 4063
2026 4062
2027 4063
2028 4062
2029 4062
2030 4058
2031 4063
2032 4061
2033 4063
2034 4068
2035 4061
2036 4063
2037 4065
2038 4060
2039 4061
2040 4063
2041 4063
2042 4062
2043 4063
2044 4063
2045 4063
2046 4062
2047 4063
2048 4061
2049 4063
2050 4062
2051 4063
2052 4058
2053 4061
2054 4060
2055 4063
2056 4066
2057 4065
2058 4063
2059 4063
2060 4063
2061 4063
2062 4063
2063 4061
2064 4063
2065 4063
2066 4063
2067 4066
2068 4062
2069 4062
2070 4060
2071 4063
2072 4062
2073 4060
2074 4062
2075 4062
2076 4062
2077 4063
2078 4062
2079 4062
2080 4062
2081 4066
2082 4063
2083 4063
2084 4063
2085 4066
2086 4061
2087 4061
2088 4059
2089 4063
2090 4058
2091 4063
2092 4063
2093 4062
2094 4062
2095 4063
2096 4063
2097 4063
2098 4063
2099 4062
2100 4063
2101 4066
2102 4056
2103 4066
2104 4063
2105 4062
2106 4063
2107 4061
2108 4063
2109 4062
2110 4066
2111 4067
2112 4062
2113 4063
2114 4060
2115 4068
2116 4062
2117 4063
2118 4062
2119 4062
2120 4060
2121 4063
2122 4061
2123 4064
2124 4062
2125 4062
2126 4062
2127 4065
2128 4063
2129 4063
2130 4063
2131 4063
2132 4062
2133 4060
2134 4062
2135 4063
2136 4062
2137 4062
2138 4062
2139 4060
2140 4062
2141 4067
2142 4063
2143 4066
2144 4062
2145 4063
2146 4062
2147 4063
2148 4063
2149 4065
2150 4062
2151 4065
2152 4059
2153 4062
2154 4063
2155 4063
2156 4063
2157 4063
2158 4062
2159 4063
2160 4060
2161 4063
2162 4062
2163 4063
2164 4062
2165 4062
2166 4061
2167 4063
2168 4062
2169 4063
2170 4063
2171 4063
2172 4063
2173 4062
2174 4062
2175 4063
2176 4062
2177 4063
2178 4063
2179 4063
2180 4067
2181 4064
2182 4063
2183 4063
2184 4061
2185 4066
2186 4063
2187 4062
2188 4063
2189 4060
2190 4067
2191 4062
2192 4062
2193 4062
2194 4062
2195 4063
2196 4062
2197 4063
2198 4063
2199 4062
2200 4063
2201 4062
2202 4063
2203 4062
2204 4062
2205 4063
2206 4061
2207 4063
2208 4063
2209 4063
2210 4062
2211 4060
2212 4063
2213 4062
2214 4063
2215 4063
2216 4063
2217 4065
2218 4063
2219 4063
2220 4063
2221 4063
2222 4068
2223 4063
2224 4063
2225 4061
2226 4062
2227 4057
2228 4060
2229 4063
2230 4062
2231 4062
2232 4063
2233 4062
2234 4065
2235 4063
2236 4062
2237 4068
2238 4062
2239 4062
2240 4061
2241 4062
2242 4063
2243 4066
2244 4062
2245 4063
2246 4062
2247 4062
2248 4063
2249 4062
2250 4062
2251 4070
2252 4060
2253 4060
2254 4063
2255 4062
2256 4063
2257 4063
2258 4063
2259 4062
2260 4063
2261 4063
2262 4062
2263 4063
2264 4062
2265 4061
2266 4063
2267 4063
2268 4060
2269 4063
2270 4063
2271 4066
2272 4062
2273 4066
2274 4062
2275 4063
2276 4062
2277 4064
2278 4063
2279 4066
2280 4063
2281 4063
2282 4062
2283 4060
2284 4060
2285 4065
2286 4062
2287 4065
2288 4062
2289 4062
2290 4063
2291 4062
2292 4062
2293 4063
2294 4063
2295 4063
2296 4062
2297 4065
2298 4062
2299 4063
2300 4062
2301 4065
2302 4062
2303 4061
2304 4063
2305 4062
2306 4061
2307 4063
2308 4063
2309 4063
2310 4060
2311 4063
2312 4060
2313 4060
2314 4063
2315 4060
2316 4063
2317 4062
2318 4063
2319 4062
2320 4066
2321 4065
2322 4061
2323 4062
2324 4060
2325 4062
2326 4062
2327 4063
2328 4063
2329 4062
2330 4062
2331 4065
2332 4063
2333 4060
2334 4063
2335 4062
2336 4063
2337 4062
2338 4062
2339 4063
2340 4063
2341 4063
2342 4063
2343 4060
2344 4065
2345 4063
2346 4063
2347 4062
2348 4067
2349 4062
2350 4063
2351 4063
2352 4060
2353 4066
2354 4060
2355 4066
2356 4062
2357 4066
2358 4062
2359 4063
2360 4062
2361 4063
2362 4063
2363 4063
2364 4062
2365 4061
2366 4060
2367 4063
2368 4060
2369 4062
2370 4065
2371 4062
2372 4062
2373 4063
2374 4063
2375 4060
2376 4063
2377 4060
2378 4060
2379 4058
2380 4063
2381 4063
2382 4062
2383 4061
2384 4061
2385 4059
2386 4063
2387 4062
2388 4063
2389 4062
2390 4060
2391 4062
2392 4062
2393 4063
2394 4062
2395 4060
2396 4062
2397 4063
2398 4063
2399 4060
2400 4063
2401 4063
2402 4060
2403 4062
2404 4063
2405 4058
2406 4063
2407 4063
2408 4060
2409 4062
2410 4063
2411 4063
2412 4058
2413 4061
2414 4059
2415 4062
2416 4062
2417 4063
2418 4062
2419 4063
2420 4062
2421 4066
2422 4063
2423 4062
2424 4063
2425 4065
2426 4062
2427 4063
2428 4061
2429 4068
2430 4062
2431 4063
2432 4065
2433 4063
2434 4062
2435 4063
2436 4063
2437 4062
2438 4062
2439 4062
2440 4062
2441 4063
2442 4066
2443 4062
2444 4062
2445 4063
2446 4062
2447 4060
2448 4066
2449 4063
2450 4061
2451 4063
2452 4060
2453 4063
2454 4063
2455 4063
2456 4062
2457 4062
2458 4066
2459 4061
2460 4061
2461 4063
2462 4063
2463 4063
2464 4063
2465 4062
2466 4061
2467 4062
2468 4062
2469 4063
2470 4062
2471 4062
2472 4060
2473 4063
2474 4063
2475 4060
2476 4060
2477 4063
2478 4063
2479 4062
2480 4060
2481 4063
2482 4063
2483 4063
2484 4062
2485 4063
2486 4062
2487 4062
2488 4063
2489 4063
2490 4063
2491 4066
2492 4063
2493 4062
2494 4060
2495 4063
2496 4060
2497 4058
2498 4063
2499 4062
2500 4061
2501 4062
2502 4061
2503 4063
2504 4060
2505 4066
2506 4062
2507 4062
2508 4061
2509 4060
2510 4063
2511 4060
2512 4062
2513 4060
2514 4060
2515 4066
2516 4063
2517 4062
2518 4062
2519 4062
2520 4060
2521 4064
2522 4063
2523 4066
2524 4060
2525 4063
2526 4062
2527 4060
2528 4060
2529 4063
2530 4062
2531 4063
2532 4063
2533 4063
2534 4063
2535 4062
2536 4062
2537 4062
2538 4062
2539 4066
2540 4058
2541 4062
2542 4061
2543 4062
2544 4063
2545 4059
2546 4062
2547 4060
2548 4062
2549 4062
2550 4061
2551 4063
2552 4060
2553 4062
2554 4061
2555 4063
2556 4061
2557 4060
2558 4063
2559 4063
2560 4062
2561 4061
2562 4060
2563 4063
2564 4062
2565 4063
2566 4061
2567 4062
2568 4060
2569 4062
2570 4061
2571 4062
2572 4060
2573 4062
2574 4060
2575 4065
2576 4062
2577 4062
2578 4063
2579 4063
2580 4063
2581 4062
2582 4062
2583 4062
2584 4062
2585 4062
2586 4060
2587 4062
2588 4062
2589 4066
2590 4062
2591 4060
2592 4060
2593 4062
2594 4063
2595 4063
2596 4061
2597 4061
2598 4060
2599 4062
2600 4063
2601 4063
2602 4062
2603 4062
2604 4061
2605 4060
2606 4062
2607 4065
2608 4063
2609 4062
2610 4063
2611 4063
2612 4062
2613 4066
2614 4063
2615 4063
2616 4063
2617 4062
2618 4061
2619 4060
2620 4061
2621 4062
2622 4060
2623 4063
2624 4060
2625 4062
2626 4062
2627 4062
2628 4063
2629 4062
2630 4060
2631 4062
2632 4062
2633 4061
2634 4062
2635 4062
2636 4065
2637 4062
2638 4063
2639 4062
2640 4062
2641 4060
2642 4060
2643 4063
2644 4062
2645 4060
2646 4063
2647 4063
2648 4061
2649 4063
2650 4063
2651 4062
2652 4059
2653 4060
2654 4063
2655 4061
2656 4062
2657 4062
2658 4062
2659 4060
2660 4063
2661 4062
2662 4060
2663 4063
2664 4062
2665 4060
2666 4062
2667 4060
2668 4060
2669 4062
2670 4062
2671 4063
2672 4063
2673 4059
2674 4061
2675 4060
2676 4059
2677 4062
2678 4063
2679 4060
2680 4060
2681 4061
2682 4062
2683 4062
2684 4062
2685 4060
2686 4063
2687 4061
2688 4062
2689 4062
2690 4062
2691 4061
2692 4060
2693 4062
2694 4060
2695 4058
2696 4058
2697 4062
2698 4062
2699 4061
2700 4060
2701 4063
2702 4056
2703 4059
2704 4059
2705 4063
2706 4060
2707 4060
2708 4056
2709 4058
2710 4058
2711 4062
2712 4059
2713 4060
2714 4060
2715 4060
2716 4060
2717 4058
2718 4061
2719 4060
2720 4060
2721 4056
2722 4058
2723 4061
2724 4060
2725 4058
2726 4060
2727 4060
2728 4058
2729 4058
2730 4060
2731 4058
2732 4061
2733 4060
2734 4060
2735 4058
2736 4058
2737 4058
2738 4058
2739 4059
2740 4060
2741 4056
2742 4058
2743 4058
2744 4054
2745 4058
2746 4056
2747 4058
2748 4058
2749 4062
2750 4054
2751 4060
2752 4054
2753 4056
2754 4056
2755 4059
2756 4054
2757 4056
2758 4056
2759 4060
2760 4055
2761 4058
2762 4056
2763 4060
2764 4054
2765 4056
2766 4056
2767 4055
2768 4053
2769 4058
2770 4053
2771 4054
2772 4053
2773 4056
2774 4054
2775 4053
2776 4054
2777 4056
2778 4054
2779 4050
2780 4047
2781 4050
2782 4050
2783 4050
2784 4046
2785 4047
2786 4047
2787 4046
2788 4044
2789 4047
2790 4046
2791 4044
2792 4042
2793 4031
2794 4024
2795 4010
2796 3993
2797 3967
2798 3932
2799 3877
2800 3802
2801 3710
2802 3586
2803 3502
2804 3426
2805 3349
2806 3290
2807 3130
2808 3092
2809 3095
2810 2914
2811 2876
2812 2838
2813 2838
2814 2796
2815 2644
2816 2630
2817 2490
2818 2408
2819 2370
2820 2316
2821 2285
2822 2233
2823 2280
2824 2265
2825 2266
2826 2372
2827 2433
2828 2458
2829 2456
2830 2590
2831 2431
2832 2632
2833 2513
2834 2460
2835 2718
2836 2690
2837 2831
2838 2877
2839 2854
2840 2742
2841 2950
2842 2965
2843 3101
2844 3242
2845 3323
2846 3349
2847 3426
2848 3509
2849 3551
2850 3581
2851 3634
2852 3677
2853 3727
2854 3766
2855 3823
2856 3861
2857 3890
2858 3916
2859 3941
2860 3954
2861 3976
2862 3997
2863 4009
2864 4019
2865 4025
2866 4028
2867 4037
2868 4034
2869 4035
2870 4042
2871 4043
2872 4044
2873 4044
2874 4047
2875 4044
2876 4047
2877 4047
2878 4049
2879 4051
2880 4050
2881 4047
2882 4047
2883 4047
2884 4051
2885 4047
2886 4052
2887 4051
2888 4050
2889 4050
2890 4052
2891 4056
2892 4054
2893 4054
2894 4054
2895 4056
2896 4050
2897 4054
2898 4057
2899 4056
2900 4055
2901 4057
2902 4050
2903 4054
2904 4054
2905 4058
2906 4056
2907 4055
2908 4056
2909 4056
2910 4052
2911 4056
2912 4057
2913 4056
2914 4054
2915 4058
2916 4059
2917 4056
2918 4058
2919 4057
2920 4058
2921 4058
2922 4054
2923 4056
2924 4054
2925 4058
2926 4056
2927 4059
2928 4058
2929 4056
2930 4056
2931 4054
2932 4058
2933 4060
2934 4058
2935 4056
2936 4058
2937 4058
2938 4057
2939 4056
2940 4058
2941 4056
2942 4058
2943 4058
2944 4058
2945 4058
2946 4058
2947 4058
2948 4060
2949 4059
2950 4057
2951 4061
2952 4058
2953 4060
2954 4060
2955 4060
2956 4058
2957 4059
2958 4057
2959 4060
2960 4060
2961 4061
2962 4060
2963 4060
2964 4062
2965 4062
2966 4060
2967 4059
2968 4062
2969 4060
2970 4060
2971 4060
2972 4061
2973 4060
2974 4058
2975 4060
2976 4062
2977 4062
2978 4062
2979 4062
2980 4060
2981 4060
2982 4058
2983 4062
2984 4060
2985 4062
2986 4062
2987 4061
2988 4062
2989 4060
2990 4060
2991 4062
2992 4058
2993 4062
2994 4061
2995 4062
2996 4058
2997 4063
2998 4062
2999 4060
3000 4062
3001 4061
3002 4060
3003 4061
3004 4062
3005 4060
3006 4061
3007 4060
3008 4062
3009 4062
3010 4060
3011 4060
3012 4061
3013 4062
3014 4063
3015 4060
3016 4062
3017 4062
3018 4060
3019 4062
3020 4063
3021 4063
3022 4060
3023 4062
3024 4063
3025 4063
3026 4062
3027 4066
3028 4063
3029 4062
3030 4062
3031 4062
3032 4063
3033 4066
3034 4063
3035 4063
3036 4062
3037 4063
3038 4062
3039 4062
3040 4063
3041 4062
3042 4063
3043 4063
3044 4062
3045 4063
3046 4062
3047 4060
3048 4063
3049 4063
3050 4062
3051 4063
3052 4060
3053 4063
3054 4062
3055 4061
3056 4061
3057 4062
3058 4060
3059 4061
3060 4062
3061 4062
3062 4063
3063 4063
3064 4063
3065 4063
3066 4061
3067 4066
3068 4063
3069 4065
3070 4065
3071 4062
3072 4062
3073 4063
3074 4062
3075 4061
3076 4062
3077 4063
3078 4062
3079 4062
3080 4063
3081 4062
3082 4062
3083 4063
3084 4063
3085 4062
3086 4060
3087 4063
3088 4063
3089 4062
3090 4058
3091 4063
3092 4062
3093 4062
3094 4060
3095 4062
3096 4062
3097 4061
3098 4063
3099 4062
3100 4063
3101 4063
3102 4058
3103 4060
3104 4063
3105 4063
3106 4063
3107 4062
3108 4062
3109 4062
3110 4062
3111 4062
3112 4062
3113 4062
3114 4062
3115 4060
3116 4057
3117 4063
3118 4065
3119 4062
3120 4063
3121 4063
3122 4063
3123 4063
3124 4063
3125 4066
3126 4062
3127 4065
3128 4062
3129 4060
3130 4062
3131 4060
3132 4062
3133 4062
3134 4060
3135 4062
3136 4062
3137 4062
3138 4063
3139 4062
3140 4063
3141 4063
3142 4063
3143 4063
3144 4062
3145 4062
3146 4065
3147 4063
3148 4060
3149 4062
3150 4063
3151 4063
3152 4060
3153 4062
3154 4063
3155 4062
3156 4063
3157 4063
3158 4063
3159 4063
3160 4063
3161 4062
3162 4062
3163 4062
3164 4061
3165 4063
3166 4061
3167 4066
3168 4063
3169 4063
3170 4063
3171 4066
3172 4062
3173 4061
3174 4063
3175 4062
3176 4063
3177 4062
3178 4064
3179 4066
3180 4061
3181 4062
3182 4063
3183 4062
3184 4066
3185 4062
3186 4060
3187 4064
3188 4062
3189 4063
3190 4061
3191 4063
3192 4063
3193 4062
3194 4060
3195 4063
3196 4063
3197 4061
3198 4062
3199 4063
3200 4060
3201 4063
3202 4062
3203 4063
3204 4062
3205 4063
3206 4063
3207 4063
3208 4066
3209 4062
3210 4062
3211 4063
3212 4063
3213 4065
3214 4062
3215 4063
3216 4063
3217 4062
3218 4062
3219 4063
3220 4063
3221 4063
3222 4063
3223 4063
3224 4060
3225 4063
3226 4063
3227 4063
3228 4060
3229 4060
3230 4062
3231 4066
3232 4062
3233 4062
3234 4062
3235 4063
3236 4054
3237 4063
3238 4063
3239 4060
3240 4062
3241 4062
3242 4063
3243 4063
3244 4063
3245 4066
3246 4062
3247 4062
3248 4063
3249 4062
3250 4062
3251 4066
3252 4060
3253 4062
3254 4059
3255 4063
3256 4062
3257 4059
3258 4061
3259 4065
3260 4065
3261 4060
3262 4061
3263 4063
3264 4062
3265 4063
3266 4063
3267 4062
3268 4062
3269 4063
3270 4061
3271 4063
3272 4063
3273 4063
3274 4062
3275 4063
3276 4066
3277 4059
3278 4062
3279 4063
3280 4060
3281 4063
3282 4066
3283 4062
3284 4062
3285 4062
3286 4066
3287 4066
3288 4062
3289 4063
3290 4062
3291 4063
3292 4066
3293 4063
3294 4062
3295 4063
3296 4063
3297 4063
3298 4063
3299 4063
3300 4061
3301 4063
3302 4061
3303 4062
3304 4062
3305 4062
3306 4062
3307 4065
3308 4063
3309 4063
3310 4062
3311 4063
3312 4062
3313 4062
3314 4063
3315 4062
3316 4063
3317 4063
3318 4065
3319 4059
3320 4063
3321 4063
3322 4062
3323 4066
3324 4062
3325 4063
3326 4063
3327 4063
3328 4062
3329 4063
3330 4060
3331 4060
3332 4061
3333 4060
3334 4063
3335 4063
3336 4063
3337 4060
3338 4063
3339 4060
3340 4063
3341 4063
3342 4063
3343 4062
3344 4062
3345 4063
3346 4062
3347 4063
3348 4063
3349 4062
3350 4063
3351 4066
3352 4060
3353 4062
3354 4062
3355 4062
3356 4065
3357 4065
3358 4063
3359 4063
3360 4061
3361 4062
3362 4062
3363 4062
3364 4060
3365 4062
3366 4063
3367 4063
3368 4063
3369 4062
3370 4063
3371 4062
3372 4062
3373 4063
3374 4062
3375 4065
3376 4063
3377 4062
3378 4065
3379 4066
3380 4060
3381 4061
3382 4060
3383 4065
3384 4061
3385 4063
3386 4061
3387 4063
3388 4060
3389 4063
3390 4061
3391 4062
3392 4063
3393 4063
3394 4062
3395 4062
3396 4062
3397 4061
3398 4063
3399 4061
3400 4062
3401 4063
3402 4058
3403 4062
3404 4063
3405 4062
3406 4063
3407 4066
3408 4062
3409 4063
3410 4065
3411 4062
3412 4059
3413 4062
3414 4062
3415 4062
3416 4063
3417 4066
3418 4063
3419 4062
3420 4063
3421 4062
3422 4062
3423 4062
3424 4062
3425 4061
3426 4060
3427 4063
3428 4060
3429 4062
3430 4063
3431 4063
3432 4060
3433 4067
3434 4060
3435 4063
3436 4060
3437 4063
3438 4062
3439 4062
3440 4063
3441 4063
3442 4063
3443 4063
3444 4062
3445 4063
3446 4060
3447 4060
3448 4062
3449 4063
3450 4062
3451 4063
3452 4062
3453 4062
3454 4062
3455 4063
3456 4061
3457 4066
3458 4063
3459 4063
3460 4061
3461 4063
3462 4062
3463 4063
3464 4066
3465 4062
3466 4063
3467 4063
3468 4063
3469 4063
3470 4065
3471 4063
3472 4060
3473 4063
3474 4062
3475 4063
3476 4066
3477 4062
3478 4060
3479 4062
3480 4063
3481 4065
3482 4063
3483 4064
3484 4063
3485 4062
3486 4061
3487 4063
3488 4063
3489 4063
3490 4062
3491 4062
3492 4063
3493 4063
3494 4060
3495 4063
3496 4062
3497 4063
3498 4061
3499 4061
3500 4063
3501 4065
3502 4062
3503 4062
3504 4063
3505 4062
3506 4062
3507 4065
3508 4063
3509 4060
3510 4063
3511 4062
3512 4062
3513 4062
3514 4062
3515 4060
3516 4063
3517 4063
3518 4063
3519 4062
3520 4066
3521 4061
3522 4062
3523 4065
3524 4063
3525 4063
3526 4062
3527 4066
3528 4060
3529 4063
3530 4063
3531 4062
3532 4062
3533 4062
3534 4063
3535 4061
3536 4062
3537 4060
3538 4063
3539 4063
3540 4063
3541 4060
3542 4063
3543 4062
3544 4060
3545 4062
3546 4063
3547 4060
3548 4066
3549 4063
3550 4063
3551 4062
3552 4062
3553 4062
3554 4063
3555 4062
3556 4063
3557 4065
3558 4065
3559 4061
3560 4060
3561 4062
3562 4063
3563 4063
3564 4062
3565 4063
3566 4060
3567 4063
3568 4062
3569 4061
3570 4062
3571 4061
3572 4062
3573 4063
3574 4058
3575 4060
3576 4062
3577 4063
3578 4062
3579 4066
3580 4063
3581 4062
3582 4065
3583 4062
3584 4065
3585 4060
3586 4061
3587 4066
3588 4062
3589 4062
3590 4058
3591 4065
3592 4060
3593 4063
3594 4063
3595 4065
3596 4062
3597 4066
3598 4063
3599 4061
3600 4060
3601 4066
3602 4060
3603 4063
3604 4062
3605 4062
3606 4063
3607 4063
3608 4066
3609 4062
3610 4062
3611 4063
3612 4062
3613 4060
3614 4061
3615 4063
3616 4062
3617 4063
3618 4063
3619 4063
3620 4062
3621 4065
3622 4062
3623 4063
3624 4062
3625 4062
3626 4063
3627 4062
3628 4062
3629 4064
3630 4062
3631 4066
3632 4061
3633 4061
3634 4063
3635 4063
3636 4063
3637 4065
3638 4060
3639 4062
3640 4062
3641 4062
3642 4060
3643 4066
3644 4062
3645 4065
3646 4062
3647 4061
3648 4062
3649 4061
3650 4061
3651 4066
3652 4059
3653 4063
3654 4063
3655 4062
3656 4060
3657 4063
3658 4063
3659 4062
3660 4062
3661 4063
3662 4062
3663 4063
3664 4060
3665 4063
3666 4060
3667 4062
3668 4062
3669 4061
3670 4060
3671 4063
3672 4061
3673 4062
3674 4063
3675 4062
3676 4063
3677 4062
3678 4062
3679 4063
3680 4063
3681 4062
3682 4063
3683 4062
3684 4060
3685 4063
3686 4061
3687 4062
3688 4062
3689 4062
3690 4061
3691 4060
3692 4062
3693 4063
3694 4063
