#Data from the TCD1304 linear CCD
#column 1 = pixelnumber , column 2 = pixelvalue
#Pixel 1-32 and 3679-3694 and are dummy pixels
#SH-period: 200    ICG-period: 100000    Integration time: 100.0 us
2 4036
3 4036
4 4057
5 4058
6 4056
7 4053
8 4053
9 4057
10 4057
11 4056
12 4054
13 4057
14 4055
15 4058
16 4053
17 4059
18 4054
19 4054
20 4055
21 4055
22 4056
23 4055
24 4052
25 4056
26 4057
27 4055
28 4056
29 4056
30 4052
31 4058
32 4056
34 4052
35 4058
36 4054
37 4056
38 4055
39 4057
40 4053
41 4054
42 4057
43 4052
44 4054
45 4056
46 4056
47 4058
48 4056
49 4057
50 4053
51 4057
52 4057
53 4055
54 4056
55 4056
56 4057
57 4056
58 4055
59 4057
60 4057
61 4058
62 4057
63 4058
64 4056
65 4055
66 4056
67 4057
68 4058
69 4054
70 4051
71 4055
72 4056
73 4056
74 4058
75 4057
76 4056
77 4053
78 4054
79 4055
80 4058
81 4053
82 4051
83 4056
84 4054
85 4057
86 4054
87 4055
88 4056
89 4054
90 4056
91 4057
92 4053
93 4054
94 4053
95 4057
96 4056
97 4054
98 4059
99 4056
100 4054
101 4059
102 4053
103 4055
104 4054
105 4056
106 4056
107 4056
108 4054
109 4056
110 4056
111 4056
112 4059
113 4054
114 4055
115 4057
116 4053
117 4051
118 4054
119 4056
120 4056
121 4058
122 4054
123 4052
124 4053
125 4054
126 4054
127 4054
128 4054
129 4055
130 4054
131 4059
132 4058
133 4055
134 4057
135 4053
136 4053
137 4056
138 4056
139 4056
140 4055
141 4056
142 4056
143 4054
144 4054
145 4057
146 4051
147 4053
148 4055
149 4058
150 4056
151 4057
152 4051
153 4057
154 4056
155 4053
156 4051
157 4055
158 4056
159 4052
160 4058
161 4058
162 4051
163 4055
164 4057
165 4054
166 4055
167 4057
168 4056
169 4058
170 4054
171 4057
172 4056
173 4056
174 4054
175 4057
176 4056
177 4054
178 4053
179 4057
180 4058
181 4057
182 4056
183 4056
184 4056
185 4054
186 4056
187 4054
188 4057
189 4058
190 4054
191 4056
192 4056
193 4056
194 4054
195 4056
196 4056
197 4054
198 4052
199 4057
200 4053
201 4056
202 4054
203 4053
204 4055
205 4054
206 4054
207 4056
208 4057
209 4055
210 4053
211 4057
212 4057
213 4058
214 4054
215 4053
216 4052
217 4056
218 4053
219 4058
220 4058
221 4054
222 4056
223 4055
224 4056
225 4056
226 4056
227 4057
228 4054
229 4053
230 4054
231 4056
232 4057
233 4055
234 4057
235 4057
236 4059
237 4057
238 4056
239 4052
240 4054
241 4056
242 4056
243 4055
244 4055
245 4055
246 4053
247 4057
248 4055
249 4057
250 4053
251 4059
252 4054
253 4054
254 4053
255 4057
256 4054
257 4056
258 4056
259 4057
260 4056
261 4057
262 4056
263 4056
264 4054
265 4055
266 4052
267 4057
268 4053
269 4055
270 4059
271 4055
272 4054
273 4053
274 4055
275 4052
276 4057
277 4056
278 4055
279 4053
280 4053
281 4058
282 4055
283 4056
284 4053
285 4056
286 4054
287 4056
288 4055
289 4056
290 4057
291 4056
292 4050
293 4054
294 4057
295 4056
296 4056
297 4053
298 4056
299 4057
300 4054
301 4058
302 4053
303 4061
304 4053
305 4054
306 4056
307 4056
308 4057
309 4052
310 4056
311 4058
312 4054
313 4056
314 4055
315 4056
316 4054
317 4055
318 4056
319 4054
320 4054
321 4055
322 4053
323 4058
324 4054
325 4057
326 4056
327 4054
328 4055
329 4056
330 4056
331 4056
332 4054
333 4054
334 4056
335 4058
336 4057
337 4056
338 4056
339 4057
340 4054
341 4056
342 4055
343 4057
344 4054
345 4054
346 4056
347 4057
348 4053
349 4056
350 4058
351 4056
352 4054
353 4056
354 4056
355 4057
356 4056
357 4053
358 4056
359 4053
360 4053
361 4056
362 4057
363 4053
364 4057
365 4056
366 4058
367 4058
368 4056
369 4055
370 4054
371 4057
372 4056
373 4055
374 4055
375 4053
376 4056
377 4056
378 4054
379 4056
380 4056
381 4057
382 4056
383 4056
384 4057
385 4057
386 4052
387 4056
388 4055
389 4056
390 4056
391 4054
392 4057
393 4056
394 4057
395 4055
396 4057
397 4055
398 4056
399 4056
400 4054
401 4056
402 4053
403 4057
404 4056
405 4053
406 4056
407 4053
408 4054
409 4056
410 4058
411 4056
412 4053
413 4054
414 4052
415 4051
416 4055
417 4054
418 4056
419 4054
420 4053
421 4056
422 4056
423 4055
424 4056
425 4056
426 4056
427 4056
428 4056
429 4056
430 4052
431 4056
432 4055
433 4059
434 4054
435 4053
436 4056
437 4053
438 4054
439 4056
440 4056
441 4054
442 4055
443 4057
444 4053
445 4056
446 4056
447 4055
448 4054
449 4053
450 4054
451 4056
452 4054
453 4054
454 4056
455 4058
456 4054
457 4055
458 4057
459 4055
460 4052
461 4056
462 4053
463 4054
464 4053
465 4056
466 4053
467 4054
468 4054
469 4053
470 4053
471 4054
472 4054
473 4053
474 4056
475 4056
476 4051
477 4053
478 4055
479 4054
480 4053
481 4054
482 4056
483 4053
484 4054
485 4053
486 4054
487 4053
488 4056
489 4053
490 4053
491 4056
492 4054
493 4055
494 4053
495 4054
496 4055
497 4054
498 4054
499 4051
500 4056
501 4055
502 4050
503 4056
504 4054
505 4056
506 4057
507 4055
508 4054
509 4056
510 4054
511 4055
512 4053
513 4052
514 4051
515 4053
516 4051
517 4055
518 4055
519 4054
520 4053
521 4056
522 4054
523 4054
524 4051
525 4052
526 4051
527 4055
528 4054
529 4054
530 4053
531 4054
532 4056
533 4053
534 4053
535 4053
536 4056
537 4056
538 4058
539 4051
540 4054
541 4053
542 4051
543 4051
544 4053
545 4052
546 4053
547 4053
548 4051
549 4058
550 4053
551 4056
552 4054
553 4055
554 4053
555 4056
556 4051
557 4056
558 4052
559 4053
560 4053
561 4054
562 4052
563 4054
564 4056
565 4053
566 4054
567 4057
568 4053
569 4051
570 4054
571 4054
572 4054
573 4052
574 4054
575 4056
576 4054
577 4057
578 4056
579 4054
580 4057
581 4053
582 4056
583 4051
584 4053
585 4052
586 4053
587 4055
588 4052
589 4054
590 4056
591 4056
592 4054
593 4054
594 4055
595 4053
596 4055
597 4056
598 4052
599 4060
600 4051
601 4057
602 4055
603 4055
604 4056
605 4055
606 4058
607 4053
608 4055
609 4056
610 4054
611 4054
612 4057
613 4058
614 4055
615 4053
616 4056
617 4052
618 4054
619 4053
620 4054
621 4058
622 4055
623 4055
624 4056
625 4054
626 4055
627 4057
628 4055
629 4057
630 4056
631 4056
632 4054
633 4054
634 4054
635 4057
636 4056
637 4056
638 4055
639 4058
640 4056
641 4055
642 4054
643 4055
644 4056
645 4053
646 4056
647 4056
648 4056
649 4053
650 4055
651 4058
652 4052
653 4055
654 4057
655 4056
656 4055
657 4054
658 4056
659 4058
660 4056
661 4056
662 4059
663 4053
664 4054
665 4053
666 4054
667 4055
668 4056
669 4055
670 4054
671 4059
672 4055
673 4058
674 4054
675 4058
676 4053
677 4056
678 4056
679 4057
680 4056
681 4053
682 4057
683 4055
684 4056
685 4054
686 4056
687 4056
688 4054
689 4057
690 4058
691 4056
692 4057
693 4055
694 4054
695 4056
696 4057
697 4057
698 4055
699 4056
700 4056
701 4058
702 4052
703 4057
704 4056
705 4056
706 4057
707 4056
708 4058
709 4056
710 4056
711 4052
712 4058
713 4055
714 4054
715 4058
716 4055
717 4056
718 4055
719 4056
720 4053
721 4059
722 4055
723 4054
724 4055
725 4056
726 4057
727 4054
728 4056
729 4054
730 4054
731 4057
732 4053
733 4055
734 4056
735 4056
736 4052
737 4056
738 4054
739 4052
740 4055
741 4054
742 4058
743 4054
744 4056
745 4053
746 4053
747 4054
748 4056
749 4056
750 4055
751 4056
752 4053
753 4056
754 4054
755 4056
756 4056
757 4058
758 4058
759 4054
760 4056
761 4054
762 4056
763 4058
764 4056
765 4053
766 4053
767 4056
768 4055
769 4055
770 4055
771 4054
772 4053
773 4057
774 4056
775 4052
776 4056
777 4056
778 4054
779 4053
780 4057
781 4059
782 4056
783 4057
784 4056
785 4056
786 4055
787 4056
788 4056
789 4054
790 4054
791 4054
792 4053
793 4059
794 4057
795 4056
796 4057
797 4056
798 4056
799 4055
800 4056
801 4059
802 4054
803 4054
804 4055
805 4055
806 4054
807 4052
808 4056
809 4053
810 4054
811 4056
812 4057
813 4056
814 4055
815 4055
816 4057
817 4056
818 4056
819 4054
820 4056
821 4054
822 4058
823 4054
824 4056
825 4056
826 4053
827 4052
828 4054
829 4059
830 4056
831 4055
832 4053
833 4057
834 4053
835 4054
836 4057
837 4054
838 4057
839 4057
840 4053
841 4056
842 4054
843 4055
844 4053
845 4058
846 4054
847 4056
848 4055
849 4054
850 4052
851 4058
852 4055
853 4058
854 4055
855 4056
856 4055
857 4057
858 4056
859 4056
860 4056
861 4054
862 4056
863 4058
864 4058
865 4056
866 4054
867 4058
868 4055
869 4059
870 4055
871 4057
872 4054
873 4055
874 4053
875 4054
876 4056
877 4056
878 4056
879 4055
880 4056
881 4054
882 4055
883 4056
884 4055
885 4056
886 4054
887 4055
888 4058
889 4056
890 4057
891 4052
892 4056
893 4056
894 4054
895 4058
896 4056
897 4058
898 4054
899 4055
900 4054
901 4058
902 4052
903 4059
904 4059
905 4060
906 4052
907 4058
908 4056
909 4055
910 4056
911 4056
912 4051
913 4056
914 4054
915 4055
916 4055
917 4055
918 4055
919 4054
920 4056
921 4055
922 4056
923 4057
924 4052
925 4057
926 4058
927 4055
928 4053
929 4058
930 4054
931 4054
932 4054
933 4056
934 4057
935 4058
936 4049
937 4054
938 4058
939 4056
940 4057
941 4055
942 4053
943 4054
944 4057
945 4052
946 4054
947 4055
948 4050
949 4056
950 4056
951 4056
952 4053
953 4052
954 4056
955 4054
956 4055
957 4058
958 4054
959 4054
960 4054
961 4056
962 4052
963 4057
964 4054
965 4054
966 4054
967 4054
968 4057
969 4057
970 4056
971 4054
972 4053
973 4055
974 4056
975 4057
976 4053
977 4053
978 4054
979 4055
980 4056
981 4053
982 4055
983 4056
984 4056
985 4055
986 4052
987 4058
988 4053
989 4056
990 4055
991 4056
992 4053
993 4053
994 4057
995 4053
996 4056
997 4055
998 4054
999 4056
1000 4054
1001 4058
1002 4052
1003 4054
1004 4060
1005 4057
1006 4056
1007 4054
1008 4053
1009 4053
1010 4058
1011 4054
1012 4059
1013 4055
1014 4056
1015 4057
1016 4054
1017 4056
1018 4056
1019 4056
1020 4054
1021 4054
1022 4054
1023 4056
1024 4055
1025 4059
1026 4056
1027 4054
1028 4052
1029 4060
1030 4055
1031 4054
1032 4055
1033 4057
1034 4054
1035 4057
1036 4056
1037 4055
1038 4053
1039 4054
1040 4054
1041 4056
1042 4054
1043 4056
1044 4055
1045 4057
1046 4053
1047 4056
1048 4056
1049 4057
1050 4056
1051 4059
1052 4053
1053 4056
1054 4056
1055 4054
1056 4055
1057 4054
1058 4057
1059 4054
1060 4057
1061 4057
1062 4053
1063 4055
1064 4054
1065 4056
1066 4055
1067 4057
1068 4055
1069 4056
1070 4056
1071 4059
1072 4056
1073 4056
1074 4056
1075 4056
1076 4056
1077 4057
1078 4056
1079 4054
1080 4054
1081 4058
1082 4056
1083 4056
1084 4054
1085 4058
1086 4052
1087 4056
1088 4054
1089 4056
1090 4052
1091 4054
1092 4054
1093 4057
1094 4055
1095 4058
1096 4054
1097 4057
1098 4054
1099 4054
1100 4057
1101 4055
1102 4053
1103 4055
1104 4053
1105 4054
1106 4054
1107 4054
1108 4054
1109 4056
1110 4054
1111 4056
1112 4055
1113 4055
1114 4053
1115 4057
1116 4059
1117 4054
1118 4055
1119 4055
1120 4056
1121 4056
1122 4052
1123 4055
1124 4054
1125 4054
1126 4054
1127 4059
1128 4054
1129 4057
1130 4056
1131 4055
1132 4056
1133 4056
1134 4052
1135 4056
1136 4054
1137 4055
1138 4054
1139 4057
1140 4053
1141 4056
1142 4052
1143 4054
1144 4056
1145 4054
1146 4057
1147 4056
1148 4056
1149 4058
1150 4056
1151 4057
1152 4052
1153 4056
1154 4055
1155 4058
1156 4051
1157 4057
1158 4057
1159 4054
1160 4056
1161 4055
1162 4057
1163 4056
1164 4057
1165 4057
1166 4056
1167 4057
1168 4056
1169 4054
1170 4055
1171 4057
1172 4055
1173 4056
1174 4053
1175 4057
1176 4053
1177 4056
1178 4056
1179 4059
1180 4057
1181 4056
1182 4056
1183 4057
1184 4056
1185 4054
1186 4056
1187 4054
1188 4053
1189 4057
1190 4052
1191 4056
1192 4055
1193 4058
1194 4056
1195 4054
1196 4055
1197 4057
1198 4057
1199 4053
1200 4051
1201 4057
1202 4052
1203 4055
1204 4054
1205 4056
1206 4056
1207 4052
1208 4057
1209 4056
1210 4055
1211 4057
1212 4051
1213 4056
1214 4057
1215 4057
1216 4057
1217 4056
1218 4056
1219 4053
1220 4056
1221 4053
1222 4057
1223 4056
1224 4054
1225 4058
1226 4054
1227 4056
1228 4056
1229 4054
1230 4057
1231 4056
1232 4051
1233 4051
1234 4053
1235 4056
1236 4055
1237 4057
1238 4053
1239 4056
1240 4053
1241 4053
1242 4056
1243 4056
1244 4056
1245 4056
1246 4054
1247 4056
1248 4054
1249 4056
1250 4056
1251 4059
1252 4051
1253 4053
1254 4058
1255 4051
1256 4057
1257 4057
1258 4056
1259 4055
1260 4050
1261 4054
1262 4056
1263 4056
1264 4055
1265 4056
1266 4056
1267 4054
1268 4056
1269 4056
1270 4053
1271 4056
1272 4056
1273 4058
1274 4058
1275 4056
1276 4054
1277 4057
1278 4056
1279 4053
1280 4055
1281 4057
1282 4054
1283 4055
1284 4056
1285 4052
1286 4055
1287 4056
1288 4057
1289 4056
1290 4056
1291 4057
1292 4056
1293 4057
1294 4056
1295 4056
1296 4056
1297 4055
1298 4058
1299 4053
1300 4055
1301 4060
1302 4053
1303 4054
1304 4056
1305 4055
1306 4056
1307 4055
1308 4056
1309 4057
1310 4056
1311 4056
1312 4056
1313 4057
1314 4056
1315 4057
1316 4058
1317 4053
1318 4055
1319 4056
1320 4058
1321 4056
1322 4055
1323 4054
1324 4054
1325 4054
1326 4056
1327 4056
1328 4055
1329 4056
1330 4057
1331 4057
1332 4056
1333 4055
1334 4056
1335 4054
1336 4056
1337 4054
1338 4057
1339 4054
1340 4055
1341 4058
1342 4056
1343 4054
1344 4056
1345 4056
1346 4056
1347 4057
1348 4056
1349 4054
1350 4055
1351 4057
1352 4053
1353 4056
1354 4056
1355 4056
1356 4057
1357 4054
1358 4057
1359 4055
1360 4056
1361 4057
1362 4057
1363 4057
1364 4059
1365 4053
1366 4054
1367 4056
1368 4056
1369 4056
1370 4054
1371 4057
1372 4056
1373 4057
1374 4057
1375 4053
1376 4053
1377 4053
1378 4059
1379 4057
1380 4056
1381 4053
1382 4056
1383 4056
1384 4055
1385 4057
1386 4056
1387 4057
1388 4056
1389 4057
1390 4053
1391 4053
1392 4056
1393 4056
1394 4052
1395 4058
1396 4057
1397 4054
1398 4056
1399 4055
1400 4057
1401 4057
1402 4053
1403 4055
1404 4057
1405 4054
1406 4053
1407 4057
1408 4058
1409 4055
1410 4056
1411 4056
1412 4057
1413 4056
1414 4057
1415 4056
1416 4055
1417 4057
1418 4054
1419 4051
1420 4054
1421 4056
1422 4053
1423 4053
1424 4056
1425 4055
1426 4055
1427 4053
1428 4056
1429 4054
1430 4054
1431 4056
1432 4057
1433 4059
1434 4054
1435 4055
1436 4056
1437 4056
1438 4058
1439 4056
1440 4055
1441 4056
1442 4056
1443 4056
1444 4056
1445 4056
1446 4051
1447 4057
1448 4056
1449 4054
1450 4056
1451 4058
1452 4053
1453 4054
1454 4051
1455 4057
1456 4054
1457 4056
1458 4053
1459 4053
1460 4053
1461 4057
1462 4056
1463 4056
1464 4054
1465 4055
1466 4057
1467 4056
1468 4057
1469 4055
1470 4055
1471 4054
1472 4054
1473 4056
1474 4056
1475 4058
1476 4054
1477 4054
1478 4056
1479 4056
1480 4053
1481 4056
1482 4056
1483 4056
1484 4054
1485 4058
1486 4056
1487 4056
1488 4056
1489 4051
1490 4056
1491 4055
1492 4056
1493 4056
1494 4057
1495 4056
1496 4056
1497 4055
1498 4056
1499 4057
1500 4056
1501 4056
1502 4056
1503 4054
1504 4055
1505 4056
1506 4056
1507 4056
1508 4057
1509 4056
1510 4056
1511 4055
1512 4059
1513 4056
1514 4054
1515 4055
1516 4055
1517 4055
1518 4055
1519 4053
1520 4054
1521 4059
1522 4056
1523 4056
1524 4056
1525 4054
1526 4056
1527 4056
1528 4056
1529 4054
1530 4053
1531 4054
1532 4055
1533 4056
1534 4056
1535 4056
1536 4056
1537 4055
1538 4058
1539 4056
1540 4057
1541 4056
1542 4055
1543 4056
1544 4051
1545 4056
1546 4055
1547 4053
1548 4053
1549 4056
1550 4051
1551 4061
1552 4052
1553 4056
1554 4053
1555 4051
1556 4056
1557 4059
1558 4056
1559 4057
1560 4055
1561 4053
1562 4054
1563 4055
1564 4056
1565 4054
1566 4056
1567 4052
1568 4056
1569 4056
1570 4056
1571 4054
1572 4053
1573 4058
1574 4053
1575 4055
1576 4054
1577 4058
1578 4054
1579 4057
1580 4054
1581 4053
1582 4056
1583 4056
1584 4052
1585 4055
1586 4058
1587 4057
1588 4052
1589 4057
1590 4053
1591 4053
1592 4054
1593 4056
1594 4056
1595 4056
1596 4052
1597 4057
1598 4053
1599 4057
1600 4055
1601 4056
1602 4056
1603 4055
1604 4056
1605 4056
1606 4054
1607 4054
1608 4052
1609 4054
1610 4056
1611 4050
1612 4053
1613 4056
1614 4056
1615 4056
1616 4055
1617 4056
1618 4053
1619 4054
1620 4056
1621 4056
1622 4055
1623 4055
1624 4054
1625 4056
1626 4053
1627 4054
1628 4057
1629 4056
1630 4058
1631 4056
1632 4056
1633 4056
1634 4053
1635 4054
1636 4055
1637 4058
1638 4055
1639 4056
1640 4052
1641 4053
1642 4056
1643 4056
1644 4056
1645 4055
1646 4056
1647 4056
1648 4055
1649 4056
1650 4058
1651 4057
1652 4051
1653 4056
1654 4053
1655 4055
1656 4056
1657 4057
1658 4056
1659 4054
1660 4055
1661 4058
1662 4057
1663 4057
1664 4056
1665 4057
1666 4053
1667 4059
1668 4054
1669 4054
1670 4054
1671 4057
1672 4054
1673 4057
1674 4056
1675 4056
1676 4056
1677 4054
1678 4054
1679 4056
1680 4054
1681 4056
1682 4057
1683 4053
1684 4050
1685 4056
1686 4056
1687 4056
1688 4053
1689 4057
1690 4052
1691 4054
1692 4056
1693 4054
1694 4052
1695 4052
1696 4056
1697 4055
1698 4055
1699 4055
1700 4051
1701 4056
1702 4053
1703 4055
1704 4053
1705 4057
1706 4054
1707 4054
1708 4057
1709 4053
1710 4054
1711 4055
1712 4058
1713 4058
1714 4057
1715 4058
1716 4056
1717 4054
1718 4053
1719 4053
1720 4052
1721 4057
1722 4056
1723 4057
1724 4053
1725 4057
1726 4056
1727 4054
1728 4053
1729 4054
1730 4053
1731 4054
1732 4057
1733 4057
1734 4056
1735 4056
1736 4056
1737 4057
1738 4056
1739 4057
1740 4056
1741 4057
1742 4055
1743 4053
1744 4054
1745 4056
1746 4056
1747 4053
1748 4054
1749 4056
1750 4055
1751 4056
1752 4052
1753 4058
1754 4054
1755 4059
1756 4057
1757 4056
1758 4055
1759 4055
1760 4056
1761 4056
1762 4056
1763 4056
1764 4059
1765 4056
1766 4055
1767 4058
1768 4056
1769 4056
1770 4058
1771 4055
1772 4054
1773 4056
1774 4058
1775 4056
1776 4054
1777 4056
1778 4056
1779 4056
1780 4053
1781 4054
1782 4055
1783 4056
1784 4055
1785 4055
1786 4057
1787 4056
1788 4053
1789 4056
1790 4055
1791 4057
1792 4056
1793 4057
1794 4056
1795 4056
1796 4054
1797 4058
1798 4055
1799 4057
1800 4054
1801 4059
1802 4056
1803 4057
1804 4058
1805 4056
1806 4053
1807 4058
1808 4055
1809 4053
1810 4054
1811 4056
1812 4056
1813 4054
1814 4057
1815 4053
1816 4052
1817 4055
1818 4056
1819 4058
1820 4050
1821 4056
1822 4055
1823 4056
1824 4054
1825 4057
1826 4053
1827 4058
1828 4056
1829 4056
1830 4054
1831 4057
1832 4055
1833 4059
1834 4056
1835 4057
1836 4054
1837 4057
1838 4056
1839 4056
1840 4056
1841 4053
1842 4054
1843 4057
1844 4054
1845 4056
1846 4052
1847 4057
1848 4053
1849 4055
1850 4053
1851 4056
1852 4052
1853 4056
1854 4055
1855 4055
1856 4056
1857 4055
1858 4057
1859 4055
1860 4054
1861 4056
1862 4058
1863 4056
1864 4054
1865 4053
1866 4056
1867 4058
1868 4054
1869 4056
1870 4056
1871 4057
1872 4054
1873 4054
1874 4053
1875 4055
1876 4055
1877 4055
1878 4052
1879 4057
1880 4056
1881 4052
1882 4055
1883 4056
1884 4054
1885 4056
1886 4055
1887 4056
1888 4056
1889 4053
1890 4058
1891 4055
1892 4054
1893 4053
1894 4051
1895 4051
1896 4059
1897 4054
1898 4056
1899 4053
1900 4056
1901 4059
1902 4054
1903 4054
1904 4054
1905 4056
1906 4057
1907 4055
1908 4058
1909 4054
1910 4054
1911 4054
1912 4054
1913 4056
1914 4057
1915 4056
1916 4059
1917 4055
1918 4056
1919 4056
1920 4057
1921 4055
1922 4056
1923 4053
1924 4056
1925 4055
1926 4053
1927 4057
1928 4057
1929 4054
1930 4057
1931 4056
1932 4054
1933 4060
1934 4054
1935 4053
1936 4054
1937 4057
1938 4054
1939 4054
1940 4056
1941 4056
1942 4055
1943 4056
1944 4056
1945 4049
1946 4056
1947 4056
1948 4055
1949 4053
1950 4055
1951 4058
1952 4050
1953 4053
1954 4056
1955 4054
1956 4056
1957 4056
1958 4056
1959 4057
1960 4057
1961 4056
1962 4054
1963 4056
1964 4056
1965 4056
1966 4052
1967 4053
1968 4054
1969 4056
1970 4052
1971 4057
1972 4053
1973 4056
1974 4057
1975 4053
1976 4055
1977 4056
1978 4056
1979 4054
1980 4054
1981 4053
1982 4051
1983 4055
1984 4055
1985 4054
1986 4056
1987 4053
1988 4054
1989 4054
1990 4055
1991 4054
1992 4057
1993 4054
1994 4054
1995 4053
1996 4055
1997 4055
1998 4054
1999 4059
2000 4056
2001 4058
2002 4055
2003 4054
2004 4056
2005 4059
2006 4058
2007 4057
2008 4059
2009 4056
2010 4053
2011 4053
2012 4054
2013 4054
2014 4055
2015 4054
2016 4054
2017 4056
2018 4057
2019 4057
2020 4052
2021 4056
2022 4057
2023 4056
2024 4056
2025 4054
2026 4053
2027 4056
2028 4057
2029 4054
2030 4053
2031 4055
2032 4054
2033 4056
2034 4054
2035 4058
2036 4052
2037 4056
2038 4057
2039 4058
2040 4053
2041 4052
2042 4056
2043 4053
2044 4056
2045 4052
2046 4055
2047 4057
2048 4057
2049 4055
2050 4057
2051 4059
2052 4053
2053 4058
2054 4055
2055 4057
2056 4058
2057 4054
2058 4054
2059 4054
2060 4053
2061 4054
2062 4054
2063 4054
2064 4055
2065 4057
2066 4054
2067 4053
2068 4055
2069 4058
2070 4056
2071 4055
2072 4052
2073 4056
2074 4057
2075 4053
2076 4057
2077 4054
2078 4052
2079 4053
2080 4056
2081 4053
2082 4056
2083 4054
2084 4056
2085 4058
2086 4055
2087 4056
2088 4054
2089 4056
2090 4055
2091 4053
2092 4053
2093 4054
2094 4056
2095 4052
2096 4058
2097 4052
2098 4056
2099 4055
2100 4055
2101 4058
2102 4053
2103 4055
2104 4057
2105 4057
2106 4054
2107 4053
2108 4054
2109 4056
2110 4058
2111 4056
2112 4054
2113 4055
2114 4053
2115 4056
2116 4056
2117 4058
2118 4056
2119 4054
2120 4056
2121 4056
2122 4056
2123 4056
2124 4056
2125 4055
2126 4056
2127 4056
2128 4055
2129 4056
2130 4051
2131 4054
2132 4056
2133 4054
2134 4053
2135 4054
2136 4056
2137 4056
2138 4053
2139 4054
2140 4058
2141 4056
2142 4054
2143 4054
2144 4054
2145 4054
2146 4056
2147 4054
2148 4054
2149 4057
2150 4055
2151 4060
2152 4056
2153 4056
2154 4055
2155 4057
2156 4056
2157 4053
2158 4058
2159 4051
2160 4057
2161 4057
2162 4056
2163 4055
2164 4055
2165 4056
2166 4054
2167 4053
2168 4054
2169 4055
2170 4053
2171 4054
2172 4054
2173 4056
2174 4054
2175 4056
2176 4055
2177 4059
2178 4053
2179 4058
2180 4056
2181 4056
2182 4053
2183 4056
2184 4056
2185 4057
2186 4052
2187 4055
2188 4054
2189 4059
2190 4056
2191 4057
2192 4054
2193 4057
2194 4052
2195 4056
2196 4056
2197 4058
2198 4057
2199 4056
2200 4056
2201 4055
2202 4057
2203 4054
2204 4054
2205 4054
2206 4052
2207 4056
2208 4056
2209 4056
2210 4053
2211 4056
2212 4053
2213 4057
2214 4058
2215 4056
2216 4054
2217 4056
2218 4053
2219 4054
2220 4056
2221 4054
2222 4057
2223 4057
2224 4056
2225 4056
2226 4054
2227 4054
2228 4053
2229 4054
2230 4053
2231 4055
2232 4054
2233 4057
2234 4053
2235 4057
2236 4053
2237 4055
2238 4053
2239 4057
2240 4056
2241 4056
2242 4056
2243 4053
2244 4056
2245 4055
2246 4053
2247 4054
2248 4055
2249 4056
2250 4058
2251 4059
2252 4052
2253 4057
2254 4052
2255 4056
2256 4056
2257 4058
2258 4056
2259 4058
2260 4058
2261 4057
2262 4056
2263 4055
2264 4056
2265 4057
2266 4057
2267 4056
2268 4053
2269 4056
2270 4051
2271 4053
2272 4054
2273 4056
2274 4054
2275 4057
2276 4055
2277 4056
2278 4056
2279 4056
2280 4052
2281 4056
2282 4055
2283 4054
2284 4052
2285 4056
2286 4057
2287 4056
2288 4056
2289 4056
2290 4052
2291 4053
2292 4056
2293 4056
2294 4059
2295 4050
2296 4055
2297 4056
2298 4056
2299 4057
2300 4055
2301 4057
2302 4054
2303 4054
2304 4056
2305 4053
2306 4058
2307 4056
2308 4056
2309 4055
2310 4055
2311 4056
2312 4055
2313 4058
2314 4053
2315 4056
2316 4056
2317 4055
2318 4056
2319 4055
2320 4054
2321 4054
2322 4055
2323 4053
2324 4053
2325 4053
2326 4056
2327 4054
2328 4054
2329 4058
2330 4053
2331 4056
2332 4056
2333 4056
2334 4057
2335 4053
2336 4055
2337 4054
2338 4052
2339 4054
2340 4056
2341 4058
2342 4054
2343 4055
2344 4058
2345 4054
2346 4055
2347 4055
2348 4053
2349 4054
2350 4054
2351 4058
2352 4052
2353 4053
2354 4055
2355 4055
2356 4055
2357 4056
2358 4056
2359 4053
2360 4052
2361 4053
2362 4057
2363 4053
2364 4056
2365 4058
2366 4053
2367 4054
2368 4055
2369 4053
2370 4057
2371 4058
2372 4057
2373 4058
2374 4053
2375 4055
2376 4054
2377 4058
2378 4053
2379 4057
2380 4057
2381 4056
2382 4054
2383 4057
2384 4056
2385 4056
2386 4053
2387 4055
2388 4054
2389 4055
2390 4054
2391 4054
2392 4052
2393 4056
2394 4056
2395 4058
2396 4057
2397 4054
2398 4057
2399 4054
2400 4053
2401 4057
2402 4053
2403 4055
2404 4055
2405 4053
2406 4056
2407 4055
2408 4053
2409 4057
2410 4056
2411 4053
2412 4054
2413 4055
2414 4057
2415 4056
2416 4053
2417 4054
2418 4057
2419 4058
2420 4055
2421 4056
2422 4057
2423 4055
2424 4055
2425 4054
2426 4056
2427 4056
2428 4055
2429 4058
2430 4056
2431 4053
2432 4057
2433 4056
2434 4058
2435 4056
2436 4054
2437 4054
2438 4056
2439 4057
2440 4054
2441 4054
2442 4056
2443 4057
2444 4056
2445 4056
2446 4056
2447 4056
2448 4056
2449 4056
2450 4056
2451 4060
2452 4053
2453 4056
2454 4054
2455 4058
2456 4054
2457 4056
2458 4054
2459 4055
2460 4056
2461 4056
2462 4058
2463 4056
2464 4057
2465 4056
2466 4057
2467 4055
2468 4053
2469 4056
2470 4058
2471 4056
2472 4054
2473 4056
2474 4057
2475 4056
2476 4054
2477 4054
2478 4054
2479 4054
2480 4056
2481 4057
2482 4056
2483 4058
2484 4055
2485 4055
2486 4054
2487 4053
2488 4056
2489 4053
2490 4053
2491 4054
2492 4055
2493 4057
2494 4054
2495 4059
2496 4054
2497 4058
2498 4056
2499 4055
2500 4054
2501 4058
2502 4053
2503 4060
2504 4056
2505 4054
2506 4053
2507 4054
2508 4057
2509 4056
2510 4056
2511 4055
2512 4056
2513 4055
2514 4056
2515 4056
2516 4053
2517 4054
2518 4056
2519 4054
2520 4052
2521 4056
2522 4054
2523 4053
2524 4054
2525 4056
2526 4056
2527 4056
2528 4056
2529 4057
2530 4055
2531 4054
2532 4056
2533 4057
2534 4053
2535 4056
2536 4055
2537 4057
2538 4055
2539 4055
2540 4058
2541 4056
2542 4054
2543 4055
2544 4053
2545 4057
2546 4056
2547 4053
2548 4054
2549 4056
2550 4055
2551 4057
2552 4054
2553 4054
2554 4055
2555 4053
2556 4056
2557 4054
2558 4054
2559 4057
2560 4053
2561 4057
2562 4055
2563 4056
2564 4056
2565 4055
2566 4057
2567 4053
2568 4056
2569 4057
2570 4058
2571 4058
2572 4057
2573 4056
2574 4052
2575 4057
2576 4056
2577 4056
2578 4056
2579 4056
2580 4058
2581 4056
2582 4056
2583 4055
2584 4054
2585 4055
2586 4057
2587 4054
2588 4053
2589 4054
2590 4056
2591 4054
2592 4053
2593 4055
2594 4052
2595 4053
2596 4053
2597 4056
2598 4055
2599 4056
2600 4054
2601 4056
2602 4054
2603 4057
2604 4056
2605 4054
2606 4054
2607 4054
2608 4056
2609 4057
2610 4054
2611 4056
2612 4053
2613 4053
2614 4057
2615 4056
2616 4058
2617 4054
2618 4052
2619 4058
2620 4057
2621 4057
2622 4056
2623 4053
2624 4054
2625 4056
2626 4054
2627 4054
2628 4057
2629 4054
2630 4054
2631 4054
2632 4056
2633 4054
2634 4053
2635 4056
2636 4056
2637 4056
2638 4056
2639 4057
2640 4053
2641 4054
2642 4058
2643 4055
2644 4053
2645 4054
2646 4056
2647 4051
2648 4056
2649 4057
2650 4054
2651 4059
2652 4053
2653 4056
2654 4053
2655 4059
2656 4054
2657 4054
2658 4056
2659 4054
2660 4054
2661 4056
2662 4054
2663 4055
2664 4056
2665 4054
2666 4059
2667 4058
2668 4056
2669 4055
2670 4053
2671 4056
2672 4054
2673 4056
2674 4052
2675 4056
2676 4057
2677 4056
2678 4057
2679 4054
2680 4055
2681 4055
2682 4055
2683 4059
2684 4055
2685 4057
2686 4055
2687 4054
2688 4059
2689 4054
2690 4054
2691 4054
2692 4055
2693 4056
2694 4055
2695 4057
2696 4057
2697 4057
2698 4055
2699 4051
2700 4054
2701 4059
2702 4054
2703 4058
2704 4054
2705 4056
2706 4053
2707 4056
2708 4055
2709 4054
2710 4054
2711 4054
2712 4056
2713 4056
2714 4056
2715 4055
2716 4055
2717 4051
2718 4056
2719 4056
2720 4059
2721 4056
2722 4051
2723 4058
2724 4054
2725 4053
2726 4057
2727 4056
2728 4056
2729 4056
2730 4057
2731 4053
2732 4054
2733 4056
2734 4055
2735 4055
2736 4054
2737 4055
2738 4056
2739 4056
2740 4056
2741 4056
2742 4054
2743 4053
2744 4052
2745 4051
2746 4056
2747 4057
2748 4053
2749 4056
2750 4052
2751 4056
2752 4051
2753 4056
2754 4053
2755 4056
2756 4056
2757 4056
2758 4054
2759 4054
2760 4056
2761 4055
2762 4056
2763 4054
2764 4055
2765 4054
2766 4054
2767 4055
2768 4057
2769 4052
2770 4053
2771 4054
2772 4054
2773 4058
2774 4054
2775 4056
2776 4054
2777 4056
2778 4054
2779 4056
2780 4056
2781 4054
2782 4057
2783 4056
2784 4057
2785 4054
2786 4053
2787 4056
2788 4053
2789 4056
2790 4054
2791 4056
2792 4052
2793 4057
2794 4056
2795 4056
2796 4056
2797 4053
2798 4054
2799 4056
2800 4053
2801 4057
2802 4053
2803 4056
2804 4053
2805 4052
2806 4050
2807 4049
2808 4046
2809 4044
2810 4043
2811 4042
2812 4040
2813 4039
2814 4037
2815 4031
2816 4030
2817 4040
2818 4035
2819 4034
2820 4035
2821 4034
2822 4027
2823 4027
2824 4027
2825 4022
2826 4028
2827 4031
2828 4031
2829 4028
2830 4026
2831 4031
2832 4024
2833 4027
2834 4030
2835 4031
2836 4029
2837 4035
2838 4034
2839 4036
2840 4036
2841 4035
2842 4037
2843 4035
2844 4040
2845 4043
2846 4040
2847 4041
2848 4041
2849 4045
2850 4046
2851 4047
2852 4045
2853 4046
2854 4048
2855 4047
2856 4051
2857 4050
2858 4053
2859 4056
2860 4052
2861 4050
2862 4053
2863 4055
2864 4054
2865 4054
2866 4054
2867 4056
2868 4058
2869 4054
2870 4050
2871 4057
2872 4054
2873 4055
2874 4056
2875 4056
2876 4056
2877 4054
2878 4056
2879 4056
2880 4056
2881 4056
2882 4055
2883 4055
2884 4056
2885 4054
2886 4056
2887 4055
2888 4055
2889 4053
2890 4053
2891 4056
2892 4054
2893 4055
2894 4056
2895 4052
2896 4056
2897 4057
2898 4053
2899 4056
2900 4053
2901 4057
2902 4054
2903 4059
2904 4056
2905 4054
2906 4056
2907 4056
2908 4056
2909 4057
2910 4055
2911 4058
2912 4056
2913 4052
2914 4056
2915 4058
2916 4053
2917 4055
2918 4056
2919 4056
2920 4053
2921 4054
2922 4057
2923 4056
2924 4055
2925 4056
2926 4057
2927 4056
2928 4057
2929 4054
2930 4057
2931 4056
2932 4056
2933 4057
2934 4051
2935 4054
2936 4056
2937 4055
2938 4057
2939 4055
2940 4054
2941 4056
2942 4055
2943 4056
2944 4056
2945 4053
2946 4055
2947 4056
2948 4056
2949 4056
2950 4058
2951 4058
2952 4052
2953 4056
2954 4057
2955 4058
2956 4057
2957 4056
2958 4056
2959 4053
2960 4056
2961 4056
2962 4057
2963 4056
2964 4053
2965 4051
2966 4056
2967 4054
2968 4053
2969 4058
2970 4052
2971 4054
2972 4058
2973 4052
2974 4053
2975 4057
2976 4054
2977 4054
2978 4056
2979 4056
2980 4054
2981 4055
2982 4054
2983 4058
2984 4052
2985 4054
2986 4056
2987 4059
2988 4056
2989 4054
2990 4053
2991 4055
2992 4053
2993 4056
2994 4054
2995 4056
2996 4054
2997 4056
2998 4054
2999 4055
3000 4056
3001 4057
3002 4053
3003 4056
3004 4056
3005 4055
3006 4055
3007 4057
3008 4058
3009 4055
3010 4053
3011 4057
3012 4058
3013 4053
3014 4055
3015 4057
3016 4056
3017 4054
3018 4054
3019 4053
3020 4053
3021 4054
3022 4057
3023 4056
3024 4053
3025 4056
3026 4056
3027 4055
3028 4055
3029 4059
3030 4054
3031 4054
3032 4054
3033 4059
3034 4051
3035 4056
3036 4054
3037 4057
3038 4055
3039 4057
3040 4055
3041 4056
3042 4058
3043 4056
3044 4056
3045 4052
3046 4053
3047 4055
3048 4056
3049 4053
3050 4054
3051 4058
3052 4054
3053 4054
3054 4058
3055 4058
3056 4056
3057 4056
3058 4056
3059 4058
3060 4056
3061 4055
3062 4057
3063 4056
3064 4057
3065 4054
3066 4052
3067 4056
3068 4057
3069 4056
3070 4053
3071 4058
3072 4056
3073 4054
3074 4053
3075 4053
3076 4057
3077 4056
3078 4054
3079 4055
3080 4054
3081 4054
3082 4056
3083 4056
3084 4054
3085 4054
3086 4054
3087 4056
3088 4054
3089 4056
3090 4059
3091 4058
3092 4054
3093 4058
3094 4055
3095 4054
3096 4055
3097 4053
3098 4058
3099 4052
3100 4056
3101 4058
3102 4054
3103 4054
3104 4056
3105 4056
3106 4056
3107 4055
3108 4056
3109 4056
3110 4051
3111 4055
3112 4056
3113 4054
3114 4057
3115 4054
3116 4056
3117 4054
3118 4054
3119 4059
3120 4054
3121 4056
3122 4054
3123 4058
3124 4056
3125 4056
3126 4052
3127 4057
3128 4054
3129 4056
3130 4057
3131 4052
3132 4056
3133 4058
3134 4056
3135 4056
3136 4053
3137 4059
3138 4055
3139 4057
3140 4056
3141 4057
3142 4054
3143 4053
3144 4054
3145 4054
3146 4060
3147 4053
3148 4053
3149 4055
3150 4055
3151 4060
3152 4054
3153 4056
3154 4054
3155 4054
3156 4056
3157 4056
3158 4054
3159 4057
3160 4054
3161 4053
3162 4054
3163 4055
3164 4052
3165 4057
3166 4058
3167 4056
3168 4057
3169 4054
3170 4054
3171 4056
3172 4054
3173 4054
3174 4055
3175 4057
3176 4056
3177 4056
3178 4052
3179 4056
3180 4056
3181 4056
3182 4054
3183 4057
3184 4054
3185 4053
3186 4054
3187 4055
3188 4057
3189 4057
3190 4053
3191 4056
3192 4058
3193 4056
3194 4055
3195 4056
3196 4057
3197 4056
3198 4056
3199 4055
3200 4052
3201 4059
3202 4051
3203 4057
3204 4056
3205 4056
3206 4055
3207 4054
3208 4056
3209 4056
3210 4056
3211 4058
3212 4054
3213 4057
3214 4056
3215 4057
3216 4056
3217 4057
3218 4054
3219 4055
3220 4051
3221 4056
3222 4052
3223 4057
3224 4056
3225 4056
3226 4055
3227 4056
3228 4055
3229 4053
3230 4054
3231 4058
3232 4055
3233 4057
3234 4052
3235 4055
3236 4051
3237 4053
3238 4052
3239 4054
3240 4056
3241 4054
3242 4056
3243 4055
3244 4054
3245 4058
3246 4056
3247 4057
3248 4057
3249 4056
3250 4054
3251 4057
3252 4052
3253 4053
3254 4056
3255 4053
3256 4058
3257 4054
3258 4056
3259 4055
3260 4053
3261 4057
3262 4055
3263 4054
3264 4057
3265 4056
3266 4056
3267 4054
3268 4054
3269 4059
3270 4054
3271 4053
3272 4055
3273 4054
3274 4054
3275 4055
3276 4054
3277 4057
3278 4056
3279 4052
3280 4056
3281 4054
3282 4054
3283 4054
3284 4051
3285 4054
3286 4054
3287 4056
3288 4057
3289 4056
3290 4051
3291 4058
3292 4055
3293 4058
3294 4054
3295 4051
3296 4055
3297 4057
3298 4056
3299 4054
3300 4056
3301 4059
3302 4054
3303 4053
3304 4054
3305 4054
3306 4054
3307 4059
3308 4056
3309 4051
3310 4054
3311 4057
3312 4055
3313 4056
3314 4057
3315 4055
3316 4056
3317 4054
3318 4055
3319 4053
3320 4053
3321 4053
3322 4054
3323 4053
3324 4054
3325 4057
3326 4052
3327 4053
3328 4058
3329 4054
3330 4055
3331 4056
3332 4056
3333 4056
3334 4052
3335 4057
3336 4052
3337 4053
3338 4057
3339 4055
3340 4055
3341 4054
3342 4054
3343 4053
3344 4055
3345 4058
3346 4054
3347 4054
3348 4054
3349 4056
3350 4054
3351 4060
3352 4051
3353 4055
3354 4055
3355 4056
3356 4054
3357 4057
3358 4057
3359 4054
3360 4057
3361 4054
3362 4054
3363 4054
3364 4056
3365 4054
3366 4056
3367 4056
3368 4057
3369 4053
3370 4054
3371 4054
3372 4056
3373 4059
3374 4056
3375 4055
3376 4056
3377 4057
3378 4054
3379 4056
3380 4052
3381 4056
3382 4058
3383 4055
3384 4054
3385 4055
3386 4053
3387 4054
3388 4056
3389 4054
3390 4055
3391 4057
3392 4055
3393 4058
3394 4053
3395 4055
3396 4054
3397 4054
3398 4055
3399 4056
3400 4057
3401 4058
3402 4056
3403 4056
3404 4056
3405 4057
3406 4055
3407 4055
3408 4055
3409 4057
3410 4054
3411 4055
3412 4053
3413 4058
3414 4052
3415 4056
3416 4055
3417 4055
3418 4055
3419 4054
3420 4052
3421 4058
3422 4054
3423 4056
3424 4051
3425 4056
3426 4053
3427 4055
3428 4055
3429 4057
3430 4053
3431 4057
3432 4055
3433 4054
3434 4054
3435 4056
3436 4058
3437 4054
3438 4057
3439 4055
3440 4056
3441 4057
3442 4056
3443 4056
3444 4057
3445 4057
3446 4055
3447 4058
3448 4053
3449 4055
3450 4055
3451 4059
3452 4056
3453 4055
3454 4053
3455 4056
3456 4053
3457 4055
3458 4054
3459 4053
3460 4055
3461 4054
3462 4053
3463 4055
3464 4055
3465 4054
3466 4056
3467 4054
3468 4056
3469 4056
3470 4054
3471 4055
3472 4056
3473 4057
3474 4055
3475 4054
3476 4055
3477 4057
3478 4055
3479 4059
3480 4055
3481 4056
3482 4056
3483 4056
3484 4054
3485 4057
3486 4057
3487 4053
3488 4054
3489 4056
3490 4054
3491 4057
3492 4053
3493 4056
3494 4055
3495 4054
3496 4051
3497 4056
3498 4055
3499 4053
3500 4053
3501 4056
3502 4053
3503 4057
3504 4054
3505 4056
3506 4054
3507 4054
3508 4056
3509 4055
3510 4053
3511 4056
3512 4056
3513 4056
3514 4056
3515 4057
3516 4056
3517 4058
3518 4056
3519 4057
3520 4054
3521 4056
3522 4054
3523 4054
3524 4056
3525 4056
3526 4052
3527 4054
3528 4055
3529 4056
3530 4057
3531 4056
3532 4053
3533 4056
3534 4054
3535 4054
3536 4053
3537 4057
3538 4056
3539 4054
3540 4054
3541 4054
3542 4056
3543 4054
3544 4053
3545 4056
3546 4056
3547 4054
3548 4056
3549 4054
3550 4056
3551 4058
3552 4055
3553 4054
3554 4056
3555 4056
3556 4055
3557 4054
3558 4053
3559 4056
3560 4056
3561 4056
3562 4051
3563 4058
3564 4054
3565 4056
3566 4054
3567 4056
3568 4055
3569 4056
3570 4054
3571 4056
3572 4054
3573 4056
3574 4054
3575 4054
3576 4055
3577 4059
3578 4056
3579 4054
3580 4057
3581 4057
3582 4053
3583 4058
3584 4056
3585 4055
3586 4059
3587 4056
3588 4056
3589 4057
3590 4054
3591 4056
3592 4054
3593 4058
3594 4058
3595 4055
3596 4054
3597 4054
3598 4056
3599 4055
3600 4052
3601 4058
3602 4054
3603 4056
3604 4057
3605 4056
3606 4056
3607 4055
3608 4057
3609 4054
3610 4055
3611 4053
3612 4057
3613 4057
3614 4055
3615 4057
3616 4053
3617 4057
3618 4057
3619 4054
3620 4056
3621 4056
3622 4057
3623 4053
3624 4057
3625 4058
3626 4054
3627 4054
3628 4056
3629 4056
3630 4054
3631 4056
3632 4054
3633 4054
3634 4055
3635 4056
3636 4051
3637 4055
3638 4054
3639 4054
3640 4053
3641 4057
3642 4057
3643 4055
3644 4054
3645 4057
3646 4054
3647 4056
3648 4056
3649 4056
3650 4050
3651 4056
3652 4051
3653 4055
3654 4054
3655 4054
3656 4050
3657 4060
3658 4054
3659 4051
3660 4056
3661 4055
3662 4057
3663 4053
3664 4057
3665 4052
3666 4055
3667 4057
3668 4056
3669 4054
3670 4056
3671 4058
3672 4056
3673 4055
3674 4059
3675 4056
3676 4053
3677 4059
3678 4055
3679 4057
3680 4055
3681 4054
3682 4056
3683 4056
3684 4056
3685 4054
3686 4057
3687 4056
3688 4054
3689 4057
3690 4052
3691 4056
3692 4057
3693 4054
3694 4055
