#Data from the TCD1304 linear CCD
#column 1 = pixelnumber , column 2 = pixelvalue
#Pixel 1-32 and 3679-3694 and are dummy pixels
#SH-period: 200    ICG-period: 50000    Integration time: 100.0 us
2 4065
3 4055
4 4085
5 4085
6 4084
7 4084
8 4084
9 4084
10 4085
11 4085
12 4085
13 4085
14 4084
15 4085
16 4085
17 4085
18 4085
19 4085
20 4084
21 4085
22 4084
23 4085
24 4085
25 4084
26 4084
27 4085
28 4085
29 4084
30 4085
31 4084
32 4084
34 4085
35 4085
36 4084
37 4085
38 4084
39 4085
40 4085
41 4085
42 4084
43 4085
44 4085
45 4084
46 4085
47 4084
48 4082
49 4085
50 4084
51 4085
52 4083
53 4085
54 4083
55 4084
56 4084
57 4084
58 4084
59 4084
60 4084
61 4085
62 4084
63 4085
64 4083
65 4084
66 4085
67 4083
68 4082
69 4084
70 4083
71 4085
72 4084
73 4084
74 4084
75 4084
76 4085
77 4084
78 4083
79 4083
80 4085
81 4085
82 4083
83 4084
84 4085
85 4084
86 4085
87 4084
88 4083
89 4084
90 4084
91 4085
92 4084
93 4084
94 4085
95 4083
96 4084
97 4084
98 4085
99 4084
100 4085
101 4085
102 4082
103 4084
104 4086
105 4083
106 4084
107 4084
108 4084
109 4085
110 4085
111 4084
112 4084
113 4085
114 4084
115 4085
116 4083
117 4084
118 4085
119 4085
120 4084
121 4085
122 4085
123 4085
124 4085
125 4084
126 4085
127 4084
128 4085
129 4085
130 4084
131 4085
132 4084
133 4086
134 4085
135 4086
136 4085
137 4085
138 4085
139 4084
140 4085
141 4085
142 4085
143 4085
144 4085
145 4084
146 4084
147 4085
148 4085
149 4085
150 4084
151 4085
152 4084
153 4085
154 4085
155 4084
156 4083
157 4085
158 4084
159 4085
160 4084
161 4084
162 4085
163 4085
164 4085
165 4085
166 4084
167 4085
168 4085
169 4086
170 4084
171 4085
172 4085
173 4084
174 4084
175 4084
176 4085
177 4086
178 4085
179 4085
180 4084
181 4085
182 4085
183 4085
184 4085
185 4085
186 4085
187 4084
188 4084
189 4085
190 4085
191 4084
192 4084
193 4085
194 4084
195 4085
196 4085
197 4085
198 4084
199 4085
200 4084
201 4086
202 4082
203 4086
204 4085
205 4085
206 4085
207 4084
208 4085
209 4085
210 4084
211 4085
212 4085
213 4085
214 4084
215 4084
216 4083
217 4084
218 4084
219 4085
220 4085
221 4085
222 4083
223 4085
224 4084
225 4085
226 4085
227 4085
228 4084
229 4085
230 4085
231 4085
232 4085
233 4085
234 4083
235 4085
236 4084
237 4085
238 4085
239 4085
240 4083
241 4084
242 4084
243 4085
244 4085
245 4085
246 4084
247 4084
248 4084
249 4085
250 4084
251 4085
252 4084
253 4083
254 4085
255 4085
256 4085
257 4085
258 4086
259 4084
260 4085
261 4085
262 4085
263 4084
264 4085
265 4085
266 4084
267 4084
268 4085
269 4086
270 4084
271 4085
272 4085
273 4085
274 4085
275 4085
276 4084
277 4084
278 4084
279 4085
280 4084
281 4085
282 4084
283 4084
284 4085
285 4085
286 4083
287 4084
288 4085
289 4085
290 4084
291 4083
292 4085
293 4085
294 4084
295 4085
296 4085
297 4084
298 4084
299 4085
300 4084
301 4086
302 4082
303 4084
304 4084
305 4084
306 4085
307 4084
308 4085
309 4089
310 4083
311 4084
312 4084
313 4084
314 4082
315 4083
316 4083
317 4084
318 4084
319 4085
320 4085
321 4085
322 4083
323 4086
324 4085
325 4083
326 4084
327 4084
328 4085
329 4085
330 4084
331 4084
332 4085
333 4083
334 4084
335 4084
336 4085
337 4085
338 4084
339 4084
340 4084
341 4084
342 4084
343 4085
344 4085
345 4084
346 4084
347 4085
348 4084
349 4083
350 4084
351 4085
352 4083
353 4084
354 4083
355 4085
356 4083
357 4084
358 4084
359 4085
360 4084
361 4084
362 4085
363 4084
364 4083
365 4084
366 4084
367 4084
368 4084
369 4084
370 4083
371 4085
372 4083
373 4085
374 4082
375 4084
376 4083
377 4083
378 4084
379 4085
380 4085
381 4084
382 4084
383 4084
384 4085
385 4084
386 4083
387 4085
388 4082
389 4084
390 4084
391 4085
392 4084
393 4084
394 4084
395 4083
396 4084
397 4084
398 4084
399 4084
400 4084
401 4085
402 4082
403 4085
404 4085
405 4085
406 4084
407 4085
408 4085
409 4084
410 4085
411 4085
412 4084
413 4085
414 4084
415 4084
416 4085
417 4085
418 4084
419 4085
420 4085
421 4085
422 4084
423 4085
424 4084
425 4084
426 4084
427 4084
428 4083
429 4084
430 4085
431 4085
432 4085
433 4084
434 4084
435 4084
436 4084
437 4084
438 4082
439 4083
440 4084
441 4083
442 4083
443 4085
444 4084
445 4085
446 4085
447 4082
448 4084
449 4085
450 4084
451 4085
452 4082
453 4085
454 4084
455 4085
456 4084
457 4085
458 4084
459 4084
460 4086
461 4085
462 4084
463 4084
464 4084
465 4083
466 4084
467 4085
468 4084
469 4084
470 4084
471 4085
472 4084
473 4084
474 4086
475 4084
476 4084
477 4085
478 4084
479 4084
480 4084
481 4085
482 4084
483 4086
484 4084
485 4084
486 4085
487 4084
488 4084
489 4083
490 4084
491 4084
492 4085
493 4085
494 4085
495 4085
496 4084
497 4085
498 4084
499 4084
500 4084
501 4085
502 4083
503 4084
504 4084
505 4085
506 4084
507 4085
508 4085
509 4084
510 4083
511 4085
512 4083
513 4085
514 4085
515 4084
516 4085
517 4084
518 4085
519 4085
520 4084
521 4085
522 4084
523 4085
524 4084
525 4086
526 4083
527 4085
528 4084
529 4085
530 4084
531 4084
532 4084
533 4084
534 4084
535 4085
536 4085
537 4086
538 4084
539 4085
540 4084
541 4085
542 4084
543 4084
544 4085
545 4085
546 4084
547 4085
548 4084
549 4084
550 4085
551 4085
552 4082
553 4084
554 4084
555 4084
556 4085
557 4084
558 4085
559 4085
560 4085
561 4085
562 4085
563 4084
564 4084
565 4085
566 4087
567 4085
568 4084
569 4086
570 4084
571 4084
572 4084
573 4085
574 4084
575 4085
576 4084
577 4085
578 4085
579 4085
580 4085
581 4084
582 4086
583 4084
584 4084
585 4085
586 4086
587 4084
588 4085
589 4084
590 4085
591 4085
592 4085
593 4086
594 4085
595 4084
596 4086
597 4085
598 4084
599 4084
600 4085
601 4085
602 4084
603 4084
604 4084
605 4085
606 4085
607 4085
608 4084
609 4085
610 4083
611 4085
612 4085
613 4084
614 4085
615 4085
616 4084
617 4085
618 4085
619 4084
620 4084
621 4085
622 4084
623 4084
624 4084
625 4086
626 4084
627 4085
628 4085
629 4085
630 4084
631 4085
632 4084
633 4086
634 4085
635 4085
636 4085
637 4085
638 4084
639 4086
640 4085
641 4085
642 4085
643 4085
644 4086
645 4084
646 4084
647 4084
648 4085
649 4085
650 4085
651 4086
652 4083
653 4084
654 4084
655 4085
656 4085
657 4085
658 4083
659 4085
660 4085
661 4085
662 4085
663 4085
664 4084
665 4085
666 4085
667 4084
668 4084
669 4085
670 4084
671 4085
672 4084
673 4084
674 4084
675 4086
676 4084
677 4085
678 4085
679 4085
680 4083
681 4085
682 4085
683 4085
684 4085
685 4086
686 4084
687 4085
688 4086
689 4085
690 4085
691 4085
692 4085
693 4085
694 4084
695 4085
696 4085
697 4085
698 4085
699 4086
700 4085
701 4086
702 4083
703 4085
704 4085
705 4084
706 4085
707 4085
708 4085
709 4085
710 4085
711 4085
712 4085
713 4084
714 4084
715 4086
716 4085
717 4085
718 4085
719 4085
720 4084
721 4084
722 4085
723 4085
724 4084
725 4085
726 4085
727 4084
728 4085
729 4084
730 4084
731 4085
732 4085
733 4084
734 4084
735 4084
736 4086
737 4085
738 4085
739 4085
740 4085
741 4085
742 4085
743 4085
744 4085
745 4084
746 4086
747 4085
748 4084
749 4085
750 4084
751 4085
752 4083
753 4084
754 4084
755 4085
756 4084
757 4085
758 4085
759 4085
760 4084
761 4085
762 4084
763 4085
764 4084
765 4084
766 4084
767 4085
768 4084
769 4085
770 4084
771 4085
772 4085
773 4085
774 4084
775 4084
776 4085
777 4084
778 4084
779 4085
780 4085
781 4085
782 4084
783 4084
784 4085
785 4085
786 4084
787 4084
788 4083
789 4084
790 4085
791 4084
792 4084
793 4085
794 4084
795 4085
796 4085
797 4083
798 4084
799 4085
800 4083
801 4085
802 4082
803 4085
804 4085
805 4084
806 4084
807 4084
808 4085
809 4084
810 4085
811 4085
812 4083
813 4084
814 4084
815 4084
816 4084
817 4084
818 4084
819 4084
820 4085
821 4085
822 4085
823 4084
824 4085
825 4085
826 4085
827 4085
828 4084
829 4085
830 4084
831 4085
832 4083
833 4085
834 4084
835 4083
836 4086
837 4084
838 4082
839 4084
840 4084
841 4085
842 4086
843 4084
844 4084
845 4085
846 4085
847 4084
848 4085
849 4085
850 4084
851 4085
852 4083
853 4085
854 4084
855 4085
856 4085
857 4084
858 4084
859 4085
860 4084
861 4084
862 4084
863 4085
864 4084
865 4086
866 4085
867 4084
868 4085
869 4084
870 4083
871 4085
872 4086
873 4084
874 4085
875 4085
876 4084
877 4085
878 4085
879 4084
880 4085
881 4084
882 4083
883 4088
884 4084
885 4085
886 4083
887 4085
888 4084
889 4085
890 4084
891 4085
892 4084
893 4084
894 4085
895 4085
896 4084
897 4086
898 4085
899 4084
900 4084
901 4086
902 4084
903 4084
904 4085
905 4086
906 4084
907 4083
908 4085
909 4085
910 4085
911 4084
912 4084
913 4085
914 4085
915 4085
916 4084
917 4085
918 4084
919 4085
920 4084
921 4085
922 4083
923 4084
924 4084
925 4085
926 4083
927 4084
928 4083
929 4084
930 4085
931 4084
932 4084
933 4086
934 4084
935 4085
936 4085
937 4085
938 4084
939 4085
940 4085
941 4085
942 4085
943 4085
944 4085
945 4085
946 4084
947 4085
948 4083
949 4085
950 4085
951 4086
952 4083
953 4084
954 4083
955 4085
956 4084
957 4084
958 4084
959 4085
960 4085
961 4085
962 4085
963 4085
964 4085
965 4085
966 4084
967 4084
968 4085
969 4084
970 4084
971 4085
972 4084
973 4085
974 4084
975 4085
976 4083
977 4084
978 4084
979 4084
980 4085
981 4085
982 4085
983 4085
984 4085
985 4085
986 4085
987 4085
988 4085
989 4085
990 4084
991 4086
992 4084
993 4085
994 4085
995 4084
996 4083
997 4085
998 4084
999 4085
1000 4085
1001 4085
1002 4083
1003 4085
1004 4084
1005 4085
1006 4084
1007 4085
1008 4084
1009 4085
1010 4085
1011 4084
1012 4085
1013 4085
1014 4084
1015 4085
1016 4084
1017 4085
1018 4084
1019 4085
1020 4084
1021 4085
1022 4085
1023 4084
1024 4085
1025 4084
1026 4085
1027 4085
1028 4085
1029 4085
1030 4084
1031 4084
1032 4085
1033 4085
1034 4086
1035 4085
1036 4084
1037 4084
1038 4085
1039 4084
1040 4085
1041 4085
1042 4084
1043 4084
1044 4084
1045 4084
1046 4083
1047 4084
1048 4084
1049 4086
1050 4084
1051 4086
1052 4083
1053 4085
1054 4084
1055 4084
1056 4085
1057 4085
1058 4084
1059 4084
1060 4085
1061 4081
1062 4085
1063 4084
1064 4085
1065 4085
1066 4085
1067 4085
1068 4084
1069 4085
1070 4083
1071 4084
1072 4084
1073 4085
1074 4084
1075 4085
1076 4085
1077 4085
1078 4084
1079 4084
1080 4083
1081 4084
1082 4084
1083 4085
1084 4084
1085 4084
1086 4085
1087 4084
1088 4084
1089 4084
1090 4084
1091 4081
1092 4084
1093 4084
1094 4084
1095 4082
1096 4084
1097 4084
1098 4085
1099 4084
1100 4084
1101 4085
1102 4083
1103 4084
1104 4084
1105 4083
1106 4083
1107 4085
1108 4083
1109 4084
1110 4083
1111 4084
1112 4084
1113 4084
1114 4084
1115 4085
1116 4085
1117 4085
1118 4084
1119 4085
1120 4083
1121 4085
1122 4084
1123 4083
1124 4084
1125 4084
1126 4085
1127 4085
1128 4084
1129 4084
1130 4084
1131 4085
1132 4084
1133 4085
1134 4084
1135 4084
1136 4084
1137 4085
1138 4084
1139 4085
1140 4085
1141 4085
1142 4085
1143 4084
1144 4084
1145 4085
1146 4083
1147 4083
1148 4085
1149 4084
1150 4084
1151 4086
1152 4083
1153 4084
1154 4084
1155 4083
1156 4085
1157 4083
1158 4083
1159 4084
1160 4083
1161 4084
1162 4083
1163 4084
1164 4083
1165 4083
1166 4084
1167 4084
1168 4081
1169 4084
1170 4083
1171 4083
1172 4084
1173 4082
1174 4083
1175 4083
1176 4084
1177 4084
1178 4085
1179 4083
1180 4085
1181 4085
1182 4086
1183 4085
1184 4084
1185 4084
1186 4084
1187 4083
1188 4084
1189 4085
1190 4083
1191 4084
1192 4084
1193 4084
1194 4083
1195 4084
1196 4084
1197 4084
1198 4083
1199 4083
1200 4084
1201 4085
1202 4081
1203 4084
1204 4085
1205 4084
1206 4083
1207 4084
1208 4084
1209 4083
1210 4083
1211 4084
1212 4085
1213 4083
1214 4083
1215 4084
1216 4084
1217 4084
1218 4083
1219 4084
1220 4084
1221 4084
1222 4085
1223 4084
1224 4085
1225 4084
1226 4084
1227 4084
1228 4085
1229 4085
1230 4083
1231 4085
1232 4084
1233 4083
1234 4084
1235 4085
1236 4083
1237 4084
1238 4084
1239 4084
1240 4084
1241 4085
1242 4084
1243 4084
1244 4084
1245 4084
1246 4084
1247 4084
1248 4084
1249 4084
1250 4084
1251 4085
1252 4083
1253 4085
1254 4083
1255 4084
1256 4083
1257 4084
1258 4085
1259 4083
1260 4084
1261 4085
1262 4085
1263 4084
1264 4084
1265 4084
1266 4085
1267 4084
1268 4085
1269 4083
1270 4083
1271 4085
1272 4083
1273 4084
1274 4087
1275 4084
1276 4084
1277 4085
1278 4084
1279 4084
1280 4085
1281 4085
1282 4084
1283 4084
1284 4084
1285 4084
1286 4083
1287 4085
1288 4084
1289 4084
1290 4084
1291 4084
1292 4084
1293 4085
1294 4085
1295 4083
1296 4082
1297 4085
1298 4084
1299 4085
1300 4083
1301 4086
1302 4082
1303 4084
1304 4083
1305 4084
1306 4084
1307 4085
1308 4086
1309 4084
1310 4084
1311 4085
1312 4085
1313 4085
1314 4084
1315 4085
1316 4083
1317 4085
1318 4085
1319 4084
1320 4085
1321 4083
1322 4084
1323 4084
1324 4083
1325 4084
1326 4084
1327 4084
1328 4085
1329 4085
1330 4084
1331 4085
1332 4083
1333 4084
1334 4084
1335 4084
1336 4084
1337 4085
1338 4084
1339 4084
1340 4083
1341 4085
1342 4085
1343 4085
1344 4085
1345 4084
1346 4083
1347 4085
1348 4084
1349 4084
1350 4084
1351 4085
1352 4083
1353 4084
1354 4084
1355 4084
1356 4084
1357 4085
1358 4084
1359 4084
1360 4083
1361 4085
1362 4083
1363 4085
1364 4086
1365 4085
1366 4084
1367 4084
1368 4084
1369 4084
1370 4084
1371 4084
1372 4083
1373 4084
1374 4084
1375 4084
1376 4084
1377 4085
1378 4084
1379 4085
1380 4085
1381 4084
1382 4085
1383 4084
1384 4085
1385 4085
1386 4085
1387 4085
1388 4084
1389 4084
1390 4085
1391 4084
1392 4084
1393 4085
1394 4084
1395 4085
1396 4084
1397 4085
1398 4084
1399 4085
1400 4084
1401 4085
1402 4083
1403 4084
1404 4084
1405 4084
1406 4084
1407 4084
1408 4084
1409 4082
1410 4083
1411 4084
1412 4085
1413 4085
1414 4084
1415 4084
1416 4085
1417 4084
1418 4084
1419 4085
1420 4083
1421 4085
1422 4085
1423 4085
1424 4084
1425 4084
1426 4084
1427 4084
1428 4084
1429 4084
1430 4084
1431 4084
1432 4084
1433 4084
1434 4084
1435 4084
1436 4084
1437 4085
1438 4083
1439 4084
1440 4083
1441 4085
1442 4085
1443 4085
1444 4085
1445 4084
1446 4085
1447 4085
1448 4085
1449 4085
1450 4084
1451 4086
1452 4083
1453 4085
1454 4083
1455 4085
1456 4083
1457 4085
1458 4084
1459 4085
1460 4085
1461 4084
1462 4085
1463 4084
1464 4085
1465 4085
1466 4084
1467 4084
1468 4085
1469 4084
1470 4084
1471 4084
1472 4083
1473 4084
1474 4084
1475 4085
1476 4084
1477 4085
1478 4084
1479 4084
1480 4085
1481 4084
1482 4087
1483 4084
1484 4084
1485 4085
1486 4084
1487 4085
1488 4085
1489 4084
1490 4084
1491 4085
1492 4084
1493 4085
1494 4084
1495 4085
1496 4084
1497 4085
1498 4085
1499 4085
1500 4084
1501 4085
1502 4083
1503 4085
1504 4084
1505 4084
1506 4085
1507 4083
1508 4084
1509 4084
1510 4084
1511 4084
1512 4084
1513 4085
1514 4084
1515 4084
1516 4085
1517 4085
1518 4084
1519 4085
1520 4084
1521 4085
1522 4085
1523 4083
1524 4084
1525 4084
1526 4084
1527 4085
1528 4084
1529 4084
1530 4085
1531 4085
1532 4084
1533 4086
1534 4084
1535 4084
1536 4083
1537 4086
1538 4085
1539 4084
1540 4084
1541 4086
1542 4084
1543 4085
1544 4085
1545 4084
1546 4084
1547 4085
1548 4084
1549 4085
1550 4085
1551 4085
1552 4083
1553 4085
1554 4084
1555 4085
1556 4084
1557 4086
1558 4083
1559 4085
1560 4084
1561 4085
1562 4084
1563 4084
1564 4085
1565 4085
1566 4084
1567 4083
1568 4084
1569 4085
1570 4085
1571 4085
1572 4084
1573 4085
1574 4084
1575 4085
1576 4084
1577 4085
1578 4084
1579 4085
1580 4085
1581 4084
1582 4083
1583 4084
1584 4085
1585 4085
1586 4084
1587 4085
1588 4085
1589 4085
1590 4085
1591 4085
1592 4085
1593 4085
1594 4084
1595 4085
1596 4084
1597 4084
1598 4085
1599 4085
1600 4084
1601 4086
1602 4082
1603 4085
1604 4085
1605 4084
1606 4085
1607 4085
1608 4084
1609 4085
1610 4084
1611 4085
1612 4084
1613 4085
1614 4084
1615 4085
1616 4085
1617 4085
1618 4084
1619 4084
1620 4084
1621 4086
1622 4085
1623 4085
1624 4085
1625 4084
1626 4084
1627 4084
1628 4085
1629 4085
1630 4085
1631 4085
1632 4085
1633 4086
1634 4084
1635 4085
1636 4085
1637 4085
1638 4085
1639 4084
1640 4085
1641 4085
1642 4083
1643 4085
1644 4084
1645 4084
1646 4084
1647 4085
1648 4085
1649 4083
1650 4086
1651 4086
1652 4083
1653 4085
1654 4083
1655 4084
1656 4085
1657 4084
1658 4085
1659 4084
1660 4085
1661 4085
1662 4084
1663 4085
1664 4085
1665 4085
1666 4085
1667 4084
1668 4085
1669 4085
1670 4085
1671 4084
1672 4084
1673 4085
1674 4085
1675 4085
1676 4084
1677 4085
1678 4084
1679 4084
1680 4084
1681 4084
1682 4085
1683 4085
1684 4085
1685 4084
1686 4085
1687 4085
1688 4084
1689 4085
1690 4084
1691 4083
1692 4085
1693 4085
1694 4085
1695 4085
1696 4085
1697 4085
1698 4085
1699 4085
1700 4085
1701 4086
1702 4083
1703 4084
1704 4083
1705 4085
1706 4085
1707 4083
1708 4084
1709 4084
1710 4084
1711 4085
1712 4085
1713 4085
1714 4084
1715 4084
1716 4084
1717 4085
1718 4084
1719 4085
1720 4084
1721 4085
1722 4084
1723 4084
1724 4085
1725 4085
1726 4083
1727 4084
1728 4084
1729 4085
1730 4084
1731 4085
1732 4084
1733 4084
1734 4084
1735 4085
1736 4084
1737 4085
1738 4084
1739 4084
1740 4085
1741 4084
1742 4084
1743 4085
1744 4084
1745 4084
1746 4085
1747 4084
1748 4083
1749 4085
1750 4085
1751 4085
1752 4083
1753 4085
1754 4084
1755 4083
1756 4084
1757 4084
1758 4083
1759 4085
1760 4085
1761 4085
1762 4085
1763 4084
1764 4083
1765 4083
1766 4083
1767 4084
1768 4084
1769 4084
1770 4083
1771 4084
1772 4083
1773 4083
1774 4084
1775 4085
1776 4083
1777 4084
1778 4083
1779 4084
1780 4083
1781 4083
1782 4084
1783 4084
1784 4084
1785 4084
1786 4084
1787 4083
1788 4084
1789 4084
1790 4084
1791 4084
1792 4085
1793 4084
1794 4084
1795 4083
1796 4085
1797 4084
1798 4085
1799 4084
1800 4084
1801 4085
1802 4083
1803 4084
1804 4083
1805 4083
1806 4084
1807 4084
1808 4083
1809 4084
1810 4084
1811 4084
1812 4083
1813 4083
1814 4083
1815 4084
1816 4083
1817 4083
1818 4083
1819 4083
1820 4083
1821 4084
1822 4084
1823 4084
1824 4083
1825 4084
1826 4083
1827 4085
1828 4084
1829 4082
1830 4084
1831 4084
1832 4083
1833 4083
1834 4083
1835 4084
1836 4083
1837 4084
1838 4083
1839 4085
1840 4084
1841 4084
1842 4084
1843 4085
1844 4084
1845 4084
1846 4084
1847 4084
1848 4084
1849 4084
1850 4083
1851 4085
1852 4083
1853 4084
1854 4083
1855 4084
1856 4084
1857 4083
1858 4084
1859 4085
1860 4084
1861 4084
1862 4084
1863 4084
1864 4084
1865 4085
1866 4084
1867 4084
1868 4083
1869 4084
1870 4084
1871 4084
1872 4083
1873 4084
1874 4084
1875 4085
1876 4083
1877 4084
1878 4084
1879 4084
1880 4084
1881 4085
1882 4083
1883 4084
1884 4084
1885 4084
1886 4083
1887 4083
1888 4082
1889 4084
1890 4084
1891 4085
1892 4082
1893 4084
1894 4084
1895 4084
1896 4083
1897 4084
1898 4084
1899 4083
1900 4083
1901 4085
1902 4081
1903 4082
1904 4084
1905 4084
1906 4083
1907 4084
1908 4084
1909 4084
1910 4084
1911 4084
1912 4084
1913 4084
1914 4084
1915 4084
1916 4085
1917 4085
1918 4084
1919 4086
1920 4084
1921 4084
1922 4084
1923 4084
1924 4084
1925 4083
1926 4084
1927 4084
1928 4083
1929 4085
1930 4083
1931 4083
1932 4084
1933 4084
1934 4083
1935 4084
1936 4083
1937 4084
1938 4084
1939 4084
1940 4083
1941 4083
1942 4084
1943 4084
1944 4085
1945 4084
1946 4084
1947 4085
1948 4085
1949 4084
1950 4084
1951 4085
1952 4082
1953 4084
1954 4083
1955 4084
1956 4085
1957 4083
1958 4084
1959 4084
1960 4084
1961 4084
1962 4084
1963 4083
1964 4083
1965 4084
1966 4084
1967 4084
1968 4082
1969 4084
1970 4083
1971 4083
1972 4085
1973 4084
1974 4084
1975 4084
1976 4085
1977 4083
1978 4084
1979 4084
1980 4083
1981 4084
1982 4084
1983 4084
1984 4083
1985 4084
1986 4084
1987 4083
1988 4085
1989 4084
1990 4084
1991 4084
1992 4084
1993 4084
1994 4085
1995 4084
1996 4084
1997 4084
1998 4083
1999 4085
2000 4083
2001 4085
2002 4082
2003 4084
2004 4083
2005 4082
2006 4084
2007 4083
2008 4083
2009 4085
2010 4083
2011 4084
2012 4084
2013 4085
2014 4084
2015 4084
2016 4084
2017 4083
2018 4084
2019 4084
2020 4083
2021 4084
2022 4083
2023 4084
2024 4085
2025 4084
2026 4084
2027 4084
2028 4086
2029 4083
2030 4085
2031 4084
2032 4084
2033 4084
2034 4083
2035 4085
2036 4084
2037 4084
2038 4082
2039 4084
2040 4085
2041 4084
2042 4084
2043 4083
2044 4083
2045 4083
2046 4084
2047 4084
2048 4084
2049 4084
2050 4084
2051 4084
2052 4082
2053 4083
2054 4084
2055 4084
2056 4083
2057 4084
2058 4084
2059 4083
2060 4084
2061 4083
2062 4083
2063 4084
2064 4084
2065 4084
2066 4083
2067 4083
2068 4083
2069 4084
2070 4083
2071 4084
2072 4084
2073 4083
2074 4084
2075 4083
2076 4083
2077 4083
2078 4085
2079 4084
2080 4083
2081 4084
2082 4083
2083 4084
2084 4085
2085 4084
2086 4083
2087 4084
2088 4083
2089 4084
2090 4085
2091 4084
2092 4084
2093 4084
2094 4084
2095 4083
2096 4083
2097 4083
2098 4084
2099 4084
2100 4085
2101 4085
2102 4081
2103 4084
2104 4083
2105 4083
2106 4083
2107 4084
2108 4084
2109 4084
2110 4085
2111 4083
2112 4083
2113 4085
2114 4084
2115 4082
2116 4084
2117 4083
2118 4083
2119 4084
2120 4083
2121 4084
2122 4084
2123 4083
2124 4084
2125 4084
2126 4084
2127 4084
2128 4085
2129 4083
2130 4084
2131 4085
2132 4083
2133 4083
2134 4084
2135 4084
2136 4083
2137 4085
2138 4083
2139 4084
2140 4083
2141 4084
2142 4084
2143 4084
2144 4083
2145 4083
2146 4083
2147 4084
2148 4083
2149 4084
2150 4083
2151 4085
2152 4082
2153 4085
2154 4084
2155 4082
2156 4084
2157 4083
2158 4084
2159 4084
2160 4084
2161 4084
2162 4083
2163 4085
2164 4084
2165 4084
2166 4083
2167 4084
2168 4083
2169 4083
2170 4084
2171 4083
2172 4082
2173 4083
2174 4082
2175 4084
2176 4084
2177 4084
2178 4084
2179 4084
2180 4083
2181 4083
2182 4085
2183 4083
2184 4084
2185 4085
2186 4083
2187 4084
2188 4083
2189 4084
2190 4084
2191 4083
2192 4082
2193 4084
2194 4082
2195 4084
2196 4083
2197 4084
2198 4083
2199 4085
2200 4084
2201 4085
2202 4083
2203 4084
2204 4084
2205 4084
2206 4083
2207 4085
2208 4084
2209 4085
2210 4084
2211 4084
2212 4084
2213 4083
2214 4083
2215 4085
2216 4084
2217 4085
2218 4083
2219 4085
2220 4083
2221 4084
2222 4084
2223 4083
2224 4084
2225 4084
2226 4084
2227 4084
2228 4084
2229 4084
2230 4085
2231 4085
2232 4084
2233 4084
2234 4083
2235 4084
2236 4084
2237 4085
2238 4084
2239 4084
2240 4084
2241 4085
2242 4084
2243 4084
2244 4084
2245 4084
2246 4084
2247 4084
2248 4084
2249 4083
2250 4084
2251 4086
2252 4083
2253 4085
2254 4084
2255 4085
2256 4084
2257 4084
2258 4084
2259 4084
2260 4084
2261 4085
2262 4084
2263 4085
2264 4085
2265 4085
2266 4083
2267 4083
2268 4084
2269 4084
2270 4083
2271 4084
2272 4084
2273 4083
2274 4085
2275 4084
2276 4084
2277 4084
2278 4084
2279 4084
2280 4084
2281 4083
2282 4084
2283 4084
2284 4085
2285 4085
2286 4083
2287 4084
2288 4085
2289 4084
2290 4085
2291 4083
2292 4084
2293 4084
2294 4085
2295 4083
2296 4083
2297 4085
2298 4084
2299 4085
2300 4084
2301 4085
2302 4082
2303 4084
2304 4083
2305 4083
2306 4084
2307 4084
2308 4083
2309 4084
2310 4084
2311 4084
2312 4085
2313 4084
2314 4084
2315 4084
2316 4084
2317 4084
2318 4084
2319 4084
2320 4083
2321 4085
2322 4083
2323 4084
2324 4083
2325 4084
2326 4084
2327 4084
2328 4083
2329 4083
2330 4083
2331 4084
2332 4084
2333 4084
2334 4084
2335 4085
2336 4084
2337 4084
2338 4083
2339 4084
2340 4083
2341 4084
2342 4085
2343 4084
2344 4084
2345 4085
2346 4084
2347 4085
2348 4084
2349 4084
2350 4084
2351 4085
2352 4082
2353 4085
2354 4085
2355 4084
2356 4084
2357 4084
2358 4084
2359 4085
2360 4083
2361 4084
2362 4084
2363 4085
2364 4083
2365 4084
2366 4084
2367 4083
2368 4084
2369 4085
2370 4084
2371 4084
2372 4084
2373 4083
2374 4083
2375 4084
2376 4084
2377 4085
2378 4084
2379 4085
2380 4084
2381 4084
2382 4084
2383 4085
2384 4083
2385 4084
2386 4084
2387 4085
2388 4084
2389 4084
2390 4084
2391 4084
2392 4084
2393 4085
2394 4085
2395 4084
2396 4084
2397 4085
2398 4084
2399 4084
2400 4084
2401 4086
2402 4082
2403 4084
2404 4084
2405 4083
2406 4084
2407 4084
2408 4084
2409 4084
2410 4084
2411 4085
2412 4084
2413 4085
2414 4084
2415 4084
2416 4084
2417 4085
2418 4084
2419 4086
2420 4084
2421 4084
2422 4084
2423 4084
2424 4083
2425 4084
2426 4084
2427 4085
2428 4083
2429 4085
2430 4084
2431 4083
2432 4083
2433 4084
2434 4084
2435 4085
2436 4084
2437 4084
2438 4084
2439 4084
2440 4084
2441 4085
2442 4084
2443 4084
2444 4082
2445 4083
2446 4084
2447 4084
2448 4083
2449 4083
2450 4084
2451 4085
2452 4083
2453 4085
2454 4085
2455 4084
2456 4084
2457 4085
2458 4084
2459 4083
2460 4084
2461 4084
2462 4082
2463 4084
2464 4084
2465 4084
2466 4085
2467 4083
2468 4083
2469 4085
2470 4084
2471 4084
2472 4084
2473 4085
2474 4084
2475 4083
2476 4084
2477 4083
2478 4084
2479 4085
2480 4084
2481 4085
2482 4085
2483 4084
2484 4084
2485 4083
2486 4084
2487 4084
2488 4085
2489 4083
2490 4084
2491 4084
2492 4084
2493 4084
2494 4084
2495 4084
2496 4084
2497 4084
2498 4084
2499 4085
2500 4085
2501 4085
2502 4083
2503 4085
2504 4084
2505 4084
2506 4084
2507 4084
2508 4084
2509 4084
2510 4085
2511 4084
2512 4084
2513 4085
2514 4083
2515 4084
2516 4085
2517 4084
2518 4083
2519 4085
2520 4084
2521 4084
2522 4085
2523 4084
2524 4083
2525 4085
2526 4084
2527 4084
2528 4084
2529 4085
2530 4084
2531 4084
2532 4084
2533 4084
2534 4085
2535 4085
2536 4084
2537 4085
2538 4084
2539 4084
2540 4085
2541 4084
2542 4083
2543 4084
2544 4085
2545 4084
2546 4084
2547 4084
2548 4084
2549 4084
2550 4085
2551 4085
2552 4082
2553 4085
2554 4084
2555 4084
2556 4084
2557 4084
2558 4084
2559 4084
2560 4084
2561 4084
2562 4085
2563 4084
2564 4084
2565 4085
2566 4084
2567 4084
2568 4084
2569 4085
2570 4085
2571 4085
2572 4084
2573 4084
2574 4084
2575 4084
2576 4084
2577 4084
2578 4085
2579 4084
2580 4084
2581 4084
2582 4083
2583 4084
2584 4085
2585 4085
2586 4083
2587 4084
2588 4085
2589 4084
2590 4085
2591 4083
2592 4084
2593 4085
2594 4084
2595 4084
2596 4084
2597 4084
2598 4085
2599 4085
2600 4084
2601 4086
2602 4082
2603 4084
2604 4085
2605 4084
2606 4084
2607 4084
2608 4085
2609 4085
2610 4086
2611 4084
2612 4085
2613 4084
2614 4083
2615 4085
2616 4084
2617 4085
2618 4084
2619 4085
2620 4084
2621 4084
2622 4084
2623 4084
2624 4084
2625 4084
2626 4085
2627 4084
2628 4084
2629 4085
2630 4083
2631 4084
2632 4084
2633 4083
2634 4084
2635 4084
2636 4085
2637 4085
2638 4085
2639 4084
2640 4085
2641 4085
2642 4084
2643 4085
2644 4085
2645 4084
2646 4084
2647 4085
2648 4084
2649 4085
2650 4085
2651 4086
2652 4082
2653 4085
2654 4085
2655 4085
2656 4084
2657 4085
2658 4085
2659 4084
2660 4085
2661 4085
2662 4085
2663 4085
2664 4085
2665 4083
2666 4085
2667 4085
2668 4085
2669 4085
2670 4085
2671 4084
2672 4084
2673 4084
2674 4085
2675 4085
2676 4085
2677 4085
2678 4086
2679 4085
2680 4086
2681 4085
2682 4084
2683 4086
2684 4084
2685 4085
2686 4085
2687 4085
2688 4084
2689 4085
2690 4084
2691 4085
2692 4084
2693 4085
2694 4085
2695 4084
2696 4085
2697 4085
2698 4086
2699 4084
2700 4085
2701 4086
2702 4083
2703 4085
2704 4085
2705 4084
2706 4085
2707 4085
2708 4085
2709 4085
2710 4085
2711 4085
2712 4085
2713 4085
2714 4086
2715 4085
2716 4084
2717 4084
2718 4084
2719 4085
2720 4085
2721 4085
2722 4084
2723 4085
2724 4085
2725 4085
2726 4084
2727 4085
2728 4085
2729 4085
2730 4085
2731 4085
2732 4084
2733 4085
2734 4084
2735 4084
2736 4085
2737 4085
2738 4084
2739 4085
2740 4084
2741 4086
2742 4084
2743 4084
2744 4085
2745 4085
2746 4085
2747 4085
2748 4085
2749 4084
2750 4084
2751 4086
2752 4085
2753 4086
2754 4085
2755 4084
2756 4084
2757 4085
2758 4084
2759 4085
2760 4084
2761 4085
2762 4085
2763 4085
2764 4084
2765 4084
2766 4085
2767 4084
2768 4083
2769 4085
2770 4084
2771 4084
2772 4084
2773 4085
2774 4084
2775 4085
2776 4084
2777 4083
2778 4085
2779 4084
2780 4084
2781 4084
2782 4085
2783 4082
2784 4085
2785 4085
2786 4084
2787 4084
2788 4084
2789 4084
2790 4084
2791 4085
2792 4085
2793 4085
2794 4084
2795 4084
2796 4084
2797 4084
2798 4085
2799 4085
2800 4085
2801 4085
2802 4082
2803 4084
2804 4085
2805 4083
2806 4084
2807 4085
2808 4083
2809 4084
2810 4083
2811 4085
2812 4085
2813 4084
2814 4083
2815 4085
2816 4084
2817 4083
2818 4085
2819 4085
2820 4083
2821 4085
2822 4085
2823 4084
2824 4083
2825 4084
2826 4083
2827 4083
2828 4084
2829 4083
2830 4084
2831 4084
2832 4083
2833 4085
2834 4085
2835 4084
2836 4085
2837 4085
2838 4083
2839 4085
2840 4084
2841 4083
2842 4083
2843 4084
2844 4084
2845 4084
2846 4085
2847 4085
2848 4084
2849 4084
2850 4084
2851 4085
2852 4082
2853 4083
2854 4084
2855 4085
2856 4084
2857 4084
2858 4084
2859 4085
2860 4085
2861 4083
2862 4084
2863 4085
2864 4084
2865 4085
2866 4085
2867 4085
2868 4083
2869 4085
2870 4083
2871 4084
2872 4084
2873 4083
2874 4085
2875 4084
2876 4083
2877 4084
2878 4085
2879 4084
2880 4085
2881 4084
2882 4083
2883 4085
2884 4083
2885 4084
2886 4084
2887 4085
2888 4084
2889 4084
2890 4084
2891 4084
2892 4085
2893 4084
2894 4085
2895 4083
2896 4085
2897 4084
2898 4084
2899 4085
2900 4084
2901 4085
2902 4082
2903 4084
2904 4084
2905 4084
2906 4084
2907 4084
2908 4084
2909 4085
2910 4084
2911 4084
2912 4084
2913 4083
2914 4083
2915 4085
2916 4084
2917 4085
2918 4083
2919 4085
2920 4084
2921 4084
2922 4085
2923 4085
2924 4084
2925 4084
2926 4084
2927 4084
2928 4085
2929 4085
2930 4086
2931 4082
2932 4084
2933 4083
2934 4084
2935 4085
2936 4083
2937 4085
2938 4085
2939 4085
2940 4084
2941 4083
2942 4084
2943 4084
2944 4084
2945 4084
2946 4084
2947 4084
2948 4085
2949 4085
2950 4083
2951 4085
2952 4083
2953 4084
2954 4084
2955 4085
2956 4085
2957 4084
2958 4084
2959 4085
2960 4084
2961 4083
2962 4085
2963 4085
2964 4084
2965 4084
2966 4084
2967 4083
2968 4084
2969 4084
2970 4083
2971 4085
2972 4084
2973 4085
2974 4083
2975 4084
2976 4083
2977 4085
2978 4084
2979 4084
2980 4084
2981 4084
2982 4084
2983 4083
2984 4084
2985 4085
2986 4084
2987 4084
2988 4085
2989 4085
2990 4085
2991 4085
2992 4084
2993 4084
2994 4085
2995 4085
2996 4085
2997 4084
2998 4083
2999 4084
3000 4084
3001 4086
3002 4083
3003 4085
3004 4085
3005 4084
3006 4085
3007 4085
3008 4084
3009 4085
3010 4084
3011 4084
3012 4084
3013 4085
3014 4085
3015 4085
3016 4084
3017 4084
3018 4085
3019 4086
3020 4085
3021 4084
3022 4085
3023 4085
3024 4084
3025 4084
3026 4085
3027 4084
3028 4085
3029 4085
3030 4085
3031 4085
3032 4084
3033 4084
3034 4085
3035 4085
3036 4085
3037 4085
3038 4084
3039 4086
3040 4085
3041 4084
3042 4085
3043 4085
3044 4085
3045 4085
3046 4083
3047 4085
3048 4085
3049 4085
3050 4085
3051 4085
3052 4083
3053 4085
3054 4084
3055 4084
3056 4085
3057 4083
3058 4084
3059 4085
3060 4084
3061 4084
3062 4084
3063 4085
3064 4086
3065 4085
3066 4084
3067 4085
3068 4085
3069 4084
3070 4084
3071 4085
3072 4084
3073 4085
3074 4084
3075 4085
3076 4084
3077 4085
3078 4085
3079 4085
3080 4084
3081 4085
3082 4085
3083 4085
3084 4086
3085 4085
3086 4085
3087 4084
3088 4084
3089 4085
3090 4084
3091 4085
3092 4083
3093 4085
3094 4085
3095 4084
3096 4085
3097 4085
3098 4085
3099 4084
3100 4083
3101 4086
3102 4083
3103 4085
3104 4085
3105 4084
3106 4085
3107 4085
3108 4085
3109 4085
3110 4084
3111 4084
3112 4085
3113 4084
3114 4084
3115 4084
3116 4084
3117 4084
3118 4084
3119 4084
3120 4085
3121 4084
3122 4084
3123 4085
3124 4084
3125 4085
3126 4084
3127 4084
3128 4084
3129 4085
3130 4084
3131 4084
3132 4084
3133 4085
3134 4086
3135 4086
3136 4084
3137 4086
3138 4084
3139 4085
3140 4085
3141 4085
3142 4084
3143 4084
3144 4084
3145 4085
3146 4084
3147 4085
3148 4085
3149 4085
3150 4084
3151 4085
3152 4082
3153 4086
3154 4084
3155 4084
3156 4084
3157 4085
3158 4084
3159 4085
3160 4085
3161 4086
3162 4085
3163 4084
3164 4085
3165 4085
3166 4084
3167 4085
3168 4084
3169 4085
3170 4084
3171 4084
3172 4085
3173 4085
3174 4084
3175 4084
3176 4085
3177 4085
3178 4084
3179 4085
3180 4085
3181 4084
3182 4084
3183 4085
3184 4085
3185 4085
3186 4084
3187 4083
3188 4085
3189 4085
3190 4085
3191 4085
3192 4085
3193 4085
3194 4085
3195 4085
3196 4084
3197 4084
3198 4084
3199 4085
3200 4084
3201 4086
3202 4083
3203 4084
3204 4084
3205 4084
3206 4085
3207 4085
3208 4083
3209 4085
3210 4084
3211 4085
3212 4084
3213 4084
3214 4084
3215 4084
3216 4084
3217 4085
3218 4084
3219 4084
3220 4084
3221 4085
3222 4084
3223 4085
3224 4084
3225 4085
3226 4085
3227 4085
3228 4085
3229 4085
3230 4084
3231 4084
3232 4085
3233 4084
3234 4084
3235 4084
3236 4084
3237 4084
3238 4085
3239 4084
3240 4084
3241 4084
3242 4085
3243 4085
3244 4084
3245 4085
3246 4085
3247 4085
3248 4085
3249 4084
3250 4084
3251 4086
3252 4081
3253 4083
3254 4086
3255 4085
3256 4085
3257 4085
3258 4085
3259 4085
3260 4085
3261 4085
3262 4084
3263 4085
3264 4085
3265 4085
3266 4085
3267 4084
3268 4085
3269 4084
3270 4083
3271 4085
3272 4084
3273 4085
3274 4085
3275 4084
3276 4085
3277 4085
3278 4085
3279 4085
3280 4085
3281 4085
3282 4085
3283 4084
3284 4085
3285 4084
3286 4085
3287 4085
3288 4085
3289 4085
3290 4084
3291 4085
3292 4084
3293 4085
3294 4086
3295 4085
3296 4084
3297 4085
3298 4085
3299 4084
3300 4086
3301 4087
3302 4083
3303 4084
3304 4085
3305 4085
3306 4085
3307 4085
3308 4084
3309 4085
3310 4084
3311 4085
3312 4084
3313 4084
3314 4085
3315 4083
3316 4084
3317 4085
3318 4085
3319 4086
3320 4084
3321 4083
3322 4084
3323 4084
3324 4084
3325 4085
3326 4085
3327 4083
3328 4084
3329 4085
3330 4085
3331 4085
3332 4083
3333 4084
3334 4084
3335 4086
3336 4084
3337 4085
3338 4084
3339 4085
3340 4084
3341 4084
3342 4085
3343 4085
3344 4085
3345 4085
3346 4085
3347 4085
3348 4084
3349 4084
3350 4085
3351 4085
3352 4083
3353 4085
3354 4084
3355 4085
3356 4085
3357 4085
3358 4085
3359 4085
3360 4083
3361 4085
3362 4084
3363 4085
3364 4085
3365 4085
3366 4085
3367 4086
3368 4085
3369 4085
3370 4084
3371 4085
3372 4085
3373 4084
3374 4085
3375 4085
3376 4084
3377 4085
3378 4085
3379 4085
3380 4085
3381 4083
3382 4085
3383 4085
3384 4085
3385 4086
3386 4085
3387 4086
3388 4085
3389 4085
3390 4084
3391 4085
3392 4085
3393 4085
3394 4086
3395 4085
3396 4084
3397 4084
3398 4085
3399 4085
3400 4084
3401 4086
3402 4083
3403 4085
3404 4084
3405 4085
3406 4084
3407 4084
3408 4084
3409 4084
3410 4085
3411 4085
3412 4085
3413 4085
3414 4085
3415 4084
3416 4085
3417 4085
3418 4085
3419 4085
3420 4084
3421 4085
3422 4085
3423 4085
3424 4085
3425 4084
3426 4085
3427 4085
3428 4084
3429 4085
3430 4085
3431 4084
3432 4085
3433 4084
3434 4084
3435 4086
3436 4084
3437 4085
3438 4084
3439 4085
3440 4084
3441 4086
3442 4083
3443 4085
3444 4085
3445 4085
3446 4085
3447 4084
3448 4084
3449 4084
3450 4085
3451 4086
3452 4084
3453 4084
3454 4084
3455 4085
3456 4085
3457 4085
3458 4084
3459 4084
3460 4085
3461 4084
3462 4084
3463 4085
3464 4084
3465 4085
3466 4084
3467 4085
3468 4084
3469 4085
3470 4085
3471 4084
3472 4085
3473 4084
3474 4084
3475 4085
3476 4084
3477 4085
3478 4085
3479 4085
3480 4085
3481 4085
3482 4085
3483 4084
3484 4084
3485 4085
3486 4084
3487 4085
3488 4085
3489 4085
3490 4085
3491 4085
3492 4085
3493 4085
3494 4085
3495 4085
3496 4084
3497 4085
3498 4085
3499 4083
3500 4082
3501 4086
3502 4083
3503 4085
3504 4085
3505 4085
3506 4084
3507 4085
3508 4085
3509 4085
3510 4086
3511 4085
3512 4085
3513 4084
3514 4085
3515 4084
3516 4085
3517 4085
3518 4084
3519 4085
3520 4085
3521 4085
3522 4084
3523 4085
3524 4084
3525 4085
3526 4085
3527 4086
3528 4084
3529 4085
3530 4084
3531 4085
3532 4085
3533 4085
3534 4085
3535 4085
3536 4085
3537 4085
3538 4084
3539 4085
3540 4085
3541 4085
3542 4084
3543 4083
3544 4084
3545 4085
3546 4084
3547 4085
3548 4084
3549 4085
3550 4084
3551 4086
3552 4084
3553 4085
3554 4085
3555 4085
3556 4084
3557 4085
3558 4084
3559 4085
3560 4085
3561 4085
3562 4084
3563 4084
3564 4085
3565 4085
3566 4084
3567 4085
3568 4085
3569 4086
3570 4085
3571 4084
3572 4085
3573 4084
3574 4085
3575 4084
3576 4084
3577 4085
3578 4085
3579 4085
3580 4084
3581 4084
3582 4085
3583 4084
3584 4085
3585 4084
3586 4085
3587 4085
3588 4085
3589 4085
3590 4084
3591 4085
3592 4084
3593 4084
3594 4084
3595 4081
3596 4085
3597 4085
3598 4085
3599 4084
3600 4085
3601 4085
3602 4083
3603 4085
3604 4083
3605 4085
3606 4085
3607 4084
3608 4085
3609 4085
3610 4085
3611 4085
3612 4085
3613 4084
3614 4085
3615 4085
3616 4085
3617 4085
3618 4084
3619 4085
3620 4085
3621 4085
3622 4085
3623 4085
3624 4085
3625 4085
3626 4085
3627 4085
3628 4084
3629 4084
3630 4084
3631 4085
3632 4085
3633 4085
3634 4085
3635 4086
3636 4085
3637 4085
3638 4085
3639 4085
3640 4085
3641 4085
3642 4084
3643 4084
3644 4085
3645 4085
3646 4084
3647 4084
3648 4084
3649 4085
3650 4085
3651 4086
3652 4084
3653 4085
3654 4084
3655 4084
3656 4085
3657 4085
3658 4084
3659 4085
3660 4085
3661 4085
3662 4085
3663 4084
3664 4085
3665 4085
3666 4085
3667 4085
3668 4084
3669 4085
3670 4085
3671 4084
3672 4085
3673 4085
3674 4084
3675 4084
3676 4085
3677 4085
3678 4085
3679 4085
3680 4085
3681 4084
3682 4085
3683 4084
3684 4085
3685 4085
3686 4085
3687 4085
3688 4084
3689 4084
3690 4084
3691 4085
3692 4084
3693 4085
3694 4084
