#Data from the TCD1304 linear CCD
#column 1 = pixelnumber , column 2 = pixelvalue
#Pixel 1-32 and 3679-3694 and are dummy pixels
#SH-period: 200    ICG-period: 50000    Integration time: 100.0 us
2 31
3 41
4 11
5 11
6 12
7 12
8 12
9 12
10 11
11 11
12 11
13 11
14 12
15 11
16 11
17 11
18 11
19 11
20 12
21 11
22 12
23 11
24 11
25 12
26 12
27 11
28 11
29 12
30 11
31 12
32 12
34 11
35 11
36 12
37 11
38 12
39 11
40 11
41 11
42 12
43 11
44 11
45 12
46 11
47 12
48 14
49 11
50 12
51 11
52 13
53 11
54 13
55 12
56 12
57 12
58 12
59 12
60 12
61 11
62 12
63 11
64 13
65 12
66 11
67 13
68 14
69 12
70 13
71 11
72 12
73 12
74 12
75 12
76 11
77 12
78 13
79 13
80 11
81 11
82 13
83 12
84 11
85 12
86 11
87 12
88 13
89 12
90 12
91 11
92 12
93 12
94 11
95 13
96 12
97 12
98 11
99 12
100 11
101 11
102 14
103 12
104 10
105 13
106 12
107 12
108 12
109 11
110 11
111 12
112 12
113 11
114 12
115 11
116 13
117 12
118 11
119 11
120 12
121 11
122 11
123 11
124 11
125 12
126 11
127 12
128 11
129 11
130 12
131 11
132 12
133 10
134 11
135 10
136 11
137 11
138 11
139 12
140 11
141 11
142 11
143 11
144 11
145 12
146 12
147 11
148 11
149 11
150 12
151 11
152 12
153 11
154 11
155 12
156 13
157 11
158 12
159 11
160 12
161 12
162 11
163 11
164 11
165 11
166 12
167 11
168 11
169 10
170 12
171 11
172 11
173 12
174 12
175 12
176 11
177 10
178 11
179 11
180 12
181 11
182 11
183 11
184 11
185 11
186 11
187 12
188 12
189 11
190 11
191 12
192 12
193 11
194 12
195 11
196 11
197 11
198 12
199 11
200 12
201 10
202 14
203 10
204 11
205 11
206 11
207 12
208 11
209 11
210 12
211 11
212 11
213 11
214 12
215 12
216 13
217 12
218 12
219 11
220 11
221 11
222 13
223 11
224 12
225 11
226 11
227 11
228 12
229 11
230 11
231 11
232 11
233 11
234 13
235 11
236 12
237 11
238 11
239 11
240 13
241 12
242 12
243 11
244 11
245 11
246 12
247 12
248 12
249 11
250 12
251 11
252 12
253 13
254 11
255 11
256 11
257 11
258 10
259 12
260 11
261 11
262 11
263 12
264 11
265 11
266 12
267 12
268 11
269 10
270 12
271 11
272 11
273 11
274 11
275 11
276 12
277 12
278 12
279 11
280 12
281 11
282 12
283 12
284 11
285 11
286 13
287 12
288 11
289 11
290 12
291 13
292 11
293 11
294 12
295 11
296 11
297 12
298 12
299 11
300 12
301 10
302 14
303 12
304 12
305 12
306 11
307 12
308 11
309 7
310 13
311 12
312 12
313 12
314 14
315 13
316 13
317 12
318 12
319 11
320 11
321 11
322 13
323 10
324 11
325 13
326 12
327 12
328 11
329 11
330 12
331 12
332 11
333 13
334 12
335 12
336 11
337 11
338 12
339 12
340 12
341 12
342 12
343 11
344 11
345 12
346 12
347 11
348 12
349 13
350 12
351 11
352 13
353 12
354 13
355 11
356 13
357 12
358 12
359 11
360 12
361 12
362 11
363 12
364 13
365 12
366 12
367 12
368 12
369 12
370 13
371 11
372 13
373 11
374 14
375 12
376 13
377 13
378 12
379 11
380 11
381 12
382 12
383 12
384 11
385 12
386 13
387 11
388 14
389 12
390 12
391 11
392 12
393 12
394 12
395 13
396 12
397 12
398 12
399 12
400 12
401 11
402 14
403 11
404 11
405 11
406 12
407 11
408 11
409 12
410 11
411 11
412 12
413 11
414 12
415 12
416 11
417 11
418 12
419 11
420 11
421 11
422 12
423 11
424 12
425 12
426 12
427 12
428 13
429 12
430 11
431 11
432 11
433 12
434 12
435 12
436 12
437 12
438 14
439 13
440 12
441 13
442 13
443 11
444 12
445 11
446 11
447 14
448 12
449 11
450 12
451 11
452 14
453 11
454 12
455 11
456 12
457 11
458 12
459 12
460 10
461 11
462 12
463 12
464 12
465 13
466 12
467 11
468 12
469 12
470 12
471 11
472 12
473 12
474 10
475 12
476 12
477 11
478 12
479 12
480 12
481 11
482 12
483 10
484 12
485 12
486 11
487 12
488 12
489 13
490 12
491 12
492 11
493 11
494 11
495 11
496 12
497 11
498 12
499 12
500 12
501 11
502 13
503 12
504 12
505 11
506 12
507 11
508 11
509 12
510 13
511 11
512 13
513 11
514 11
515 12
516 11
517 12
518 11
519 11
520 12
521 11
522 12
523 11
524 12
525 10
526 13
527 11
528 12
529 11
530 12
531 12
532 12
533 12
534 12
535 11
536 11
537 10
538 12
539 11
540 12
541 11
542 12
543 12
544 11
545 11
546 12
547 11
548 12
549 12
550 11
551 11
552 14
553 12
554 12
555 12
556 11
557 12
558 11
559 11
560 11
561 11
562 11
563 12
564 12
565 11
566 9
567 11
568 12
569 10
570 12
571 12
572 12
573 11
574 12
575 11
576 12
577 11
578 11
579 11
580 11
581 12
582 10
583 12
584 12
585 11
586 10
587 12
588 11
589 12
590 11
591 11
592 11
593 10
594 11
595 12
596 10
597 11
598 12
599 12
600 11
601 11
602 12
603 12
604 12
605 11
606 11
607 11
608 12
609 11
610 13
611 11
612 11
613 12
614 11
615 11
616 12
617 11
618 11
619 12
620 12
621 11
622 12
623 12
624 12
625 10
626 12
627 11
628 11
629 11
630 12
631 11
632 12
633 10
634 11
635 11
636 11
637 11
638 12
639 10
640 11
641 11
642 11
643 11
644 10
645 12
646 12
647 12
648 11
649 11
650 11
651 10
652 13
653 12
654 12
655 11
656 11
657 11
658 13
659 11
660 11
661 11
662 11
663 11
664 12
665 11
666 11
667 12
668 12
669 11
670 12
671 11
672 12
673 12
674 12
675 10
676 12
677 11
678 11
679 11
680 13
681 11
682 11
683 11
684 11
685 10
686 12
687 11
688 10
689 11
690 11
691 11
692 11
693 11
694 12
695 11
696 11
697 11
698 11
699 10
700 11
701 10
702 13
703 11
704 11
705 12
706 11
707 11
708 11
709 11
710 11
711 11
712 11
713 12
714 12
715 10
716 11
717 11
718 11
719 11
720 12
721 12
722 11
723 11
724 12
725 11
726 11
727 12
728 11
729 12
730 12
731 11
732 11
733 12
734 12
735 12
736 10
737 11
738 11
739 11
740 11
741 11
742 11
743 11
744 11
745 12
746 10
747 11
748 12
749 11
750 12
751 11
752 13
753 12
754 12
755 11
756 12
757 11
758 11
759 11
760 12
761 11
762 12
763 11
764 12
765 12
766 12
767 11
768 12
769 11
770 12
771 11
772 11
773 11
774 12
775 12
776 11
777 12
778 12
779 11
780 11
781 11
782 12
783 12
784 11
785 11
786 12
787 12
788 13
789 12
790 11
791 12
792 12
793 11
794 12
795 11
796 11
797 13
798 12
799 11
800 13
801 11
802 14
803 11
804 11
805 12
806 12
807 12
808 11
809 12
810 11
811 11
812 13
813 12
814 12
815 12
816 12
817 12
818 12
819 12
820 11
821 11
822 11
823 12
824 11
825 11
826 11
827 11
828 12
829 11
830 12
831 11
832 13
833 11
834 12
835 13
836 10
837 12
838 14
839 12
840 12
841 11
842 10
843 12
844 12
845 11
846 11
847 12
848 11
849 11
850 12
851 11
852 13
853 11
854 12
855 11
856 11
857 12
858 12
859 11
860 12
861 12
862 12
863 11
864 12
865 10
866 11
867 12
868 11
869 12
870 13
871 11
872 10
873 12
874 11
875 11
876 12
877 11
878 11
879 12
880 11
881 12
882 13
883 8
884 12
885 11
886 13
887 11
888 12
889 11
890 12
891 11
892 12
893 12
894 11
895 11
896 12
897 10
898 11
899 12
900 12
901 10
902 12
903 12
904 11
905 10
906 12
907 13
908 11
909 11
910 11
911 12
912 12
913 11
914 11
915 11
916 12
917 11
918 12
919 11
920 12
921 11
922 13
923 12
924 12
925 11
926 13
927 12
928 13
929 12
930 11
931 12
932 12
933 10
934 12
935 11
936 11
937 11
938 12
939 11
940 11
941 11
942 11
943 11
944 11
945 11
946 12
947 11
948 13
949 11
950 11
951 10
952 13
953 12
954 13
955 11
956 12
957 12
958 12
959 11
960 11
961 11
962 11
963 11
964 11
965 11
966 12
967 12
968 11
969 12
970 12
971 11
972 12
973 11
974 12
975 11
976 13
977 12
978 12
979 12
980 11
981 11
982 11
983 11
984 11
985 11
986 11
987 11
988 11
989 11
990 12
991 10
992 12
993 11
994 11
995 12
996 13
997 11
998 12
999 11
1000 11
1001 11
1002 13
1003 11
1004 12
1005 11
1006 12
1007 11
1008 12
1009 11
1010 11
1011 12
1012 11
1013 11
1014 12
1015 11
1016 12
1017 11
1018 12
1019 11
1020 12
1021 11
1022 11
1023 12
1024 11
1025 12
1026 11
1027 11
1028 11
1029 11
1030 12
1031 12
1032 11
1033 11
1034 10
1035 11
1036 12
1037 12
1038 11
1039 12
1040 11
1041 11
1042 12
1043 12
1044 12
1045 12
1046 13
1047 12
1048 12
1049 10
1050 12
1051 10
1052 13
1053 11
1054 12
1055 12
1056 11
1057 11
1058 12
1059 12
1060 11
1061 15
1062 11
1063 12
1064 11
1065 11
1066 11
1067 11
1068 12
1069 11
1070 13
1071 12
1072 12
1073 11
1074 12
1075 11
1076 11
1077 11
1078 12
1079 12
1080 13
1081 12
1082 12
1083 11
1084 12
1085 12
1086 11
1087 12
1088 12
1089 12
1090 12
1091 15
1092 12
1093 12
1094 12
1095 14
1096 12
1097 12
1098 11
1099 12
1100 12
1101 11
1102 13
1103 12
1104 12
1105 13
1106 13
1107 11
1108 13
1109 12
1110 13
1111 12
1112 12
1113 12
1114 12
1115 11
1116 11
1117 11
1118 12
1119 11
1120 13
1121 11
1122 12
1123 13
1124 12
1125 12
1126 11
1127 11
1128 12
1129 12
1130 12
1131 11
1132 12
1133 11
1134 12
1135 12
1136 12
1137 11
1138 12
1139 11
1140 11
1141 11
1142 11
1143 12
1144 12
1145 11
1146 13
1147 13
1148 11
1149 12
1150 12
1151 10
1152 13
1153 12
1154 12
1155 13
1156 11
1157 13
1158 13
1159 12
1160 13
1161 12
1162 13
1163 12
1164 13
1165 13
1166 12
1167 12
1168 15
1169 12
1170 13
1171 13
1172 12
1173 14
1174 13
1175 13
1176 12
1177 12
1178 11
1179 13
1180 11
1181 11
1182 10
1183 11
1184 12
1185 12
1186 12
1187 13
1188 12
1189 11
1190 13
1191 12
1192 12
1193 12
1194 13
1195 12
1196 12
1197 12
1198 13
1199 13
1200 12
1201 11
1202 15
1203 12
1204 11
1205 12
1206 13
1207 12
1208 12
1209 13
1210 13
1211 12
1212 11
1213 13
1214 13
1215 12
1216 12
1217 12
1218 13
1219 12
1220 12
1221 12
1222 11
1223 12
1224 11
1225 12
1226 12
1227 12
1228 11
1229 11
1230 13
1231 11
1232 12
1233 13
1234 12
1235 11
1236 13
1237 12
1238 12
1239 12
1240 12
1241 11
1242 12
1243 12
1244 12
1245 12
1246 12
1247 12
1248 12
1249 12
1250 12
1251 11
1252 13
1253 11
1254 13
1255 12
1256 13
1257 12
1258 11
1259 13
1260 12
1261 11
1262 11
1263 12
1264 12
1265 12
1266 11
1267 12
1268 11
1269 13
1270 13
1271 11
1272 13
1273 12
1274 9
1275 12
1276 12
1277 11
1278 12
1279 12
1280 11
1281 11
1282 12
1283 12
1284 12
1285 12
1286 13
1287 11
1288 12
1289 12
1290 12
1291 12
1292 12
1293 11
1294 11
1295 13
1296 14
1297 11
1298 12
1299 11
1300 13
1301 10
1302 14
1303 12
1304 13
1305 12
1306 12
1307 11
1308 10
1309 12
1310 12
1311 11
1312 11
1313 11
1314 12
1315 11
1316 13
1317 11
1318 11
1319 12
1320 11
1321 13
1322 12
1323 12
1324 13
1325 12
1326 12
1327 12
1328 11
1329 11
1330 12
1331 11
1332 13
1333 12
1334 12
1335 12
1336 12
1337 11
1338 12
1339 12
1340 13
1341 11
1342 11
1343 11
1344 11
1345 12
1346 13
1347 11
1348 12
1349 12
1350 12
1351 11
1352 13
1353 12
1354 12
1355 12
1356 12
1357 11
1358 12
1359 12
1360 13
1361 11
1362 13
1363 11
1364 10
1365 11
1366 12
1367 12
1368 12
1369 12
1370 12
1371 12
1372 13
1373 12
1374 12
1375 12
1376 12
1377 11
1378 12
1379 11
1380 11
1381 12
1382 11
1383 12
1384 11
1385 11
1386 11
1387 11
1388 12
1389 12
1390 11
1391 12
1392 12
1393 11
1394 12
1395 11
1396 12
1397 11
1398 12
1399 11
1400 12
1401 11
1402 13
1403 12
1404 12
1405 12
1406 12
1407 12
1408 12
1409 14
1410 13
1411 12
1412 11
1413 11
1414 12
1415 12
1416 11
1417 12
1418 12
1419 11
1420 13
1421 11
1422 11
1423 11
1424 12
1425 12
1426 12
1427 12
1428 12
1429 12
1430 12
1431 12
1432 12
1433 12
1434 12
1435 12
1436 12
1437 11
1438 13
1439 12
1440 13
1441 11
1442 11
1443 11
1444 11
1445 12
1446 11
1447 11
1448 11
1449 11
1450 12
1451 10
1452 13
1453 11
1454 13
1455 11
1456 13
1457 11
1458 12
1459 11
1460 11
1461 12
1462 11
1463 12
1464 11
1465 11
1466 12
1467 12
1468 11
1469 12
1470 12
1471 12
1472 13
1473 12
1474 12
1475 11
1476 12
1477 11
1478 12
1479 12
1480 11
1481 12
1482 9
1483 12
1484 12
1485 11
1486 12
1487 11
1488 11
1489 12
1490 12
1491 11
1492 12
1493 11
1494 12
1495 11
1496 12
1497 11
1498 11
1499 11
1500 12
1501 11
1502 13
1503 11
1504 12
1505 12
1506 11
1507 13
1508 12
1509 12
1510 12
1511 12
1512 12
1513 11
1514 12
1515 12
1516 11
1517 11
1518 12
1519 11
1520 12
1521 11
1522 11
1523 13
1524 12
1525 12
1526 12
1527 11
1528 12
1529 12
1530 11
1531 11
1532 12
1533 10
1534 12
1535 12
1536 13
1537 10
1538 11
1539 12
1540 12
1541 10
1542 12
1543 11
1544 11
1545 12
1546 12
1547 11
1548 12
1549 11
1550 11
1551 11
1552 13
1553 11
1554 12
1555 11
1556 12
1557 10
1558 13
1559 11
1560 12
1561 11
1562 12
1563 12
1564 11
1565 11
1566 12
1567 13
1568 12
1569 11
1570 11
1571 11
1572 12
1573 11
1574 12
1575 11
1576 12
1577 11
1578 12
1579 11
1580 11
1581 12
1582 13
1583 12
1584 11
1585 11
1586 12
1587 11
1588 11
1589 11
1590 11
1591 11
1592 11
1593 11
1594 12
1595 11
1596 12
1597 12
1598 11
1599 11
1600 12
1601 10
1602 14
1603 11
1604 11
1605 12
1606 11
1607 11
1608 12
1609 11
1610 12
1611 11
1612 12
1613 11
1614 12
1615 11
1616 11
1617 11
1618 12
1619 12
1620 12
1621 10
1622 11
1623 11
1624 11
1625 12
1626 12
1627 12
1628 11
1629 11
1630 11
1631 11
1632 11
1633 10
1634 12
1635 11
1636 11
1637 11
1638 11
1639 12
1640 11
1641 11
1642 13
1643 11
1644 12
1645 12
1646 12
1647 11
1648 11
1649 13
1650 10
1651 10
1652 13
1653 11
1654 13
1655 12
1656 11
1657 12
1658 11
1659 12
1660 11
1661 11
1662 12
1663 11
1664 11
1665 11
1666 11
1667 12
1668 11
1669 11
1670 11
1671 12
1672 12
1673 11
1674 11
1675 11
1676 12
1677 11
1678 12
1679 12
1680 12
1681 12
1682 11
1683 11
1684 11
1685 12
1686 11
1687 11
1688 12
1689 11
1690 12
1691 13
1692 11
1693 11
1694 11
1695 11
1696 11
1697 11
1698 11
1699 11
1700 11
1701 10
1702 13
1703 12
1704 13
1705 11
1706 11
1707 13
1708 12
1709 12
1710 12
1711 11
1712 11
1713 11
1714 12
1715 12
1716 12
1717 11
1718 12
1719 11
1720 12
1721 11
1722 12
1723 12
1724 11
1725 11
1726 13
1727 12
1728 12
1729 11
1730 12
1731 11
1732 12
1733 12
1734 12
1735 11
1736 12
1737 11
1738 12
1739 12
1740 11
1741 12
1742 12
1743 11
1744 12
1745 12
1746 11
1747 12
1748 13
1749 11
1750 11
1751 11
1752 13
1753 11
1754 12
1755 13
1756 12
1757 12
1758 13
1759 11
1760 11
1761 11
1762 11
1763 12
1764 13
1765 13
1766 13
1767 12
1768 12
1769 12
1770 13
1771 12
1772 13
1773 13
1774 12
1775 11
1776 13
1777 12
1778 13
1779 12
1780 13
1781 13
1782 12
1783 12
1784 12
1785 12
1786 12
1787 13
1788 12
1789 12
1790 12
1791 12
1792 11
1793 12
1794 12
1795 13
1796 11
1797 12
1798 11
1799 12
1800 12
1801 11
1802 13
1803 12
1804 13
1805 13
1806 12
1807 12
1808 13
1809 12
1810 12
1811 12
1812 13
1813 13
1814 13
1815 12
1816 13
1817 13
1818 13
1819 13
1820 13
1821 12
1822 12
1823 12
1824 13
1825 12
1826 13
1827 11
1828 12
1829 14
1830 12
1831 12
1832 13
1833 13
1834 13
1835 12
1836 13
1837 12
1838 13
1839 11
1840 12
1841 12
1842 12
1843 11
1844 12
1845 12
1846 12
1847 12
1848 12
1849 12
1850 13
1851 11
1852 13
1853 12
1854 13
1855 12
1856 12
1857 13
1858 12
1859 11
1860 12
1861 12
1862 12
1863 12
1864 12
1865 11
1866 12
1867 12
1868 13
1869 12
1870 12
1871 12
1872 13
1873 12
1874 12
1875 11
1876 13
1877 12
1878 12
1879 12
1880 12
1881 11
1882 13
1883 12
1884 12
1885 12
1886 13
1887 13
1888 14
1889 12
1890 12
1891 11
1892 14
1893 12
1894 12
1895 12
1896 13
1897 12
1898 12
1899 13
1900 13
1901 11
1902 15
1903 14
1904 12
1905 12
1906 13
1907 12
1908 12
1909 12
1910 12
1911 12
1912 12
1913 12
1914 12
1915 12
1916 11
1917 11
1918 12
1919 10
1920 12
1921 12
1922 12
1923 12
1924 12
1925 13
1926 12
1927 12
1928 13
1929 11
1930 13
1931 13
1932 12
1933 12
1934 13
1935 12
1936 13
1937 12
1938 12
1939 12
1940 13
1941 13
1942 12
1943 12
1944 11
1945 12
1946 12
1947 11
1948 11
1949 12
1950 12
1951 11
1952 14
1953 12
1954 13
1955 12
1956 11
1957 13
1958 12
1959 12
1960 12
1961 12
1962 12
1963 13
1964 13
1965 12
1966 12
1967 12
1968 14
1969 12
1970 13
1971 13
1972 11
1973 12
1974 12
1975 12
1976 11
1977 13
1978 12
1979 12
1980 13
1981 12
1982 12
1983 12
1984 13
1985 12
1986 12
1987 13
1988 11
1989 12
1990 12
1991 12
1992 12
1993 12
1994 11
1995 12
1996 12
1997 12
1998 13
1999 11
2000 13
2001 11
2002 14
2003 12
2004 13
2005 14
2006 12
2007 13
2008 13
2009 11
2010 13
2011 12
2012 12
2013 11
2014 12
2015 12
2016 12
2017 13
2018 12
2019 12
2020 13
2021 12
2022 13
2023 12
2024 11
2025 12
2026 12
2027 12
2028 10
2029 13
2030 11
2031 12
2032 12
2033 12
2034 13
2035 11
2036 12
2037 12
2038 14
2039 12
2040 11
2041 12
2042 12
2043 13
2044 13
2045 13
2046 12
2047 12
2048 12
2049 12
2050 12
2051 12
2052 14
2053 13
2054 12
2055 12
2056 13
2057 12
2058 12
2059 13
2060 12
2061 13
2062 13
2063 12
2064 12
2065 12
2066 13
2067 13
2068 13
2069 12
2070 13
2071 12
2072 12
2073 13
2074 12
2075 13
2076 13
2077 13
2078 11
2079 12
2080 13
2081 12
2082 13
2083 12
2084 11
2085 12
2086 13
2087 12
2088 13
2089 12
2090 11
2091 12
2092 12
2093 12
2094 12
2095 13
2096 13
2097 13
2098 12
2099 12
2100 11
2101 11
2102 15
2103 12
2104 13
2105 13
2106 13
2107 12
2108 12
2109 12
2110 11
2111 13
2112 13
2113 11
2114 12
2115 14
2116 12
2117 13
2118 13
2119 12
2120 13
2121 12
2122 12
2123 13
2124 12
2125 12
2126 12
2127 12
2128 11
2129 13
2130 12
2131 11
2132 13
2133 13
2134 12
2135 12
2136 13
2137 11
2138 13
2139 12
2140 13
2141 12
2142 12
2143 12
2144 13
2145 13
2146 13
2147 12
2148 13
2149 12
2150 13
2151 11
2152 14
2153 11
2154 12
2155 14
2156 12
2157 13
2158 12
2159 12
2160 12
2161 12
2162 13
2163 11
2164 12
2165 12
2166 13
2167 12
2168 13
2169 13
2170 12
2171 13
2172 14
2173 13
2174 14
2175 12
2176 12
2177 12
2178 12
2179 12
2180 13
2181 13
2182 11
2183 13
2184 12
2185 11
2186 13
2187 12
2188 13
2189 12
2190 12
2191 13
2192 14
2193 12
2194 14
2195 12
2196 13
2197 12
2198 13
2199 11
2200 12
2201 11
2202 13
2203 12
2204 12
2205 12
2206 13
2207 11
2208 12
2209 11
2210 12
2211 12
2212 12
2213 13
2214 13
2215 11
2216 12
2217 11
2218 13
2219 11
2220 13
2221 12
2222 12
2223 13
2224 12
2225 12
2226 12
2227 12
2228 12
2229 12
2230 11
2231 11
2232 12
2233 12
2234 13
2235 12
2236 12
2237 11
2238 12
2239 12
2240 12
2241 11
2242 12
2243 12
2244 12
2245 12
2246 12
2247 12
2248 12
2249 13
2250 12
2251 10
2252 13
2253 11
2254 12
2255 11
2256 12
2257 12
2258 12
2259 12
2260 12
2261 11
2262 12
2263 11
2264 11
2265 11
2266 13
2267 13
2268 12
2269 12
2270 13
2271 12
2272 12
2273 13
2274 11
2275 12
2276 12
2277 12
2278 12
2279 12
2280 12
2281 13
2282 12
2283 12
2284 11
2285 11
2286 13
2287 12
2288 11
2289 12
2290 11
2291 13
2292 12
2293 12
2294 11
2295 13
2296 13
2297 11
2298 12
2299 11
2300 12
2301 11
2302 14
2303 12
2304 13
2305 13
2306 12
2307 12
2308 13
2309 12
2310 12
2311 12
2312 11
2313 12
2314 12
2315 12
2316 12
2317 12
2318 12
2319 12
2320 13
2321 11
2322 13
2323 12
2324 13
2325 12
2326 12
2327 12
2328 13
2329 13
2330 13
2331 12
2332 12
2333 12
2334 12
2335 11
2336 12
2337 12
2338 13
2339 12
2340 13
2341 12
2342 11
2343 12
2344 12
2345 11
2346 12
2347 11
2348 12
2349 12
2350 12
2351 11
2352 14
2353 11
2354 11
2355 12
2356 12
2357 12
2358 12
2359 11
2360 13
2361 12
2362 12
2363 11
2364 13
2365 12
2366 12
2367 13
2368 12
2369 11
2370 12
2371 12
2372 12
2373 13
2374 13
2375 12
2376 12
2377 11
2378 12
2379 11
2380 12
2381 12
2382 12
2383 11
2384 13
2385 12
2386 12
2387 11
2388 12
2389 12
2390 12
2391 12
2392 12
2393 11
2394 11
2395 12
2396 12
2397 11
2398 12
2399 12
2400 12
2401 10
2402 14
2403 12
2404 12
2405 13
2406 12
2407 12
2408 12
2409 12
2410 12
2411 11
2412 12
2413 11
2414 12
2415 12
2416 12
2417 11
2418 12
2419 10
2420 12
2421 12
2422 12
2423 12
2424 13
2425 12
2426 12
2427 11
2428 13
2429 11
2430 12
2431 13
2432 13
2433 12
2434 12
2435 11
2436 12
2437 12
2438 12
2439 12
2440 12
2441 11
2442 12
2443 12
2444 14
2445 13
2446 12
2447 12
2448 13
2449 13
2450 12
2451 11
2452 13
2453 11
2454 11
2455 12
2456 12
2457 11
2458 12
2459 13
2460 12
2461 12
2462 14
2463 12
2464 12
2465 12
2466 11
2467 13
2468 13
2469 11
2470 12
2471 12
2472 12
2473 11
2474 12
2475 13
2476 12
2477 13
2478 12
2479 11
2480 12
2481 11
2482 11
2483 12
2484 12
2485 13
2486 12
2487 12
2488 11
2489 13
2490 12
2491 12
2492 12
2493 12
2494 12
2495 12
2496 12
2497 12
2498 12
2499 11
2500 11
2501 11
2502 13
2503 11
2504 12
2505 12
2506 12
2507 12
2508 12
2509 12
2510 11
2511 12
2512 12
2513 11
2514 13
2515 12
2516 11
2517 12
2518 13
2519 11
2520 12
2521 12
2522 11
2523 12
2524 13
2525 11
2526 12
2527 12
2528 12
2529 11
2530 12
2531 12
2532 12
2533 12
2534 11
2535 11
2536 12
2537 11
2538 12
2539 12
2540 11
2541 12
2542 13
2543 12
2544 11
2545 12
2546 12
2547 12
2548 12
2549 12
2550 11
2551 11
2552 14
2553 11
2554 12
2555 12
2556 12
2557 12
2558 12
2559 12
2560 12
2561 12
2562 11
2563 12
2564 12
2565 11
2566 12
2567 12
2568 12
2569 11
2570 11
2571 11
2572 12
2573 12
2574 12
2575 12
2576 12
2577 12
2578 11
2579 12
2580 12
2581 12
2582 13
2583 12
2584 11
2585 11
2586 13
2587 12
2588 11
2589 12
2590 11
2591 13
2592 12
2593 11
2594 12
2595 12
2596 12
2597 12
2598 11
2599 11
2600 12
2601 10
2602 14
2603 12
2604 11
2605 12
2606 12
2607 12
2608 11
2609 11
2610 10
2611 12
2612 11
2613 12
2614 13
2615 11
2616 12
2617 11
2618 12
2619 11
2620 12
2621 12
2622 12
2623 12
2624 12
2625 12
2626 11
2627 12
2628 12
2629 11
2630 13
2631 12
2632 12
2633 13
2634 12
2635 12
2636 11
2637 11
2638 11
2639 12
2640 11
2641 11
2642 12
2643 11
2644 11
2645 12
2646 12
2647 11
2648 12
2649 11
2650 11
2651 10
2652 14
2653 11
2654 11
2655 11
2656 12
2657 11
2658 11
2659 12
2660 11
2661 11
2662 11
2663 11
2664 11
2665 13
2666 11
2667 11
2668 11
2669 11
2670 11
2671 12
2672 12
2673 12
2674 11
2675 11
2676 11
2677 11
2678 10
2679 11
2680 10
2681 11
2682 12
2683 10
2684 12
2685 11
2686 11
2687 11
2688 12
2689 11
2690 12
2691 11
2692 12
2693 11
2694 11
2695 12
2696 11
2697 11
2698 10
2699 12
2700 11
2701 10
2702 13
2703 11
2704 11
2705 12
2706 11
2707 11
2708 11
2709 11
2710 11
2711 11
2712 11
2713 11
2714 10
2715 11
2716 12
2717 12
2718 12
2719 11
2720 11
2721 11
2722 12
2723 11
2724 11
2725 11
2726 12
2727 11
2728 11
2729 11
2730 11
2731 11
2732 12
2733 11
2734 12
2735 12
2736 11
2737 11
2738 12
2739 11
2740 12
2741 10
2742 12
2743 12
2744 11
2745 11
2746 11
2747 11
2748 11
2749 12
2750 12
2751 10
2752 11
2753 10
2754 11
2755 12
2756 12
2757 11
2758 12
2759 11
2760 12
2761 11
2762 11
2763 11
2764 12
2765 12
2766 11
2767 12
2768 13
2769 11
2770 12
2771 12
2772 12
2773 11
2774 12
2775 11
2776 12
2777 13
2778 11
2779 12
2780 12
2781 12
2782 11
2783 14
2784 11
2785 11
2786 12
2787 12
2788 12
2789 12
2790 12
2791 11
2792 11
2793 11
2794 12
2795 12
2796 12
2797 12
2798 11
2799 11
2800 11
2801 11
2802 14
2803 12
2804 11
2805 13
2806 12
2807 11
2808 13
2809 12
2810 13
2811 11
2812 11
2813 12
2814 13
2815 11
2816 12
2817 13
2818 11
2819 11
2820 13
2821 11
2822 11
2823 12
2824 13
2825 12
2826 13
2827 13
2828 12
2829 13
2830 12
2831 12
2832 13
2833 11
2834 11
2835 12
2836 11
2837 11
2838 13
2839 11
2840 12
2841 13
2842 13
2843 12
2844 12
2845 12
2846 11
2847 11
2848 12
2849 12
2850 12
2851 11
2852 14
2853 13
2854 12
2855 11
2856 12
2857 12
2858 12
2859 11
2860 11
2861 13
2862 12
2863 11
2864 12
2865 11
2866 11
2867 11
2868 13
2869 11
2870 13
2871 12
2872 12
2873 13
2874 11
2875 12
2876 13
2877 12
2878 11
2879 12
2880 11
2881 12
2882 13
2883 11
2884 13
2885 12
2886 12
2887 11
2888 12
2889 12
2890 12
2891 12
2892 11
2893 12
2894 11
2895 13
2896 11
2897 12
2898 12
2899 11
2900 12
2901 11
2902 14
2903 12
2904 12
2905 12
2906 12
2907 12
2908 12
2909 11
2910 12
2911 12
2912 12
2913 13
2914 13
2915 11
2916 12
2917 11
2918 13
2919 11
2920 12
2921 12
2922 11
2923 11
2924 12
2925 12
2926 12
2927 12
2928 11
2929 11
2930 10
2931 14
2932 12
2933 13
2934 12
2935 11
2936 13
2937 11
2938 11
2939 11
2940 12
2941 13
2942 12
2943 12
2944 12
2945 12
2946 12
2947 12
2948 11
2949 11
2950 13
2951 11
2952 13
2953 12
2954 12
2955 11
2956 11
2957 12
2958 12
2959 11
2960 12
2961 13
2962 11
2963 11
2964 12
2965 12
2966 12
2967 13
2968 12
2969 12
2970 13
2971 11
2972 12
2973 11
2974 13
2975 12
2976 13
2977 11
2978 12
2979 12
2980 12
2981 12
2982 12
2983 13
2984 12
2985 11
2986 12
2987 12
2988 11
2989 11
2990 11
2991 11
2992 12
2993 12
2994 11
2995 11
2996 11
2997 12
2998 13
2999 12
3000 12
3001 10
3002 13
3003 11
3004 11
3005 12
3006 11
3007 11
3008 12
3009 11
3010 12
3011 12
3012 12
3013 11
3014 11
3015 11
3016 12
3017 12
3018 11
3019 10
3020 11
3021 12
3022 11
3023 11
3024 12
3025 12
3026 11
3027 12
3028 11
3029 11
3030 11
3031 11
3032 12
3033 12
3034 11
3035 11
3036 11
3037 11
3038 12
3039 10
3040 11
3041 12
3042 11
3043 11
3044 11
3045 11
3046 13
3047 11
3048 11
3049 11
3050 11
3051 11
3052 13
3053 11
3054 12
3055 12
3056 11
3057 13
3058 12
3059 11
3060 12
3061 12
3062 12
3063 11
3064 10
3065 11
3066 12
3067 11
3068 11
3069 12
3070 12
3071 11
3072 12
3073 11
3074 12
3075 11
3076 12
3077 11
3078 11
3079 11
3080 12
3081 11
3082 11
3083 11
3084 10
3085 11
3086 11
3087 12
3088 12
3089 11
3090 12
3091 11
3092 13
3093 11
3094 11
3095 12
3096 11
3097 11
3098 11
3099 12
3100 13
3101 10
3102 13
3103 11
3104 11
3105 12
3106 11
3107 11
3108 11
3109 11
3110 12
3111 12
3112 11
3113 12
3114 12
3115 12
3116 12
3117 12
3118 12
3119 12
3120 11
3121 12
3122 12
3123 11
3124 12
3125 11
3126 12
3127 12
3128 12
3129 11
3130 12
3131 12
3132 12
3133 11
3134 10
3135 10
3136 12
3137 10
3138 12
3139 11
3140 11
3141 11
3142 12
3143 12
3144 12
3145 11
3146 12
3147 11
3148 11
3149 11
3150 12
3151 11
3152 14
3153 10
3154 12
3155 12
3156 12
3157 11
3158 12
3159 11
3160 11
3161 10
3162 11
3163 12
3164 11
3165 11
3166 12
3167 11
3168 12
3169 11
3170 12
3171 12
3172 11
3173 11
3174 12
3175 12
3176 11
3177 11
3178 12
3179 11
3180 11
3181 12
3182 12
3183 11
3184 11
3185 11
3186 12
3187 13
3188 11
3189 11
3190 11
3191 11
3192 11
3193 11
3194 11
3195 11
3196 12
3197 12
3198 12
3199 11
3200 12
3201 10
3202 13
3203 12
3204 12
3205 12
3206 11
3207 11
3208 13
3209 11
3210 12
3211 11
3212 12
3213 12
3214 12
3215 12
3216 12
3217 11
3218 12
3219 12
3220 12
3221 11
3222 12
3223 11
3224 12
3225 11
3226 11
3227 11
3228 11
3229 11
3230 12
3231 12
3232 11
3233 12
3234 12
3235 12
3236 12
3237 12
3238 11
3239 12
3240 12
3241 12
3242 11
3243 11
3244 12
3245 11
3246 11
3247 11
3248 11
3249 12
3250 12
3251 10
3252 15
3253 13
3254 10
3255 11
3256 11
3257 11
3258 11
3259 11
3260 11
3261 11
3262 12
3263 11
3264 11
3265 11
3266 11
3267 12
3268 11
3269 12
3270 13
3271 11
3272 12
3273 11
3274 11
3275 12
3276 11
3277 11
3278 11
3279 11
3280 11
3281 11
3282 11
3283 12
3284 11
3285 12
3286 11
3287 11
3288 11
3289 11
3290 12
3291 11
3292 12
3293 11
3294 10
3295 11
3296 12
3297 11
3298 11
3299 12
3300 10
3301 9
3302 13
3303 12
3304 11
3305 11
3306 11
3307 11
3308 12
3309 11
3310 12
3311 11
3312 12
3313 12
3314 11
3315 13
3316 12
3317 11
3318 11
3319 10
3320 12
3321 13
3322 12
3323 12
3324 12
3325 11
3326 11
3327 13
3328 12
3329 11
3330 11
3331 11
3332 13
3333 12
3334 12
3335 10
3336 12
3337 11
3338 12
3339 11
3340 12
3341 12
3342 11
3343 11
3344 11
3345 11
3346 11
3347 11
3348 12
3349 12
3350 11
3351 11
3352 13
3353 11
3354 12
3355 11
3356 11
3357 11
3358 11
3359 11
3360 13
3361 11
3362 12
3363 11
3364 11
3365 11
3366 11
3367 10
3368 11
3369 11
3370 12
3371 11
3372 11
3373 12
3374 11
3375 11
3376 12
3377 11
3378 11
3379 11
3380 11
3381 13
3382 11
3383 11
3384 11
3385 10
3386 11
3387 10
3388 11
3389 11
3390 12
3391 11
3392 11
3393 11
3394 10
3395 11
3396 12
3397 12
3398 11
3399 11
3400 12
3401 10
3402 13
3403 11
3404 12
3405 11
3406 12
3407 12
3408 12
3409 12
3410 11
3411 11
3412 11
3413 11
3414 11
3415 12
3416 11
3417 11
3418 11
3419 11
3420 12
3421 11
3422 11
3423 11
3424 11
3425 12
3426 11
3427 11
3428 12
3429 11
3430 11
3431 12
3432 11
3433 12
3434 12
3435 10
3436 12
3437 11
3438 12
3439 11
3440 12
3441 10
3442 13
3443 11
3444 11
3445 11
3446 11
3447 12
3448 12
3449 12
3450 11
3451 10
3452 12
3453 12
3454 12
3455 11
3456 11
3457 11
3458 12
3459 12
3460 11
3461 12
3462 12
3463 11
3464 12
3465 11
3466 12
3467 11
3468 12
3469 11
3470 11
3471 12
3472 11
3473 12
3474 12
3475 11
3476 12
3477 11
3478 11
3479 11
3480 11
3481 11
3482 11
3483 12
3484 12
3485 11
3486 12
3487 11
3488 11
3489 11
3490 11
3491 11
3492 11
3493 11
3494 11
3495 11
3496 12
3497 11
3498 11
3499 13
3500 14
3501 10
3502 13
3503 11
3504 11
3505 11
3506 12
3507 11
3508 11
3509 11
3510 10
3511 11
3512 11
3513 12
3514 11
3515 12
3516 11
3517 11
3518 12
3519 11
3520 11
3521 11
3522 12
3523 11
3524 12
3525 11
3526 11
3527 10
3528 12
3529 11
3530 12
3531 11
3532 11
3533 11
3534 11
3535 11
3536 11
3537 11
3538 12
3539 11
3540 11
3541 11
3542 12
3543 13
3544 12
3545 11
3546 12
3547 11
3548 12
3549 11
3550 12
3551 10
3552 12
3553 11
3554 11
3555 11
3556 12
3557 11
3558 12
3559 11
3560 11
3561 11
3562 12
3563 12
3564 11
3565 11
3566 12
3567 11
3568 11
3569 10
3570 11
3571 12
3572 11
3573 12
3574 11
3575 12
3576 12
3577 11
3578 11
3579 11
3580 12
3581 12
3582 11
3583 12
3584 11
3585 12
3586 11
3587 11
3588 11
3589 11
3590 12
3591 11
3592 12
3593 12
3594 12
3595 15
3596 11
3597 11
3598 11
3599 12
3600 11
3601 11
3602 13
3603 11
3604 13
3605 11
3606 11
3607 12
3608 11
3609 11
3610 11
3611 11
3612 11
3613 12
3614 11
3615 11
3616 11
3617 11
3618 12
3619 11
3620 11
3621 11
3622 11
3623 11
3624 11
3625 11
3626 11
3627 11
3628 12
3629 12
3630 12
3631 11
3632 11
3633 11
3634 11
3635 10
3636 11
3637 11
3638 11
3639 11
3640 11
3641 11
3642 12
3643 12
3644 11
3645 11
3646 12
3647 12
3648 12
3649 11
3650 11
3651 10
3652 12
3653 11
3654 12
3655 12
3656 11
3657 11
3658 12
3659 11
3660 11
3661 11
3662 11
3663 12
3664 11
3665 11
3666 11
3667 11
3668 12
3669 11
3670 11
3671 12
3672 11
3673 11
3674 12
3675 12
3676 11
3677 11
3678 11
3679 11
3680 11
3681 12
3682 11
3683 12
3684 11
3685 11
3686 11
3687 11
3688 12
3689 12
3690 12
3691 11
3692 12
3693 11
3694 12
