#Data from the TCD1304 linear CCD
#column 1 = pixelnumber ", " column 2 = pixelvalue
#Pixel 1-32 and 3679-3694 and are dummy pixels
#SH-period: 200    ICG-period: 50000    Integration time: 100.0 us
2 143
3 171
4 138
5 141
6 143
7 140
8 141
9 145
10 142
11 139
12 143
13 141
14 142
15 144
16 146
17 141
18 139
19 141
20 141
21 141
22 140
23 138
24 143
25 147
26 145
27 140
28 142
29 140
30 142
31 140
32 141
34 143
35 142
36 140
37 140
38 140
39 142
40 143
41 141
42 139
43 141
44 142
45 139
46 138
47 143
48 140
49 141
50 133
51 133
52 146
53 145
54 139
55 139
56 141
57 143
58 144
59 142
60 143
61 143
62 141
63 142
64 139
65 139
66 143
67 142
68 142
69 142
70 142
71 142
72 143
73 142
74 143
75 140
76 141
77 135
78 140
79 140
80 140
81 139
82 143
83 139
84 136
85 139
86 141
87 141
88 142
89 142
90 139
91 140
92 140
93 141
94 142
95 142
96 141
97 138
98 142
99 141
100 140
101 133
102 142
103 141
104 141
105 141
106 140
107 142
108 142
109 140
110 141
111 140
112 144
113 140
114 142
115 141
116 143
117 143
118 140
119 145
120 141
121 138
122 139
123 144
124 140
125 139
126 141
127 143
128 142
129 139
130 137
131 144
132 142
133 139
134 143
135 140
136 141
137 142
138 141
139 141
140 138
141 141
142 142
143 144
144 141
145 141
146 144
147 139
148 145
149 142
150 140
151 134
152 145
153 146
154 141
155 139
156 143
157 144
158 142
159 142
160 143
161 140
162 140
163 143
164 140
165 139
166 144
167 140
168 149
169 140
170 143
171 139
172 145
173 149
174 142
175 142
176 141
177 140
178 143
179 141
180 143
181 145
182 141
183 140
184 141
185 143
186 143
187 144
188 145
189 144
190 141
191 141
192 141
193 141
194 142
195 141
196 143
197 141
198 141
199 144
200 143
201 132
202 140
203 141
204 146
205 143
206 145
207 140
208 140
209 141
210 141
211 142
212 141
213 139
214 142
215 142
216 143
217 145
218 144
219 140
220 141
221 142
222 142
223 144
224 144
225 142
226 141
227 142
228 142
229 143
230 142
231 141
232 142
233 142
234 142
235 141
236 141
237 142
238 141
239 141
240 142
241 144
242 142
243 142
244 142
245 142
246 139
247 149
248 146
249 148
250 143
251 133
252 144
253 141
254 143
255 140
256 143
257 142
258 142
259 145
260 142
261 142
262 137
263 140
264 146
265 142
266 140
267 141
268 142
269 139
270 141
271 141
272 142
273 140
274 141
275 142
276 141
277 140
278 140
279 141
280 143
281 147
282 139
283 141
284 141
285 141
286 146
287 140
288 143
289 141
290 142
291 141
292 141
293 143
294 140
295 142
296 144
297 142
298 143
299 142
300 144
301 126
302 145
303 142
304 141
305 142
306 141
307 143
308 142
309 142
310 144
311 141
312 142
313 143
314 142
315 138
316 142
317 143
318 144
319 141
320 142
321 142
322 143
323 141
324 144
325 140
326 141
327 142
328 142
329 143
330 143
331 140
332 140
333 142
334 143
335 151
336 140
337 140
338 141
339 139
340 141
341 143
342 142
343 145
344 141
345 142
346 142
347 139
348 142
349 142
350 142
351 133
352 142
353 142
354 147
355 143
356 140
357 139
358 139
359 138
360 145
361 140
362 143
363 141
364 142
365 142
366 142
367 141
368 141
369 143
370 143
371 141
372 143
373 143
374 144
375 144
376 144
377 144
378 141
379 140
380 142
381 140
382 138
383 135
384 142
385 140
386 141
387 142
388 141
389 143
390 145
391 141
392 142
393 135
394 142
395 141
396 141
397 144
398 143
399 141
400 141
401 134
402 143
403 141
404 142
405 142
406 142
407 141
408 142
409 141
410 142
411 141
412 138
413 139
414 147
415 142
416 143
417 139
418 144
419 142
420 146
421 140
422 143
423 143
424 142
425 143
426 142
427 138
428 142
429 143
430 140
431 142
432 149
433 143
434 141
435 141
436 145
437 145
438 143
439 143
440 143
441 135
442 141
443 141
444 142
445 140
446 142
447 142
448 142
449 141
450 144
451 134
452 143
453 143
454 142
455 141
456 142
457 142
458 141
459 139
460 141
461 131
462 136
463 143
464 143
465 139
466 141
467 142
468 144
469 140
470 133
471 141
472 141
473 136
474 140
475 140
476 142
477 140
478 137
479 139
480 141
481 144
482 143
483 142
484 141
485 141
486 145
487 143
488 141
489 142
490 144
491 142
492 142
493 144
494 143
495 142
496 141
497 142
498 140
499 141
500 141
501 133
502 143
503 141
504 141
505 139
506 140
507 143
508 142
509 143
510 142
511 142
512 141
513 141
514 142
515 141
516 140
517 140
518 141
519 135
520 143
521 141
522 143
523 146
524 150
525 141
526 143
527 143
528 139
529 141
530 140
531 139
532 142
533 141
534 142
535 142
536 143
537 140
538 141
539 138
540 147
541 147
542 139
543 136
544 148
545 142
546 141
547 144
548 142
549 142
550 141
551 134
552 144
553 141
554 140
555 142
556 140
557 134
558 146
559 141
560 143
561 144
562 142
563 144
564 141
565 141
566 142
567 140
568 142
569 142
570 139
571 139
572 141
573 142
574 135
575 140
576 141
577 134
578 145
579 141
580 141
581 145
582 140
583 143
584 141
585 140
586 143
587 141
588 143
589 140
590 144
591 142
592 140
593 143
594 140
595 140
596 141
597 136
598 140
599 140
600 140
601 132
602 144
603 140
604 140
605 139
606 139
607 143
608 141
609 141
610 142
611 137
612 141
613 141
614 144
615 140
616 143
617 140
618 143
619 142
620 142
621 144
622 142
623 141
624 141
625 140
626 143
627 139
628 140
629 139
630 140
631 147
632 145
633 143
634 142
635 143
636 148
637 144
638 148
639 144
640 139
641 140
642 141
643 142
644 141
645 141
646 143
647 143
648 140
649 140
650 140
651 139
652 143
653 138
654 138
655 138
656 144
657 141
658 140
659 138
660 141
661 141
662 141
663 142
664 139
665 142
666 142
667 140
668 143
669 141
670 145
671 143
672 140
673 142
674 142
675 136
676 135
677 141
678 142
679 142
680 140
681 142
682 144
683 142
684 144
685 141
686 144
687 141
688 141
689 138
690 134
691 143
692 140
693 141
694 142
695 141
696 143
697 141
698 141
699 142
700 141
701 129
702 144
703 143
704 141
705 143
706 141
707 149
708 141
709 141
710 143
711 140
712 144
713 148
714 145
715 143
716 142
717 142
718 142
719 143
720 141
721 141
722 141
723 143
724 143
725 143
726 142
727 143
728 139
729 143
730 144
731 143
732 138
733 142
734 149
735 144
736 142
737 142
738 144
739 143
740 142
741 143
742 143
743 145
744 142
745 140
746 142
747 143
748 144
749 143
750 146
751 135
752 145
753 140
754 145
755 144
756 145
757 144
758 143
759 151
760 142
761 143
762 139
763 135
764 142
765 141
766 139
767 139
768 144
769 141
770 144
771 142
772 146
773 140
774 141
775 140
776 144
777 141
778 143
779 141
780 142
781 141
782 140
783 138
784 142
785 140
786 142
787 141
788 140
789 143
790 141
791 143
792 141
793 140
794 143
795 143
796 141
797 141
798 141
799 141
800 143
801 127
802 143
803 141
804 142
805 145
806 139
807 141
808 143
809 139
810 143
811 143
812 143
813 141
814 142
815 143
816 142
817 139
818 140
819 142
820 146
821 141
822 143
823 141
824 142
825 141
826 142
827 143
828 147
829 143
830 133
831 140
832 143
833 142
834 142
835 141
836 142
837 145
838 141
839 143
840 143
841 143
842 143
843 141
844 142
845 142
846 143
847 144
848 141
849 142
850 143
851 135
852 144
853 141
854 143
855 142
856 139
857 144
858 142
859 141
860 142
861 142
862 143
863 143
864 143
865 142
866 142
867 135
868 139
869 142
870 143
871 142
872 141
873 142
874 143
875 141
876 142
877 137
878 140
879 143
880 143
881 141
882 143
883 140
884 141
885 140
886 142
887 142
888 142
889 142
890 145
891 141
892 141
893 134
894 135
895 141
896 143
897 140
898 139
899 138
900 142
901 135
902 146
903 140
904 144
905 141
906 142
907 139
908 143
909 140
910 141
911 141
912 142
913 139
914 141
915 143
916 142
917 143
918 141
919 142
920 145
921 144
922 141
923 142
924 144
925 142
926 140
927 143
928 142
929 145
930 145
931 141
932 142
933 144
934 144
935 141
936 143
937 143
938 141
939 141
940 142
941 143
942 140
943 143
944 140
945 143
946 144
947 141
948 141
949 143
950 142
951 128
952 145
953 143
954 144
955 142
956 140
957 143
958 142
959 142
960 141
961 143
962 144
963 141
964 143
965 141
966 144
967 140
968 147
969 147
970 142
971 134
972 141
973 143
974 143
975 141
976 142
977 143
978 141
979 143
980 141
981 145
982 141
983 139
984 144
985 142
986 146
987 143
988 141
989 143
990 143
991 140
992 143
993 142
994 141
995 142
996 145
997 141
998 143
999 140
1000 147
1001 129
1002 145
1003 140
1004 144
1005 152
1006 138
1007 145
1008 142
1009 139
1010 145
1011 141
1012 139
1013 144
1014 142
1015 145
1016 142
1017 143
1018 143
1019 141
1020 141
1021 141
1022 142
1023 140
1024 142
1025 134
1026 136
1027 139
1028 140
1029 145
1030 141
1031 141
1032 140
1033 140
1034 140
1035 141
1036 142
1037 141
1038 141
1039 140
1040 139
1041 143
1042 142
1043 140
1044 142
1045 141
1046 142
1047 141
1048 139
1049 140
1050 141
1051 136
1052 144
1053 139
1054 140
1055 142
1056 140
1057 140
1058 142
1059 143
1060 144
1061 140
1062 142
1063 141
1064 140
1065 140
1066 141
1067 141
1068 144
1069 140
1070 141
1071 141
1072 141
1073 145
1074 142
1075 142
1076 142
1077 142
1078 140
1079 141
1080 140
1081 139
1082 142
1083 142
1084 141
1085 139
1086 140
1087 140
1088 143
1089 140
1090 139
1091 140
1092 142
1093 141
1094 141
1095 141
1096 132
1097 146
1098 141
1099 141
1100 141
1101 131
1102 143
1103 143
1104 141
1105 140
1106 143
1107 141
1108 141
1109 141
1110 141
1111 143
1112 140
1113 142
1114 139
1115 142
1116 136
1117 138
1118 141
1119 143
1120 142
1121 132
1122 148
1123 144
1124 135
1125 138
1126 140
1127 143
1128 142
1129 143
1130 140
1131 141
1132 138
1133 139
1134 140
1135 139
1136 146
1137 142
1138 139
1139 140
1140 140
1141 142
1142 141
1143 146
1144 139
1145 140
1146 141
1147 144
1148 141
1149 138
1150 139
1151 133
1152 145
1153 140
1154 142
1155 142
1156 144
1157 140
1158 143
1159 140
1160 143
1161 142
1162 139
1163 140
1164 139
1165 141
1166 141
1167 141
1168 140
1169 139
1170 141
1171 141
1172 141
1173 141
1174 141
1175 140
1176 142
1177 141
1178 141
1179 139
1180 139
1181 139
1182 143
1183 142
1184 140
1185 141
1186 133
1187 140
1188 142
1189 139
1190 140
1191 138
1192 128
1193 140
1194 139
1195 143
1196 141
1197 141
1198 142
1199 140
1200 141
1201 132
1202 144
1203 141
1204 140
1205 140
1206 141
1207 140
1208 142
1209 142
1210 141
1211 140
1212 142
1213 139
1214 142
1215 139
1216 140
1217 138
1218 137
1219 130
1220 139
1221 139
1222 139
1223 139
1224 140
1225 141
1226 139
1227 140
1228 139
1229 144
1230 142
1231 140
1232 140
1233 142
1234 139
1235 141
1236 141
1237 140
1238 140
1239 142
1240 141
1241 141
1242 142
1243 142
1244 141
1245 141
1246 140
1247 143
1248 142
1249 141
1250 141
1251 137
1252 141
1253 138
1254 142
1255 142
1256 145
1257 141
1258 141
1259 143
1260 141
1261 142
1262 143
1263 142
1264 141
1265 140
1266 142
1267 146
1268 139
1269 142
1270 143
1271 140
1272 143
1273 143
1274 141
1275 143
1276 144
1277 144
1278 143
1279 141
1280 141
1281 143
1282 143
1283 139
1284 141
1285 140
1286 144
1287 142
1288 146
1289 141
1290 145
1291 141
1292 141
1293 144
1294 143
1295 140
1296 143
1297 142
1298 145
1299 143
1300 143
1301 135
1302 146
1303 142
1304 143
1305 142
1306 141
1307 146
1308 143
1309 144
1310 144
1311 142
1312 142
1313 142
1314 144
1315 138
1316 140
1317 141
1318 147
1319 140
1320 140
1321 145
1322 142
1323 144
1324 141
1325 143
1326 146
1327 143
1328 143
1329 142
1330 144
1331 144
1332 143
1333 143
1334 141
1335 146
1336 141
1337 141
1338 143
1339 141
1340 135
1341 141
1342 143
1343 139
1344 139
1345 147
1346 141
1347 147
1348 143
1349 143
1350 142
1351 134
1352 142
1353 141
1354 142
1355 141
1356 142
1357 131
1358 144
1359 141
1360 141
1361 142
1362 144
1363 146
1364 141
1365 143
1366 144
1367 143
1368 143
1369 142
1370 143
1371 145
1372 143
1373 141
1374 143
1375 141
1376 143
1377 142
1378 143
1379 145
1380 140
1381 141
1382 140
1383 142
1384 136
1385 142
1386 142
1387 141
1388 142
1389 140
1390 140
1391 147
1392 143
1393 142
1394 142
1395 147
1396 144
1397 142
1398 137
1399 146
1400 140
1401 133
1402 143
1403 139
1404 142
1405 143
1406 143
1407 143
1408 143
1409 138
1410 140
1411 141
1412 143
1413 142
1414 140
1415 141
1416 144
1417 140
1418 147
1419 142
1420 143
1421 143
1422 143
1423 143
1424 143
1425 146
1426 145
1427 143
1428 143
1429 137
1430 142
1431 143
1432 140
1433 142
1434 145
1435 142
1436 134
1437 140
1438 143
1439 143
1440 142
1441 143
1442 139
1443 138
1444 142
1445 140
1446 140
1447 141
1448 140
1449 142
1450 142
1451 132
1452 144
1453 146
1454 141
1455 142
1456 141
1457 144
1458 145
1459 143
1460 142
1461 141
1462 142
1463 140
1464 143
1465 143
1466 144
1467 142
1468 144
1469 142
1470 141
1471 150
1472 144
1473 142
1474 145
1475 141
1476 145
1477 143
1478 144
1479 145
1480 145
1481 144
1482 143
1483 149
1484 144
1485 149
1486 143
1487 143
1488 143
1489 143
1490 143
1491 145
1492 144
1493 143
1494 144
1495 141
1496 142
1497 145
1498 144
1499 142
1500 143
1501 137
1502 144
1503 146
1504 141
1505 141
1506 146
1507 143
1508 144
1509 146
1510 151
1511 144
1512 148
1513 144
1514 141
1515 154
1516 147
1517 141
1518 144
1519 139
1520 142
1521 146
1522 140
1523 141
1524 145
1525 144
1526 144
1527 142
1528 143
1529 140
1530 147
1531 141
1532 149
1533 140
1534 141
1535 141
1536 141
1537 136
1538 141
1539 142
1540 141
1541 142
1542 139
1543 143
1544 143
1545 139
1546 142
1547 142
1548 143
1549 142
1550 139
1551 133
1552 142
1553 137
1554 143
1555 140
1556 144
1557 143
1558 141
1559 142
1560 144
1561 143
1562 143
1563 140
1564 138
1565 143
1566 142
1567 141
1568 141
1569 145
1570 141
1571 143
1572 142
1573 143
1574 142
1575 140
1576 142
1577 143
1578 140
1579 141
1580 141
1581 138
1582 141
1583 146
1584 140
1585 140
1586 141
1587 142
1588 136
1589 143
1590 141
1591 140
1592 144
1593 143
1594 141
1595 141
1596 142
1597 140
1598 141
1599 143
1600 141
1601 137
1602 143
1603 144
1604 139
1605 143
1606 139
1607 145
1608 142
1609 139
1610 150
1611 136
1612 139
1613 140
1614 143
1615 141
1616 141
1617 142
1618 138
1619 141
1620 142
1621 140
1622 140
1623 139
1624 136
1625 142
1626 140
1627 140
1628 137
1629 137
1630 138
1631 137
1632 140
1633 140
1634 139
1635 140
1636 139
1637 139
1638 139
1639 138
1640 140
1641 139
1642 142
1643 140
1644 140
1645 135
1646 141
1647 139
1648 142
1649 142
1650 145
1651 133
1652 143
1653 136
1654 141
1655 141
1656 140
1657 140
1658 141
1659 139
1660 140
1661 140
1662 139
1663 140
1664 139
1665 136
1666 141
1667 138
1668 138
1669 142
1670 141
1671 139
1672 138
1673 139
1674 139
1675 136
1676 142
1677 135
1678 141
1679 139
1680 146
1681 142
1682 140
1683 140
1684 140
1685 140
1686 140
1687 140
1688 143
1689 143
1690 140
1691 142
1692 140
1693 142
1694 139
1695 139
1696 140
1697 142
1698 141
1699 143
1700 132
1701 133
1702 143
1703 141
1704 141
1705 140
1706 142
1707 144
1708 140
1709 142
1710 139
1711 141
1712 141
1713 139
1714 150
1715 145
1716 140
1717 141
1718 139
1719 138
1720 137
1721 139
1722 141
1723 140
1724 141
1725 142
1726 142
1727 140
1728 142
1729 143
1730 141
1731 140
1732 141
1733 143
1734 141
1735 139
1736 144
1737 143
1738 139
1739 142
1740 141
1741 142
1742 141
1743 141
1744 139
1745 141
1746 135
1747 140
1748 140
1749 140
1750 141
1751 132
1752 144
1753 139
1754 144
1755 141
1756 143
1757 141
1758 143
1759 144
1760 145
1761 141
1762 142
1763 142
1764 144
1765 144
1766 141
1767 140
1768 142
1769 142
1770 141
1771 143
1772 139
1773 142
1774 144
1775 144
1776 140
1777 144
1778 135
1779 139
1780 142
1781 144
1782 140
1783 142
1784 142
1785 142
1786 140
1787 143
1788 139
1789 142
1790 143
1791 142
1792 147
1793 143
1794 141
1795 138
1796 143
1797 142
1798 143
1799 142
1800 141
1801 134
1802 147
1803 143
1804 142
1805 142
1806 144
1807 147
1808 136
1809 139
1810 144
1811 144
1812 142
1813 139
1814 140
1815 138
1816 144
1817 144
1818 138
1819 145
1820 144
1821 138
1822 146
1823 143
1824 143
1825 133
1826 139
1827 144
1828 142
1829 141
1830 139
1831 141
1832 141
1833 143
1834 144
1835 142
1836 141
1837 140
1838 143
1839 142
1840 142
1841 142
1842 140
1843 142
1844 142
1845 142
1846 139
1847 140
1848 143
1849 138
1850 141
1851 135
1852 143
1853 142
1854 142
1855 143
1856 144
1857 143
1858 145
1859 142
1860 145
1861 145
1862 142
1863 142
1864 148
1865 148
1866 144
1867 144
1868 142
1869 145
1870 145
1871 142
1872 143
1873 144
1874 134
1875 141
1876 143
1877 142
1878 142
1879 145
1880 144
1881 141
1882 142
1883 146
1884 145
1885 140
1886 145
1887 145
1888 147
1889 142
1890 142
1891 146
1892 145
1893 146
1894 145
1895 144
1896 142
1897 141
1898 140
1899 144
1900 145
1901 140
1902 143
1903 142
1904 127
1905 140
1906 143
1907 138
1908 141
1909 142
1910 140
1911 140
1912 141
1913 142
1914 140
1915 138
1916 143
1917 142
1918 131
1919 143
1920 143
1921 139
1922 141
1923 144
1924 139
1925 142
1926 143
1927 143
1928 143
1929 141
1930 141
1931 143
1932 143
1933 142
1934 143
1935 141
1936 139
1937 143
1938 144
1939 140
1940 142
1941 143
1942 141
1943 146
1944 136
1945 141
1946 142
1947 142
1948 141
1949 143
1950 144
1951 132
1952 141
1953 141
1954 145
1955 142
1956 140
1957 152
1958 137
1959 142
1960 141
1961 137
1962 144
1963 141
1964 141
1965 142
1966 143
1967 139
1968 141
1969 143
1970 141
1971 143
1972 140
1973 140
1974 143
1975 143
1976 143
1977 141
1978 140
1979 142
1980 136
1981 141
1982 140
1983 141
1984 142
1985 142
1986 141
1987 143
1988 142
1989 142
1990 142
1991 142
1992 141
1993 142
1994 144
1995 141
1996 139
1997 141
1998 142
1999 143
2000 142
2001 132
2002 142
2003 142
2004 141
2005 141
2006 143
2007 143
2008 141
2009 141
2010 143
2011 142
2012 139
2013 141
2014 143
2015 141
2016 141
2017 139
2018 143
2019 142
2020 140
2021 143
2022 133
2023 140
2024 142
2025 137
2026 142
2027 139
2028 140
2029 142
2030 141
2031 143
2032 142
2033 152
2034 141
2035 130
2036 142
2037 140
2038 141
2039 144
2040 143
2041 142
2042 142
2043 142
2044 141
2045 141
2046 141
2047 140
2048 141
2049 153
2050 141
2051 135
2052 146
2053 141
2054 142
2055 141
2056 142
2057 140
2058 143
2059 141
2060 141
2061 141
2062 142
2063 142
2064 141
2065 143
2066 140
2067 141
2068 142
2069 144
2070 144
2071 140
2072 142
2073 143
2074 141
2075 141
2076 139
2077 142
2078 143
2079 141
2080 139
2081 143
2082 139
2083 139
2084 140
2085 139
2086 140
2087 140
2088 139
2089 146
2090 141
2091 140
2092 142
2093 141
2094 143
2095 142
2096 141
2097 141
2098 143
2099 138
2100 140
2101 130
2102 144
2103 144
2104 141
2105 141
2106 140
2107 141
2108 142
2109 142
2110 141
2111 140
2112 143
2113 138
2114 141
2115 142
2116 143
2117 140
2118 131
2119 139
2120 139
2121 140
2122 139
2123 142
2124 142
2125 137
2126 140
2127 140
2128 142
2129 141
2130 139
2131 138
2132 142
2133 139
2134 141
2135 145
2136 141
2137 139
2138 138
2139 143
2140 142
2141 138
2142 140
2143 142
2144 140
2145 142
2146 139
2147 134
2148 142
2149 141
2150 139
2151 132
2152 142
2153 139
2154 143
2155 140
2156 142
2157 139
2158 139
2159 138
2160 140
2161 135
2162 144
2163 139
2164 141
2165 140
2166 142
2167 144
2168 144
2169 142
2170 141
2171 141
2172 142
2173 142
2174 140
2175 141
2176 142
2177 141
2178 141
2179 143
2180 142
2181 138
2182 142
2183 142
2184 140
2185 143
2186 142
2187 143
2188 143
2189 140
2190 141
2191 141
2192 141
2193 140
2194 147
2195 142
2196 141
2197 136
2198 136
2199 140
2200 141
2201 137
2202 145
2203 141
2204 140
2205 141
2206 139
2207 140
2208 140
2209 138
2210 142
2211 140
2212 140
2213 140
2214 138
2215 138
2216 150
2217 142
2218 141
2219 140
2220 142
2221 140
2222 141
2223 141
2224 140
2225 142
2226 142
2227 138
2228 140
2229 139
2230 141
2231 135
2232 142
2233 141
2234 140
2235 139
2236 143
2237 143
2238 142
2239 141
2240 142
2241 141
2242 142
2243 141
2244 142
2245 143
2246 140
2247 140
2248 142
2249 140
2250 141
2251 133
2252 143
2253 142
2254 137
2255 139
2256 141
2257 140
2258 142
2259 143
2260 142
2261 140
2262 141
2263 142
2264 139
2265 140
2266 141
2267 141
2268 142
2269 140
2270 143
2271 141
2272 141
2273 147
2274 140
2275 140
2276 140
2277 138
2278 139
2279 140
2280 140
2281 140
2282 141
2283 138
2284 141
2285 140
2286 140
2287 143
2288 140
2289 140
2290 142
2291 142
2292 135
2293 136
2294 140
2295 140
2296 142
2297 141
2298 142
2299 142
2300 142
2301 133
2302 145
2303 142
2304 140
2305 139
2306 140
2307 139
2308 143
2309 141
2310 140
2311 141
2312 146
2313 140
2314 141
2315 141
2316 143
2317 139
2318 140
2319 139
2320 141
2321 141
2322 140
2323 142
2324 141
2325 140
2326 140
2327 143
2328 135
2329 141
2330 141
2331 131
2332 138
2333 140
2334 139
2335 141
2336 141
2337 141
2338 140
2339 141
2340 140
2341 139
2342 143
2343 141
2344 139
2345 140
2346 141
2347 142
2348 141
2349 139
2350 142
2351 132
2352 143
2353 141
2354 140
2355 138
2356 142
2357 140
2358 142
2359 148
2360 142
2361 140
2362 142
2363 141
2364 141
2365 147
2366 141
2367 142
2368 140
2369 141
2370 141
2371 141
2372 141
2373 141
2374 141
2375 140
2376 139
2377 139
2378 141
2379 140
2380 140
2381 139
2382 149
2383 143
2384 139
2385 138
2386 137
2387 140
2388 139
2389 140
2390 141
2391 141
2392 142
2393 141
2394 140
2395 141
2396 142
2397 140
2398 141
2399 142
2400 141
2401 140
2402 142
2403 140
2404 138
2405 140
2406 143
2407 142
2408 143
2409 143
2410 142
2411 142
2412 140
2413 139
2414 141
2415 138
2416 142
2417 140
2418 138
2419 143
2420 141
2421 140
2422 141
2423 140
2424 135
2425 141
2426 142
2427 140
2428 156
2429 140
2430 141
2431 141
2432 139
2433 142
2434 141
2435 140
2436 140
2437 140
2438 142
2439 140
2440 141
2441 140
2442 139
2443 148
2444 140
2445 142
2446 141
2447 141
2448 141
2449 141
2450 141
2451 134
2452 143
2453 140
2454 140
2455 138
2456 139
2457 140
2458 142
2459 142
2460 138
2461 139
2462 139
2463 139
2464 142
2465 140
2466 142
2467 140
2468 142
2469 141
2470 140
2471 139
2472 140
2473 140
2474 138
2475 138
2476 140
2477 143
2478 139
2479 140
2480 139
2481 142
2482 142
2483 141
2484 141
2485 144
2486 140
2487 139
2488 146
2489 143
2490 149
2491 141
2492 142
2493 137
2494 140
2495 142
2496 152
2497 145
2498 144
2499 142
2500 140
2501 137
2502 144
2503 141
2504 142
2505 144
2506 142
2507 143
2508 142
2509 139
2510 140
2511 144
2512 140
2513 137
2514 144
2515 142
2516 145
2517 145
2518 142
2519 147
2520 140
2521 141
2522 144
2523 139
2524 142
2525 145
2526 143
2527 138
2528 140
2529 139
2530 143
2531 142
2532 143
2533 141
2534 141
2535 142
2536 144
2537 141
2538 140
2539 143
2540 141
2541 144
2542 143
2543 142
2544 145
2545 140
2546 147
2547 142
2548 143
2549 140
2550 138
2551 137
2552 143
2553 143
2554 141
2555 143
2556 141
2557 140
2558 143
2559 144
2560 142
2561 141
2562 141
2563 140
2564 142
2565 144
2566 141
2567 138
2568 141
2569 142
2570 145
2571 141
2572 143
2573 139
2574 142
2575 143
2576 144
2577 141
2578 145
2579 144
2580 141
2581 139
2582 141
2583 145
2584 141
2585 140
2586 126
2587 140
2588 141
2589 142
2590 143
2591 140
2592 142
2593 142
2594 141
2595 143
2596 141
2597 141
2598 141
2599 141
2600 139
2601 136
2602 144
2603 141
2604 142
2605 141
2606 140
2607 140
2608 143
2609 145
2610 142
2611 141
2612 142
2613 141
2614 142
2615 146
2616 141
2617 140
2618 141
2619 143
2620 146
2621 146
2622 141
2623 140
2624 144
2625 153
2626 140
2627 143
2628 137
2629 141
2630 143
2631 141
2632 143
2633 142
2634 141
2635 142
2636 141
2637 143
2638 141
2639 143
2640 141
2641 143
2642 145
2643 141
2644 146
2645 142
2646 142
2647 137
2648 142
2649 140
2650 140
2651 135
2652 151
2653 142
2654 143
2655 142
2656 140
2657 140
2658 142
2659 143
2660 140
2661 141
2662 138
2663 144
2664 141
2665 142
2666 142
2667 138
2668 143
2669 143
2670 142
2671 143
2672 142
2673 143
2674 144
2675 143
2676 143
2677 144
2678 141
2679 142
2680 140
2681 140
2682 142
2683 143
2684 143
2685 140
2686 145
2687 141
2688 143
2689 142
2690 144
2691 140
2692 143
2693 143
2694 144
2695 141
2696 142
2697 142
2698 140
2699 142
2700 144
2701 131
2702 145
2703 142
2704 150
2705 142
2706 144
2707 143
2708 144
2709 142
2710 144
2711 140
2712 143
2713 142
2714 142
2715 142
2716 143
2717 143
2718 142
2719 141
2720 135
2721 138
2722 142
2723 142
2724 142
2725 138
2726 141
2727 139
2728 144
2729 142
2730 142
2731 142
2732 147
2733 143
2734 144
2735 142
2736 141
2737 144
2738 142
2739 146
2740 141
2741 144
2742 144
2743 146
2744 146
2745 144
2746 143
2747 143
2748 139
2749 141
2750 144
2751 137
2752 144
2753 143
2754 143
2755 143
2756 142
2757 142
2758 143
2759 145
2760 141
2761 141
2762 143
2763 144
2764 142
2765 142
2766 143
2767 144
2768 142
2769 143
2770 144
2771 141
2772 142
2773 145
2774 144
2775 145
2776 143
2777 142
2778 140
2779 142
2780 141
2781 143
2782 142
2783 141
2784 145
2785 140
2786 142
2787 142
2788 142
2789 143
2790 141
2791 143
2792 143
2793 141
2794 145
2795 140
2796 145
2797 144
2798 142
2799 143
2800 144
2801 136
2802 144
2803 143
2804 143
2805 143
2806 140
2807 142
2808 145
2809 143
2810 142
2811 142
2812 139
2813 140
2814 144
2815 141
2816 144
2817 142
2818 145
2819 143
2820 143
2821 141
2822 148
2823 144
2824 142
2825 148
2826 144
2827 143
2828 145
2829 140
2830 141
2831 142
2832 134
2833 143
2834 143
2835 142
2836 139
2837 141
2838 144
2839 143
2840 142
2841 141
2842 144
2843 142
2844 141
2845 143
2846 141
2847 142
2848 140
2849 142
2850 144
2851 139
2852 142
2853 140
2854 143
2855 143
2856 137
2857 142
2858 144
2859 144
2860 142
2861 141
2862 142
2863 142
2864 142
2865 143
2866 145
2867 144
2868 142
2869 143
2870 145
2871 140
2872 145
2873 143
2874 143
2875 144
2876 148
2877 145
2878 144
2879 152
2880 140
2881 141
2882 144
2883 143
2884 143
2885 143
2886 140
2887 142
2888 143
2889 143
2890 151
2891 142
2892 143
2893 141
2894 145
2895 144
2896 144
2897 140
2898 140
2899 142
2900 143
2901 134
2902 146
2903 145
2904 142
2905 144
2906 145
2907 142
2908 143
2909 143
2910 143
2911 141
2912 143
2913 142
2914 145
2915 144
2916 141
2917 142
2918 145
2919 140
2920 145
2921 145
2922 143
2923 144
2924 148
2925 142
2926 144
2927 143
2928 143
2929 142
2930 144
2931 142
2932 143
2933 145
2934 142
2935 146
2936 144
2937 143
2938 144
2939 143
2940 143
2941 144
2942 144
2943 130
2944 145
2945 142
2946 147
2947 143
2948 144
2949 143
2950 143
2951 133
2952 145
2953 143
2954 142
2955 143
2956 143
2957 144
2958 142
2959 143
2960 144
2961 144
2962 144
2963 145
2964 143
2965 143
2966 143
2967 143
2968 144
2969 143
2970 144
2971 141
2972 149
2973 143
2974 145
2975 148
2976 142
2977 143
2978 142
2979 142
2980 143
2981 142
2982 144
2983 143
2984 144
2985 144
2986 144
2987 146
2988 142
2989 143
2990 143
2991 143
2992 145
2993 144
2994 143
2995 142
2996 146
2997 142
2998 146
2999 142
3000 145
3001 137
3002 152
3003 145
3004 144
3005 142
3006 145
3007 143
3008 143
3009 143
3010 145
3011 143
3012 145
3013 143
3014 147
3015 139
3016 142
3017 145
3018 141
3019 145
3020 143
3021 139
3022 145
3023 142
3024 140
3025 143
3026 143
3027 142
3028 144
3029 145
3030 144
3031 142
3032 142
3033 141
3034 142
3035 141
3036 141
3037 142
3038 142
3039 138
3040 141
3041 137
3042 142
3043 144
3044 148
3045 142
3046 143
3047 144
3048 144
3049 140
3050 144
3051 132
3052 143
3053 143
3054 142
3055 141
3056 139
3057 144
3058 142
3059 141
3060 144
3061 143
3062 145
3063 148
3064 143
3065 143
3066 141
3067 142
3068 147
3069 142
3070 144
3071 138
3072 144
3073 142
3074 150
3075 143
3076 138
3077 146
3078 146
3079 143
3080 147
3081 142
3082 144
3083 142
3084 142
3085 146
3086 142
3087 143
3088 144
3089 142
3090 144
3091 142
3092 143
3093 138
3094 144
3095 137
3096 144
3097 142
3098 143
3099 150
3100 143
3101 134
3102 147
3103 143
3104 143
3105 141
3106 142
3107 145
3108 143
3109 140
3110 142
3111 145
3112 144
3113 143
3114 143
3115 150
3116 148
3117 144
3118 144
3119 142
3120 143
3121 142
3122 144
3123 143
3124 145
3125 142
3126 142
3127 139
3128 143
3129 142
3130 143
3131 141
3132 140
3133 145
3134 141
3135 142
3136 143
3137 144
3138 143
3139 140
3140 142
3141 141
3142 140
3143 145
3144 141
3145 143
3146 142
3147 141
3148 149
3149 143
3150 142
3151 133
3152 143
3153 145
3154 141
3155 140
3156 142
3157 143
3158 143
3159 144
3160 145
3161 144
3162 142
3163 145
3164 139
3165 143
3166 142
3167 142
3168 144
3169 143
3170 142
3171 145
3172 137
3173 144
3174 142
3175 145
3176 142
3177 143
3178 143
3179 141
3180 144
3181 143
3182 142
3183 144
3184 141
3185 145
3186 145
3187 134
3188 142
3189 144
3190 143
3191 143
3192 145
3193 140
3194 142
3195 146
3196 145
3197 143
3198 144
3199 144
3200 140
3201 134
3202 148
3203 143
3204 143
3205 143
3206 145
3207 140
3208 143
3209 143
3210 145
3211 148
3212 141
3213 143
3214 143
3215 144
3216 143
3217 144
3218 143
3219 142
3220 143
3221 142
3222 142
3223 142
3224 142
3225 149
3226 150
3227 142
3228 144
3229 141
3230 135
3231 141
3232 143
3233 144
3234 142
3235 144
3236 146
3237 144
3238 144
3239 145
3240 146
3241 141
3242 145
3243 142
3244 146
3245 149
3246 145
3247 143
3248 146
3249 145
3250 145
3251 137
3252 145
3253 144
3254 144
3255 145
3256 144
3257 145
3258 144
3259 143
3260 145
3261 148
3262 144
3263 142
3264 143
3265 151
3266 144
3267 144
3268 143
3269 145
3270 142
3271 141
3272 144
3273 141
3274 145
3275 145
3276 145
3277 143
3278 143
3279 147
3280 145
3281 145
3282 143
3283 139
3284 144
3285 145
3286 144
3287 144
3288 143
3289 142
3290 137
3291 146
3292 144
3293 145
3294 144
3295 144
3296 144
3297 145
3298 147
3299 142
3300 145
3301 136
3302 147
3303 138
3304 145
3305 143
3306 144
3307 144
3308 141
3309 144
3310 139
3311 144
3312 145
3313 143
3314 145
3315 144
3316 144
3317 141
3318 146
3319 144
3320 143
3321 143
3322 145
3323 144
3324 145
3325 142
3326 144
3327 146
3328 146
3329 142
3330 142
3331 146
3332 143
3333 144
3334 144
3335 144
3336 143
3337 144
3338 146
3339 143
3340 142
3341 143
3342 144
3343 143
3344 143
3345 143
3346 145
3347 144
3348 143
3349 143
3350 143
3351 136
3352 145
3353 143
3354 144
3355 146
3356 142
3357 148
3358 143
3359 144
3360 144
3361 150
3362 142
3363 144
3364 144
3365 142
3366 146
3367 145
3368 141
3369 140
3370 141
3371 141
3372 146
3373 143
3374 142
3375 145
3376 144
3377 140
3378 142
3379 146
3380 143
3381 144
3382 142
3383 145
3384 144
3385 145
3386 152
3387 143
3388 142
3389 141
3390 145
3391 142
3392 145
3393 143
3394 144
3395 146
3396 144
3397 143
3398 142
3399 143
3400 145
3401 136
3402 145
3403 146
3404 144
3405 144
3406 142
3407 145
3408 143
3409 143
3410 140
3411 143
3412 145
3413 144
3414 140
3415 142
3416 142
3417 145
3418 144
3419 143
3420 142
3421 145
3422 144
3423 145
3424 145
3425 143
3426 145
3427 145
3428 145
3429 143
3430 145
3431 145
3432 145
3433 144
3434 144
3435 143
3436 145
3437 141
3438 144
3439 142
3440 143
3441 143
3442 143
3443 146
3444 138
3445 143
3446 148
3447 141
3448 142
3449 141
3450 143
3451 135
3452 145
3453 143
3454 144
3455 143
3456 146
3457 148
3458 146
3459 143
3460 143
3461 144
3462 145
3463 140
3464 147
3465 153
3466 144
3467 145
3468 144
3469 143
3470 145
3471 141
3472 143
3473 141
3474 141
3475 147
3476 143
3477 142
3478 146
3479 144
3480 144
3481 146
3482 143
3483 143
3484 146
3485 144
3486 144
3487 148
3488 144
3489 149
3490 143
3491 150
3492 148
3493 145
3494 142
3495 142
3496 142
3497 144
3498 143
3499 148
3500 145
3501 136
3502 149
3503 146
3504 142
3505 142
3506 143
3507 140
3508 145
3509 142
3510 142
3511 144
3512 144
3513 143
3514 146
3515 142
3516 144
3517 144
3518 142
3519 143
3520 141
3521 142
3522 143
3523 143
3524 142
3525 142
3526 145
3527 142
3528 144
3529 142
3530 143
3531 143
3532 144
3533 141
3534 143
3535 144
3536 143
3537 143
3538 142
3539 142
3540 144
3541 142
3542 138
3543 143
3544 145
3545 142
3546 145
3547 142
3548 145
3549 144
3550 142
3551 135
3552 145
3553 141
3554 144
3555 145
3556 143
3557 145
3558 143
3559 139
3560 145
3561 143
3562 144
3563 143
3564 146
3565 145
3566 143
3567 141
3568 144
3569 141
3570 144
3571 146
3572 144
3573 141
3574 144
3575 139
3576 144
3577 145
3578 144
3579 145
3580 144
3581 143
3582 144
3583 142
3584 145
3585 141
3586 144
3587 141
3588 141
3589 143
3590 143
3591 142
3592 143
3593 141
3594 143
3595 143
3596 146
3597 141
3598 142
3599 143
3600 157
3601 137
3602 144
3603 141
3604 142
3605 141
3606 142
3607 142
3608 142
3609 143
3610 141
3611 144
3612 142
3613 142
3614 143
3615 143
3616 141
3617 144
3618 141
3619 135
3620 142
3621 143
3622 146
3623 143
3624 144
3625 142
3626 142
3627 140
3628 145
3629 140
3630 143
3631 141
3632 141
3633 139
3634 141
3635 143
3636 141
3637 141
3638 145
3639 144
3640 143
3641 145
3642 142
3643 141
3644 142
3645 143
3646 144
3647 145
3648 143
3649 144
3650 141
3651 135
3652 144
3653 143
3654 156
3655 146
3656 141
3657 144
3658 143
3659 141
3660 144
3661 147
3662 135
3663 137
3664 141
3665 147
3666 144
3667 141
3668 141
3669 144
3670 144
3671 146
3672 145
3673 140
3674 143
3675 141
3676 145
3677 144
3678 141
3679 141
3680 144
3681 140
3682 144
3683 141
3684 144
3685 143
3686 144
3687 144
3688 142
3689 146
3690 147
3691 147
3692 139
3693 143
3694 144
