#Data from the TCD1304 linear CCD
#column 1 = pixelnumber , column 2 = pixelvalue
#Pixel 1-32 and 3679-3694 and are dummy pixels
#SH-period: 200    ICG-period: 100000    Integration time: 100.0 us
2 4036
3 4037
4 4058
5 4059
6 4055
7 4055
8 4056
9 4055
10 4055
11 4055
12 4055
13 4060
14 4057
15 4056
16 4055
17 4055
18 4056
19 4057
20 4055
21 4057
22 4056
23 4057
24 4053
25 4054
26 4054
27 4060
28 4059
29 4057
30 4059
31 4057
32 4057
34 4055
35 4056
36 4057
37 4057
38 4055
39 4056
40 4055
41 4054
42 4055
43 4058
44 4054
45 4059
46 4054
47 4058
48 4057
49 4056
50 4056
51 4060
52 4056
53 4055
54 4053
55 4055
56 4055
57 4060
58 4060
59 4056
60 4057
61 4058
62 4054
63 4055
64 4056
65 4055
66 4052
67 4052
68 4054
69 4059
70 4053
71 4055
72 4057
73 4060
74 4057
75 4055
76 4055
77 4059
78 4054
79 4059
80 4055
81 4059
82 4054
83 4055
84 4056
85 4054
86 4055
87 4057
88 4052
89 4056
90 4057
91 4057
92 4053
93 4057
94 4057
95 4057
96 4055
97 4061
98 4057
99 4062
100 4056
101 4060
102 4055
103 4058
104 4057
105 4060
106 4058
107 4059
108 4057
109 4056
110 4056
111 4057
112 4060
113 4061
114 4057
115 4057
116 4058
117 4057
118 4057
119 4056
120 4052
121 4056
122 4059
123 4052
124 4054
125 4055
126 4056
127 4060
128 4055
129 4057
130 4056
131 4057
132 4059
133 4060
134 4060
135 4061
136 4060
137 4058
138 4057
139 4057
140 4056
141 4055
142 4056
143 4058
144 4056
145 4064
146 4057
147 4057
148 4055
149 4055
150 4059
151 4061
152 4055
153 4057
154 4056
155 4054
156 4054
157 4055
158 4057
159 4053
160 4054
161 4055
162 4056
163 4057
164 4060
165 4059
166 4057
167 4059
168 4054
169 4058
170 4054
171 4055
172 4056
173 4060
174 4057
175 4057
176 4056
177 4055
178 4055
179 4059
180 4056
181 4055
182 4056
183 4060
184 4060
185 4061
186 4060
187 4061
188 4058
189 4060
190 4055
191 4055
192 4055
193 4054
194 4053
195 4054
196 4053
197 4056
198 4058
199 4061
200 4056
201 4064
202 4057
203 4055
204 4057
205 4058
206 4059
207 4055
208 4058
209 4057
210 4055
211 4060
212 4055
213 4056
214 4057
215 4057
216 4052
217 4057
218 4054
219 4057
220 4057
221 4056
222 4059
223 4057
224 4061
225 4060
226 4055
227 4058
228 4054
229 4053
230 4056
231 4055
232 4055
233 4057
234 4058
235 4057
236 4056
237 4057
238 4054
239 4060
240 4055
241 4058
242 4056
243 4056
244 4060
245 4058
246 4057
247 4057
248 4058
249 4055
250 4053
251 4064
252 4055
253 4057
254 4055
255 4053
256 4056
257 4056
258 4055
259 4059
260 4057
261 4061
262 4058
263 4059
264 4064
265 4057
266 4060
267 4058
268 4052
269 4055
270 4054
271 4060
272 4056
273 4057
274 4057
275 4054
276 4056
277 4054
278 4058
279 4056
280 4055
281 4056
282 4052
283 4061
284 4055
285 4057
286 4057
287 4058
288 4060
289 4060
290 4054
291 4056
292 4057
293 4056
294 4057
295 4058
296 4058
297 4055
298 4056
299 4057
300 4058
301 4061
302 4053
303 4055
304 4059
305 4057
306 4056
307 4058
308 4055
309 4061
310 4055
311 4057
312 4053
313 4056
314 4058
315 4057
316 4057
317 4056
318 4058
319 4058
320 4058
321 4059
322 4055
323 4055
324 4054
325 4060
326 4056
327 4058
328 4056
329 4054
330 4057
331 4055
332 4057
333 4056
334 4055
335 4057
336 4056
337 4060
338 4058
339 4057
340 4055
341 4055
342 4056
343 4057
344 4058
345 4053
346 4061
347 4055
348 4057
349 4055
350 4055
351 4060
352 4054
353 4057
354 4058
355 4057
356 4058
357 4058
358 4060
359 4058
360 4059
361 4058
362 4057
363 4059
364 4051
365 4056
366 4058
367 4057
368 4056
369 4055
370 4057
371 4055
372 4055
373 4057
374 4057
375 4058
376 4055
377 4057
378 4058
379 4057
380 4058
381 4054
382 4054
383 4056
384 4060
385 4055
386 4055
387 4060
388 4058
389 4064
390 4057
391 4059
392 4055
393 4053
394 4054
395 4057
396 4060
397 4059
398 4057
399 4056
400 4057
401 4064
402 4052
403 4055
404 4060
405 4057
406 4058
407 4060
408 4054
409 4055
410 4057
411 4059
412 4055
413 4057
414 4057
415 4058
416 4057
417 4060
418 4060
419 4058
420 4056
421 4057
422 4057
423 4058
424 4058
425 4060
426 4057
427 4053
428 4055
429 4058
430 4054
431 4057
432 4060
433 4058
434 4053
435 4057
436 4053
437 4055
438 4055
439 4054
440 4057
441 4060
442 4057
443 4058
444 4057
445 4057
446 4059
447 4058
448 4060
449 4060
450 4058
451 4063
452 4055
453 4060
454 4060
455 4059
456 4054
457 4054
458 4055
459 4054
460 4055
461 4057
462 4055
463 4052
464 4052
465 4054
466 4056
467 4059
468 4055
469 4057
470 4057
471 4056
472 4056
473 4057
474 4057
475 4061
476 4054
477 4058
478 4052
479 4052
480 4057
481 4058
482 4057
483 4060
484 4058
485 4056
486 4062
487 4064
488 4060
489 4061
490 4060
491 4055
492 4054
493 4056
494 4054
495 4059
496 4049
497 4053
498 4052
499 4055
500 4057
501 4059
502 4055
503 4059
504 4058
505 4058
506 4060
507 4062
508 4057
509 4061
510 4058
511 4057
512 4054
513 4056
514 4055
515 4055
516 4056
517 4059
518 4059
519 4055
520 4054
521 4059
522 4055
523 4057
524 4055
525 4057
526 4054
527 4059
528 4055
529 4055
530 4056
531 4059
532 4057
533 4060
534 4058
535 4060
536 4060
537 4057
538 4054
539 4057
540 4055
541 4053
542 4055
543 4056
544 4054
545 4057
546 4057
547 4055
548 4053
549 4057
550 4055
551 4058
552 4057
553 4056
554 4056
555 4058
556 4050
557 4060
558 4056
559 4060
560 4054
561 4055
562 4053
563 4053
564 4056
565 4060
566 4057
567 4059
568 4057
569 4054
570 4060
571 4054
572 4052
573 4053
574 4056
575 4060
576 4054
577 4061
578 4060
579 4058
580 4058
581 4062
582 4058
583 4058
584 4057
585 4060
586 4055
587 4057
588 4056
589 4056
590 4052
591 4054
592 4057
593 4054
594 4055
595 4055
596 4056
597 4055
598 4056
599 4056
600 4056
601 4059
602 4056
603 4056
604 4054
605 4055
606 4055
607 4054
608 4050
609 4052
610 4050
611 4052
612 4055
613 4053
614 4053
615 4052
616 4053
617 4057
618 4053
619 4057
620 4055
621 4056
622 4057
623 4060
624 4060
625 4055
626 4053
627 4060
628 4058
629 4054
630 4052
631 4051
632 4052
633 4055
634 4052
635 4054
636 4059
637 4055
638 4054
639 4055
640 4057
641 4058
642 4056
643 4057
644 4057
645 4055
646 4055
647 4060
648 4055
649 4054
650 4057
651 4061
652 4052
653 4056
654 4057
655 4055
656 4053
657 4054
658 4053
659 4056
660 4056
661 4057
662 4053
663 4058
664 4058
665 4057
666 4057
667 4055
668 4055
669 4057
670 4057
671 4056
672 4057
673 4057
674 4054
675 4057
676 4054
677 4052
678 4051
679 4056
680 4057
681 4058
682 4056
683 4057
684 4055
685 4055
686 4054
687 4057
688 4055
689 4058
690 4057
691 4057
692 4058
693 4059
694 4056
695 4057
696 4057
697 4057
698 4055
699 4056
700 4052
701 4058
702 4055
703 4056
704 4052
705 4057
706 4058
707 4057
708 4058
709 4057
710 4058
711 4055
712 4055
713 4060
714 4057
715 4057
716 4056
717 4057
718 4057
719 4056
720 4056
721 4058
722 4056
723 4057
724 4055
725 4057
726 4055
727 4057
728 4057
729 4059
730 4057
731 4055
732 4056
733 4058
734 4057
735 4059
736 4058
737 4055
738 4055
739 4058
740 4053
741 4059
742 4057
743 4053
744 4060
745 4052
746 4055
747 4055
748 4057
749 4058
750 4053
751 4061
752 4059
753 4061
754 4059
755 4060
756 4058
757 4064
758 4056
759 4056
760 4055
761 4055
762 4055
763 4060
764 4057
765 4059
766 4058
767 4057
768 4057
769 4057
770 4055
771 4055
772 4054
773 4059
774 4059
775 4060
776 4057
777 4064
778 4056
779 4058
780 4053
781 4055
782 4052
783 4059
784 4057
785 4057
786 4054
787 4059
788 4057
789 4060
790 4054
791 4060
792 4059
793 4059
794 4057
795 4055
796 4057
797 4059
798 4057
799 4057
800 4055
801 4061
802 4056
803 4061
804 4053
805 4057
806 4052
807 4057
808 4057
809 4058
810 4056
811 4058
812 4055
813 4060
814 4055
815 4059
816 4054
817 4055
818 4055
819 4057
820 4058
821 4058
822 4057
823 4056
824 4061
825 4060
826 4053
827 4059
828 4057
829 4061
830 4058
831 4062
832 4057
833 4060
834 4058
835 4057
836 4060
837 4055
838 4058
839 4057
840 4056
841 4059
842 4055
843 4061
844 4053
845 4055
846 4052
847 4057
848 4052
849 4052
850 4057
851 4057
852 4054
853 4057
854 4057
855 4053
856 4057
857 4057
858 4057
859 4058
860 4056
861 4058
862 4056
863 4061
864 4055
865 4059
866 4052
867 4061
868 4055
869 4057
870 4059
871 4060
872 4057
873 4056
874 4057
875 4054
876 4053
877 4060
878 4055
879 4057
880 4055
881 4057
882 4053
883 4055
884 4054
885 4058
886 4056
887 4055
888 4056
889 4059
890 4058
891 4061
892 4057
893 4057
894 4052
895 4054
896 4054
897 4058
898 4056
899 4057
900 4056
901 4061
902 4056
903 4059
904 4056
905 4060
906 4060
907 4058
908 4058
909 4058
910 4057
911 4054
912 4056
913 4061
914 4055
915 4056
916 4057
917 4057
918 4053
919 4055
920 4057
921 4055
922 4057
923 4059
924 4060
925 4055
926 4055
927 4059
928 4060
929 4060
930 4059
931 4054
932 4057
933 4056
934 4055
935 4057
936 4061
937 4057
938 4055
939 4056
940 4056
941 4059
942 4055
943 4054
944 4056
945 4058
946 4055
947 4055
948 4057
949 4057
950 4057
951 4057
952 4053
953 4057
954 4057
955 4060
956 4060
957 4059
958 4058
959 4057
960 4057
961 4055
962 4053
963 4057
964 4056
965 4057
966 4058
967 4058
968 4053
969 4057
970 4056
971 4056
972 4055
973 4054
974 4053
975 4057
976 4057
977 4055
978 4058
979 4059
980 4056
981 4055
982 4058
983 4053
984 4057
985 4055
986 4061
987 4058
988 4057
989 4058
990 4059
991 4054
992 4052
993 4052
994 4056
995 4056
996 4058
997 4057
998 4054
999 4058
1000 4057
1001 4060
1002 4059
1003 4060
1004 4060
1005 4057
1006 4058
1007 4057
1008 4057
1009 4056
1010 4056
1011 4057
1012 4058
1013 4058
1014 4055
1015 4055
1016 4055
1017 4056
1018 4057
1019 4059
1020 4055
1021 4057
1022 4053
1023 4058
1024 4055
1025 4057
1026 4059
1027 4057
1028 4060
1029 4061
1030 4060
1031 4057
1032 4055
1033 4056
1034 4053
1035 4056
1036 4056
1037 4055
1038 4056
1039 4064
1040 4057
1041 4058
1042 4056
1043 4060
1044 4057
1045 4060
1046 4057
1047 4057
1048 4060
1049 4057
1050 4060
1051 4058
1052 4054
1053 4055
1054 4047
1055 4055
1056 4056
1057 4058
1058 4057
1059 4055
1060 4058
1061 4061
1062 4055
1063 4055
1064 4056
1065 4057
1066 4054
1067 4053
1068 4054
1069 4054
1070 4055
1071 4056
1072 4057
1073 4057
1074 4060
1075 4059
1076 4054
1077 4060
1078 4058
1079 4060
1080 4054
1081 4058
1082 4053
1083 4060
1084 4059
1085 4057
1086 4056
1087 4055
1088 4058
1089 4062
1090 4055
1091 4057
1092 4055
1093 4056
1094 4051
1095 4055
1096 4056
1097 4055
1098 4055
1099 4060
1100 4057
1101 4060
1102 4056
1103 4058
1104 4057
1105 4057
1106 4057
1107 4058
1108 4054
1109 4057
1110 4055
1111 4058
1112 4061
1113 4057
1114 4060
1115 4060
1116 4057
1117 4056
1118 4054
1119 4057
1120 4056
1121 4056
1122 4052
1123 4059
1124 4057
1125 4057
1126 4054
1127 4057
1128 4056
1129 4058
1130 4055
1131 4059
1132 4057
1133 4058
1134 4058
1135 4060
1136 4057
1137 4061
1138 4060
1139 4061
1140 4057
1141 4058
1142 4054
1143 4057
1144 4054
1145 4056
1146 4060
1147 4055
1148 4057
1149 4059
1150 4058
1151 4059
1152 4055
1153 4056
1154 4057
1155 4059
1156 4054
1157 4057
1158 4056
1159 4057
1160 4057
1161 4058
1162 4060
1163 4060
1164 4058
1165 4057
1166 4056
1167 4057
1168 4057
1169 4057
1170 4052
1171 4055
1172 4059
1173 4058
1174 4058
1175 4058
1176 4053
1177 4060
1178 4056
1179 4061
1180 4054
1181 4056
1182 4056
1183 4057
1184 4057
1185 4055
1186 4058
1187 4056
1188 4055
1189 4056
1190 4057
1191 4055
1192 4053
1193 4057
1194 4061
1195 4057
1196 4056
1197 4055
1198 4056
1199 4058
1200 4059
1201 4061
1202 4054
1203 4057
1204 4060
1205 4058
1206 4057
1207 4055
1208 4057
1209 4056
1210 4056
1211 4057
1212 4058
1213 4060
1214 4061
1215 4055
1216 4055
1217 4057
1218 4057
1219 4056
1220 4056
1221 4058
1222 4056
1223 4059
1224 4057
1225 4055
1226 4055
1227 4058
1228 4059
1229 4059
1230 4054
1231 4061
1232 4058
1233 4058
1234 4057
1235 4060
1236 4053
1237 4060
1238 4057
1239 4057
1240 4052
1241 4056
1242 4059
1243 4061
1244 4061
1245 4057
1246 4056
1247 4055
1248 4054
1249 4060
1250 4057
1251 4061
1252 4052
1253 4057
1254 4057
1255 4055
1256 4058
1257 4057
1258 4055
1259 4055
1260 4057
1261 4060
1262 4057
1263 4060
1264 4055
1265 4054
1266 4057
1267 4060
1268 4056
1269 4059
1270 4056
1271 4059
1272 4055
1273 4055
1274 4056
1275 4057
1276 4053
1277 4060
1278 4056
1279 4057
1280 4054
1281 4057
1282 4055
1283 4057
1284 4057
1285 4053
1286 4054
1287 4061
1288 4056
1289 4060
1290 4061
1291 4056
1292 4057
1293 4059
1294 4055
1295 4058
1296 4057
1297 4054
1298 4055
1299 4058
1300 4057
1301 4060
1302 4057
1303 4060
1304 4057
1305 4060
1306 4059
1307 4058
1308 4054
1309 4056
1310 4057
1311 4058
1312 4059
1313 4056
1314 4060
1315 4055
1316 4053
1317 4057
1318 4054
1319 4058
1320 4053
1321 4056
1322 4060
1323 4057
1324 4056
1325 4055
1326 4054
1327 4056
1328 4055
1329 4058
1330 4057
1331 4056
1332 4057
1333 4056
1334 4057
1335 4054
1336 4055
1337 4057
1338 4054
1339 4059
1340 4055
1341 4057
1342 4056
1343 4060
1344 4059
1345 4060
1346 4056
1347 4059
1348 4056
1349 4056
1350 4057
1351 4060
1352 4057
1353 4055
1354 4055
1355 4053
1356 4057
1357 4055
1358 4057
1359 4057
1360 4053
1361 4057
1362 4056
1363 4058
1364 4055
1365 4055
1366 4055
1367 4055
1368 4056
1369 4058
1370 4059
1371 4059
1372 4060
1373 4054
1374 4057
1375 4057
1376 4057
1377 4061
1378 4059
1379 4054
1380 4056
1381 4056
1382 4058
1383 4055
1384 4056
1385 4055
1386 4055
1387 4060
1388 4054
1389 4056
1390 4057
1391 4059
1392 4059
1393 4056
1394 4054
1395 4057
1396 4057
1397 4059
1398 4058
1399 4058
1400 4060
1401 4064
1402 4055
1403 4060
1404 4054
1405 4058
1406 4057
1407 4055
1408 4054
1409 4055
1410 4053
1411 4052
1412 4056
1413 4056
1414 4058
1415 4058
1416 4061
1417 4057
1418 4059
1419 4061
1420 4056
1421 4059
1422 4059
1423 4056
1424 4058
1425 4060
1426 4056
1427 4057
1428 4058
1429 4055
1430 4057
1431 4057
1432 4055
1433 4056
1434 4056
1435 4054
1436 4057
1437 4057
1438 4057
1439 4057
1440 4055
1441 4054
1442 4054
1443 4056
1444 4052
1445 4058
1446 4059
1447 4060
1448 4059
1449 4059
1450 4059
1451 4060
1452 4055
1453 4058
1454 4059
1455 4057
1456 4062
1457 4061
1458 4055
1459 4061
1460 4055
1461 4052
1462 4060
1463 4057
1464 4055
1465 4056
1466 4057
1467 4056
1468 4055
1469 4058
1470 4057
1471 4056
1472 4054
1473 4057
1474 4061
1475 4058
1476 4056
1477 4060
1478 4057
1479 4059
1480 4057
1481 4055
1482 4055
1483 4060
1484 4055
1485 4058
1486 4058
1487 4057
1488 4057
1489 4057
1490 4056
1491 4059
1492 4054
1493 4057
1494 4060
1495 4055
1496 4058
1497 4054
1498 4057
1499 4058
1500 4056
1501 4058
1502 4055
1503 4057
1504 4056
1505 4060
1506 4058
1507 4057
1508 4057
1509 4057
1510 4057
1511 4058
1512 4056
1513 4058
1514 4055
1515 4055
1516 4053
1517 4054
1518 4060
1519 4060
1520 4056
1521 4056
1522 4061
1523 4058
1524 4059
1525 4059
1526 4054
1527 4060
1528 4055
1529 4058
1530 4059
1531 4059
1532 4055
1533 4055
1534 4057
1535 4053
1536 4055
1537 4055
1538 4059
1539 4060
1540 4058
1541 4056
1542 4053
1543 4057
1544 4058
1545 4058
1546 4055
1547 4058
1548 4055
1549 4054
1550 4059
1551 4061
1552 4055
1553 4059
1554 4055
1555 4057
1556 4055
1557 4057
1558 4053
1559 4055
1560 4055
1561 4057
1562 4054
1563 4058
1564 4058
1565 4057
1566 4057
1567 4059
1568 4059
1569 4057
1570 4058
1571 4055
1572 4055
1573 4057
1574 4057
1575 4057
1576 4052
1577 4058
1578 4055
1579 4057
1580 4054
1581 4055
1582 4053
1583 4056
1584 4056
1585 4058
1586 4057
1587 4060
1588 4059
1589 4057
1590 4057
1591 4055
1592 4057
1593 4060
1594 4058
1595 4056
1596 4056
1597 4057
1598 4057
1599 4055
1600 4056
1601 4055
1602 4053
1603 4059
1604 4058
1605 4058
1606 4056
1607 4061
1608 4061
1609 4060
1610 4064
1611 4058
1612 4060
1613 4057
1614 4056
1615 4057
1616 4058
1617 4057
1618 4055
1619 4051
1620 4055
1621 4057
1622 4058
1623 4059
1624 4057
1625 4056
1626 4055
1627 4058
1628 4055
1629 4055
1630 4058
1631 4060
1632 4057
1633 4059
1634 4057
1635 4057
1636 4057
1637 4057
1638 4060
1639 4060
1640 4057
1641 4060
1642 4059
1643 4059
1644 4057
1645 4057
1646 4054
1647 4058
1648 4054
1649 4056
1650 4058
1651 4064
1652 4055
1653 4054
1654 4055
1655 4055
1656 4060
1657 4057
1658 4057
1659 4057
1660 4055
1661 4056
1662 4055
1663 4057
1664 4061
1665 4059
1666 4059
1667 4057
1668 4054
1669 4055
1670 4056
1671 4058
1672 4056
1673 4060
1674 4058
1675 4055
1676 4053
1677 4058
1678 4059
1679 4055
1680 4057
1681 4055
1682 4054
1683 4058
1684 4058
1685 4057
1686 4055
1687 4058
1688 4054
1689 4058
1690 4056
1691 4056
1692 4054
1693 4055
1694 4057
1695 4054
1696 4058
1697 4062
1698 4053
1699 4057
1700 4057
1701 4060
1702 4054
1703 4057
1704 4058
1705 4056
1706 4055
1707 4055
1708 4055
1709 4056
1710 4055
1711 4053
1712 4057
1713 4054
1714 4056
1715 4059
1716 4059
1717 4057
1718 4058
1719 4058
1720 4057
1721 4060
1722 4057
1723 4057
1724 4058
1725 4057
1726 4055
1727 4056
1728 4055
1729 4059
1730 4056
1731 4060
1732 4057
1733 4057
1734 4057
1735 4059
1736 4054
1737 4059
1738 4056
1739 4057
1740 4052
1741 4063
1742 4055
1743 4060
1744 4060
1745 4060
1746 4057
1747 4060
1748 4057
1749 4058
1750 4053
1751 4055
1752 4052
1753 4054
1754 4056
1755 4057
1756 4055
1757 4061
1758 4057
1759 4057
1760 4056
1761 4060
1762 4056
1763 4059
1764 4057
1765 4055
1766 4054
1767 4055
1768 4055
1769 4058
1770 4054
1771 4052
1772 4055
1773 4055
1774 4057
1775 4058
1776 4057
1777 4057
1778 4058
1779 4055
1780 4055
1781 4057
1782 4055
1783 4056
1784 4057
1785 4057
1786 4057
1787 4055
1788 4057
1789 4061
1790 4058
1791 4053
1792 4059
1793 4056
1794 4053
1795 4057
1796 4054
1797 4054
1798 4057
1799 4057
1800 4055
1801 4054
1802 4054
1803 4054
1804 4054
1805 4055
1806 4055
1807 4060
1808 4054
1809 4058
1810 4056
1811 4061
1812 4058
1813 4056
1814 4061
1815 4055
1816 4055
1817 4056
1818 4057
1819 4057
1820 4052
1821 4055
1822 4057
1823 4057
1824 4060
1825 4059
1826 4056
1827 4057
1828 4052
1829 4055
1830 4057
1831 4055
1832 4059
1833 4060
1834 4059
1835 4058
1836 4057
1837 4055
1838 4053
1839 4056
1840 4047
1841 4057
1842 4054
1843 4060
1844 4060
1845 4059
1846 4057
1847 4057
1848 4057
1849 4056
1850 4054
1851 4060
1852 4052
1853 4057
1854 4053
1855 4058
1856 4057
1857 4059
1858 4060
1859 4058
1860 4052
1861 4057
1862 4057
1863 4058
1864 4054
1865 4061
1866 4056
1867 4054
1868 4054
1869 4057
1870 4056
1871 4058
1872 4055
1873 4058
1874 4058
1875 4058
1876 4054
1877 4056
1878 4050
1879 4057
1880 4055
1881 4056
1882 4053
1883 4057
1884 4058
1885 4057
1886 4058
1887 4060
1888 4060
1889 4057
1890 4055
1891 4056
1892 4056
1893 4055
1894 4055
1895 4057
1896 4057
1897 4059
1898 4057
1899 4058
1900 4060
1901 4060
1902 4053
1903 4054
1904 4055
1905 4054
1906 4058
1907 4057
1908 4056
1909 4060
1910 4053
1911 4057
1912 4058
1913 4057
1914 4057
1915 4054
1916 4057
1917 4058
1918 4055
1919 4058
1920 4057
1921 4059
1922 4054
1923 4056
1924 4056
1925 4058
1926 4055
1927 4060
1928 4061
1929 4058
1930 4054
1931 4060
1932 4057
1933 4057
1934 4057
1935 4057
1936 4054
1937 4058
1938 4053
1939 4059
1940 4055
1941 4054
1942 4054
1943 4055
1944 4058
1945 4055
1946 4057
1947 4057
1948 4055
1949 4057
1950 4056
1951 4060
1952 4052
1953 4055
1954 4053
1955 4054
1956 4056
1957 4055
1958 4057
1959 4057
1960 4056
1961 4055
1962 4053
1963 4061
1964 4058
1965 4057
1966 4055
1967 4055
1968 4055
1969 4055
1970 4057
1971 4056
1972 4057
1973 4057
1974 4059
1975 4060
1976 4057
1977 4060
1978 4055
1979 4055
1980 4052
1981 4054
1982 4057
1983 4053
1984 4057
1985 4056
1986 4055
1987 4057
1988 4057
1989 4058
1990 4054
1991 4058
1992 4054
1993 4055
1994 4060
1995 4057
1996 4054
1997 4058
1998 4055
1999 4060
2000 4054
2001 4064
2002 4055
2003 4061
2004 4056
2005 4057
2006 4058
2007 4058
2008 4054
2009 4055
2010 4053
2011 4055
2012 4054
2013 4055
2014 4055
2015 4058
2016 4056
2017 4053
2018 4052
2019 4055
2020 4056
2021 4053
2022 4057
2023 4056
2024 4055
2025 4057
2026 4056
2027 4060
2028 4057
2029 4052
2030 4056
2031 4060
2032 4055
2033 4059
2034 4060
2035 4057
2036 4054
2037 4052
2038 4053
2039 4054
2040 4055
2041 4058
2042 4056
2043 4054
2044 4058
2045 4053
2046 4055
2047 4057
2048 4055
2049 4057
2050 4055
2051 4061
2052 4055
2053 4058
2054 4056
2055 4058
2056 4056
2057 4057
2058 4057
2059 4056
2060 4054
2061 4058
2062 4055
2063 4057
2064 4055
2065 4056
2066 4054
2067 4057
2068 4055
2069 4057
2070 4054
2071 4060
2072 4058
2073 4057
2074 4056
2075 4056
2076 4052
2077 4056
2078 4060
2079 4057
2080 4057
2081 4060
2082 4054
2083 4053
2084 4058
2085 4057
2086 4057
2087 4056
2088 4053
2089 4056
2090 4056
2091 4060
2092 4057
2093 4054
2094 4056
2095 4055
2096 4054
2097 4057
2098 4053
2099 4060
2100 4057
2101 4060
2102 4053
2103 4057
2104 4059
2105 4060
2106 4055
2107 4057
2108 4054
2109 4054
2110 4054
2111 4055
2112 4052
2113 4056
2114 4064
2115 4055
2116 4056
2117 4057
2118 4055
2119 4055
2120 4055
2121 4055
2122 4053
2123 4055
2124 4056
2125 4056
2126 4054
2127 4055
2128 4057
2129 4060
2130 4055
2131 4058
2132 4055
2133 4055
2134 4055
2135 4057
2136 4055
2137 4053
2138 4059
2139 4059
2140 4058
2141 4057
2142 4058
2143 4058
2144 4058
2145 4057
2146 4055
2147 4054
2148 4055
2149 4055
2150 4057
2151 4057
2152 4053
2153 4057
2154 4057
2155 4056
2156 4057
2157 4058
2158 4057
2159 4058
2160 4057
2161 4053
2162 4058
2163 4057
2164 4057
2165 4057
2166 4052
2167 4056
2168 4058
2169 4055
2170 4053
2171 4058
2172 4052
2173 4053
2174 4053
2175 4054
2176 4052
2177 4057
2178 4054
2179 4056
2180 4057
2181 4055
2182 4054
2183 4056
2184 4057
2185 4058
2186 4060
2187 4057
2188 4057
2189 4057
2190 4053
2191 4057
2192 4052
2193 4052
2194 4055
2195 4056
2196 4057
2197 4060
2198 4059
2199 4055
2200 4054
2201 4061
2202 4053
2203 4055
2204 4055
2205 4055
2206 4057
2207 4056
2208 4055
2209 4053
2210 4056
2211 4056
2212 4055
2213 4057
2214 4056
2215 4057
2216 4057
2217 4058
2218 4057
2219 4057
2220 4056
2221 4058
2222 4061
2223 4058
2224 4058
2225 4057
2226 4057
2227 4059
2228 4051
2229 4055
2230 4053
2231 4055
2232 4057
2233 4058
2234 4052
2235 4058
2236 4055
2237 4052
2238 4053
2239 4054
2240 4055
2241 4057
2242 4057
2243 4057
2244 4057
2245 4057
2246 4052
2247 4058
2248 4054
2249 4057
2250 4054
2251 4062
2252 4052
2253 4054
2254 4056
2255 4054
2256 4054
2257 4063
2258 4056
2259 4061
2260 4057
2261 4055
2262 4056
2263 4058
2264 4061
2265 4058
2266 4057
2267 4060
2268 4055
2269 4053
2270 4055
2271 4054
2272 4054
2273 4055
2274 4056
2275 4055
2276 4056
2277 4056
2278 4058
2279 4053
2280 4052
2281 4054
2282 4055
2283 4058
2284 4058
2285 4056
2286 4056
2287 4054
2288 4052
2289 4060
2290 4055
2291 4058
2292 4057
2293 4057
2294 4056
2295 4058
2296 4054
2297 4057
2298 4057
2299 4056
2300 4057
2301 4060
2302 4053
2303 4055
2304 4057
2305 4055
2306 4056
2307 4053
2308 4054
2309 4054
2310 4053
2311 4058
2312 4057
2313 4057
2314 4060
2315 4057
2316 4055
2317 4057
2318 4060
2319 4060
2320 4058
2321 4053
2322 4058
2323 4057
2324 4059
2325 4054
2326 4053
2327 4057
2328 4053
2329 4052
2330 4055
2331 4057
2332 4053
2333 4057
2334 4058
2335 4054
2336 4055
2337 4057
2338 4060
2339 4056
2340 4053
2341 4057
2342 4057
2343 4057
2344 4056
2345 4058
2346 4056
2347 4058
2348 4057
2349 4059
2350 4057
2351 4064
2352 4055
2353 4057
2354 4053
2355 4056
2356 4055
2357 4054
2358 4053
2359 4053
2360 4054
2361 4057
2362 4054
2363 4056
2364 4054
2365 4055
2366 4053
2367 4056
2368 4054
2369 4060
2370 4053
2371 4053
2372 4054
2373 4058
2374 4057
2375 4060
2376 4055
2377 4056
2378 4057
2379 4058
2380 4056
2381 4055
2382 4057
2383 4057
2384 4056
2385 4057
2386 4052
2387 4058
2388 4053
2389 4056
2390 4054
2391 4054
2392 4055
2393 4056
2394 4057
2395 4056
2396 4055
2397 4060
2398 4059
2399 4055
2400 4055
2401 4062
2402 4053
2403 4055
2404 4054
2405 4053
2406 4053
2407 4054
2408 4052
2409 4056
2410 4049
2411 4055
2412 4055
2413 4054
2414 4055
2415 4055
2416 4055
2417 4055
2418 4055
2419 4054
2420 4052
2421 4057
2422 4053
2423 4054
2424 4054
2425 4057
2426 4052
2427 4058
2428 4055
2429 4050
2430 4054
2431 4056
2432 4056
2433 4056
2434 4056
2435 4056
2436 4055
2437 4060
2438 4058
2439 4058
2440 4054
2441 4056
2442 4055
2443 4057
2444 4058
2445 4055
2446 4053
2447 4057
2448 4056
2449 4054
2450 4057
2451 4058
2452 4047
2453 4057
2454 4054
2455 4058
2456 4054
2457 4055
2458 4056
2459 4054
2460 4056
2461 4054
2462 4054
2463 4058
2464 4056
2465 4058
2466 4055
2467 4056
2468 4052
2469 4058
2470 4054
2471 4057
2472 4052
2473 4055
2474 4054
2475 4053
2476 4053
2477 4056
2478 4056
2479 4058
2480 4055
2481 4059
2482 4052
2483 4055
2484 4055
2485 4057
2486 4054
2487 4055
2488 4054
2489 4056
2490 4053
2491 4060
2492 4057
2493 4053
2494 4053
2495 4052
2496 4054
2497 4054
2498 4057
2499 4057
2500 4057
2501 4061
2502 4052
2503 4054
2504 4052
2505 4054
2506 4054
2507 4057
2508 4056
2509 4053
2510 4057
2511 4055
2512 4054
2513 4057
2514 4059
2515 4058
2516 4061
2517 4054
2518 4053
2519 4057
2520 4055
2521 4053
2522 4055
2523 4057
2524 4055
2525 4055
2526 4055
2527 4053
2528 4055
2529 4056
2530 4053
2531 4055
2532 4055
2533 4054
2534 4056
2535 4056
2536 4054
2537 4053
2538 4053
2539 4055
2540 4052
2541 4054
2542 4052
2543 4055
2544 4053
2545 4055
2546 4050
2547 4050
2548 4054
2549 4054
2550 4049
2551 4061
2552 4054
2553 4057
2554 4057
2555 4058
2556 4054
2557 4053
2558 4054
2559 4052
2560 4054
2561 4054
2562 4053
2563 4054
2564 4052
2565 4057
2566 4056
2567 4054
2568 4052
2569 4055
2570 4053
2571 4052
2572 4054
2573 4053
2574 4055
2575 4053
2576 4053
2577 4055
2578 4050
2579 4054
2580 4050
2581 4051
2582 4053
2583 4053
2584 4047
2585 4047
2586 4049
2587 4049
2588 4054
2589 4054
2590 4050
2591 4054
2592 4052
2593 4052
2594 4052
2595 4052
2596 4052
2597 4052
2598 4049
2599 4052
2600 4047
2601 4055
2602 4047
2603 4053
2604 4053
2605 4052
2606 4049
2607 4054
2608 4053
2609 4053
2610 4050
2611 4052
2612 4050
2613 4053
2614 4052
2615 4049
2616 4050
2617 4054
2618 4051
2619 4053
2620 4047
2621 4053
2622 4053
2623 4054
2624 4050
2625 4052
2626 4046
2627 4045
2628 4049
2629 4047
2630 4047
2631 4052
2632 4052
2633 4052
2634 4047
2635 4049
2636 4050
2637 4051
2638 4052
2639 4050
2640 4052
2641 4053
2642 4049
2643 4049
2644 4052
2645 4050
2646 4049
2647 4047
2648 4047
2649 4047
2650 4049
2651 4049
2652 4045
2653 4052
2654 4050
2655 4046
2656 4049
2657 4050
2658 4049
2659 4052
2660 4053
2661 4052
2662 4049
2663 4052
2664 4049
2665 4049
2666 4047
2667 4046
2668 4047
2669 4047
2670 4046
2671 4047
2672 4047
2673 4050
2674 4047
2675 4052
2676 4047
2677 4052
2678 4047
2679 4051
2680 4047
2681 4049
2682 4047
2683 4047
2684 4047
2685 4047
2686 4053
2687 4050
2688 4047
2689 4047
2690 4049
2691 4052
2692 4047
2693 4046
2694 4045
2695 4050
2696 4049
2697 4050
2698 4047
2699 4047
2700 4047
2701 4051
2702 4046
2703 4047
2704 4051
2705 4051
2706 4047
2707 4047
2708 4046
2709 4045
2710 4045
2711 4049
2712 4047
2713 4047
2714 4050
2715 4050
2716 4045
2717 4041
2718 4047
2719 4047
2720 4044
2721 4044
2722 4041
2723 4047
2724 4044
2725 4044
2726 4049
2727 4047
2728 4047
2729 4047
2730 4044
2731 4044
2732 4044
2733 4043
2734 4042
2735 4041
2736 4040
2737 4044
2738 4042
2739 4046
2740 4043
2741 4042
2742 4042
2743 4040
2744 4041
2745 4039
2746 4039
2747 4042
2748 4042
2749 4039
2750 4045
2751 4045
2752 4038
2753 4036
2754 4037
2755 4039
2756 4036
2757 4039
2758 4043
2759 4039
2760 4038
2761 4040
2762 4039
2763 4039
2764 4039
2765 4037
2766 4040
2767 4036
2768 4035
2769 4035
2770 4040
2771 4037
2772 4031
2773 4042
2774 4031
2775 4038
2776 4040
2777 4037
2778 4037
2779 4031
2780 4031
2781 4031
2782 4031
2783 4030
2784 4031
2785 4031
2786 4030
2787 4031
2788 4031
2789 4030
2790 4025
2791 4030
2792 4031
2793 4029
2794 4027
2795 4028
2796 4025
2797 4025
2798 4023
2799 4018
2800 4020
2801 4023
2802 4012
2803 4022
2804 4015
2805 4018
2806 4014
2807 4013
2808 4013
2809 4010
2810 4010
2811 4007
2812 4009
2813 4008
2814 4011
2815 4006
2816 4013
2817 4006
2818 4002
2819 4000
2820 3991
2821 3998
2822 3996
2823 3996
2824 3991
2825 3988
2826 3983
2827 3983
2828 3978
2829 3981
2830 3974
2831 3977
2832 3969
2833 3967
2834 3961
2835 3960
2836 3944
2837 3943
2838 3936
2839 3932
2840 3910
2841 3897
2842 3879
2843 3869
2844 3842
2845 3831
2846 3822
2847 3803
2848 3709
2849 3629
2850 3338
2851 2935
2852 2756
2853 3058
2854 2628
2855 1770
2856 1680
2857 1644
2858 1621
2859 1609
2860 1597
2861 1590
2862 1585
2863 1579
2864 1580
2865 1575
2866 1574
2867 1570
2868 1568
2869 1568
2870 1566
2871 1562
2872 1563
2873 1560
2874 1560
2875 1559
2876 1559
2877 1560
2878 1559
2879 1557
2880 1554
2881 1553
2882 1555
2883 1552
2884 1553
2885 1551
2886 1552
2887 1551
2888 1552
2889 1551
2890 1553
2891 1552
2892 1552
2893 1550
2894 1552
2895 1548
2896 1548
2897 1547
2898 1549
2899 1546
2900 1549
2901 1550
2902 1549
2903 1547
2904 1549
2905 1547
2906 1546
2907 1544
2908 1545
2909 1543
2910 1544
2911 1542
2912 1543
2913 1543
2914 1545
2915 1543
2916 1545
2917 1543
2918 1544
2919 1542
2920 1545
2921 1543
2922 1544
2923 1542
2924 1543
2925 1544
2926 1545
2927 1543
2928 1541
2929 1540
2930 1541
2931 1540
2932 1541
2933 1541
2934 1542
2935 1541
2936 1544
2937 1542
2938 1542
2939 1541
2940 1541
2941 1540
2942 1542
2943 1541
2944 1541
2945 1538
2946 1539
2947 1537
2948 1538
2949 1536
2950 1539
2951 1537
2952 1540
2953 1539
2954 1540
2955 1540
2956 1540
2957 1538
2958 1540
2959 1537
2960 1538
2961 1535
2962 1536
2963 1537
2964 1539
2965 1538
2966 1540
2967 1539
2968 1540
2969 1537
2970 1537
2971 1537
2972 1539
2973 1535
2974 1536
2975 1534
2976 1536
2977 1534
2978 1536
2979 1537
2980 1537
2981 1536
2982 1537
2983 1535
2984 1537
2985 1538
2986 1536
2987 1535
2988 1536
2989 2420
2990 3703
2991 3988
2992 3969
2993 3980
2994 3991
2995 3996
2996 3996
2997 4001
2998 4002
2999 4009
3000 4013
3001 4015
3002 4010
3003 4020
3004 4017
3005 4021
3006 4022
3007 4023
3008 4022
3009 4027
3010 4028
3011 4027
3012 4031
3013 4031
3014 4031
3015 4031
3016 4031
3017 4028
3018 4037
3019 4031
3020 4039
3021 4037
3022 4036
3023 4036
3024 4036
3025 4038
3026 4031
3027 4037
3028 4037
3029 4039
3030 4040
3031 4041
3032 4041
3033 4041
3034 4041
3035 4039
3036 4042
3037 4041
3038 4039
3039 4044
3040 4038
3041 4042
3042 4044
3043 4039
3044 4042
3045 4045
3046 4043
3047 4044
3048 4040
3049 4046
3050 4044
3051 4051
3052 4044
3053 4042
3054 4045
3055 4045
3056 4041
3057 4047
3058 4045
3059 4046
3060 4044
3061 4045
3062 4047
3063 4045
3064 4051
3065 4047
3066 4046
3067 4047
3068 4047
3069 4047
3070 4047
3071 4047
3072 4047
3073 4046
3074 4046
3075 4047
3076 4045
3077 4049
3078 4045
3079 4049
3080 4045
3081 4049
3082 4052
3083 4051
3084 4053
3085 4052
3086 4049
3087 4047
3088 4047
3089 4047
3090 4049
3091 4050
3092 4046
3093 4050
3094 4050
3095 4050
3096 4052
3097 4053
3098 4050
3099 4049
3100 4050
3101 4057
3102 4046
3103 4050
3104 4047
3105 4049
3106 4047
3107 4051
3108 4052
3109 4050
3110 4051
3111 4047
3112 4051
3113 4052
3114 4053
3115 4054
3116 4049
3117 4050
3118 4049
3119 4047
3120 4053
3121 4051
3122 4049
3123 4047
3124 4047
3125 4052
3126 4047
3127 4054
3128 4054
3129 4055
3130 4053
3131 4055
3132 4053
3133 4049
3134 4050
3135 4052
3136 4050
3137 4047
3138 4049
3139 4055
3140 4050
3141 4050
3142 4050
3143 4053
3144 4052
3145 4049
3146 4052
3147 4052
3148 4053
3149 4052
3150 4053
3151 4057
3152 4045
3153 4053
3154 4054
3155 4052
3156 4052
3157 4050
3158 4052
3159 4052
3160 4053
3161 4053
3162 4053
3163 4052
3164 4053
3165 4052
3166 4053
3167 4054
3168 4052
3169 4052
3170 4053
3171 4053
3172 4053
3173 4054
3174 4047
3175 4049
3176 4054
3177 4058
3178 4054
3179 4053
3180 4052
3181 4055
3182 4052
3183 4054
3184 4047
3185 4052
3186 4050
3187 4049
3188 4052
3189 4055
3190 4054
3191 4055
3192 4055
3193 4054
3194 4050
3195 4055
3196 4053
3197 4055
3198 4055
3199 4050
3200 4052
3201 4056
3202 4050
3203 4055
3204 4052
3205 4051
3206 4052
3207 4052
3208 4055
3209 4054
3210 4052
3211 4052
3212 4053
3213 4053
3214 4053
3215 4054
3216 4050
3217 4053
3218 4052
3219 4057
3220 4052
3221 4058
3222 4052
3223 4053
3224 4055
3225 4052
3226 4055
3227 4052
3228 4055
3229 4047
3230 4055
3231 4054
3232 4053
3233 4055
3234 4052
3235 4053
3236 4053
3237 4052
3238 4053
3239 4053
3240 4050
3241 4054
3242 4054
3243 4053
3244 4052
3245 4054
3246 4052
3247 4052
3248 4053
3249 4051
3250 4056
3251 4056
3252 4051
3253 4054
3254 4054
3255 4054
3256 4055
3257 4053
3258 4052
3259 4054
3260 4049
3261 4054
3262 4051
3263 4052
3264 4054
3265 4052
3266 4054
3267 4056
3268 4049
3269 4053
3270 4055
3271 4055
3272 4055
3273 4059
3274 4055
3275 4057
3276 4047
3277 4056
3278 4055
3279 4052
3280 4054
3281 4052
3282 4052
3283 4056
3284 4057
3285 4057
3286 4054
3287 4052
3288 4054
3289 4055
3290 4052
3291 4055
3292 4053
3293 4055
3294 4054
3295 4055
3296 4051
3297 4050
3298 4056
3299 4053
3300 4053
3301 4057
3302 4049
3303 4051
3304 4056
3305 4057
3306 4052
3307 4056
3308 4057
3309 4052
3310 4055
3311 4058
3312 4053
3313 4053
3314 4054
3315 4052
3316 4055
3317 4052
3318 4060
3319 4057
3320 4052
3321 4057
3322 4054
3323 4053
3324 4055
3325 4053
3326 4053
3327 4052
3328 4055
3329 4055
3330 4055
3331 4055
3332 4055
3333 4054
3334 4055
3335 4055
3336 4055
3337 4055
3338 4056
3339 4059
3340 4053
3341 4059
3342 4053
3343 4054
3344 4052
3345 4055
3346 4053
3347 4053
3348 4055
3349 4058
3350 4055
3351 4056
3352 4052
3353 4053
3354 4056
3355 4052
3356 4054
3357 4056
3358 4054
3359 4055
3360 4057
3361 4052
3362 4052
3363 4055
3364 4057
3365 4057
3366 4056
3367 4052
3368 4056
3369 4055
3370 4058
3371 4055
3372 4056
3373 4053
3374 4055
3375 4054
3376 4053
3377 4056
3378 4053
3379 4054
3380 4057
3381 4055
3382 4052
3383 4055
3384 4054
3385 4057
3386 4056
3387 4053
3388 4049
3389 4054
3390 4053
3391 4053
3392 4055
3393 4057
3394 4056
3395 4057
3396 4053
3397 4053
3398 4053
3399 4055
3400 4057
3401 4056
3402 4053
3403 4058
3404 4055
3405 4059
3406 4050
3407 4054
3408 4052
3409 4052
3410 4052
3411 4056
3412 4053
3413 4058
3414 4059
3415 4056
3416 4053
3417 4052
3418 4055
3419 4055
3420 4054
3421 4056
3422 4052
3423 4054
3424 4051
3425 4055
3426 4055
3427 4053
3428 4052
3429 4057
3430 4049
3431 4055
3432 4055
3433 4055
3434 4053
3435 4056
3436 4055
3437 4055
3438 4053
3439 4057
3440 4056
3441 4055
3442 4054
3443 4053
3444 4054
3445 4054
3446 4050
3447 4053
3448 4054
3449 4055
3450 4052
3451 4060
3452 4050
3453 4050
3454 4051
3455 4050
3456 4050
3457 4054
3458 4049
3459 4051
3460 4055
3461 4050
3462 4053
3463 4053
3464 4053
3465 4054
3466 4055
3467 4055
3468 4055
3469 4054
3470 4055
3471 4055
3472 4055
3473 4054
3474 4054
3475 4054
3476 4057
3477 4054
3478 4053
3479 4053
3480 4054
3481 4054
3482 4054
3483 4054
3484 4055
3485 4055
3486 4052
3487 4053
3488 4052
3489 4056
3490 4051
3491 4054
3492 4052
3493 4055
3494 4053
3495 4055
3496 4058
3497 4055
3498 4054
3499 4058
3500 4055
3501 4060
3502 4051
3503 4053
3504 4052
3505 4056
3506 4055
3507 4056
3508 4055
3509 4057
3510 4057
3511 4058
3512 4056
3513 4056
3514 4054
3515 4056
3516 4058
3517 4054
3518 4053
3519 4050
3520 4055
3521 4052
3522 4054
3523 4052
3524 4054
3525 4055
3526 4057
3527 4056
3528 4057
3529 4053
3530 4055
3531 4057
3532 4055
3533 4053
3534 4053
3535 4053
3536 4053
3537 4052
3538 4053
3539 4059
3540 4052
3541 4058
3542 4056
3543 4056
3544 4057
3545 4056
3546 4054
3547 4056
3548 4053
3549 4057
3550 4050
3551 4060
3552 4053
3553 4054
3554 4054
3555 4055
3556 4057
3557 4056
3558 4058
3559 4056
3560 4053
3561 4057
3562 4055
3563 4054
3564 4060
3565 4055
3566 4055
3567 4056
3568 4055
3569 4054
3570 4055
3571 4055
3572 4052
3573 4055
3574 4055
3575 4057
3576 4055
3577 4060
3578 4054
3579 4058
3580 4055
3581 4052
3582 4057
3583 4057
3584 4053
3585 4055
3586 4055
3587 4057
3588 4054
3589 4058
3590 4051
3591 4054
3592 4056
3593 4055
3594 4056
3595 4057
3596 4053
3597 4057
3598 4055
3599 4055
3600 4053
3601 4057
3602 4055
3603 4052
3604 4055
3605 4055
3606 4055
3607 4055
3608 4055
3609 4054
3610 4052
3611 4055
3612 4055
3613 4056
3614 4053
3615 4057
3616 4057
3617 4061
3618 4056
3619 4056
3620 4054
3621 4055
3622 4054
3623 4056
3624 4055
3625 4056
3626 4055
3627 4059
3628 4053
3629 4055
3630 4055
3631 4058
3632 4055
3633 4055
3634 4056
3635 4052
3636 4052
3637 4053
3638 4057
3639 4052
3640 4055
3641 4058
3642 4057
3643 4060
3644 4057
3645 4058
3646 4055
3647 4058
3648 4055
3649 4055
3650 4055
3651 4055
3652 4052
3653 4055
3654 4054
3655 4054
3656 4054
3657 4060
3658 4055
3659 4058
3660 4055
3661 4055
3662 4056
3663 4055
3664 4060
3665 4056
3666 4057
3667 4055
3668 4057
3669 4053
3670 4055
3671 4055
3672 4055
3673 4057
3674 4055
3675 4057
3676 4055
3677 4053
3678 4057
3679 4057
3680 4055
3681 4059
3682 4058
3683 4054
3684 4058
3685 4057
3686 4055
3687 4057
3688 4057
3689 4057
3690 4054
3691 4057
3692 4056
3693 4055
3694 4054
