#Data from the TCD1304 linear CCD
#column 1 = pixelnumber , column 2 = pixelvalue
#Pixel 1-32 and 3679-3694 and are dummy pixels
#SH-period: 200    ICG-period: 100000    Integration time: 100.0 us
2 4031
3 4031
4 4052
5 4050
6 4047
7 4052
8 4052
9 4052
10 4053
11 4047
12 4049
13 4052
14 4049
15 4050
16 4049
17 4052
18 4049
19 4047
20 4052
21 4051
22 4053
23 4049
24 4049
25 4052
26 4047
27 4052
28 4047
29 4052
30 4052
31 4052
32 4046
34 4052
35 4053
36 4053
37 4049
38 4050
39 4052
40 4047
41 4052
42 4049
43 4052
44 4047
45 4052
46 4049
47 4047
48 4053
49 4054
50 4047
51 4054
52 4047
53 4050
54 4052
55 4050
56 4049
57 4052
58 4053
59 4051
60 4050
61 4050
62 4047
63 4055
64 4050
65 4052
66 4052
67 4047
68 4052
69 4050
70 4047
71 4050
72 4047
73 4050
74 4050
75 4053
76 4047
77 4052
78 4052
79 4050
80 4050
81 4049
82 4053
83 4047
84 4047
85 4053
86 4050
87 4052
88 4050
89 4047
90 4047
91 4047
92 4050
93 4052
94 4047
95 4051
96 4047
97 4055
98 4052
99 4052
100 4052
101 4056
102 4044
103 4052
104 4053
105 4053
106 4050
107 4049
108 4049
109 4047
110 4050
111 4052
112 4051
113 4053
114 4047
115 4050
116 4049
117 4047
118 4051
119 4051
120 4050
121 4051
122 4047
123 4049
124 4058
125 4052
126 4053
127 4050
128 4049
129 4053
130 4050
131 4050
132 4047
133 4052
134 4050
135 4049
136 4047
137 4047
138 4052
139 4050
140 4051
141 4052
142 4049
143 4053
144 4051
145 4052
146 4050
147 4046
148 4052
149 4052
150 4053
151 4053
152 4050
153 4052
154 4052
155 4052
156 4050
157 4050
158 4049
159 4047
160 4050
161 4053
162 4052
163 4051
164 4050
165 4047
166 4050
167 4051
168 4052
169 4050
170 4050
171 4047
172 4049
173 4054
174 4049
175 4052
176 4052
177 4052
178 4050
179 4050
180 4052
181 4053
182 4051
183 4047
184 4050
185 4051
186 4052
187 4047
188 4051
189 4054
190 4049
191 4052
192 4049
193 4053
194 4050
195 4052
196 4047
197 4052
198 4050
199 4050
200 4049
201 4056
202 4047
203 4050
204 4049
205 4050
206 4055
207 4051
208 4049
209 4052
210 4051
211 4047
212 4050
213 4053
214 4047
215 4052
216 4052
217 4052
218 4046
219 4050
220 4053
221 4052
222 4049
223 4050
224 4052
225 4053
226 4047
227 4050
228 4050
229 4052
230 4051
231 4052
232 4047
233 4047
234 4049
235 4050
236 4050
237 4052
238 4050
239 4051
240 4047
241 4053
242 4050
243 4050
244 4047
245 4053
246 4051
247 4047
248 4052
249 4049
250 4052
251 4057
252 4045
253 4052
254 4051
255 4047
256 4047
257 4052
258 4047
259 4050
260 4046
261 4050
262 4045
263 4050
264 4051
265 4052
266 4050
267 4052
268 4047
269 4050
270 4050
271 4051
272 4049
273 4047
274 4047
275 4052
276 4052
277 4052
278 4050
279 4050
280 4052
281 4052
282 4050
283 4050
284 4050
285 4052
286 4050
287 4049
288 4050
289 4052
290 4052
291 4051
292 4050
293 4050
294 4049
295 4047
296 4052
297 4052
298 4049
299 4053
300 4049
301 4055
302 4049
303 4053
304 4050
305 4052
306 4050
307 4050
308 4052
309 4052
310 4047
311 4051
312 4050
313 4049
314 4050
315 4047
316 4047
317 4047
318 4051
319 4047
320 4052
321 4052
322 4049
323 4050
324 4050
325 4052
326 4047
327 4052
328 4047
329 4052
330 4047
331 4047
332 4052
333 4049
334 4049
335 4047
336 4047
337 4047
338 4047
339 4047
340 4046
341 4049
342 4052
343 4049
344 4047
345 4047
346 4049
347 4047
348 4047
349 4047
350 4052
351 4053
352 4047
353 4052
354 4050
355 4052
356 4047
357 4047
358 4047
359 4049
360 4047
361 4049
362 4047
363 4047
364 4051
365 4052
366 4050
367 4050
368 4045
369 4050
370 4052
371 4046
372 4052
373 4050
374 4049
375 4052
376 4051
377 4045
378 4052
379 4047
380 4049
381 4052
382 4052
383 4052
384 4047
385 4049
386 4052
387 4050
388 4052
389 4048
390 4047
391 4049
392 4049
393 4049
394 4047
395 4047
396 4049
397 4050
398 4050
399 4047
400 4050
401 4052
402 4047
403 4047
404 4050
405 4051
406 4052
407 4047
408 4051
409 4047
410 4050
411 4052
412 4047
413 4050
414 4046
415 4051
416 4052
417 4049
418 4047
419 4050
420 4049
421 4053
422 4051
423 4049
424 4049
425 4051
426 4050
427 4049
428 4052
429 4050
430 4051
431 4052
432 4049
433 4053
434 4049
435 4050
436 4052
437 4051
438 4052
439 4047
440 4049
441 4051
442 4051
443 4049
444 4047
445 4050
446 4049
447 4051
448 4050
449 4047
450 4052
451 4055
452 4047
453 4049
454 4049
455 4051
456 4047
457 4050
458 4052
459 4052
460 4052
461 4052
462 4050
463 4051
464 4047
465 4053
466 4053
467 4047
468 4051
469 4052
470 4050
471 4049
472 4052
473 4052
474 4050
475 4053
476 4049
477 4049
478 4049
479 4053
480 4047
481 4047
482 4049
483 4050
484 4050
485 4052
486 4052
487 4050
488 4047
489 4049
490 4050
491 4049
492 4050
493 4050
494 4052
495 4052
496 4051
497 4050
498 4049
499 4052
500 4052
501 4055
502 4046
503 4047
504 4050
505 4049
506 4047
507 4052
508 4051
509 4050
510 4047
511 4050
512 4047
513 4052
514 4047
515 4052
516 4046
517 4047
518 4050
519 4052
520 4047
521 4050
522 4049
523 4052
524 4047
525 4050
526 4044
527 4054
528 4051
529 4052
530 4050
531 4052
532 4049
533 4047
534 4047
535 4047
536 4052
537 4047
538 4049
539 4052
540 4047
541 4052
542 4051
543 4052
544 4046
545 4053
546 4052
547 4049
548 4052
549 4051
550 4051
551 4055
552 4047
553 4052
554 4050
555 4052
556 4051
557 4052
558 4050
559 4052
560 4047
561 4051
562 4047
563 4052
564 4049
565 4047
566 4052
567 4052
568 4052
569 4052
570 4052
571 4052
572 4047
573 4050
574 4047
575 4053
576 4047
577 4051
578 4050
579 4047
580 4050
581 4049
582 4051
583 4050
584 4050
585 4052
586 4053
587 4046
588 4052
589 4049
590 4052
591 4051
592 4047
593 4050
594 4051
595 4050
596 4049
597 4051
598 4051
599 4047
600 4047
601 4055
602 4049
603 4045
604 4052
605 4051
606 4052
607 4051
608 4052
609 4052
610 4049
611 4050
612 4051
613 4052
614 4049
615 4050
616 4049
617 4052
618 4049
619 4047
620 4050
621 4050
622 4047
623 4047
624 4049
625 4050
626 4052
627 4052
628 4052
629 4049
630 4053
631 4052
632 4051
633 4052
634 4052
635 4050
636 4049
637 4052
638 4047
639 4047
640 4050
641 4052
642 4050
643 4047
644 4047
645 4051
646 4047
647 4049
648 4052
649 4052
650 4052
651 4058
652 4045
653 4052
654 4050
655 4047
656 4050
657 4050
658 4051
659 4053
660 4051
661 4047
662 4050
663 4050
664 4047
665 4047
666 4050
667 4049
668 4052
669 4052
670 4052
671 4052
672 4050
673 4050
674 4051
675 4052
676 4047
677 4052
678 4050
679 4052
680 4052
681 4047
682 4053
683 4049
684 4050
685 4050
686 4050
687 4047
688 4052
689 4050
690 4051
691 4050
692 4047
693 4052
694 4052
695 4047
696 4052
697 4051
698 4047
699 4053
700 4047
701 4054
702 4047
703 4049
704 4051
705 4052
706 4051
707 4052
708 4050
709 4050
710 4052
711 4050
712 4052
713 4052
714 4052
715 4052
716 4047
717 4047
718 4052
719 4050
720 4050
721 4049
722 4047
723 4047
724 4051
725 4052
726 4047
727 4052
728 4047
729 4052
730 4047
731 4052
732 4051
733 4052
734 4049
735 4052
736 4052
737 4047
738 4050
739 4053
740 4050
741 4052
742 4051
743 4047
744 4049
745 4052
746 4047
747 4051
748 4051
749 4053
750 4052
751 4057
752 4047
753 4047
754 4052
755 4052
756 4052
757 4052
758 4052
759 4052
760 4052
761 4050
762 4052
763 4052
764 4052
765 4050
766 4052
767 4052
768 4049
769 4051
770 4054
771 4052
772 4050
773 4051
774 4052
775 4053
776 4047
777 4049
778 4049
779 4052
780 4052
781 4052
782 4052
783 4049
784 4051
785 4047
786 4047
787 4052
788 4052
789 4053
790 4052
791 4050
792 4051
793 4054
794 4052
795 4052
796 4050
797 4052
798 4049
799 4050
800 4053
801 4053
802 4047
803 4052
804 4052
805 4047
806 4050
807 4047
808 4052
809 4053
810 4051
811 4052
812 4049
813 4052
814 4054
815 4052
816 4047
817 4050
818 4053
819 4047
820 4050
821 4047
822 4053
823 4049
824 4052
825 4053
826 4047
827 4054
828 4049
829 4049
830 4053
831 4047
832 4047
833 4051
834 4052
835 4052
836 4052
837 4047
838 4052
839 4053
840 4052
841 4051
842 4052
843 4053
844 4046
845 4053
846 4049
847 4053
848 4050
849 4047
850 4052
851 4057
852 4051
853 4053
854 4050
855 4052
856 4050
857 4053
858 4049
859 4052
860 4050
861 4050
862 4047
863 4049
864 4052
865 4052
866 4053
867 4052
868 4049
869 4050
870 4051
871 4049
872 4053
873 4050
874 4047
875 4047
876 4047
877 4050
878 4055
879 4053
880 4050
881 4050
882 4051
883 4052
884 4050
885 4050
886 4047
887 4052
888 4050
889 4052
890 4052
891 4052
892 4053
893 4053
894 4047
895 4050
896 4050
897 4045
898 4052
899 4047
900 4049
901 4054
902 4047
903 4050
904 4047
905 4050
906 4047
907 4052
908 4052
909 4050
910 4050
911 4050
912 4050
913 4054
914 4051
915 4047
916 4049
917 4053
918 4050
919 4050
920 4052
921 4049
922 4051
923 4052
924 4052
925 4052
926 4052
927 4051
928 4049
929 4052
930 4050
931 4052
932 4047
933 4052
934 4051
935 4047
936 4053
937 4053
938 4052
939 4052
940 4051
941 4049
942 4047
943 4053
944 4052
945 4052
946 4050
947 4052
948 4052
949 4053
950 4052
951 4057
952 4049
953 4051
954 4049
955 4052
956 4047
957 4047
958 4051
959 4049
960 4052
961 4050
962 4052
963 4054
964 4052
965 4050
966 4050
967 4052
968 4049
969 4052
970 4052
971 4050
972 4051
973 4054
974 4047
975 4053
976 4049
977 4050
978 4051
979 4050
980 4052
981 4047
982 4051
983 4054
984 4047
985 4049
986 4049
987 4053
988 4050
989 4050
990 4047
991 4050
992 4047
993 4051
994 4049
995 4052
996 4050
997 4051
998 4052
999 4051
1000 4052
1001 4056
1002 4045
1003 4052
1004 4052
1005 4055
1006 4050
1007 4052
1008 4052
1009 4052
1010 4050
1011 4047
1012 4050
1013 4054
1014 4051
1015 4052
1016 4049
1017 4053
1018 4052
1019 4050
1020 4050
1021 4049
1022 4052
1023 4050
1024 4047
1025 4052
1026 4051
1027 4050
1028 4050
1029 4050
1030 4047
1031 4050
1032 4050
1033 4052
1034 4049
1035 4047
1036 4051
1037 4052
1038 4047
1039 4050
1040 4053
1041 4047
1042 4050
1043 4050
1044 4052
1045 4050
1046 4050
1047 4050
1048 4049
1049 4052
1050 4051
1051 4054
1052 4050
1053 4052
1054 4050
1055 4052
1056 4052
1057 4050
1058 4050
1059 4052
1060 4053
1061 4052
1062 4047
1063 4052
1064 4050
1065 4052
1066 4047
1067 4050
1068 4050
1069 4047
1070 4049
1071 4053
1072 4047
1073 4052
1074 4052
1075 4052
1076 4050
1077 4050
1078 4053
1079 4052
1080 4052
1081 4051
1082 4049
1083 4050
1084 4050
1085 4050
1086 4050
1087 4050
1088 4050
1089 4050
1090 4052
1091 4051
1092 4050
1093 4052
1094 4050
1095 4049
1096 4052
1097 4051
1098 4052
1099 4051
1100 4050
1101 4055
1102 4050
1103 4050
1104 4049
1105 4055
1106 4051
1107 4055
1108 4047
1109 4050
1110 4047
1111 4052
1112 4052
1113 4052
1114 4047
1115 4053
1116 4051
1117 4052
1118 4050
1119 4052
1120 4047
1121 4049
1122 4049
1123 4052
1124 4050
1125 4051
1126 4051
1127 4050
1128 4050
1129 4050
1130 4054
1131 4052
1132 4052
1133 4052
1134 4049
1135 4050
1136 4047
1137 4051
1138 4052
1139 4049
1140 4047
1141 4050
1142 4052
1143 4047
1144 4050
1145 4052
1146 4051
1147 4051
1148 4047
1149 4050
1150 4053
1151 4055
1152 4047
1153 4050
1154 4052
1155 4051
1156 4049
1157 4052
1158 4047
1159 4050
1160 4047
1161 4047
1162 4052
1163 4052
1164 4047
1165 4049
1166 4051
1167 4051
1168 4051
1169 4050
1170 4052
1171 4054
1172 4050
1173 4052
1174 4047
1175 4053
1176 4047
1177 4053
1178 4052
1179 4049
1180 4052
1181 4051
1182 4047
1183 4052
1184 4047
1185 4052
1186 4052
1187 4052
1188 4050
1189 4049
1190 4047
1191 4047
1192 4052
1193 4050
1194 4050
1195 4052
1196 4050
1197 4050
1198 4051
1199 4049
1200 4055
1201 4054
1202 4047
1203 4047
1204 4049
1205 4052
1206 4049
1207 4052
1208 4052
1209 4053
1210 4051
1211 4052
1212 4050
1213 4052
1214 4052
1215 4053
1216 4052
1217 4047
1218 4050
1219 4050
1220 4050
1221 4050
1222 4052
1223 4052
1224 4047
1225 4054
1226 4050
1227 4050
1228 4054
1229 4047
1230 4053
1231 4047
1232 4051
1233 4050
1234 4047
1235 4049
1236 4052
1237 4049
1238 4052
1239 4050
1240 4048
1241 4053
1242 4052
1243 4051
1244 4050
1245 4051
1246 4046
1247 4052
1248 4052
1249 4051
1250 4052
1251 4052
1252 4045
1253 4047
1254 4052
1255 4054
1256 4053
1257 4050
1258 4052
1259 4052
1260 4049
1261 4052
1262 4052
1263 4052
1264 4050
1265 4049
1266 4049
1267 4051
1268 4052
1269 4049
1270 4052
1271 4047
1272 4047
1273 4052
1274 4052
1275 4049
1276 4049
1277 4049
1278 4046
1279 4050
1280 4050
1281 4052
1282 4049
1283 4050
1284 4047
1285 4055
1286 4049
1287 4053
1288 4053
1289 4050
1290 4052
1291 4052
1292 4049
1293 4050
1294 4052
1295 4052
1296 4047
1297 4052
1298 4052
1299 4049
1300 4051
1301 4053
1302 4047
1303 4052
1304 4047
1305 4049
1306 4051
1307 4053
1308 4049
1309 4054
1310 4050
1311 4052
1312 4049
1313 4047
1314 4049
1315 4050
1316 4047
1317 4050
1318 4051
1319 4050
1320 4052
1321 4052
1322 4053
1323 4052
1324 4052
1325 4053
1326 4053
1327 4052
1328 4053
1329 4052
1330 4047
1331 4052
1332 4050
1333 4050
1334 4049
1335 4047
1336 4049
1337 4047
1338 4050
1339 4050
1340 4047
1341 4053
1342 4049
1343 4052
1344 4052
1345 4050
1346 4049
1347 4053
1348 4052
1349 4047
1350 4050
1351 4057
1352 4047
1353 4049
1354 4047
1355 4052
1356 4047
1357 4052
1358 4050
1359 4053
1360 4047
1361 4047
1362 4047
1363 4052
1364 4051
1365 4053
1366 4050
1367 4047
1368 4054
1369 4050
1370 4049
1371 4050
1372 4049
1373 4052
1374 4047
1375 4052
1376 4050
1377 4049
1378 4052
1379 4051
1380 4050
1381 4052
1382 4047
1383 4052
1384 4050
1385 4052
1386 4052
1387 4047
1388 4050
1389 4049
1390 4049
1391 4054
1392 4051
1393 4052
1394 4047
1395 4052
1396 4047
1397 4050
1398 4050
1399 4052
1400 4050
1401 4053
1402 4047
1403 4051
1404 4052
1405 4050
1406 4050
1407 4052
1408 4052
1409 4052
1410 4051
1411 4050
1412 4052
1413 4052
1414 4047
1415 4050
1416 4053
1417 4053
1418 4047
1419 4051
1420 4051
1421 4051
1422 4047
1423 4050
1424 4052
1425 4050
1426 4052
1427 4047
1428 4052
1429 4047
1430 4046
1431 4052
1432 4054
1433 4052
1434 4053
1435 4050
1436 4051
1437 4052
1438 4047
1439 4050
1440 4052
1441 4047
1442 4047
1443 4053
1444 4047
1445 4047
1446 4047
1447 4050
1448 4047
1449 4052
1450 4052
1451 4055
1452 4047
1453 4053
1454 4052
1455 4051
1456 4047
1457 4052
1458 4052
1459 4051
1460 4049
1461 4052
1462 4049
1463 4053
1464 4047
1465 4052
1466 4050
1467 4052
1468 4052
1469 4052
1470 4050
1471 4050
1472 4047
1473 4049
1474 4052
1475 4054
1476 4050
1477 4052
1478 4055
1479 4050
1480 4047
1481 4052
1482 4050
1483 4051
1484 4047
1485 4052
1486 4054
1487 4047
1488 4047
1489 4053
1490 4047
1491 4050
1492 4053
1493 4052
1494 4047
1495 4047
1496 4052
1497 4051
1498 4052
1499 4052
1500 4049
1501 4055
1502 4046
1503 4052
1504 4052
1505 4052
1506 4047
1507 4049
1508 4047
1509 4052
1510 4052
1511 4052
1512 4050
1513 4050
1514 4047
1515 4052
1516 4052
1517 4047
1518 4051
1519 4051
1520 4047
1521 4047
1522 4050
1523 4050
1524 4047
1525 4053
1526 4053
1527 4052
1528 4049
1529 4051
1530 4051
1531 4047
1532 4052
1533 4047
1534 4052
1535 4047
1536 4053
1537 4047
1538 4052
1539 4052
1540 4053
1541 4047
1542 4049
1543 4050
1544 4052
1545 4049
1546 4047
1547 4050
1548 4050
1549 4047
1550 4052
1551 4055
1552 4047
1553 4051
1554 4050
1555 4053
1556 4049
1557 4052
1558 4050
1559 4052
1560 4047
1561 4047
1562 4050
1563 4050
1564 4047
1565 4052
1566 4047
1567 4052
1568 4051
1569 4051
1570 4046
1571 4052
1572 4052
1573 4050
1574 4052
1575 4053
1576 4050
1577 4052
1578 4050
1579 4048
1580 4052
1581 4052
1582 4050
1583 4052
1584 4047
1585 4047
1586 4052
1587 4050
1588 4053
1589 4047
1590 4052
1591 4049
1592 4047
1593 4050
1594 4052
1595 4047
1596 4050
1597 4050
1598 4050
1599 4050
1600 4054
1601 4052
1602 4047
1603 4051
1604 4047
1605 4050
1606 4047
1607 4047
1608 4053
1609 4047
1610 4050
1611 4054
1612 4050
1613 4051
1614 4052
1615 4052
1616 4047
1617 4052
1618 4052
1619 4052
1620 4049
1621 4047
1622 4053
1623 4047
1624 4051
1625 4047
1626 4052
1627 4047
1628 4051
1629 4052
1630 4054
1631 4047
1632 4051
1633 4049
1634 4047
1635 4051
1636 4052
1637 4050
1638 4052
1639 4050
1640 4050
1641 4049
1642 4052
1643 4047
1644 4052
1645 4050
1646 4053
1647 4049
1648 4049
1649 4050
1650 4050
1651 4055
1652 4046
1653 4050
1654 4051
1655 4047
1656 4050
1657 4047
1658 4050
1659 4047
1660 4047
1661 4051
1662 4047
1663 4049
1664 4052
1665 4049
1666 4049
1667 4050
1668 4051
1669 4053
1670 4050
1671 4051
1672 4050
1673 4053
1674 4050
1675 4052
1676 4053
1677 4049
1678 4050
1679 4052
1680 4052
1681 4052
1682 4050
1683 4050
1684 4047
1685 4049
1686 4046
1687 4053
1688 4050
1689 4053
1690 4047
1691 4051
1692 4047
1693 4050
1694 4053
1695 4050
1696 4052
1697 4053
1698 4050
1699 4049
1700 4051
1701 4055
1702 4047
1703 4052
1704 4049
1705 4047
1706 4047
1707 4047
1708 4054
1709 4052
1710 4052
1711 4051
1712 4050
1713 4049
1714 4050
1715 4050
1716 4050
1717 4050
1718 4050
1719 4046
1720 4050
1721 4053
1722 4049
1723 4051
1724 4052
1725 4054
1726 4049
1727 4052
1728 4051
1729 4050
1730 4050
1731 4050
1732 4052
1733 4052
1734 4047
1735 4050
1736 4051
1737 4050
1738 4050
1739 4052
1740 4050
1741 4054
1742 4047
1743 4052
1744 4047
1745 4052
1746 4050
1747 4050
1748 4052
1749 4050
1750 4052
1751 4055
1752 4047
1753 4052
1754 4050
1755 4047
1756 4050
1757 4047
1758 4052
1759 4047
1760 4047
1761 4050
1762 4050
1763 4051
1764 4052
1765 4052
1766 4050
1767 4050
1768 4049
1769 4052
1770 4050
1771 4051
1772 4054
1773 4052
1774 4050
1775 4050
1776 4052
1777 4049
1778 4052
1779 4047
1780 4052
1781 4051
1782 4052
1783 4046
1784 4052
1785 4049
1786 4047
1787 4047
1788 4049
1789 4050
1790 4050
1791 4050
1792 4047
1793 4050
1794 4047
1795 4047
1796 4047
1797 4052
1798 4053
1799 4052
1800 4050
1801 4054
1802 4050
1803 4049
1804 4050
1805 4052
1806 4053
1807 4049
1808 4047
1809 4051
1810 4050
1811 4055
1812 4047
1813 4050
1814 4047
1815 4054
1816 4049
1817 4050
1818 4052
1819 4054
1820 4050
1821 4047
1822 4052
1823 4052
1824 4052
1825 4047
1826 4050
1827 4047
1828 4052
1829 4052
1830 4050
1831 4055
1832 4050
1833 4052
1834 4050
1835 4047
1836 4050
1837 4049
1838 4053
1839 4050
1840 4047
1841 4050
1842 4047
1843 4052
1844 4050
1845 4051
1846 4050
1847 4051
1848 4052
1849 4047
1850 4047
1851 4057
1852 4045
1853 4052
1854 4047
1855 4050
1856 4050
1857 4055
1858 4047
1859 4047
1860 4047
1861 4047
1862 4049
1863 4053
1864 4047
1865 4047
1866 4047
1867 4052
1868 4052
1869 4052
1870 4047
1871 4052
1872 4051
1873 4047
1874 4047
1875 4052
1876 4047
1877 4047
1878 4052
1879 4051
1880 4050
1881 4052
1882 4050
1883 4047
1884 4047
1885 4050
1886 4047
1887 4047
1888 4050
1889 4047
1890 4053
1891 4050
1892 4050
1893 4052
1894 4050
1895 4051
1896 4052
1897 4049
1898 4050
1899 4052
1900 4053
1901 4052
1902 4046
1903 4051
1904 4050
1905 4053
1906 4052
1907 4050
1908 4049
1909 4052
1910 4052
1911 4049
1912 4047
1913 4052
1914 4047
1915 4052
1916 4047
1917 4052
1918 4047
1919 4049
1920 4050
1921 4052
1922 4047
1923 4047
1924 4053
1925 4047
1926 4052
1927 4047
1928 4047
1929 4049
1930 4047
1931 4050
1932 4049
1933 4052
1934 4052
1935 4051
1936 4052
1937 4052
1938 4053
1939 4052
1940 4052
1941 4047
1942 4047
1943 4053
1944 4050
1945 4051
1946 4052
1947 4052
1948 4051
1949 4052
1950 4050
1951 4055
1952 4047
1953 4050
1954 4047
1955 4047
1956 4049
1957 4047
1958 4047
1959 4047
1960 4047
1961 4052
1962 4050
1963 4051
1964 4050
1965 4052
1966 4050
1967 4050
1968 4051
1969 4050
1970 4049
1971 4052
1972 4052
1973 4050
1974 4047
1975 4050
1976 4050
1977 4050
1978 4049
1979 4047
1980 4047
1981 4052
1982 4049
1983 4050
1984 4052
1985 4050
1986 4057
1987 4050
1988 4047
1989 4052
1990 4051
1991 4050
1992 4050
1993 4052
1994 4051
1995 4051
1996 4052
1997 4052
1998 4053
1999 4052
2000 4052
2001 4055
2002 4049
2003 4051
2004 4052
2005 4047
2006 4049
2007 4049
2008 4050
2009 4052
2010 4049
2011 4050
2012 4045
2013 4050
2014 4050
2015 4052
2016 4050
2017 4050
2018 4047
2019 4047
2020 4050
2021 4052
2022 4050
2023 4052
2024 4053
2025 4053
2026 4049
2027 4052
2028 4050
2029 4052
2030 4051
2031 4052
2032 4050
2033 4052
2034 4052
2035 4050
2036 4052
2037 4047
2038 4054
2039 4047
2040 4050
2041 4053
2042 4052
2043 4052
2044 4047
2045 4049
2046 4047
2047 4051
2048 4047
2049 4047
2050 4052
2051 4055
2052 4045
2053 4050
2054 4051
2055 4049
2056 4047
2057 4047
2058 4046
2059 4050
2060 4050
2061 4050
2062 4047
2063 4052
2064 4052
2065 4047
2066 4050
2067 4049
2068 4054
2069 4052
2070 4047
2071 4047
2072 4049
2073 4051
2074 4047
2075 4051
2076 4051
2077 4050
2078 4050
2079 4050
2080 4047
2081 4052
2082 4047
2083 4050
2084 4047
2085 4049
2086 4052
2087 4046
2088 4047
2089 4051
2090 4053
2091 4049
2092 4052
2093 4050
2094 4050
2095 4052
2096 4051
2097 4050
2098 4052
2099 4047
2100 4047
2101 4054
2102 4052
2103 4049
2104 4047
2105 4047
2106 4047
2107 4051
2108 4051
2109 4047
2110 4050
2111 4050
2112 4050
2113 4050
2114 4052
2115 4050
2116 4047
2117 4052
2118 4052
2119 4047
2120 4050
2121 4047
2122 4049
2123 4050
2124 4049
2125 4053
2126 4052
2127 4051
2128 4053
2129 4049
2130 4049
2131 4047
2132 4051
2133 4052
2134 4051
2135 4052
2136 4047
2137 4050
2138 4053
2139 4049
2140 4051
2141 4051
2142 4052
2143 4047
2144 4053
2145 4052
2146 4047
2147 4052
2148 4047
2149 4053
2150 4047
2151 4052
2152 4051
2153 4050
2154 4047
2155 4049
2156 4052
2157 4050
2158 4050
2159 4052
2160 4047
2161 4053
2162 4046
2163 4052
2164 4050
2165 4051
2166 4052
2167 4052
2168 4047
2169 4047
2170 4050
2171 4049
2172 4047
2173 4047
2174 4049
2175 4050
2176 4049
2177 4049
2178 4050
2179 4047
2180 4050
2181 4053
2182 4047
2183 4052
2184 4049
2185 4050
2186 4047
2187 4050
2188 4047
2189 4047
2190 4050
2191 4051
2192 4052
2193 4049
2194 4051
2195 4047
2196 4052
2197 4052
2198 4050
2199 4049
2200 4049
2201 4055
2202 4045
2203 4047
2204 4047
2205 4050
2206 4050
2207 4047
2208 4051
2209 4047
2210 4052
2211 4053
2212 4049
2213 4052
2214 4050
2215 4051
2216 4050
2217 4049
2218 4050
2219 4050
2220 4047
2221 4050
2222 4052
2223 4051
2224 4050
2225 4052
2226 4053
2227 4052
2228 4052
2229 4049
2230 4051
2231 4049
2232 4050
2233 4049
2234 4050
2235 4047
2236 4053
2237 4052
2238 4047
2239 4050
2240 4047
2241 4047
2242 4047
2243 4052
2244 4051
2245 4049
2246 4051
2247 4050
2248 4049
2249 4047
2250 4047
2251 4053
2252 4047
2253 4051
2254 4047
2255 4050
2256 4050
2257 4052
2258 4047
2259 4047
2260 4045
2261 4051
2262 4047
2263 4051
2264 4047
2265 4050
2266 4053
2267 4047
2268 4049
2269 4049
2270 4050
2271 4049
2272 4047
2273 4052
2274 4050
2275 4047
2276 4052
2277 4047
2278 4047
2279 4050
2280 4052
2281 4052
2282 4049
2283 4050
2284 4052
2285 4052
2286 4052
2287 4047
2288 4052
2289 4046
2290 4049
2291 4050
2292 4052
2293 4047
2294 4050
2295 4047
2296 4049
2297 4050
2298 4047
2299 4047
2300 4047
2301 4050
2302 4047
2303 4047
2304 4047
2305 4050
2306 4049
2307 4054
2308 4049
2309 4052
2310 4053
2311 4047
2312 4050
2313 4049
2314 4047
2315 4047
2316 4047
2317 4052
2318 4046
2319 4050
2320 4047
2321 4050
2322 4047
2323 4051
2324 4047
2325 4050
2326 4049
2327 4051
2328 4049
2329 4052
2330 4047
2331 4050
2332 4047
2333 4047
2334 4047
2335 4047
2336 4052
2337 4041
2338 4047
2339 4047
2340 4049
2341 4047
2342 4047
2343 4046
2344 4047
2345 4050
2346 4047
2347 4047
2348 4051
2349 4049
2350 4047
2351 4054
2352 4044
2353 4047
2354 4044
2355 4051
2356 4047
2357 4046
2358 4047
2359 4049
2360 4046
2361 4046
2362 4047
2363 4051
2364 4047
2365 4045
2366 4052
2367 4049
2368 4046
2369 4050
2370 4047
2371 4047
2372 4049
2373 4050
2374 4046
2375 4052
2376 4047
2377 4050
2378 4049
2379 4049
2380 4050
2381 4054
2382 4052
2383 4047
2384 4051
2385 4050
2386 4047
2387 4044
2388 4049
2389 4047
2390 4047
2391 4047
2392 4049
2393 4047
2394 4050
2395 4050
2396 4050
2397 4051
2398 4050
2399 4050
2400 4052
2401 4052
2402 4044
2403 4052
2404 4049
2405 4054
2406 4049
2407 4047
2408 4047
2409 4052
2410 4047
2411 4049
2412 4047
2413 4052
2414 4047
2415 4052
2416 4047
2417 4050
2418 4047
2419 4047
2420 4047
2421 4053
2422 4050
2423 4050
2424 4049
2425 4052
2426 4050
2427 4047
2428 4050
2429 4047
2430 4049
2431 4052
2432 4047
2433 4052
2434 4050
2435 4050
2436 4050
2437 4047
2438 4047
2439 4049
2440 4049
2441 4047
2442 4050
2443 4055
2444 4047
2445 4050
2446 4052
2447 4047
2448 4047
2449 4047
2450 4049
2451 4053
2452 4042
2453 4052
2454 4049
2455 4047
2456 4047
2457 4051
2458 4050
2459 4047
2460 4052
2461 4050
2462 4047
2463 4050
2464 4047
2465 4051
2466 4047
2467 4051
2468 4047
2469 4047
2470 4049
2471 4050
2472 4047
2473 4051
2474 4051
2475 4047
2476 4047
2477 4049
2478 4050
2479 4050
2480 4046
2481 4050
2482 4050
2483 4046
2484 4047
2485 4049
2486 4046
2487 4047
2488 4051
2489 4050
2490 4046
2491 4047
2492 4047
2493 4047
2494 4046
2495 4047
2496 4047
2497 4047
2498 4046
2499 4047
2500 4050
2501 4052
2502 4045
2503 4050
2504 4047
2505 4047
2506 4049
2507 4047
2508 4047
2509 4047
2510 4045
2511 4047
2512 4046
2513 4046
2514 4047
2515 4046
2516 4050
2517 4047
2518 4050
2519 4051
2520 4047
2521 4045
2522 4047
2523 4047
2524 4046
2525 4047
2526 4047
2527 4047
2528 4044
2529 4049
2530 4047
2531 4047
2532 4047
2533 4047
2534 4047
2535 4049
2536 4046
2537 4047
2538 4049
2539 4047
2540 4045
2541 4050
2542 4046
2543 4047
2544 4047
2545 4047
2546 4047
2547 4047
2548 4046
2549 4047
2550 4047
2551 4051
2552 4044
2553 4045
2554 4047
2555 4047
2556 4047
2557 4047
2558 4051
2559 4050
2560 4047
2561 4047
2562 4045
2563 4050
2564 4047
2565 4047
2566 4046
2567 4050
2568 4046
2569 4047
2570 4047
2571 4047
2572 4045
2573 4046
2574 4050
2575 4047
2576 4046
2577 4047
2578 4045
2579 4046
2580 4047
2581 4046
2582 4046
2583 4047
2584 4045
2585 4044
2586 4047
2587 4043
2588 4046
2589 4042
2590 4046
2591 4047
2592 4047
2593 4047
2594 4044
2595 4046
2596 4045
2597 4045
2598 4046
2599 4046
2600 4047
2601 4055
2602 4044
2603 4047
2604 4046
2605 4045
2606 4045
2607 4047
2608 4046
2609 4049
2610 4042
2611 4046
2612 4044
2613 4046
2614 4041
2615 4047
2616 4045
2617 4043
2618 4047
2619 4046
2620 4046
2621 4044
2622 4044
2623 4047
2624 4044
2625 4046
2626 4042
2627 4045
2628 4042
2629 4042
2630 4045
2631 4047
2632 4047
2633 4046
2634 4044
2635 4040
2636 4042
2637 4041
2638 4044
2639 4045
2640 4044
2641 4039
2642 4042
2643 4044
2644 4046
2645 4045
2646 4042
2647 4044
2648 4042
2649 4042
2650 4045
2651 4045
2652 4038
2653 4042
2654 4042
2655 4044
2656 4044
2657 4045
2658 4042
2659 4042
2660 4042
2661 4045
2662 4041
2663 4040
2664 4040
2665 4044
2666 4040
2667 4041
2668 4038
2669 4042
2670 4039
2671 4041
2672 4039
2673 4041
2674 4042
2675 4042
2676 4036
2677 4043
2678 4038
2679 4038
2680 4036
2681 4037
2682 4044
2683 4039
2684 4041
2685 4041
2686 4037
2687 4038
2688 4037
2689 4037
2690 4037
2691 4038
2692 4041
2693 4039
2694 4036
2695 4039
2696 4037
2697 4038
2698 4035
2699 4036
2700 4036
2701 4039
2702 4035
2703 4036
2704 4039
2705 4039
2706 4036
2707 4040
2708 4031
2709 4031
2710 4031
2711 4036
2712 4031
2713 4031
2714 4031
2715 4035
2716 4030
2717 4031
2718 4031
2719 4029
2720 4031
2721 4030
2722 4031
2723 4030
2724 4027
2725 4031
2726 4022
2727 4028
2728 4029
2729 4030
2730 4029
2731 4026
2732 4029
2733 4029
2734 4025
2735 4025
2736 4028
2737 4026
2738 4025
2739 4025
2740 4026
2741 4025
2742 4023
2743 4024
2744 4023
2745 4023
2746 4023
2747 4023
2748 4022
2749 4020
2750 4023
2751 4023
2752 4014
2753 4015
2754 4020
2755 4020
2756 4015
2757 4018
2758 4017
2759 4013
2760 4012
2761 4009
2762 4011
2763 4014
2764 4012
2765 4012
2766 4010
2767 4005
2768 4007
2769 4006
2770 4004
2771 4005
2772 4004
2773 4005
2774 4002
2775 3997
2776 4000
2777 4000
2778 3996
2779 3988
2780 3994
2781 3991
2782 3989
2783 3989
2784 3983
2785 3981
2786 3981
2787 3977
2788 3977
2789 3978
2790 3976
2791 3969
2792 3967
2793 3970
2794 3964
2795 3959
2796 3958
2797 3964
2798 3947
2799 3951
2800 3945
2801 3939
2802 3919
2803 3927
2804 3917
2805 3909
2806 3899
2807 3887
2808 3885
2809 3855
2810 3845
2811 3818
2812 3781
2813 3748
2814 3676
2815 3549
2816 3374
2817 3094
2818 2679
2819 2228
2820 1743
2821 1638
2822 1630
2823 1601
2824 1599
2825 1577
2826 1582
2827 1572
2828 1572
2829 1568
2830 1566
2831 1561
2832 1561
2833 1557
2834 1558
2835 1556
2836 1557
2837 1552
2838 1555
2839 1551
2840 1552
2841 1549
2842 1551
2843 1549
2844 1550
2845 1548
2846 1548
2847 1548
2848 1547
2849 1545
2850 1548
2851 1545
2852 1546
2853 1545
2854 1546
2855 1543
2856 1544
2857 1543
2858 1543
2859 1542
2860 1545
2861 1541
2862 1542
2863 1542
2864 1542
2865 1540
2866 1541
2867 1540
2868 1540
2869 1540
2870 1540
2871 1538
2872 1540
2873 1538
2874 1538
2875 1540
2876 1539
2877 1538
2878 1539
2879 1536
2880 1538
2881 1537
2882 1537
2883 1537
2884 1537
2885 1540
2886 1537
2887 1535
2888 1539
2889 1535
2890 1536
2891 1534
2892 1536
2893 1534
2894 1536
2895 1535
2896 1535
2897 1534
2898 1535
2899 1534
2900 1535
2901 1535
2902 1534
2903 1532
2904 1535
2905 1533
2906 1534
2907 1533
2908 1534
2909 1533
2910 1533
2911 1532
2912 1532
2913 1532
2914 1533
2915 1532
2916 1533
2917 1532
2918 1532
2919 1532
2920 1534
2921 1531
2922 1532
2923 1532
2924 1532
2925 1531
2926 1532
2927 1530
2928 1531
2929 1530
2930 1532
2931 1530
2932 1531
2933 1529
2934 1531
2935 1528
2936 1532
2937 1529
2938 1531
2939 1529
2940 1530
2941 1529
2942 1530
2943 1530
2944 1530
2945 1528
2946 1530
2947 1527
2948 1529
2949 1527
2950 1530
2951 1530
2952 1529
2953 1528
2954 1529
2955 1527
2956 1529
2957 1529
2958 1529
2959 1527
2960 1528
2961 1528
2962 1528
2963 1527
2964 1528
2965 1527
2966 1529
2967 1526
2968 1528
2969 1528
2970 1528
2971 1527
2972 1528
2973 1527
2974 1527
2975 1528
2976 1528
2977 1526
2978 1528
2979 1527
2980 1527
2981 1525
2982 1527
2983 1526
2984 1527
2985 1527
2986 1527
2987 1524
2988 1528
2989 1526
2990 1527
2991 1525
2992 1527
2993 1524
2994 1526
2995 1526
2996 1527
2997 1525
2998 1526
2999 1525
3000 1527
3001 1526
3002 1526
3003 1525
3004 1526
3005 1524
3006 1526
3007 1524
3008 1526
3009 1525
3010 1525
3011 1524
3012 1524
3013 1525
3014 1526
3015 1525
3016 1524
3017 1523
3018 1525
3019 1524
3020 1525
3021 1531
3022 1526
3023 3855
3024 3490
3025 4020
3026 3975
3027 3989
3028 3988
3029 3997
3030 3996
3031 4005
3032 4002
3033 4011
3034 4007
3035 4013
3036 4015
3037 4017
3038 4015
3039 4015
3040 4020
3041 4027
3042 4020
3043 4027
3044 4026
3045 4024
3046 4020
3047 4026
3048 4026
3049 4029
3050 4030
3051 4035
3052 4026
3053 4031
3054 4028
3055 4028
3056 4031
3057 4031
3058 4028
3059 4031
3060 4031
3061 4031
3062 4029
3063 4039
3064 4031
3065 4031
3066 4031
3067 4037
3068 4031
3069 4036
3070 4037
3071 4036
3072 4031
3073 4038
3074 4036
3075 4036
3076 4036
3077 4040
3078 4038
3079 4037
3080 4037
3081 4039
3082 4038
3083 4039
3084 4039
3085 4038
3086 4038
3087 4036
3088 4040
3089 4036
3090 4039
3091 4044
3092 4039
3093 4040
3094 4038
3095 4042
3096 4039
3097 4041
3098 4038
3099 4039
3100 4042
3101 4045
3102 4038
3103 4045
3104 4040
3105 4042
3106 4039
3107 4042
3108 4038
3109 4044
3110 4044
3111 4042
3112 4039
3113 4040
3114 4039
3115 4040
3116 4039
3117 4044
3118 4039
3119 4040
3120 4043
3121 4040
3122 4041
3123 4044
3124 4039
3125 4045
3126 4042
3127 4044
3128 4045
3129 4043
3130 4042
3131 4044
3132 4041
3133 4043
3134 4042
3135 4044
3136 4045
3137 4042
3138 4044
3139 4044
3140 4042
3141 4046
3142 4042
3143 4043
3144 4040
3145 4044
3146 4044
3147 4047
3148 4042
3149 4043
3150 4046
3151 4044
3152 4041
3153 4044
3154 4043
3155 4042
3156 4043
3157 4043
3158 4045
3159 4041
3160 4046
3161 4044
3162 4044
3163 4046
3164 4044
3165 4044
3166 4047
3167 4044
3168 4046
3169 4044
3170 4046
3171 4044
3172 4046
3173 4044
3174 4047
3175 4047
3176 4044
3177 4044
3178 4047
3179 4047
3180 4046
3181 4046
3182 4044
3183 4047
3184 4043
3185 4045
3186 4047
3187 4045
3188 4047
3189 4044
3190 4044
3191 4046
3192 4044
3193 4047
3194 4045
3195 4045
3196 4047
3197 4046
3198 4045
3199 4045
3200 4044
3201 4049
3202 4042
3203 4047
3204 4047
3205 4046
3206 4047
3207 4042
3208 4046
3209 4047
3210 4044
3211 4047
3212 4042
3213 4047
3214 4044
3215 4047
3216 4047
3217 4044
3218 4044
3219 4046
3220 4047
3221 4044
3222 4045
3223 4047
3224 4046
3225 4049
3226 4047
3227 4045
3228 4050
3229 4047
3230 4047
3231 4044
3232 4047
3233 4047
3234 4047
3235 4044
3236 4045
3237 4045
3238 4047
3239 4047
3240 4047
3241 4047
3242 4046
3243 4047
3244 4046
3245 4047
3246 4047
3247 4047
3248 4047
3249 4045
3250 4046
3251 4053
3252 4042
3253 4047
3254 4047
3255 4046
3256 4044
3257 4047
3258 4047
3259 4047
3260 4047
3261 4047
3262 4047
3263 4046
3264 4047
3265 4047
3266 4047
3267 4045
3268 4047
3269 4047
3270 4047
3271 4044
3272 4047
3273 4047
3274 4045
3275 4051
3276 4047
3277 4043
3278 4047
3279 4047
3280 4047
3281 4050
3282 4047
3283 4050
3284 4045
3285 4044
3286 4047
3287 4045
3288 4047
3289 4044
3290 4049
3291 4047
3292 4045
3293 4047
3294 4047
3295 4047
3296 4045
3297 4050
3298 4047
3299 4045
3300 4047
3301 4047
3302 4044
3303 4049
3304 4045
3305 4045
3306 4047
3307 4051
3308 4046
3309 4047
3310 4047
3311 4047
3312 4047
3313 4046
3314 4047
3315 4046
3316 4047
3317 4047
3318 4047
3319 4047
3320 4050
3321 4047
3322 4050
3323 4047
3324 4045
3325 4050
3326 4047
3327 4047
3328 4047
3329 4046
3330 4046
3331 4047
3332 4047
3333 4050
3334 4051
3335 4047
3336 4046
3337 4047
3338 4050
3339 4046
3340 4047
3341 4049
3342 4052
3343 4051
3344 4046
3345 4047
3346 4047
3347 4047
3348 4045
3349 4047
3350 4047
3351 4052
3352 4045
3353 4047
3354 4046
3355 4047
3356 4049
3357 4050
3358 4047
3359 4047
3360 4047
3361 4045
3362 4045
3363 4052
3364 4047
3365 4047
3366 4050
3367 4047
3368 4047
3369 4047
3370 4047
3371 4047
3372 4047
3373 4049
3374 4050
3375 4052
3376 4044
3377 4047
3378 4047
3379 4052
3380 4047
3381 4047
3382 4047
3383 4046
3384 4045
3385 4046
3386 4045
3387 4047
3388 4047
3389 4047
3390 4047
3391 4047
3392 4047
3393 4046
3394 4047
3395 4047
3396 4047
3397 4047
3398 4047
3399 4046
3400 4047
3401 4052
3402 4045
3403 4047
3404 4047
3405 4047
3406 4047
3407 4049
3408 4049
3409 4047
3410 4047
3411 4047
3412 4046
3413 4050
3414 4047
3415 4047
3416 4050
3417 4047
3418 4050
3419 4047
3420 4047
3421 4047
3422 4047
3423 4047
3424 4046
3425 4046
3426 4047
3427 4047
3428 4047
3429 4047
3430 4044
3431 4050
3432 4047
3433 4044
3434 4049
3435 4045
3436 4050
3437 4047
3438 4047
3439 4045
3440 4045
3441 4047
3442 4047
3443 4047
3444 4050
3445 4047
3446 4049
3447 4047
3448 4050
3449 4046
3450 4047
3451 4055
3452 4044
3453 4050
3454 4047
3455 4047
3456 4047
3457 4046
3458 4047
3459 4051
3460 4046
3461 4050
3462 4047
3463 4047
3464 4047
3465 4047
3466 4047
3467 4050
3468 4049
3469 4050
3470 4050
3471 4052
3472 4047
3473 4049
3474 4047
3475 4052
3476 4049
3477 4046
3478 4050
3479 4049
3480 4047
3481 4046
3482 4047
3483 4047
3484 4047
3485 4047
3486 4052
3487 4047
3488 4047
3489 4050
3490 4046
3491 4047
3492 4047
3493 4047
3494 4050
3495 4047
3496 4047
3497 4046
3498 4047
3499 4045
3500 4049
3501 4052
3502 4044
3503 4049
3504 4047
3505 4047
3506 4047
3507 4053
3508 4051
3509 4046
3510 4052
3511 4047
3512 4049
3513 4051
3514 4049
3515 4047
3516 4047
3517 4051
3518 4047
3519 4052
3520 4047
3521 4047
3522 4047
3523 4047
3524 4047
3525 4052
3526 4047
3527 4050
3528 4047
3529 4047
3530 4049
3531 4049
3532 4049
3533 4050
3534 4047
3535 4045
3536 4050
3537 4050
3538 4047
3539 4047
3540 4050
3541 4047
3542 4049
3543 4047
3544 4047
3545 4047
3546 4047
3547 4047
3548 4051
3549 4049
3550 4047
3551 4057
3552 4046
3553 4050
3554 4047
3555 4050
3556 4047
3557 4050
3558 4047
3559 4051
3560 4046
3561 4050
3562 4047
3563 4052
3564 4047
3565 4047
3566 4050
3567 4047
3568 4047
3569 4046
3570 4047
3571 4049
3572 4045
3573 4050
3574 4050
3575 4052
3576 4046
3577 4050
3578 4047
3579 4047
3580 4049
3581 4049
3582 4047
3583 4047
3584 4051
3585 4047
3586 4047
3587 4049
3588 4050
3589 4049
3590 4050
3591 4052
3592 4047
3593 4051
3594 4051
3595 4047
3596 4047
3597 4047
3598 4049
3599 4049
3600 4047
3601 4055
3602 4044
3603 4047
3604 4049
3605 4047
3606 4047
3607 4050
3608 4047
3609 4050
3610 4047
3611 4052
3612 4049
3613 4046
3614 4047
3615 4046
3616 4047
3617 4050
3618 4050
3619 4049
3620 4051
3621 4049
3622 4046
3623 4047
3624 4047
3625 4052
3626 4047
3627 4046
3628 4051
3629 4049
3630 4050
3631 4047
3632 4049
3633 4047
3634 4050
3635 4049
3636 4047
3637 4047
3638 4047
3639 4050
3640 4047
3641 4047
3642 4047
3643 4047
3644 4050
3645 4047
3646 4052
3647 4046
3648 4051
3649 4047
3650 4047
3651 4052
3652 4045
3653 4052
3654 4047
3655 4047
3656 4046
3657 4047
3658 4050
3659 4053
3660 4047
3661 4052
3662 4049
3663 4047
3664 4051
3665 4047
3666 4047
3667 4047
3668 4049
3669 4049
3670 4047
3671 4052
3672 4049
3673 4050
3674 4047
3675 4052
3676 4049
3677 4047
3678 4047
3679 4047
3680 4047
3681 4047
3682 4050
3683 4047
3684 4046
3685 4052
3686 4049
3687 4052
3688 4047
3689 4052
3690 4049
3691 4047
3692 4047
3693 4049
3694 4046
