#Data from the TCD1304 linear CCD
#column 1 = pixelnumber , column 2 = pixelvalue
#Pixel 1-32 and 3679-3694 and are dummy pixels
#SH-period: 200    ICG-period: 100000    Integration time: 100.0 us
2 4029
3 4031
4 4053
5 4055
6 4056
7 4055
8 4053
9 4054
10 4051
11 4053
12 4053
13 4054
14 4055
15 4053
16 4055
17 4055
18 4053
19 4058
20 4055
21 4054
22 4054
23 4052
24 4052
25 4053
26 4053
27 4052
28 4054
29 4055
30 4053
31 4053
32 4056
34 4053
35 4055
36 4056
37 4055
38 4053
39 4057
40 4053
41 4055
42 4055
43 4054
44 4052
45 4054
46 4055
47 4055
48 4052
49 4053
50 4053
51 4057
52 4051
53 4055
54 4053
55 4053
56 4054
57 4053
58 4049
59 4058
60 4053
61 4054
62 4055
63 4055
64 4056
65 4053
66 4053
67 4053
68 4055
69 4055
70 4057
71 4053
72 4055
73 4053
74 4052
75 4055
76 4051
77 4054
78 4052
79 4053
80 4056
81 4056
82 4057
83 4051
84 4055
85 4053
86 4055
87 4055
88 4058
89 4057
90 4057
91 4057
92 4055
93 4056
94 4055
95 4055
96 4054
97 4056
98 4051
99 4056
100 4057
101 4059
102 4053
103 4053
104 4054
105 4056
106 4053
107 4059
108 4052
109 4053
110 4055
111 4053
112 4057
113 4055
114 4055
115 4054
116 4053
117 4055
118 4051
119 4053
120 4051
121 4053
122 4054
123 4054
124 4051
125 4053
126 4053
127 4053
128 4052
129 4055
130 4052
131 4052
132 4056
133 4053
134 4053
135 4053
136 4054
137 4053
138 4054
139 4055
140 4057
141 4055
142 4055
143 4056
144 4056
145 4055
146 4053
147 4056
148 4054
149 4052
150 4055
151 4055
152 4047
153 4055
154 4053
155 4057
156 4053
157 4056
158 4056
159 4054
160 4053
161 4055
162 4052
163 4057
164 4053
165 4054
166 4053
167 4051
168 4051
169 4055
170 4052
171 4057
172 4055
173 4054
174 4055
175 4053
176 4055
177 4055
178 4059
179 4054
180 4054
181 4053
182 4054
183 4054
184 4053
185 4055
186 4055
187 4053
188 4055
189 4052
190 4054
191 4055
192 4053
193 4053
194 4055
195 4055
196 4049
197 4053
198 4054
199 4058
200 4057
201 4057
202 4053
203 4057
204 4054
205 4053
206 4056
207 4053
208 4053
209 4057
210 4053
211 4054
212 4054
213 4053
214 4053
215 4056
216 4053
217 4054
218 4053
219 4055
220 4053
221 4050
222 4052
223 4055
224 4055
225 4053
226 4052
227 4055
228 4050
229 4054
230 4056
231 4053
232 4053
233 4053
234 4054
235 4053
236 4053
237 4057
238 4055
239 4053
240 4054
241 4053
242 4054
243 4056
244 4053
245 4055
246 4053
247 4053
248 4051
249 4057
250 4052
251 4054
252 4052
253 4054
254 4056
255 4057
256 4052
257 4055
258 4055
259 4052
260 4056
261 4052
262 4054
263 4053
264 4052
265 4053
266 4057
267 4052
268 4052
269 4058
270 4055
271 4052
272 4050
273 4055
274 4055
275 4053
276 4055
277 4055
278 4054
279 4054
280 4057
281 4053
282 4053
283 4049
284 4051
285 4052
286 4053
287 4054
288 4055
289 4054
290 4054
291 4055
292 4055
293 4056
294 4053
295 4054
296 4055
297 4055
298 4052
299 4055
300 4054
301 4060
302 4052
303 4051
304 4055
305 4057
306 4055
307 4057
308 4055
309 4056
310 4055
311 4053
312 4055
313 4057
314 4054
315 4055
316 4054
317 4054
318 4055
319 4056
320 4050
321 4054
322 4056
323 4054
324 4052
325 4053
326 4050
327 4051
328 4053
329 4054
330 4053
331 4054
332 4056
333 4052
334 4055
335 4053
336 4055
337 4053
338 4048
339 4053
340 4057
341 4052
342 4051
343 4053
344 4053
345 4054
346 4057
347 4053
348 4055
349 4055
350 4053
351 4056
352 4048
353 4055
354 4051
355 4051
356 4050
357 4057
358 4054
359 4051
360 4055
361 4055
362 4051
363 4058
364 4055
365 4053
366 4054
367 4055
368 4052
369 4056
370 4056
371 4049
372 4054
373 4054
374 4052
375 4053
376 4055
377 4055
378 4053
379 4052
380 4053
381 4055
382 4053
383 4055
384 4054
385 4053
386 4056
387 4055
388 4057
389 4055
390 4053
391 4054
392 4053
393 4055
394 4053
395 4058
396 4054
397 4055
398 4056
399 4053
400 4052
401 4053
402 4051
403 4053
404 4055
405 4053
406 4053
407 4054
408 4051
409 4053
410 4054
411 4053
412 4051
413 4055
414 4051
415 4054
416 4053
417 4053
418 4053
419 4057
420 4055
421 4055
422 4053
423 4053
424 4051
425 4055
426 4053
427 4053
428 4053
429 4053
430 4055
431 4053
432 4054
433 4053
434 4055
435 4057
436 4054
437 4055
438 4056
439 4055
440 4056
441 4055
442 4055
443 4055
444 4053
445 4053
446 4053
447 4052
448 4053
449 4051
450 4052
451 4056
452 4052
453 4053
454 4052
455 4053
456 4055
457 4057
458 4054
459 4055
460 4054
461 4055
462 4053
463 4049
464 4053
465 4054
466 4053
467 4054
468 4053
469 4051
470 4052
471 4055
472 4056
473 4054
474 4055
475 4056
476 4057
477 4052
478 4053
479 4053
480 4053
481 4051
482 4053
483 4052
484 4052
485 4055
486 4055
487 4054
488 4052
489 4055
490 4055
491 4058
492 4051
493 4057
494 4053
495 4056
496 4053
497 4057
498 4053
499 4053
500 4051
501 4057
502 4051
503 4052
504 4055
505 4055
506 4052
507 4057
508 4051
509 4053
510 4055
511 4051
512 4055
513 4056
514 4053
515 4055
516 4056
517 4057
518 4054
519 4055
520 4051
521 4053
522 4054
523 4052
524 4053
525 4055
526 4053
527 4054
528 4052
529 4053
530 4055
531 4054
532 4053
533 4052
534 4054
535 4055
536 4053
537 4054
538 4057
539 4053
540 4053
541 4054
542 4051
543 4050
544 4053
545 4052
546 4056
547 4056
548 4055
549 4055
550 4054
551 4061
552 4050
553 4053
554 4054
555 4053
556 4053
557 4053
558 4053
559 4053
560 4053
561 4053
562 4053
563 4055
564 4052
565 4054
566 4056
567 4057
568 4054
569 4052
570 4055
571 4056
572 4052
573 4054
574 4052
575 4054
576 4053
577 4055
578 4054
579 4054
580 4053
581 4055
582 4053
583 4053
584 4053
585 4053
586 4053
587 4054
588 4056
589 4053
590 4052
591 4054
592 4054
593 4055
594 4052
595 4051
596 4054
597 4056
598 4053
599 4052
600 4055
601 4057
602 4053
603 4055
604 4054
605 4057
606 4053
607 4057
608 4051
609 4055
610 4051
611 4052
612 4053
613 4052
614 4055
615 4058
616 4054
617 4055
618 4052
619 4057
620 4054
621 4055
622 4057
623 4055
624 4053
625 4052
626 4057
627 4053
628 4054
629 4053
630 4052
631 4053
632 4056
633 4051
634 4054
635 4055
636 4052
637 4055
638 4054
639 4055
640 4055
641 4054
642 4055
643 4055
644 4053
645 4055
646 4055
647 4053
648 4052
649 4054
650 4054
651 4060
652 4050
653 4053
654 4055
655 4052
656 4053
657 4055
658 4055
659 4056
660 4055
661 4055
662 4052
663 4054
664 4052
665 4051
666 4056
667 4054
668 4053
669 4050
670 4051
671 4051
672 4054
673 4055
674 4053
675 4057
676 4053
677 4053
678 4053
679 4053
680 4055
681 4052
682 4056
683 4052
684 4053
685 4054
686 4051
687 4053
688 4055
689 4056
690 4053
691 4055
692 4055
693 4057
694 4054
695 4056
696 4053
697 4054
698 4055
699 4053
700 4052
701 4057
702 4052
703 4056
704 4052
705 4053
706 4053
707 4057
708 4053
709 4055
710 4054
711 4054
712 4053
713 4053
714 4054
715 4054
716 4055
717 4057
718 4054
719 4054
720 4051
721 4053
722 4053
723 4055
724 4056
725 4056
726 4055
727 4054
728 4057
729 4055
730 4054
731 4055
732 4057
733 4053
734 4053
735 4056
736 4051
737 4053
738 4055
739 4053
740 4054
741 4057
742 4057
743 4053
744 4057
745 4055
746 4055
747 4053
748 4053
749 4053
750 4053
751 4058
752 4052
753 4052
754 4053
755 4053
756 4053
757 4056
758 4052
759 4053
760 4055
761 4056
762 4053
763 4055
764 4053
765 4055
766 4051
767 4052
768 4051
769 4053
770 4057
771 4054
772 4053
773 4055
774 4055
775 4055
776 4056
777 4053
778 4053
779 4054
780 4055
781 4052
782 4058
783 4054
784 4052
785 4056
786 4053
787 4055
788 4053
789 4056
790 4054
791 4057
792 4057
793 4055
794 4055
795 4057
796 4056
797 4054
798 4053
799 4051
800 4051
801 4058
802 4051
803 4050
804 4058
805 4057
806 4054
807 4058
808 4057
809 4054
810 4055
811 4053
812 4053
813 4055
814 4053
815 4055
816 4056
817 4054
818 4055
819 4055
820 4054
821 4054
822 4053
823 4058
824 4054
825 4054
826 4055
827 4054
828 4049
829 4052
830 4052
831 4051
832 4055
833 4053
834 4052
835 4051
836 4053
837 4054
838 4053
839 4054
840 4052
841 4053
842 4053
843 4053
844 4052
845 4055
846 4054
847 4054
848 4056
849 4053
850 4053
851 4058
852 4051
853 4054
854 4055
855 4053
856 4050
857 4060
858 4055
859 4055
860 4057
861 4056
862 4055
863 4051
864 4053
865 4054
866 4052
867 4055
868 4054
869 4053
870 4055
871 4054
872 4054
873 4056
874 4055
875 4056
876 4053
877 4056
878 4051
879 4054
880 4054
881 4055
882 4054
883 4058
884 4053
885 4057
886 4056
887 4057
888 4055
889 4056
890 4053
891 4057
892 4053
893 4053
894 4057
895 4055
896 4053
897 4050
898 4053
899 4053
900 4053
901 4059
902 4050
903 4055
904 4055
905 4053
906 4054
907 4059
908 4052
909 4052
910 4054
911 4061
912 4052
913 4053
914 4055
915 4055
916 4055
917 4055
918 4055
919 4050
920 4055
921 4054
922 4055
923 4053
924 4052
925 4056
926 4053
927 4055
928 4053
929 4053
930 4052
931 4053
932 4055
933 4051
934 4056
935 4054
936 4057
937 4054
938 4058
939 4053
940 4055
941 4053
942 4056
943 4053
944 4053
945 4056
946 4054
947 4055
948 4055
949 4055
950 4052
951 4056
952 4049
953 4053
954 4054
955 4055
956 4054
957 4055
958 4054
959 4053
960 4053
961 4055
962 4053
963 4052
964 4053
965 4051
966 4052
967 4055
968 4054
969 4057
970 4053
971 4054
972 4052
973 4053
974 4055
975 4053
976 4053
977 4052
978 4054
979 4055
980 4055
981 4053
982 4055
983 4051
984 4055
985 4052
986 4051
987 4053
988 4059
989 4056
990 4056
991 4053
992 4054
993 4055
994 4055
995 4055
996 4053
997 4052
998 4056
999 4054
1000 4055
1001 4057
1002 4049
1003 4054
1004 4053
1005 4054
1006 4053
1007 4055
1008 4055
1009 4054
1010 4057
1011 4053
1012 4054
1013 4056
1014 4055
1015 4053
1016 4057
1017 4055
1018 4054
1019 4053
1020 4053
1021 4053
1022 4052
1023 4050
1024 4049
1025 4053
1026 4055
1027 4053
1028 4053
1029 4057
1030 4054
1031 4053
1032 4055
1033 4053
1034 4053
1035 4053
1036 4055
1037 4055
1038 4056
1039 4056
1040 4056
1041 4055
1042 4054
1043 4056
1044 4053
1045 4055
1046 4052
1047 4051
1048 4057
1049 4052
1050 4053
1051 4057
1052 4050
1053 4055
1054 4057
1055 4055
1056 4055
1057 4056
1058 4053
1059 4054
1060 4055
1061 4052
1062 4055
1063 4054
1064 4055
1065 4054
1066 4055
1067 4057
1068 4054
1069 4056
1070 4054
1071 4053
1072 4053
1073 4057
1074 4053
1075 4053
1076 4054
1077 4051
1078 4054
1079 4057
1080 4053
1081 4053
1082 4054
1083 4053
1084 4054
1085 4057
1086 4056
1087 4052
1088 4052
1089 4054
1090 4052
1091 4055
1092 4053
1093 4052
1094 4054
1095 4051
1096 4052
1097 4054
1098 4055
1099 4053
1100 4053
1101 4057
1102 4052
1103 4056
1104 4053
1105 4055
1106 4055
1107 4056
1108 4055
1109 4054
1110 4051
1111 4054
1112 4055
1113 4055
1114 4053
1115 4055
1116 4056
1117 4053
1118 4054
1119 4053
1120 4051
1121 4056
1122 4054
1123 4053
1124 4058
1125 4054
1126 4053
1127 4054
1128 4052
1129 4054
1130 4055
1131 4055
1132 4055
1133 4054
1134 4052
1135 4054
1136 4051
1137 4051
1138 4053
1139 4057
1140 4052
1141 4057
1142 4054
1143 4056
1144 4057
1145 4053
1146 4054
1147 4055
1148 4053
1149 4054
1150 4052
1151 4057
1152 4050
1153 4053
1154 4053
1155 4055
1156 4053
1157 4057
1158 4051
1159 4055
1160 4054
1161 4055
1162 4053
1163 4057
1164 4054
1165 4053
1166 4056
1167 4060
1168 4055
1169 4055
1170 4055
1171 4051
1172 4053
1173 4053
1174 4052
1175 4055
1176 4055
1177 4054
1178 4053
1179 4057
1180 4055
1181 4053
1182 4059
1183 4052
1184 4055
1185 4056
1186 4056
1187 4056
1188 4054
1189 4055
1190 4055
1191 4055
1192 4052
1193 4055
1194 4053
1195 4054
1196 4051
1197 4057
1198 4053
1199 4056
1200 4055
1201 4056
1202 4051
1203 4056
1204 4056
1205 4051
1206 4051
1207 4057
1208 4055
1209 4058
1210 4055
1211 4055
1212 4052
1213 4054
1214 4053
1215 4054
1216 4054
1217 4055
1218 4054
1219 4056
1220 4054
1221 4055
1222 4051
1223 4054
1224 4052
1225 4057
1226 4053
1227 4055
1228 4055
1229 4057
1230 4055
1231 4052
1232 4055
1233 4054
1234 4055
1235 4055
1236 4055
1237 4052
1238 4057
1239 4053
1240 4053
1241 4054
1242 4052
1243 4053
1244 4052
1245 4053
1246 4053
1247 4053
1248 4053
1249 4055
1250 4053
1251 4055
1252 4051
1253 4055
1254 4052
1255 4053
1256 4051
1257 4051
1258 4054
1259 4055
1260 4057
1261 4053
1262 4053
1263 4056
1264 4052
1265 4056
1266 4054
1267 4057
1268 4050
1269 4051
1270 4055
1271 4056
1272 4052
1273 4052
1274 4053
1275 4055
1276 4052
1277 4053
1278 4054
1279 4054
1280 4053
1281 4051
1282 4057
1283 4052
1284 4056
1285 4055
1286 4050
1287 4055
1288 4056
1289 4056
1290 4053
1291 4055
1292 4054
1293 4055
1294 4050
1295 4053
1296 4052
1297 4057
1298 4055
1299 4053
1300 4055
1301 4056
1302 4052
1303 4052
1304 4053
1305 4055
1306 4055
1307 4054
1308 4051
1309 4053
1310 4054
1311 4053
1312 4055
1313 4054
1314 4052
1315 4055
1316 4051
1317 4052
1318 4051
1319 4056
1320 4053
1321 4057
1322 4051
1323 4055
1324 4051
1325 4054
1326 4053
1327 4052
1328 4053
1329 4054
1330 4057
1331 4054
1332 4052
1333 4053
1334 4055
1335 4055
1336 4054
1337 4053
1338 4049
1339 4054
1340 4055
1341 4057
1342 4053
1343 4053
1344 4057
1345 4052
1346 4054
1347 4054
1348 4055
1349 4052
1350 4053
1351 4059
1352 4053
1353 4055
1354 4053
1355 4058
1356 4055
1357 4055
1358 4055
1359 4059
1360 4052
1361 4059
1362 4054
1363 4055
1364 4052
1365 4054
1366 4058
1367 4055
1368 4055
1369 4054
1370 4051
1371 4055
1372 4053
1373 4056
1374 4053
1375 4053
1376 4054
1377 4052
1378 4054
1379 4051
1380 4057
1381 4052
1382 4052
1383 4055
1384 4055
1385 4055
1386 4055
1387 4053
1388 4054
1389 4053
1390 4052
1391 4051
1392 4055
1393 4055
1394 4053
1395 4054
1396 4056
1397 4052
1398 4056
1399 4055
1400 4055
1401 4056
1402 4049
1403 4053
1404 4054
1405 4053
1406 4053
1407 4055
1408 4051
1409 4054
1410 4053
1411 4052
1412 4054
1413 4057
1414 4055
1415 4053
1416 4055
1417 4055
1418 4052
1419 4054
1420 4052
1421 4055
1422 4056
1423 4056
1424 4056
1425 4056
1426 4054
1427 4053
1428 4052
1429 4055
1430 4051
1431 4053
1432 4054
1433 4052
1434 4053
1435 4053
1436 4055
1437 4055
1438 4055
1439 4055
1440 4053
1441 4053
1442 4057
1443 4055
1444 4053
1445 4056
1446 4053
1447 4055
1448 4057
1449 4056
1450 4056
1451 4054
1452 4049
1453 4052
1454 4052
1455 4053
1456 4056
1457 4055
1458 4056
1459 4055
1460 4055
1461 4055
1462 4052
1463 4055
1464 4053
1465 4054
1466 4054
1467 4053
1468 4055
1469 4053
1470 4055
1471 4050
1472 4053
1473 4057
1474 4055
1475 4055
1476 4055
1477 4053
1478 4052
1479 4051
1480 4056
1481 4052
1482 4060
1483 4056
1484 4053
1485 4051
1486 4053
1487 4053
1488 4052
1489 4054
1490 4053
1491 4056
1492 4054
1493 4056
1494 4055
1495 4055
1496 4052
1497 4053
1498 4054
1499 4053
1500 4058
1501 4061
1502 4049
1503 4053
1504 4053
1505 4057
1506 4053
1507 4057
1508 4054
1509 4052
1510 4057
1511 4054
1512 4053
1513 4055
1514 4053
1515 4055
1516 4057
1517 4056
1518 4052
1519 4059
1520 4054
1521 4055
1522 4055
1523 4056
1524 4053
1525 4051
1526 4052
1527 4054
1528 4049
1529 4054
1530 4053
1531 4058
1532 4053
1533 4055
1534 4053
1535 4053
1536 4054
1537 4052
1538 4052
1539 4055
1540 4054
1541 4052
1542 4053
1543 4055
1544 4052
1545 4053
1546 4054
1547 4053
1548 4055
1549 4054
1550 4053
1551 4055
1552 4052
1553 4055
1554 4057
1555 4053
1556 4053
1557 4057
1558 4051
1559 4055
1560 4051
1561 4053
1562 4054
1563 4055
1564 4059
1565 4054
1566 4059
1567 4055
1568 4054
1569 4053
1570 4055
1571 4053
1572 4053
1573 4052
1574 4053
1575 4053
1576 4053
1577 4056
1578 4056
1579 4053
1580 4054
1581 4052
1582 4058
1583 4053
1584 4052
1585 4053
1586 4054
1587 4053
1588 4054
1589 4053
1590 4055
1591 4056
1592 4055
1593 4053
1594 4055
1595 4052
1596 4056
1597 4053
1598 4053
1599 4054
1600 4056
1601 4057
1602 4054
1603 4053
1604 4056
1605 4055
1606 4055
1607 4057
1608 4052
1609 4054
1610 4057
1611 4051
1612 4051
1613 4053
1614 4053
1615 4053
1616 4051
1617 4052
1618 4053
1619 4054
1620 4053
1621 4053
1622 4056
1623 4057
1624 4053
1625 4053
1626 4057
1627 4055
1628 4051
1629 4055
1630 4053
1631 4053
1632 4053
1633 4054
1634 4057
1635 4052
1636 4054
1637 4054
1638 4053
1639 4055
1640 4055
1641 4054
1642 4057
1643 4059
1644 4053
1645 4056
1646 4051
1647 4055
1648 4053
1649 4055
1650 4055
1651 4055
1652 4049
1653 4053
1654 4052
1655 4053
1656 4052
1657 4054
1658 4051
1659 4055
1660 4056
1661 4053
1662 4053
1663 4057
1664 4057
1665 4054
1666 4055
1667 4056
1668 4056
1669 4053
1670 4055
1671 4054
1672 4054
1673 4055
1674 4053
1675 4052
1676 4051
1677 4052
1678 4053
1679 4050
1680 4052
1681 4054
1682 4055
1683 4053
1684 4050
1685 4053
1686 4051
1687 4053
1688 4052
1689 4055
1690 4055
1691 4056
1692 4055
1693 4055
1694 4055
1695 4053
1696 4053
1697 4053
1698 4053
1699 4055
1700 4053
1701 4055
1702 4054
1703 4057
1704 4053
1705 4058
1706 4051
1707 4056
1708 4055
1709 4053
1710 4052
1711 4055
1712 4053
1713 4051
1714 4055
1715 4052
1716 4058
1717 4055
1718 4054
1719 4054
1720 4056
1721 4054
1722 4053
1723 4053
1724 4053
1725 4053
1726 4053
1727 4051
1728 4055
1729 4054
1730 4054
1731 4053
1732 4052
1733 4053
1734 4051
1735 4051
1736 4055
1737 4056
1738 4057
1739 4052
1740 4054
1741 4053
1742 4054
1743 4053
1744 4054
1745 4053
1746 4055
1747 4054
1748 4053
1749 4054
1750 4054
1751 4056
1752 4053
1753 4055
1754 4054
1755 4053
1756 4052
1757 4057
1758 4053
1759 4050
1760 4055
1761 4055
1762 4055
1763 4056
1764 4055
1765 4055
1766 4055
1767 4057
1768 4057
1769 4053
1770 4055
1771 4053
1772 4053
1773 4049
1774 4053
1775 4054
1776 4054
1777 4054
1778 4052
1779 4054
1780 4055
1781 4055
1782 4055
1783 4053
1784 4055
1785 4054
1786 4053
1787 4053
1788 4057
1789 4057
1790 4055
1791 4053
1792 4053
1793 4053
1794 4052
1795 4054
1796 4055
1797 4056
1798 4053
1799 4057
1800 4055
1801 4054
1802 4052
1803 4058
1804 4054
1805 4053
1806 4056
1807 4056
1808 4053
1809 4051
1810 4053
1811 4054
1812 4054
1813 4053
1814 4053
1815 4055
1816 4053
1817 4055
1818 4054
1819 4053
1820 4054
1821 4055
1822 4051
1823 4053
1824 4052
1825 4054
1826 4057
1827 4055
1828 4055
1829 4054
1830 4053
1831 4056
1832 4055
1833 4055
1834 4055
1835 4057
1836 4051
1837 4057
1838 4053
1839 4055
1840 4052
1841 4052
1842 4055
1843 4057
1844 4054
1845 4055
1846 4054
1847 4053
1848 4053
1849 4056
1850 4051
1851 4055
1852 4052
1853 4056
1854 4053
1855 4053
1856 4055
1857 4057
1858 4052
1859 4056
1860 4053
1861 4054
1862 4055
1863 4053
1864 4053
1865 4054
1866 4056
1867 4055
1868 4052
1869 4049
1870 4050
1871 4055
1872 4055
1873 4057
1874 4055
1875 4054
1876 4053
1877 4055
1878 4053
1879 4053
1880 4055
1881 4054
1882 4053
1883 4056
1884 4057
1885 4054
1886 4053
1887 4055
1888 4053
1889 4054
1890 4054
1891 4057
1892 4051
1893 4055
1894 4056
1895 4055
1896 4053
1897 4053
1898 4053
1899 4053
1900 4052
1901 4055
1902 4057
1903 4055
1904 4053
1905 4056
1906 4053
1907 4052
1908 4055
1909 4052
1910 4054
1911 4054
1912 4050
1913 4054
1914 4053
1915 4052
1916 4052
1917 4053
1918 4053
1919 4052
1920 4049
1921 4055
1922 4052
1923 4054
1924 4050
1925 4056
1926 4054
1927 4055
1928 4058
1929 4055
1930 4056
1931 4050
1932 4057
1933 4053
1934 4053
1935 4055
1936 4053
1937 4052
1938 4053
1939 4056
1940 4051
1941 4055
1942 4055
1943 4055
1944 4052
1945 4057
1946 4055
1947 4052
1948 4056
1949 4054
1950 4054
1951 4056
1952 4050
1953 4054
1954 4054
1955 4051
1956 4051
1957 4055
1958 4053
1959 4055
1960 4054
1961 4053
1962 4053
1963 4055
1964 4052
1965 4054
1966 4054
1967 4051
1968 4055
1969 4054
1970 4054
1971 4053
1972 4054
1973 4056
1974 4057
1975 4053
1976 4052
1977 4055
1978 4051
1979 4054
1980 4053
1981 4054
1982 4054
1983 4053
1984 4055
1985 4054
1986 4055
1987 4053
1988 4056
1989 4053
1990 4053
1991 4053
1992 4052
1993 4055
1994 4053
1995 4058
1996 4054
1997 4055
1998 4055
1999 4054
2000 4055
2001 4059
2002 4051
2003 4056
2004 4055
2005 4053
2006 4052
2007 4055
2008 4052
2009 4052
2010 4052
2011 4052
2012 4053
2013 4055
2014 4050
2015 4056
2016 4055
2017 4054
2018 4051
2019 4056
2020 4054
2021 4055
2022 4054
2023 4053
2024 4055
2025 4053
2026 4057
2027 4053
2028 4051
2029 4051
2030 4056
2031 4054
2032 4055
2033 4055
2034 4053
2035 4056
2036 4055
2037 4056
2038 4053
2039 4054
2040 4055
2041 4052
2042 4055
2043 4051
2044 4052
2045 4051
2046 4053
2047 4052
2048 4054
2049 4055
2050 4055
2051 4057
2052 4048
2053 4054
2054 4055
2055 4056
2056 4053
2057 4055
2058 4055
2059 4056
2060 4057
2061 4057
2062 4052
2063 4053
2064 4056
2065 4055
2066 4054
2067 4054
2068 4053
2069 4053
2070 4055
2071 4055
2072 4053
2073 4053
2074 4055
2075 4055
2076 4053
2077 4053
2078 4053
2079 4054
2080 4050
2081 4050
2082 4053
2083 4053
2084 4051
2085 4055
2086 4055
2087 4053
2088 4054
2089 4053
2090 4054
2091 4052
2092 4055
2093 4053
2094 4053
2095 4053
2096 4053
2097 4056
2098 4054
2099 4057
2100 4055
2101 4054
2102 4050
2103 4053
2104 4053
2105 4054
2106 4051
2107 4057
2108 4054
2109 4053
2110 4055
2111 4052
2112 4057
2113 4056
2114 4055
2115 4054
2116 4053
2117 4056
2118 4053
2119 4053
2120 4052
2121 4053
2122 4055
2123 4052
2124 4056
2125 4055
2126 4053
2127 4053
2128 4051
2129 4049
2130 4052
2131 4053
2132 4052
2133 4055
2134 4055
2135 4053
2136 4052
2137 4053
2138 4053
2139 4051
2140 4053
2141 4055
2142 4054
2143 4054
2144 4053
2145 4052
2146 4052
2147 4053
2148 4055
2149 4057
2150 4055
2151 4057
2152 4052
2153 4052
2154 4055
2155 4053
2156 4053
2157 4053
2158 4049
2159 4055
2160 4053
2161 4056
2162 4052
2163 4053
2164 4052
2165 4056
2166 4058
2167 4055
2168 4058
2169 4058
2170 4052
2171 4057
2172 4053
2173 4057
2174 4055
2175 4055
2176 4053
2177 4054
2178 4051
2179 4052
2180 4055
2181 4053
2182 4055
2183 4053
2184 4053
2185 4055
2186 4052
2187 4054
2188 4053
2189 4054
2190 4054
2191 4053
2192 4054
2193 4055
2194 4053
2195 4052
2196 4053
2197 4053
2198 4049
2199 4055
2200 4054
2201 4057
2202 4052
2203 4051
2204 4053
2205 4053
2206 4052
2207 4054
2208 4051
2209 4053
2210 4056
2211 4057
2212 4055
2213 4055
2214 4053
2215 4051
2216 4055
2217 4053
2218 4053
2219 4053
2220 4053
2221 4050
2222 4052
2223 4055
2224 4055
2225 4055
2226 4055
2227 4054
2228 4053
2229 4056
2230 4053
2231 4050
2232 4053
2233 4052
2234 4055
2235 4053
2236 4054
2237 4055
2238 4054
2239 4054
2240 4053
2241 4053
2242 4052
2243 4052
2244 4054
2245 4056
2246 4054
2247 4053
2248 4051
2249 4053
2250 4054
2251 4057
2252 4050
2253 4055
2254 4054
2255 4053
2256 4053
2257 4051
2258 4055
2259 4055
2260 4052
2261 4053
2262 4055
2263 4054
2264 4056
2265 4055
2266 4053
2267 4049
2268 4054
2269 4052
2270 4053
2271 4054
2272 4049
2273 4055
2274 4051
2275 4055
2276 4052
2277 4055
2278 4053
2279 4055
2280 4052
2281 4055
2282 4052
2283 4056
2284 4052
2285 4052
2286 4054
2287 4053
2288 4055
2289 4056
2290 4054
2291 4052
2292 4053
2293 4057
2294 4056
2295 4054
2296 4051
2297 4053
2298 4052
2299 4055
2300 4052
2301 4057
2302 4050
2303 4054
2304 4052
2305 4051
2306 4055
2307 4054
2308 4051
2309 4052
2310 4053
2311 4052
2312 4052
2313 4053
2314 4053
2315 4050
2316 4053
2317 4049
2318 4054
2319 4053
2320 4053
2321 4052
2322 4053
2323 4053
2324 4055
2325 4055
2326 4052
2327 4047
2328 4052
2329 4054
2330 4053
2331 4054
2332 4053
2333 4053
2334 4054
2335 4052
2336 4053
2337 4053
2338 4053
2339 4055
2340 4054
2341 4051
2342 4053
2343 4052
2344 4054
2345 4055
2346 4055
2347 4055
2348 4054
2349 4052
2350 4054
2351 4055
2352 4047
2353 4055
2354 4053
2355 4051
2356 4053
2357 4053
2358 4052
2359 4053
2360 4053
2361 4051
2362 4052
2363 4055
2364 4047
2365 4054
2366 4049
2367 4049
2368 4051
2369 4049
2370 4050
2371 4055
2372 4051
2373 4052
2374 4051
2375 4049
2376 4052
2377 4052
2378 4050
2379 4053
2380 4052
2381 4052
2382 4051
2383 4053
2384 4054
2385 4050
2386 4049
2387 4051
2388 4054
2389 4052
2390 4053
2391 4054
2392 4050
2393 4051
2394 4051
2395 4052
2396 4051
2397 4053
2398 4054
2399 4051
2400 4054
2401 4057
2402 4050
2403 4050
2404 4052
2405 4054
2406 4051
2407 4052
2408 4055
2409 4055
2410 4049
2411 4052
2412 4053
2413 4051
2414 4051
2415 4053
2416 4050
2417 4048
2418 4050
2419 4052
2420 4053
2421 4051
2422 4052
2423 4052
2424 4052
2425 4051
2426 4052
2427 4055
2428 4057
2429 4056
2430 4054
2431 4053
2432 4057
2433 4052
2434 4053
2435 4051
2436 4049
2437 4052
2438 4053
2439 4053
2440 4052
2441 4054
2442 4053
2443 4051
2444 4050
2445 4052
2446 4050
2447 4052
2448 4051
2449 4057
2450 4049
2451 4055
2452 4049
2453 4062
2454 4053
2455 4053
2456 4053
2457 4053
2458 4051
2459 4050
2460 4053
2461 4052
2462 4053
2463 4053
2464 4052
2465 4050
2466 4051
2467 4055
2468 4053
2469 4051
2470 4054
2471 4052
2472 4055
2473 4050
2474 4050
2475 4050
2476 4053
2477 4052
2478 4051
2479 4053
2480 4053
2481 4052
2482 4053
2483 4053
2484 4051
2485 4051
2486 4052
2487 4053
2488 4049
2489 4053
2490 4054
2491 4053
2492 4052
2493 4049
2494 4049
2495 4052
2496 4053
2497 4050
2498 4055
2499 4053
2500 4051
2501 4057
2502 4050
2503 4052
2504 4053
2505 4049
2506 4052
2507 4055
2508 4050
2509 4055
2510 4051
2511 4051
2512 4052
2513 4053
2514 4052
2515 4054
2516 4052
2517 4055
2518 4050
2519 4055
2520 4050
2521 4052
2522 4052
2523 4051
2524 4051
2525 4050
2526 4052
2527 4054
2528 4056
2529 4054
2530 4050
2531 4053
2532 4053
2533 4051
2534 4053
2535 4050
2536 4047
2537 4055
2538 4054
2539 4050
2540 4047
2541 4053
2542 4049
2543 4055
2544 4053
2545 4053
2546 4053
2547 4051
2548 4053
2549 4053
2550 4052
2551 4051
2552 4049
2553 4051
2554 4051
2555 4052
2556 4049
2557 4053
2558 4053
2559 4049
2560 4052
2561 4052
2562 4050
2563 4051
2564 4051
2565 4049
2566 4053
2567 4053
2568 4053
2569 4050
2570 4049
2571 4050
2572 4050
2573 4050
2574 4049
2575 4051
2576 4051
2577 4051
2578 4052
2579 4051
2580 4049
2581 4049
2582 4049
2583 4052
2584 4050
2585 4051
2586 4048
2587 4051
2588 4054
2589 4050
2590 4051
2591 4047
2592 4047
2593 4053
2594 4051
2595 4053
2596 4047
2597 4051
2598 4053
2599 4047
2600 4052
2601 4054
2602 4047
2603 4051
2604 4052
2605 4050
2606 4050
2607 4053
2608 4049
2609 4055
2610 4051
2611 4052
2612 4047
2613 4048
2614 4052
2615 4052
2616 4050
2617 4050
2618 4053
2619 4049
2620 4046
2621 4049
2622 4052
2623 4049
2624 4049
2625 4047
2626 4051
2627 4049
2628 4053
2629 4054
2630 4051
2631 4052
2632 4054
2633 4051
2634 4049
2635 4048
2636 4049
2637 4044
2638 4053
2639 4053
2640 4047
2641 4048
2642 4047
2643 4049
2644 4047
2645 4047
2646 4049
2647 4052
2648 4049
2649 4051
2650 4048
2651 4052
2652 4047
2653 4050
2654 4050
2655 4047
2656 4049
2657 4050
2658 4048
2659 4050
2660 4052
2661 4049
2662 4047
2663 4049
2664 4050
2665 4046
2666 4050
2667 4049
2668 4051
2669 4051
2670 4049
2671 4050
2672 4049
2673 4050
2674 4049
2675 4049
2676 4050
2677 4048
2678 4052
2679 4049
2680 4051
2681 4052
2682 4049
2683 4046
2684 4051
2685 4049
2686 4046
2687 4046
2688 4047
2689 4051
2690 4049
2691 4050
2692 4047
2693 4049
2694 4047
2695 4046
2696 4050
2697 4047
2698 4045
2699 4047
2700 4045
2701 4049
2702 4046
2703 4047
2704 4051
2705 4051
2706 4047
2707 4053
2708 4046
2709 4048
2710 4046
2711 4051
2712 4048
2713 4047
2714 4046
2715 4051
2716 4049
2717 4049
2718 4047
2719 4052
2720 4049
2721 4051
2722 4047
2723 4049
2724 4051
2725 4048
2726 4047
2727 4051
2728 4049
2729 4048
2730 4049
2731 4047
2732 4049
2733 4049
2734 4048
2735 4050
2736 4049
2737 4052
2738 4049
2739 4047
2740 4049
2741 4053
2742 4050
2743 4051
2744 4052
2745 4053
2746 4051
2747 4053
2748 4047
2749 4051
2750 4048
2751 4053
2752 4046
2753 4051
2754 4051
2755 4047
2756 4052
2757 4052
2758 4051
2759 4049
2760 4053
2761 4051
2762 4051
2763 4049
2764 4048
2765 4051
2766 4050
2767 4050
2768 4051
2769 4048
2770 4050
2771 4051
2772 4052
2773 4049
2774 4049
2775 4049
2776 4051
2777 4049
2778 4051
2779 4051
2780 4048
2781 4049
2782 4054
2783 4052
2784 4052
2785 4049
2786 4049
2787 4049
2788 4049
2789 4051
2790 4051
2791 4054
2792 4052
2793 4053
2794 4050
2795 4051
2796 4053
2797 4051
2798 4051
2799 4053
2800 4051
2801 4058
2802 4045
2803 4050
2804 4052
2805 4051
2806 4049
2807 4054
2808 4047
2809 4050
2810 4050
2811 4052
2812 4050
2813 4051
2814 4051
2815 4051
2816 4052
2817 4055
2818 4052
2819 4050
2820 4053
2821 4050
2822 4051
2823 4050
2824 4049
2825 4053
2826 4047
2827 4053
2828 4052
2829 4052
2830 4054
2831 4051
2832 4053
2833 4053
2834 4052
2835 4051
2836 4051
2837 4051
2838 4052
2839 4049
2840 4050
2841 4051
2842 4050
2843 4053
2844 4050
2845 4052
2846 4054
2847 4051
2848 4053
2849 4054
2850 4053
2851 4055
2852 4049
2853 4055
2854 4053
2855 4055
2856 4052
2857 4054
2858 4052
2859 4055
2860 4050
2861 4053
2862 4051
2863 4052
2864 4050
2865 4053
2866 4054
2867 4050
2868 4053
2869 4051
2870 4050
2871 4052
2872 4051
2873 4051
2874 4051
2875 4051
2876 4053
2877 4054
2878 4050
2879 4052
2880 4052
2881 4052
2882 4053
2883 4054
2884 4054
2885 4053
2886 4055
2887 4053
2888 4056
2889 4050
2890 4051
2891 4053
2892 4054
2893 4051
2894 4054
2895 4052
2896 4050
2897 4052
2898 4049
2899 4051
2900 4049
2901 4054
2902 4048
2903 4053
2904 4051
2905 4052
2906 4054
2907 4052
2908 4050
2909 4051
2910 4054
2911 4053
2912 4054
2913 4055
2914 4055
2915 4049
2916 4051
2917 4053
2918 4053
2919 4053
2920 4051
2921 4052
2922 4055
2923 4056
2924 4054
2925 4053
2926 4053
2927 4052
2928 4053
2929 4054
2930 4053
2931 4055
2932 4054
2933 4054
2934 4051
2935 4052
2936 4052
2937 4049
2938 4054
2939 4055
2940 4053
2941 4053
2942 4052
2943 4053
2944 4052
2945 4052
2946 4051
2947 4049
2948 4051
2949 4054
2950 4051
2951 4055
2952 4048
2953 4054
2954 4055
2955 4053
2956 4049
2957 4055
2958 4051
2959 4052
2960 4055
2961 4054
2962 4052
2963 4054
2964 4051
2965 4053
2966 4053
2967 4052
2968 4051
2969 4055
2970 4052
2971 4052
2972 4053
2973 4049
2974 4051
2975 4054
2976 4053
2977 4052
2978 4055
2979 4053
2980 4054
2981 4050
2982 4055
2983 4052
2984 4055
2985 4052
2986 4053
2987 4054
2988 4054
2989 4054
2990 4053
2991 4053
2992 4053
2993 4055
2994 4052
2995 4051
2996 4057
2997 4056
2998 4052
2999 4054
3000 4055
3001 4055
3002 4052
3003 4055
3004 4054
3005 4053
3006 4053
3007 4059
3008 4054
3009 4054
3010 4052
3011 4053
3012 4053
3013 4057
3014 4054
3015 4056
3016 4054
3017 4055
3018 4052
3019 4054
3020 4053
3021 4052
3022 4056
3023 4053
3024 4053
3025 4054
3026 4055
3027 4057
3028 4052
3029 4055
3030 4053
3031 4053
3032 4055
3033 4053
3034 4051
3035 4053
3036 4052
3037 4052
3038 4053
3039 4053
3040 4052
3041 4054
3042 4057
3043 4054
3044 4055
3045 4053
3046 4055
3047 4054
3048 4053
3049 4053
3050 4057
3051 4055
3052 4049
3053 4055
3054 4053
3055 4054
3056 4055
3057 4055
3058 4054
3059 4054
3060 4050
3061 4050
3062 4053
3063 4055
3064 4055
3065 4053
3066 4053
3067 4054
3068 4055
3069 4055
3070 4052
3071 4053
3072 4054
3073 4053
3074 4055
3075 4051
3076 4055
3077 4054
3078 4056
3079 4055
3080 4055
3081 4055
3082 4055
3083 4053
3084 4055
3085 4052
3086 4053
3087 4053
3088 4055
3089 4055
3090 4050
3091 4055
3092 4052
3093 4053
3094 4052
3095 4056
3096 4051
3097 4053
3098 4054
3099 4052
3100 4055
3101 4059
3102 4048
3103 4053
3104 4053
3105 4055
3106 4055
3107 4058
3108 4056
3109 4054
3110 4054
3111 4054
3112 4054
3113 4055
3114 4052
3115 4053
3116 4054
3117 4053
3118 4055
3119 4057
3120 4053
3121 4054
3122 4053
3123 4052
3124 4051
3125 4053
3126 4053
3127 4055
3128 4049
3129 4051
3130 4054
3131 4050
3132 4053
3133 4049
3134 4055
3135 4054
3136 4054
3137 4055
3138 4053
3139 4057
3140 4055
3141 4053
3142 4055
3143 4054
3144 4053
3145 4052
3146 4053
3147 4053
3148 4054
3149 4055
3150 4052
3151 4057
3152 4051
3153 4053
3154 4050
3155 4054
3156 4051
3157 4055
3158 4052
3159 4053
3160 4053
3161 4049
3162 4053
3163 4054
3164 4052
3165 4053
3166 4054
3167 4053
3168 4053
3169 4050
3170 4054
3171 4056
3172 4053
3173 4053
3174 4053
3175 4054
3176 4052
3177 4053
3178 4051
3179 4055
3180 4053
3181 4052
3182 4051
3183 4049
3184 4051
3185 4054
3186 4051
3187 4054
3188 4051
3189 4051
3190 4050
3191 4053
3192 4053
3193 4052
3194 4054
3195 4054
3196 4057
3197 4052
3198 4053
3199 4055
3200 4051
3201 4053
3202 4049
3203 4052
3204 4050
3205 4053
3206 4052
3207 4054
3208 4049
3209 4051
3210 4053
3211 4053
3212 4053
3213 4052
3214 4052
3215 4053
3216 4053
3217 4053
3218 4052
3219 4054
3220 4054
3221 4052
3222 4051
3223 4053
3224 4052
3225 4054
3226 4052
3227 4053
3228 4051
3229 4053
3230 4055
3231 4053
3232 4054
3233 4054
3234 4049
3235 4052
3236 4052
3237 4052
3238 4054
3239 4053
3240 4053
3241 4056
3242 4054
3243 4055
3244 4055
3245 4053
3246 4054
3247 4055
3248 4055
3249 4055
3250 4050
3251 4055
3252 4050
3253 4053
3254 4055
3255 4053
3256 4049
3257 4055
3258 4053
3259 4052
3260 4051
3261 4052
3262 4054
3263 4055
3264 4051
3265 4055
3266 4054
3267 4052
3268 4057
3269 4056
3270 4054
3271 4053
3272 4052
3273 4053
3274 4052
3275 4052
3276 4053
3277 4052
3278 4052
3279 4054
3280 4053
3281 4055
3282 4055
3283 4053
3284 4053
3285 4054
3286 4053
3287 4053
3288 4055
3289 4054
3290 4053
3291 4053
3292 4053
3293 4053
3294 4053
3295 4053
3296 4057
3297 4053
3298 4051
3299 4052
3300 4053
3301 4055
3302 4051
3303 4055
3304 4055
3305 4056
3306 4055
3307 4057
3308 4052
3309 4056
3310 4055
3311 4054
3312 4053
3313 4054
3314 4051
3315 4052
3316 4057
3317 4053
3318 4054
3319 4055
3320 4054
3321 4050
3322 4054
3323 4049
3324 4052
3325 4055
3326 4054
3327 4055
3328 4053
3329 4055
3330 4053
3331 4052
3332 4055
3333 4054
3334 4052
3335 4057
3336 4057
3337 4053
3338 4057
3339 4053
3340 4057
3341 4055
3342 4055
3343 4054
3344 4052
3345 4055
3346 4053
3347 4053
3348 4056
3349 4053
3350 4052
3351 4055
3352 4053
3353 4053
3354 4053
3355 4053
3356 4054
3357 4058
3358 4057
3359 4053
3360 4052
3361 4054
3362 4055
3363 4053
3364 4054
3365 4057
3366 4057
3367 4053
3368 4054
3369 4053
3370 4057
3371 4053
3372 4050
3373 4056
3374 4051
3375 4054
3376 4051
3377 4051
3378 4056
3379 4054
3380 4054
3381 4057
3382 4057
3383 4050
3384 4051
3385 4055
3386 4054
3387 4053
3388 4055
3389 4054
3390 4053
3391 4054
3392 4053
3393 4057
3394 4055
3395 4051
3396 4055
3397 4056
3398 4055
3399 4053
3400 4056
3401 4059
3402 4049
3403 4051
3404 4055
3405 4055
3406 4052
3407 4058
3408 4052
3409 4051
3410 4052
3411 4055
3412 4057
3413 4052
3414 4056
3415 4054
3416 4053
3417 4054
3418 4052
3419 4057
3420 4053
3421 4053
3422 4055
3423 4052
3424 4053
3425 4054
3426 4053
3427 4053
3428 4052
3429 4055
3430 4055
3431 4052
3432 4054
3433 4053
3434 4053
3435 4054
3436 4055
3437 4057
3438 4055
3439 4056
3440 4055
3441 4055
3442 4054
3443 4055
3444 4055
3445 4054
3446 4053
3447 4055
3448 4052
3449 4053
3450 4054
3451 4058
3452 4051
3453 4055
3454 4053
3455 4053
3456 4050
3457 4053
3458 4053
3459 4054
3460 4054
3461 4055
3462 4053
3463 4052
3464 4052
3465 4054
3466 4052
3467 4055
3468 4055
3469 4055
3470 4057
3471 4055
3472 4055
3473 4052
3474 4051
3475 4053
3476 4053
3477 4054
3478 4055
3479 4051
3480 4054
3481 4051
3482 4054
3483 4055
3484 4055
3485 4050
3486 4053
3487 4049
3488 4055
3489 4052
3490 4053
3491 4055
3492 4055
3493 4053
3494 4055
3495 4058
3496 4058
3497 4057
3498 4055
3499 4057
3500 4054
3501 4056
3502 4047
3503 4054
3504 4050
3505 4053
3506 4055
3507 4059
3508 4052
3509 4053
3510 4052
3511 4056
3512 4055
3513 4055
3514 4053
3515 4055
3516 4055
3517 4055
3518 4056
3519 4055
3520 4050
3521 4053
3522 4054
3523 4057
3524 4059
3525 4055
3526 4052
3527 4051
3528 4054
3529 4054
3530 4054
3531 4055
3532 4055
3533 4057
3534 4053
3535 4057
3536 4057
3537 4053
3538 4053
3539 4055
3540 4053
3541 4055
3542 4050
3543 4053
3544 4055
3545 4056
3546 4055
3547 4054
3548 4052
3549 4053
3550 4052
3551 4057
3552 4050
3553 4054
3554 4057
3555 4054
3556 4054
3557 4056
3558 4052
3559 4056
3560 4055
3561 4054
3562 4055
3563 4052
3564 4052
3565 4054
3566 4054
3567 4054
3568 4054
3569 4055
3570 4050
3571 4056
3572 4056
3573 4057
3574 4054
3575 4056
3576 4053
3577 4053
3578 4053
3579 4053
3580 4055
3581 4054
3582 4053
3583 4055
3584 4055
3585 4055
3586 4056
3587 4053
3588 4054
3589 4052
3590 4054
3591 4057
3592 4057
3593 4055
3594 4053
3595 4054
3596 4055
3597 4057
3598 4053
3599 4053
3600 4056
3601 4057
3602 4052
3603 4053
3604 4053
3605 4052
3606 4053
3607 4051
3608 4055
3609 4054
3610 4054
3611 4057
3612 4055
3613 4056
3614 4054
3615 4055
3616 4054
3617 4052
3618 4052
3619 4055
3620 4053
3621 4055
3622 4055
3623 4056
3624 4056
3625 4057
3626 4055
3627 4055
3628 4053
3629 4057
3630 4054
3631 4053
3632 4052
3633 4056
3634 4053
3635 4053
3636 4051
3637 4055
3638 4057
3639 4055
3640 4052
3641 4053
3642 4054
3643 4054
3644 4055
3645 4055
3646 4060
3647 4055
3648 4055
3649 4054
3650 4055
3651 4057
3652 4051
3653 4054
3654 4057
3655 4056
3656 4050
3657 4055
3658 4053
3659 4052
3660 4052
3661 4053
3662 4055
3663 4052
3664 4053
3665 4056
3666 4050
3667 4054
3668 4055
3669 4054
3670 4053
3671 4055
3672 4054
3673 4051
3674 4055
3675 4053
3676 4054
3677 4050
3678 4053
3679 4057
3680 4053
3681 4051
3682 4057
3683 4053
3684 4056
3685 4053
3686 4053
3687 4051
3688 4055
3689 4055
3690 4052
3691 4056
3692 4055
3693 4052
3694 4057
