#Data from the TCD1304 linear CCD
#column 1 = pixelnumber , column 2 = pixelvalue
#Pixel 1-32 and 3679-3694 and are dummy pixels
#SH-period: 200    ICG-period: 100000    Integration time: 100.0 us
2 4042
3 4043
4 4066
5 4064
6 4064
7 4067
8 4067
9 4064
10 4065
11 4064
12 4064
13 4066
14 4065
15 4062
16 4066
17 4064
18 4066
19 4066
20 4064
21 4066
22 4064
23 4064
24 4064
25 4064
26 4060
27 4067
28 4064
29 4066
30 4062
31 4067
32 4064
34 4062
35 4064
36 4064
37 4064
38 4068
39 4064
40 4066
41 4067
42 4060
43 4064
44 4067
45 4064
46 4064
47 4066
48 4066
49 4064
50 4066
51 4066
52 4059
53 4064
54 4062
55 4062
56 4068
57 4064
58 4064
59 4066
60 4065
61 4064
62 4065
63 4064
64 4064
65 4064
66 4064
67 4066
68 4066
69 4066
70 4066
71 4066
72 4064
73 4066
74 4065
75 4064
76 4064
77 4062
78 4064
79 4064
80 4066
81 4065
82 4066
83 4066
84 4066
85 4066
86 4064
87 4064
88 4064
89 4064
90 4064
91 4067
92 4064
93 4064
94 4064
95 4065
96 4064
97 4065
98 4062
99 4064
100 4061
101 4070
102 4059
103 4066
104 4064
105 4064
106 4064
107 4061
108 4066
109 4062
110 4066
111 4066
112 4065
113 4060
114 4065
115 4065
116 4062
117 4064
118 4064
119 4066
120 4064
121 4064
122 4064
123 4060
124 4064
125 4064
126 4064
127 4065
128 4064
129 4064
130 4059
131 4066
132 4062
133 4064
134 4064
135 4064
136 4059
137 4064
138 4062
139 4064
140 4059
141 4061
142 4064
143 4067
144 4065
145 4064
146 4064
147 4069
148 4064
149 4064
150 4066
151 4068
152 4061
153 4062
154 4065
155 4064
156 4064
157 4064
158 4064
159 4064
160 4066
161 4064
162 4060
163 4066
164 4068
165 4064
166 4064
167 4066
168 4064
169 4066
170 4060
171 4066
172 4064
173 4064
174 4065
175 4062
176 4064
177 4062
178 4064
179 4064
180 4064
181 4064
182 4067
183 4062
184 4064
185 4066
186 4064
187 4068
188 4060
189 4064
190 4066
191 4064
192 4066
193 4064
194 4064
195 4064
196 4067
197 4065
198 4064
199 4067
200 4066
201 4069
202 4061
203 4064
204 4062
205 4066
206 4064
207 4059
208 4066
209 4066
210 4064
211 4062
212 4064
213 4066
214 4062
215 4066
216 4064
217 4066
218 4066
219 4064
220 4066
221 4062
222 4066
223 4064
224 4064
225 4064
226 4062
227 4064
228 4064
229 4066
230 4064
231 4066
232 4062
233 4064
234 4064
235 4067
236 4062
237 4068
238 4061
239 4064
240 4064
241 4064
242 4062
243 4064
244 4064
245 4064
246 4064
247 4064
248 4062
249 4064
250 4064
251 4068
252 4059
253 4060
254 4064
255 4066
256 4065
257 4066
258 4064
259 4064
260 4062
261 4064
262 4065
263 4064
264 4064
265 4064
266 4064
267 4064
268 4066
269 4064
270 4064
271 4064
272 4064
273 4064
274 4064
275 4064
276 4064
277 4064
278 4064
279 4062
280 4064
281 4066
282 4060
283 4066
284 4060
285 4066
286 4064
287 4064
288 4060
289 4065
290 4062
291 4067
292 4064
293 4065
294 4064
295 4062
296 4065
297 4062
298 4062
299 4064
300 4065
301 4067
302 4060
303 4064
304 4061
305 4064
306 4064
307 4061
308 4061
309 4062
310 4066
311 4064
312 4064
313 4064
314 4064
315 4064
316 4064
317 4064
318 4064
319 4066
320 4058
321 4064
322 4064
323 4064
324 4064
325 4064
326 4062
327 4061
328 4064
329 4064
330 4064
331 4062
332 4061
333 4066
334 4065
335 4062
336 4064
337 4060
338 4060
339 4064
340 4066
341 4062
342 4064
343 4061
344 4064
345 4064
346 4066
347 4066
348 4064
349 4064
350 4061
351 4066
352 4064
353 4064
354 4062
355 4064
356 4064
357 4065
358 4062
359 4064
360 4066
361 4064
362 4064
363 4062
364 4064
365 4064
366 4062
367 4064
368 4064
369 4060
370 4062
371 4061
372 4066
373 4065
374 4067
375 4064
376 4066
377 4064
378 4064
379 4062
380 4064
381 4067
382 4064
383 4066
384 4064
385 4067
386 4066
387 4064
388 4064
389 4066
390 4066
391 4064
392 4066
393 4062
394 4064
395 4064
396 4064
397 4064
398 4066
399 4064
400 4064
401 4066
402 4060
403 4066
404 4066
405 4064
406 4065
407 4059
408 4064
409 4062
410 4060
411 4066
412 4064
413 4064
414 4064
415 4065
416 4064
417 4065
418 4060
419 4066
420 4064
421 4059
422 4064
423 4064
424 4064
425 4064
426 4067
427 4065
428 4066
429 4062
430 4068
431 4066
432 4064
433 4064
434 4064
435 4062
436 4068
437 4064
438 4064
439 4064
440 4064
441 4061
442 4062
443 4066
444 4062
445 4064
446 4064
447 4066
448 4065
449 4062
450 4066
451 4066
452 4062
453 4064
454 4062
455 4064
456 4064
457 4064
458 4066
459 4064
460 4064
461 4062
462 4064
463 4066
464 4066
465 4064
466 4064
467 4066
468 4064
469 4064
470 4064
471 4064
472 4064
473 4064
474 4064
475 4064
476 4064
477 4062
478 4061
479 4064
480 4064
481 4064
482 4064
483 4065
484 4064
485 4064
486 4064
487 4064
488 4064
489 4058
490 4064
491 4062
492 4064
493 4062
494 4062
495 4064
496 4062
497 4064
498 4062
499 4064
500 4064
501 4067
502 4059
503 4064
504 4064
505 4062
506 4064
507 4066
508 4059
509 4064
510 4065
511 4066
512 4066
513 4062
514 4065
515 4066
516 4066
517 4066
518 4064
519 4064
520 4064
521 4065
522 4064
523 4064
524 4064
525 4064
526 4064
527 4064
528 4064
529 4064
530 4065
531 4062
532 4064
533 4066
534 4064
535 4064
536 4064
537 4066
538 4065
539 4064
540 4065
541 4065
542 4061
543 4064
544 4064
545 4064
546 4066
547 4064
548 4062
549 4062
550 4061
551 4066
552 4062
553 4062
554 4064
555 4064
556 4066
557 4066
558 4066
559 4062
560 4059
561 4067
562 4064
563 4068
564 4064
565 4064
566 4064
567 4062
568 4060
569 4064
570 4065
571 4068
572 4062
573 4066
574 4060
575 4066
576 4061
577 4065
578 4062
579 4064
580 4064
581 4068
582 4064
583 4064
584 4064
585 4064
586 4062
587 4062
588 4064
589 4066
590 4062
591 4065
592 4062
593 4064
594 4061
595 4068
596 4060
597 4062
598 4066
599 4065
600 4062
601 4066
602 4064
603 4062
604 4060
605 4066
606 4064
607 4064
608 4064
609 4066
610 4064
611 4064
612 4064
613 4066
614 4064
615 4064
616 4064
617 4064
618 4066
619 4066
620 4064
621 4064
622 4066
623 4066
624 4064
625 4064
626 4066
627 4066
628 4060
629 4064
630 4062
631 4064
632 4066
633 4066
634 4065
635 4064
636 4066
637 4066
638 4060
639 4064
640 4066
641 4068
642 4065
643 4066
644 4065
645 4061
646 4064
647 4065
648 4064
649 4064
650 4066
651 4066
652 4060
653 4064
654 4066
655 4064
656 4064
657 4064
658 4064
659 4066
660 4064
661 4066
662 4062
663 4062
664 4062
665 4064
666 4064
667 4067
668 4067
669 4065
670 4064
671 4064
672 4066
673 4066
674 4064
675 4064
676 4062
677 4064
678 4065
679 4066
680 4064
681 4064
682 4066
683 4066
684 4066
685 4065
686 4065
687 4064
688 4065
689 4064
690 4060
691 4064
692 4065
693 4066
694 4062
695 4064
696 4065
697 4064
698 4060
699 4067
700 4064
701 4066
702 4064
703 4064
704 4064
705 4068
706 4066
707 4061
708 4064
709 4066
710 4064
711 4064
712 4064
713 4064
714 4061
715 4066
716 4064
717 4064
718 4065
719 4065
720 4064
721 4067
722 4062
723 4066
724 4067
725 4062
726 4064
727 4062
728 4065
729 4064
730 4064
731 4067
732 4064
733 4064
734 4061
735 4064
736 4060
737 4065
738 4064
739 4064
740 4062
741 4064
742 4068
743 4066
744 4065
745 4067
746 4061
747 4064
748 4064
749 4066
750 4061
751 4064
752 4064
753 4066
754 4064
755 4064
756 4062
757 4060
758 4066
759 4065
760 4060
761 4067
762 4060
763 4066
764 4065
765 4066
766 4066
767 4064
768 4064
769 4064
770 4066
771 4061
772 4064
773 4065
774 4062
775 4068
776 4064
777 4066
778 4064
779 4064
780 4064
781 4064
782 4064
783 4065
784 4064
785 4066
786 4064
787 4064
788 4062
789 4064
790 4064
791 4064
792 4064
793 4066
794 4064
795 4064
796 4064
797 4066
798 4066
799 4064
800 4064
801 4069
802 4064
803 4066
804 4060
805 4060
806 4064
807 4066
808 4064
809 4064
810 4062
811 4064
812 4064
813 4066
814 4060
815 4064
816 4062
817 4068
818 4064
819 4064
820 4064
821 4066
822 4065
823 4065
824 4064
825 4066
826 4065
827 4062
828 4064
829 4065
830 4064
831 4068
832 4064
833 4061
834 4064
835 4062
836 4066
837 4064
838 4066
839 4066
840 4064
841 4065
842 4062
843 4065
844 4064
845 4066
846 4064
847 4065
848 4064
849 4062
850 4064
851 4068
852 4060
853 4064
854 4064
855 4064
856 4064
857 4064
858 4065
859 4066
860 4066
861 4065
862 4065
863 4062
864 4064
865 4064
866 4064
867 4064
868 4064
869 4064
870 4064
871 4065
872 4064
873 4064
874 4062
875 4066
876 4064
877 4064
878 4065
879 4065
880 4066
881 4064
882 4064
883 4062
884 4062
885 4064
886 4064
887 4064
888 4066
889 4067
890 4064
891 4066
892 4067
893 4061
894 4064
895 4064
896 4062
897 4064
898 4064
899 4064
900 4061
901 4066
902 4066
903 4064
904 4064
905 4064
906 4063
907 4061
908 4064
909 4065
910 4064
911 4060
912 4066
913 4062
914 4064
915 4066
916 4064
917 4064
918 4065
919 4062
920 4065
921 4064
922 4064
923 4064
924 4066
925 4066
926 4065
927 4065
928 4062
929 4066
930 4062
931 4064
932 4064
933 4064
934 4065
935 4065
936 4065
937 4067
938 4066
939 4064
940 4064
941 4066
942 4064
943 4064
944 4060
945 4064
946 4062
947 4064
948 4066
949 4064
950 4060
951 4067
952 4060
953 4068
954 4064
955 4065
956 4064
957 4066
958 4067
959 4066
960 4064
961 4067
962 4062
963 4062
964 4065
965 4064
966 4064
967 4060
968 4066
969 4064
970 4061
971 4067
972 4065
973 4068
974 4060
975 4064
976 4064
977 4064
978 4066
979 4064
980 4066
981 4062
982 4064
983 4066
984 4065
985 4064
986 4064
987 4064
988 4062
989 4067
990 4068
991 4061
992 4064
993 4064
994 4067
995 4064
996 4064
997 4065
998 4064
999 4064
1000 4064
1001 4067
1002 4062
1003 4066
1004 4064
1005 4066
1006 4066
1007 4064
1008 4066
1009 4062
1010 4062
1011 4064
1012 4064
1013 4064
1014 4064
1015 4067
1016 4064
1017 4064
1018 4067
1019 4066
1020 4064
1021 4066
1022 4060
1023 4062
1024 4066
1025 4064
1026 4062
1027 4062
1028 4064
1029 4061
1030 4062
1031 4064
1032 4064
1033 4064
1034 4067
1035 4065
1036 4065
1037 4066
1038 4064
1039 4064
1040 4064
1041 4064
1042 4062
1043 4067
1044 4064
1045 4064
1046 4066
1047 4064
1048 4064
1049 4066
1050 4067
1051 4064
1052 4062
1053 4066
1054 4064
1055 4064
1056 4067
1057 4064
1058 4064
1059 4065
1060 4064
1061 4066
1062 4064
1063 4062
1064 4065
1065 4066
1066 4066
1067 4062
1068 4064
1069 4064
1070 4064
1071 4065
1072 4066
1073 4066
1074 4064
1075 4064
1076 4066
1077 4064
1078 4064
1079 4064
1080 4061
1081 4065
1082 4067
1083 4064
1084 4066
1085 4066
1086 4064
1087 4066
1088 4066
1089 4064
1090 4064
1091 4067
1092 4061
1093 4064
1094 4062
1095 4064
1096 4064
1097 4064
1098 4064
1099 4065
1100 4064
1101 4065
1102 4064
1103 4059
1104 4062
1105 4066
1106 4064
1107 4064
1108 4066
1109 4066
1110 4062
1111 4064
1112 4064
1113 4067
1114 4066
1115 4059
1116 4064
1117 4064
1118 4064
1119 4066
1120 4066
1121 4061
1122 4066
1123 4064
1124 4062
1125 4066
1126 4064
1127 4064
1128 4062
1129 4066
1130 4061
1131 4067
1132 4064
1133 4067
1134 4064
1135 4064
1136 4064
1137 4066
1138 4066
1139 4066
1140 4059
1141 4064
1142 4064
1143 4064
1144 4066
1145 4065
1146 4064
1147 4064
1148 4067
1149 4066
1150 4064
1151 4067
1152 4059
1153 4061
1154 4067
1155 4066
1156 4065
1157 4064
1158 4065
1159 4064
1160 4062
1161 4064
1162 4062
1163 4064
1164 4065
1165 4064
1166 4066
1167 4059
1168 4066
1169 4064
1170 4064
1171 4061
1172 4064
1173 4064
1174 4064
1175 4064
1176 4065
1177 4064
1178 4064
1179 4066
1180 4066
1181 4067
1182 4062
1183 4064
1184 4062
1185 4067
1186 4065
1187 4066
1188 4064
1189 4061
1190 4064
1191 4060
1192 4064
1193 4069
1194 4064
1195 4064
1196 4064
1197 4064
1198 4062
1199 4064
1200 4064
1201 4068
1202 4064
1203 4069
1204 4062
1205 4065
1206 4066
1207 4066
1208 4064
1209 4064
1210 4067
1211 4064
1212 4064
1213 4064
1214 4066
1215 4064
1216 4066
1217 4068
1218 4065
1219 4064
1220 4064
1221 4062
1222 4066
1223 4062
1224 4064
1225 4067
1226 4064
1227 4064
1228 4064
1229 4064
1230 4066
1231 4066
1232 4059
1233 4062
1234 4064
1235 4067
1236 4061
1237 4066
1238 4065
1239 4066
1240 4066
1241 4065
1242 4066
1243 4066
1244 4066
1245 4066
1246 4064
1247 4068
1248 4064
1249 4064
1250 4065
1251 4066
1252 4064
1253 4064
1254 4065
1255 4064
1256 4067
1257 4064
1258 4066
1259 4062
1260 4064
1261 4062
1262 4061
1263 4066
1264 4064
1265 4064
1266 4066
1267 4066
1268 4064
1269 4065
1270 4067
1271 4060
1272 4062
1273 4060
1274 4064
1275 4065
1276 4062
1277 4065
1278 4064
1279 4062
1280 4066
1281 4067
1282 4064
1283 4066
1284 4067
1285 4059
1286 4064
1287 4065
1288 4062
1289 4064
1290 4067
1291 4067
1292 4066
1293 4064
1294 4064
1295 4062
1296 4064
1297 4064
1298 4060
1299 4066
1300 4064
1301 4067
1302 4059
1303 4060
1304 4064
1305 4062
1306 4067
1307 4064
1308 4062
1309 4065
1310 4064
1311 4064
1312 4064
1313 4068
1314 4067
1315 4064
1316 4061
1317 4064
1318 4066
1319 4064
1320 4066
1321 4064
1322 4066
1323 4064
1324 4062
1325 4064
1326 4064
1327 4065
1328 4060
1329 4064
1330 4066
1331 4064
1332 4061
1333 4066
1334 4064
1335 4064
1336 4066
1337 4064
1338 4064
1339 4064
1340 4065
1341 4060
1342 4065
1343 4067
1344 4065
1345 4066
1346 4064
1347 4062
1348 4062
1349 4066
1350 4066
1351 4066
1352 4058
1353 4064
1354 4064
1355 4064
1356 4064
1357 4065
1358 4064
1359 4066
1360 4060
1361 4062
1362 4064
1363 4062
1364 4059
1365 4064
1366 4064
1367 4066
1368 4061
1369 4066
1370 4066
1371 4065
1372 4064
1373 4064
1374 4064
1375 4065
1376 4061
1377 4064
1378 4064
1379 4067
1380 4064
1381 4064
1382 4066
1383 4060
1384 4060
1385 4064
1386 4064
1387 4067
1388 4066
1389 4066
1390 4062
1391 4064
1392 4064
1393 4066
1394 4064
1395 4066
1396 4061
1397 4062
1398 4064
1399 4064
1400 4064
1401 4066
1402 4064
1403 4064
1404 4064
1405 4061
1406 4064
1407 4064
1408 4064
1409 4059
1410 4064
1411 4064
1412 4064
1413 4064
1414 4064
1415 4062
1416 4064
1417 4065
1418 4067
1419 4069
1420 4065
1421 4064
1422 4064
1423 4061
1424 4064
1425 4067
1426 4064
1427 4066
1428 4065
1429 4065
1430 4062
1431 4067
1432 4059
1433 4066
1434 4062
1435 4064
1436 4064
1437 4064
1438 4062
1439 4061
1440 4064
1441 4061
1442 4064
1443 4064
1444 4064
1445 4065
1446 4064
1447 4068
1448 4062
1449 4066
1450 4064
1451 4067
1452 4061
1453 4064
1454 4062
1455 4067
1456 4065
1457 4064
1458 4064
1459 4066
1460 4064
1461 4062
1462 4066
1463 4065
1464 4060
1465 4064
1466 4062
1467 4064
1468 4064
1469 4063
1470 4064
1471 4064
1472 4061
1473 4064
1474 4064
1475 4064
1476 4066
1477 4064
1478 4064
1479 4064
1480 4068
1481 4064
1482 4062
1483 4064
1484 4062
1485 4064
1486 4064
1487 4067
1488 4064
1489 4064
1490 4066
1491 4064
1492 4064
1493 4062
1494 4064
1495 4062
1496 4066
1497 4062
1498 4066
1499 4060
1500 4064
1501 4069
1502 4062
1503 4059
1504 4064
1505 4064
1506 4064
1507 4064
1508 4062
1509 4064
1510 4064
1511 4064
1512 4064
1513 4061
1514 4064
1515 4059
1516 4066
1517 4064
1518 4062
1519 4064
1520 4061
1521 4066
1522 4064
1523 4064
1524 4066
1525 4061
1526 4066
1527 4064
1528 4064
1529 4065
1530 4064
1531 4064
1532 4062
1533 4061
1534 4064
1535 4064
1536 4067
1537 4068
1538 4064
1539 4066
1540 4064
1541 4064
1542 4064
1543 4064
1544 4064
1545 4062
1546 4062
1547 4065
1548 4064
1549 4064
1550 4064
1551 4066
1552 4061
1553 4064
1554 4066
1555 4062
1556 4064
1557 4064
1558 4061
1559 4064
1560 4064
1561 4066
1562 4058
1563 4064
1564 4067
1565 4064
1566 4064
1567 4064
1568 4064
1569 4060
1570 4061
1571 4066
1572 4062
1573 4064
1574 4064
1575 4064
1576 4064
1577 4064
1578 4066
1579 4065
1580 4062
1581 4068
1582 4062
1583 4062
1584 4064
1585 4065
1586 4062
1587 4064
1588 4061
1589 4064
1590 4064
1591 4064
1592 4064
1593 4062
1594 4066
1595 4062
1596 4064
1597 4064
1598 4062
1599 4064
1600 4064
1601 4064
1602 4061
1603 4064
1604 4064
1605 4064
1606 4066
1607 4060
1608 4064
1609 4067
1610 4061
1611 4064
1612 4064
1613 4064
1614 4059
1615 4064
1616 4062
1617 4064
1618 4059
1619 4064
1620 4062
1621 4065
1622 4064
1623 4062
1624 4064
1625 4060
1626 4064
1627 4066
1628 4064
1629 4067
1630 4058
1631 4064
1632 4059
1633 4061
1634 4064
1635 4064
1636 4064
1637 4060
1638 4064
1639 4066
1640 4064
1641 4066
1642 4066
1643 4062
1644 4064
1645 4066
1646 4062
1647 4064
1648 4065
1649 4064
1650 4064
1651 4067
1652 4064
1653 4064
1654 4064
1655 4064
1656 4064
1657 4064
1658 4062
1659 4067
1660 4064
1661 4062
1662 4064
1663 4064
1664 4064
1665 4066
1666 4064
1667 4062
1668 4064
1669 4064
1670 4064
1671 4065
1672 4064
1673 4065
1674 4059
1675 4064
1676 4064
1677 4065
1678 4062
1679 4062
1680 4064
1681 4067
1682 4062
1683 4066
1684 4064
1685 4068
1686 4064
1687 4064
1688 4064
1689 4066
1690 4064
1691 4062
1692 4061
1693 4064
1694 4062
1695 4062
1696 4064
1697 4065
1698 4064
1699 4062
1700 4064
1701 4070
1702 4060
1703 4064
1704 4062
1705 4064
1706 4066
1707 4062
1708 4064
1709 4066
1710 4064
1711 4066
1712 4064
1713 4065
1714 4061
1715 4066
1716 4062
1717 4062
1718 4066
1719 4060
1720 4067
1721 4067
1722 4062
1723 4064
1724 4064
1725 4067
1726 4062
1727 4066
1728 4062
1729 4066
1730 4062
1731 4060
1732 4064
1733 4066
1734 4059
1735 4064
1736 4064
1737 4064
1738 4062
1739 4064
1740 4064
1741 4064
1742 4064
1743 4065
1744 4064
1745 4066
1746 4064
1747 4064
1748 4064
1749 4064
1750 4068
1751 4066
1752 4059
1753 4064
1754 4060
1755 4064
1756 4066
1757 4064
1758 4064
1759 4066
1760 4064
1761 4064
1762 4064
1763 4065
1764 4068
1765 4062
1766 4064
1767 4064
1768 4061
1769 4065
1770 4064
1771 4064
1772 4061
1773 4064
1774 4062
1775 4066
1776 4064
1777 4066
1778 4062
1779 4064
1780 4061
1781 4066
1782 4059
1783 4064
1784 4064
1785 4066
1786 4064
1787 4065
1788 4066
1789 4064
1790 4064
1791 4064
1792 4062
1793 4062
1794 4061
1795 4062
1796 4064
1797 4064
1798 4066
1799 4065
1800 4064
1801 4068
1802 4062
1803 4059
1804 4060
1805 4064
1806 4065
1807 4064
1808 4055
1809 4066
1810 4062
1811 4064
1812 4064
1813 4066
1814 4062
1815 4064
1816 4064
1817 4064
1818 4060
1819 4064
1820 4064
1821 4064
1822 4066
1823 4064
1824 4064
1825 4064
1826 4064
1827 4064
1828 4064
1829 4062
1830 4065
1831 4066
1832 4064
1833 4064
1834 4064
1835 4066
1836 4064
1837 4064
1838 4064
1839 4065
1840 4060
1841 4062
1842 4063
1843 4062
1844 4068
1845 4066
1846 4064
1847 4064
1848 4066
1849 4064
1850 4065
1851 4064
1852 4062
1853 4064
1854 4064
1855 4065
1856 4066
1857 4062
1858 4062
1859 4064
1860 4064
1861 4066
1862 4064
1863 4062
1864 4059
1865 4067
1866 4060
1867 4066
1868 4064
1869 4064
1870 4062
1871 4064
1872 4064
1873 4064
1874 4062
1875 4064
1876 4062
1877 4062
1878 4064
1879 4066
1880 4062
1881 4064
1882 4064
1883 4064
1884 4064
1885 4060
1886 4064
1887 4062
1888 4066
1889 4062
1890 4067
1891 4064
1892 4064
1893 4062
1894 4061
1895 4068
1896 4067
1897 4059
1898 4062
1899 4056
1900 4067
1901 4066
1902 4059
1903 4064
1904 4064
1905 4064
1906 4064
1907 4066
1908 4060
1909 4064
1910 4065
1911 4064
1912 4064
1913 4062
1914 4061
1915 4064
1916 4064
1917 4066
1918 4060
1919 4064
1920 4062
1921 4066
1922 4059
1923 4068
1924 4064
1925 4062
1926 4064
1927 4064
1928 4062
1929 4066
1930 4060
1931 4064
1932 4059
1933 4064
1934 4064
1935 4066
1936 4064
1937 4062
1938 4061
1939 4064
1940 4064
1941 4062
1942 4064
1943 4062
1944 4064
1945 4064
1946 4067
1947 4062
1948 4064
1949 4065
1950 4064
1951 4069
1952 4057
1953 4064
1954 4062
1955 4064
1956 4067
1957 4064
1958 4064
1959 4064
1960 4064
1961 4062
1962 4060
1963 4065
1964 4064
1965 4066
1966 4061
1967 4064
1968 4060
1969 4065
1970 4059
1971 4064
1972 4059
1973 4064
1974 4062
1975 4064
1976 4062
1977 4061
1978 4064
1979 4064
1980 4064
1981 4062
1982 4064
1983 4064
1984 4062
1985 4066
1986 4064
1987 4060
1988 4066
1989 4064
1990 4061
1991 4062
1992 4062
1993 4066
1994 4066
1995 4064
1996 4064
1997 4059
1998 4064
1999 4064
2000 4064
2001 4066
2002 4061
2003 4062
2004 4061
2005 4064
2006 4064
2007 4064
2008 4062
2009 4059
2010 4062
2011 4064
2012 4059
2013 4062
2014 4062
2015 4064
2016 4066
2017 4064
2018 4061
2019 4062
2020 4064
2021 4064
2022 4060
2023 4066
2024 4064
2025 4062
2026 4064
2027 4061
2028 4064
2029 4062
2030 4064
2031 4062
2032 4065
2033 4061
2034 4064
2035 4064
2036 4062
2037 4065
2038 4064
2039 4062
2040 4064
2041 4058
2042 4062
2043 4064
2044 4064
2045 4062
2046 4062
2047 4062
2048 4065
2049 4064
2050 4062
2051 4066
2052 4059
2053 4064
2054 4064
2055 4064
2056 4062
2057 4065
2058 4062
2059 4064
2060 4061
2061 4061
2062 4062
2063 4064
2064 4062
2065 4064
2066 4062
2067 4064
2068 4067
2069 4064
2070 4059
2071 4064
2072 4064
2073 4060
2074 4060
2075 4064
2076 4062
2077 4062
2078 4064
2079 4064
2080 4062
2081 4066
2082 4062
2083 4064
2084 4061
2085 4059
2086 4064
2087 4062
2088 4062
2089 4064
2090 4062
2091 4061
2092 4064
2093 4064
2094 4062
2095 4064
2096 4062
2097 4064
2098 4064
2099 4064
2100 4067
2101 4066
2102 4059
2103 4060
2104 4064
2105 4064
2106 4064
2107 4064
2108 4060
2109 4064
2110 4062
2111 4062
2112 4060
2113 4064
2114 4064
2115 4060
2116 4064
2117 4062
2118 4062
2119 4065
2120 4064
2121 4064
2122 4064
2123 4064
2124 4060
2125 4064
2126 4060
2127 4062
2128 4062
2129 4062
2130 4062
2131 4062
2132 4060
2133 4064
2134 4061
2135 4064
2136 4064
2137 4062
2138 4064
2139 4062
2140 4062
2141 4062
2142 4064
2143 4062
2144 4064
2145 4064
2146 4064
2147 4061
2148 4062
2149 4066
2150 4062
2151 4067
2152 4059
2153 4059
2154 4062
2155 4062
2156 4066
2157 4061
2158 4062
2159 4064
2160 4065
2161 4064
2162 4062
2163 4059
2164 4058
2165 4060
2166 4064
2167 4060
2168 4064
2169 4062
2170 4064
2171 4062
2172 4061
2173 4058
2174 4062
2175 4064
2176 4065
2177 4064
2178 4062
2179 4066
2180 4064
2181 4064
2182 4059
2183 4064
2184 4062
2185 4060
2186 4061
2187 4062
2188 4064
2189 4064
2190 4064
2191 4064
2192 4063
2193 4064
2194 4062
2195 4064
2196 4062
2197 4060
2198 4064
2199 4058
2200 4059
2201 4064
2202 4059
2203 4064
2204 4062
2205 4060
2206 4065
2207 4059
2208 4066
2209 4062
2210 4062
2211 4062
2212 4062
2213 4061
2214 4064
2215 4064
2216 4057
2217 4062
2218 4062
2219 4064
2220 4060
2221 4065
2222 4059
2223 4058
2224 4064
2225 4060
2226 4066
2227 4062
2228 4058
2229 4062
2230 4064
2231 4064
2232 4062
2233 4064
2234 4058
2235 4060
2236 4059
2237 4058
2238 4061
2239 4058
2240 4062
2241 4059
2242 4060
2243 4058
2244 4062
2245 4066
2246 4058
2247 4061
2248 4061
2249 4062
2250 4064
2251 4064
2252 4055
2253 4064
2254 4059
2255 4056
2256 4064
2257 4061
2258 4059
2259 4062
2260 4058
2261 4058
2262 4060
2263 4060
2264 4062
2265 4058
2266 4062
2267 4062
2268 4059
2269 4062
2270 4062
2271 4061
2272 4058
2273 4060
2274 4060
2275 4060
2276 4064
2277 4064
2278 4059
2279 4056
2280 4059
2281 4062
2282 4060
2283 4058
2284 4060
2285 4064
2286 4062
2287 4060
2288 4060
2289 4058
2290 4058
2291 4062
2292 4062
2293 4054
2294 4064
2295 4062
2296 4064
2297 4061
2298 4054
2299 4061
2300 4064
2301 4066
2302 4056
2303 4064
2304 4061
2305 4058
2306 4059
2307 4061
2308 4058
2309 4056
2310 4058
2311 4062
2312 4055
2313 4060
2314 4060
2315 4060
2316 4062
2317 4058
2318 4057
2319 4055
2320 4058
2321 4059
2322 4054
2323 4059
2324 4055
2325 4059
2326 4058
2327 4058
2328 4058
2329 4058
2330 4061
2331 4062
2332 4058
2333 4059
2334 4060
2335 4059
2336 4058
2337 4055
2338 4058
2339 4061
2340 4054
2341 4058
2342 4055
2343 4058
2344 4057
2345 4056
2346 4059
2347 4060
2348 4058
2349 4058
2350 4059
2351 4062
2352 4056
2353 4060
2354 4058
2355 4057
2356 4059
2357 4059
2358 4059
2359 4056
2360 4058
2361 4055
2362 4060
2363 4059
2364 4060
2365 4056
2366 4059
2367 4055
2368 4058
2369 4064
2370 4059
2371 4060
2372 4059
2373 4060
2374 4055
2375 4055
2376 4055
2377 4058
2378 4059
2379 4055
2380 4055
2381 4055
2382 4059
2383 4057
2384 4054
2385 4054
2386 4059
2387 4058
2388 4058
2389 4055
2390 4055
2391 4054
2392 4058
2393 4058
2394 4058
2395 4054
2396 4059
2397 4058
2398 4058
2399 4059
2400 4054
2401 4064
2402 4054
2403 4057
2404 4058
2405 4058
2406 4058
2407 4059
2408 4057
2409 4055
2410 4059
2411 4058
2412 4056
2413 4059
2414 4060
2415 4055
2416 4056
2417 4053
2418 4058
2419 4058
2420 4058
2421 4058
2422 4056
2423 4054
2424 4055
2425 4055
2426 4054
2427 4055
2428 4059
2429 4055
2430 4054
2431 4059
2432 4059
2433 4056
2434 4058
2435 4054
2436 4055
2437 4055
2438 4053
2439 4055
2440 4057
2441 4054
2442 4055
2443 4055
2444 4056
2445 4056
2446 4054
2447 4055
2448 4057
2449 4056
2450 4055
2451 4060
2452 4055
2453 4051
2454 4052
2455 4055
2456 4055
2457 4059
2458 4058
2459 4054
2460 4059
2461 4055
2462 4060
2463 4055
2464 4059
2465 4056
2466 4057
2467 4058
2468 4059
2469 4058
2470 4059
2471 4058
2472 4055
2473 4054
2474 4058
2475 4058
2476 4061
2477 4058
2478 4058
2479 4061
2480 4055
2481 4055
2482 4059
2483 4056
2484 4058
2485 4058
2486 4058
2487 4055
2488 4056
2489 4058
2490 4058
2491 4056
2492 4060
2493 4059
2494 4064
2495 4059
2496 4060
2497 4056
2498 4058
2499 4059
2500 4060
2501 4060
2502 4055
2503 4059
2504 4059
2505 4059
2506 4059
2507 4058
2508 4054
2509 4059
2510 4054
2511 4058
2512 4053
2513 4054
2514 4051
2515 4057
2516 4054
2517 4058
2518 4055
2519 4058
2520 4058
2521 4057
2522 4055
2523 4055
2524 4055
2525 4055
2526 4055
2527 4060
2528 4058
2529 4055
2530 4059
2531 4058
2532 4058
2533 4058
2534 4058
2535 4060
2536 4061
2537 4061
2538 4056
2539 4062
2540 4062
2541 4061
2542 4058
2543 4058
2544 4061
2545 4062
2546 4064
2547 4059
2548 4062
2549 4058
2550 4058
2551 4064
2552 4059
2553 4064
2554 4060
2555 4060
2556 4060
2557 4057
2558 4062
2559 4060
2560 4059
2561 4061
2562 4061
2563 4058
2564 4060
2565 4064
2566 4062
2567 4064
2568 4060
2569 4064
2570 4057
2571 4060
2572 4061
2573 4058
2574 4060
2575 4062
2576 4062
2577 4061
2578 4058
2579 4064
2580 4061
2581 4064
2582 4059
2583 4064
2584 4058
2585 4064
2586 4064
2587 4064
2588 4064
2589 4061
2590 4064
2591 4058
2592 4059
2593 4062
2594 4062
2595 4059
2596 4060
2597 4064
2598 4060
2599 4060
2600 4061
2601 4064
2602 4058
2603 4058
2604 4062
2605 4064
2606 4059
2607 4062
2608 4059
2609 4064
2610 4064
2611 4061
2612 4059
2613 4062
2614 4066
2615 4062
2616 4062
2617 4062
2618 4059
2619 4060
2620 4062
2621 4064
2622 4061
2623 4064
2624 4062
2625 4064
2626 4060
2627 4062
2628 4064
2629 4062
2630 4060
2631 4064
2632 4059
2633 4060
2634 4064
2635 4064
2636 4064
2637 4060
2638 4062
2639 4066
2640 4060
2641 4064
2642 4064
2643 4060
2644 4064
2645 4065
2646 4062
2647 4064
2648 4064
2649 4066
2650 4064
2651 4064
2652 4059
2653 4064
2654 4058
2655 4064
2656 4062
2657 4064
2658 4060
2659 4065
2660 4060
2661 4064
2662 4061
2663 4062
2664 4064
2665 4062
2666 4061
2667 4064
2668 4058
2669 4062
2670 4061
2671 4062
2672 4064
2673 4064
2674 4060
2675 4064
2676 4064
2677 4064
2678 4060
2679 4064
2680 4059
2681 4066
2682 4064
2683 4064
2684 4064
2685 4060
2686 4064
2687 4062
2688 4064
2689 4060
2690 4064
2691 4062
2692 4062
2693 4059
2694 4064
2695 4061
2696 4064
2697 4064
2698 4067
2699 4059
2700 4059
2701 4066
2702 4059
2703 4064
2704 4058
2705 4061
2706 4062
2707 4061
2708 4062
2709 4061
2710 4060
2711 4060
2712 4062
2713 4062
2714 4064
2715 4067
2716 4064
2717 4064
2718 4064
2719 4061
2720 4064
2721 4064
2722 4064
2723 4064
2724 4060
2725 4064
2726 4066
2727 4062
2728 4064
2729 4066
2730 4066
2731 4064
2732 4064
2733 4059
2734 4064
2735 4062
2736 4064
2737 4062
2738 4064
2739 4062
2740 4059
2741 4062
2742 4065
2743 4064
2744 4064
2745 4064
2746 4060
2747 4058
2748 4062
2749 4064
2750 4064
2751 4067
2752 4058
2753 4064
2754 4064
2755 4064
2756 4064
2757 4061
2758 4066
2759 4064
2760 4062
2761 4061
2762 4062
2763 4064
2764 4066
2765 4064
2766 4061
2767 4064
2768 4065
2769 4064
2770 4059
2771 4061
2772 4062
2773 4060
2774 4067
2775 4062
2776 4064
2777 4065
2778 4064
2779 4064
2780 4064
2781 4064
2782 4064
2783 4060
2784 4062
2785 4062
2786 4064
2787 4062
2788 4064
2789 4061
2790 4060
2791 4064
2792 4064
2793 4064
2794 4061
2795 4064
2796 4064
2797 4064
2798 4064
2799 4062
2800 4064
2801 4064
2802 4058
2803 4064
2804 4059
2805 4064
2806 4064
2807 4064
2808 4060
2809 4064
2810 4064
2811 4066
2812 4064
2813 4064
2814 4068
2815 4060
2816 4066
2817 4064
2818 4059
2819 4067
2820 4064
2821 4067
2822 4062
2823 4062
2824 4066
2825 4062
2826 4064
2827 4064
2828 4064
2829 4062
2830 4066
2831 4069
2832 4064
2833 4067
2834 4064
2835 4066
2836 4064
2837 4062
2838 4064
2839 4064
2840 4064
2841 4060
2842 4066
2843 4062
2844 4066
2845 4066
2846 4064
2847 4064
2848 4066
2849 4062
2850 4064
2851 4069
2852 4059
2853 4064
2854 4059
2855 4064
2856 4062
2857 4061
2858 4066
2859 4065
2860 4064
2861 4066
2862 4064
2863 4064
2864 4064
2865 4060
2866 4064
2867 4064
2868 4065
2869 4060
2870 4064
2871 4062
2872 4064
2873 4065
2874 4064
2875 4064
2876 4064
2877 4064
2878 4064
2879 4064
2880 4066
2881 4064
2882 4058
2883 4060
2884 4064
2885 4066
2886 4064
2887 4064
2888 4064
2889 4064
2890 4064
2891 4066
2892 4066
2893 4064
2894 4064
2895 4064
2896 4064
2897 4066
2898 4062
2899 4064
2900 4062
2901 4069
2902 4059
2903 4066
2904 4066
2905 4062
2906 4066
2907 4062
2908 4064
2909 4061
2910 4066
2911 4064
2912 4064
2913 4062
2914 4060
2915 4061
2916 4062
2917 4064
2918 4064
2919 4061
2920 4064
2921 4058
2922 4067
2923 4061
2924 4067
2925 4064
2926 4064
2927 4064
2928 4064
2929 4066
2930 4060
2931 4069
2932 4064
2933 4064
2934 4062
2935 4064
2936 4064
2937 4064
2938 4063
2939 4064
2940 4064
2941 4061
2942 4064
2943 4061
2944 4066
2945 4064
2946 4062
2947 4064
2948 4062
2949 4065
2950 4064
2951 4066
2952 4064
2953 4062
2954 4065
2955 4062
2956 4064
2957 4064
2958 4059
2959 4068
2960 4064
2961 4065
2962 4065
2963 4066
2964 4066
2965 4065
2966 4062
2967 4066
2968 4064
2969 4066
2970 4064
2971 4065
2972 4062
2973 4060
2974 4062
2975 4066
2976 4060
2977 4064
2978 4062
2979 4066
2980 4062
2981 4066
2982 4066
2983 4064
2984 4064
2985 4066
2986 4064
2987 4065
2988 4065
2989 4066
2990 4062
2991 4064
2992 4066
2993 4066
2994 4062
2995 4067
2996 4065
2997 4066
2998 4059
2999 4062
3000 4064
3001 4066
3002 4062
3003 4064
3004 4064
3005 4062
3006 4065
3007 4065
3008 4064
3009 4062
3010 4068
3011 4062
3012 4064
3013 4066
3014 4062
3015 4062
3016 4062
3017 4064
3018 4061
3019 4064
3020 4062
3021 4064
3022 4064
3023 4064
3024 4065
3025 4064
3026 4064
3027 4064
3028 4064
3029 4066
3030 4064
3031 4067
3032 4064
3033 4062
3034 4066
3035 4064
3036 4066
3037 4062
3038 4064
3039 4064
3040 4064
3041 4064
3042 4064
3043 4066
3044 4064
3045 4062
3046 4064
3047 4064
3048 4067
3049 4064
3050 4066
3051 4069
3052 4059
3053 4059
3054 4065
3055 4064
3056 4066
3057 4066
3058 4064
3059 4064
3060 4061
3061 4065
3062 4064
3063 4062
3064 4064
3065 4064
3066 4066
3067 4066
3068 4062
3069 4067
3070 4064
3071 4064
3072 4062
3073 4064
3074 4062
3075 4066
3076 4064
3077 4064
3078 4064
3079 4064
3080 4064
3081 4064
3082 4066
3083 4069
3084 4070
3085 4061
3086 4062
3087 4064
3088 4066
3089 4066
3090 4067
3091 4064
3092 4064
3093 4064
3094 4064
3095 4064
3096 4064
3097 4064
3098 4064
3099 4062
3100 4064
3101 4068
3102 4062
3103 4064
3104 4064
3105 4065
3106 4068
3107 4066
3108 4064
3109 4064
3110 4066
3111 4066
3112 4066
3113 4064
3114 4062
3115 4062
3116 4064
3117 4064
3118 4064
3119 4064
3120 4066
3121 4066
3122 4064
3123 4064
3124 4062
3125 4067
3126 4065
3127 4064
3128 4062
3129 4066
3130 4058
3131 4064
3132 4066
3133 4062
3134 4066
3135 4066
3136 4065
3137 4066
3138 4064
3139 4064
3140 4066
3141 4064
3142 4066
3143 4065
3144 4062
3145 4059
3146 4064
3147 4064
3148 4060
3149 4066
3150 4062
3151 4067
3152 4058
3153 4067
3154 4064
3155 4064
3156 4065
3157 4065
3158 4064
3159 4066
3160 4066
3161 4062
3162 4062
3163 4060
3164 4064
3165 4060
3166 4062
3167 4064
3168 4061
3169 4066
3170 4066
3171 4071
3172 4062
3173 4064
3174 4065
3175 4062
3176 4064
3177 4064
3178 4060
3179 4064
3180 4066
3181 4064
3182 4064
3183 4066
3184 4059
3185 4064
3186 4064
3187 4064
3188 4064
3189 4064
3190 4064
3191 4064
3192 4060
3193 4062
3194 4064
3195 4064
3196 4066
3197 4066
3198 4066
3199 4065
3200 4064
3201 4066
3202 4059
3203 4064
3204 4061
3205 4064
3206 4066
3207 4060
3208 4064
3209 4064
3210 4064
3211 4064
3212 4064
3213 4067
3214 4064
3215 4065
3216 4066
3217 4066
3218 4062
3219 4065
3220 4067
3221 4062
3222 4058
3223 4065
3224 4062
3225 4067
3226 4066
3227 4064
3228 4060
3229 4064
3230 4062
3231 4064
3232 4067
3233 4062
3234 4064
3235 4064
3236 4060
3237 4064
3238 4064
3239 4066
3240 4064
3241 4068
3242 4064
3243 4066
3244 4064
3245 4064
3246 4064
3247 4065
3248 4067
3249 4064
3250 4064
3251 4067
3252 4061
3253 4064
3254 4064
3255 4064
3256 4064
3257 4066
3258 4064
3259 4062
3260 4064
3261 4066
3262 4062
3263 4062
3264 4064
3265 4064
3266 4064
3267 4062
3268 4064
3269 4066
3270 4062
3271 4066
3272 4066
3273 4064
3274 4066
3275 4066
3276 4066
3277 4066
3278 4064
3279 4066
3280 4060
3281 4065
3282 4066
3283 4064
3284 4066
3285 4065
3286 4062
3287 4064
3288 4064
3289 4064
3290 4066
3291 4062
3292 4067
3293 4064
3294 4064
3295 4062
3296 4065
3297 4064
3298 4060
3299 4064
3300 4064
3301 4070
3302 4062
3303 4066
3304 4064
3305 4061
3306 4062
3307 4064
3308 4064
3309 4064
3310 4064
3311 4066
3312 4064
3313 4064
3314 4064
3315 4066
3316 4064
3317 4064
3318 4064
3319 4064
3320 4064
3321 4064
3322 4064
3323 4066
3324 4066
3325 4065
3326 4062
3327 4064
3328 4066
3329 4065
3330 4064
3331 4066
3332 4060
3333 4062
3334 4064
3335 4065
3336 4064
3337 4060
3338 4062
3339 4066
3340 4062
3341 4062
3342 4066
3343 4064
3344 4064
3345 4064
3346 4066
3347 4062
3348 4064
3349 4065
3350 4066
3351 4069
3352 4059
3353 4068
3354 4062
3355 4064
3356 4064
3357 4066
3358 4062
3359 4064
3360 4065
3361 4067
3362 4064
3363 4064
3364 4062
3365 4064
3366 4064
3367 4065
3368 4062
3369 4064
3370 4066
3371 4064
3372 4064
3373 4064
3374 4065
3375 4062
3376 4064
3377 4066
3378 4064
3379 4064
3380 4066
3381 4065
3382 4061
3383 4062
3384 4065
3385 4064
3386 4066
3387 4064
3388 4065
3389 4062
3390 4062
3391 4066
3392 4064
3393 4064
3394 4064
3395 4064
3396 4058
3397 4064
3398 4068
3399 4064
3400 4066
3401 4067
3402 4064
3403 4060
3404 4064
3405 4062
3406 4064
3407 4066
3408 4062
3409 4065
3410 4064
3411 4064
3412 4063
3413 4060
3414 4064
3415 4064
3416 4062
3417 4064
3418 4062
3419 4064
3420 4064
3421 4064
3422 4064
3423 4067
3424 4062
3425 4066
3426 4064
3427 4062
3428 4065
3429 4062
3430 4064
3431 4065
3432 4060
3433 4066
3434 4064
3435 4064
3436 4064
3437 4061
3438 4064
3439 4062
3440 4065
3441 4064
3442 4064
3443 4062
3444 4062
3445 4066
3446 4064
3447 4062
3448 4064
3449 4066
3450 4064
3451 4067
3452 4059
3453 4064
3454 4066
3455 4064
3456 4066
3457 4065
3458 4064
3459 4064
3460 4062
3461 4066
3462 4064
3463 4064
3464 4064
3465 4065
3466 4062
3467 4062
3468 4064
3469 4064
3470 4064
3471 4064
3472 4064
3473 4065
3474 4064
3475 4066
3476 4064
3477 4066
3478 4064
3479 4066
3480 4066
3481 4064
3482 4066
3483 4066
3484 4066
3485 4064
3486 4065
3487 4064
3488 4064
3489 4066
3490 4064
3491 4062
3492 4064
3493 4066
3494 4065
3495 4064
3496 4066
3497 4066
3498 4065
3499 4064
3500 4064
3501 4066
3502 4064
3503 4064
3504 4062
3505 4064
3506 4069
3507 4064
3508 4064
3509 4064
3510 4065
3511 4067
3512 4062
3513 4062
3514 4064
3515 4066
3516 4064
3517 4067
3518 4058
3519 4066
3520 4059
3521 4066
3522 4064
3523 4064
3524 4064
3525 4064
3526 4064
3527 4070
3528 4064
3529 4062
3530 4061
3531 4064
3532 4064
3533 4066
3534 4062
3535 4066
3536 4064
3537 4064
3538 4064
3539 4066
3540 4062
3541 4066
3542 4066
3543 4064
3544 4066
3545 4066
3546 4064
3547 4064
3548 4064
3549 4064
3550 4064
3551 4066
3552 4059
3553 4065
3554 4064
3555 4064
3556 4067
3557 4061
3558 4066
3559 4066
3560 4064
3561 4064
3562 4064
3563 4065
3564 4064
3565 4065
3566 4067
3567 4062
3568 4064
3569 4066
3570 4064
3571 4064
3572 4065
3573 4064
3574 4065
3575 4066
3576 4062
3577 4066
3578 4064
3579 4064
3580 4064
3581 4068
3582 4062
3583 4064
3584 4064
3585 4061
3586 4064
3587 4065
3588 4062
3589 4064
3590 4064
3591 4068
3592 4066
3593 4064
3594 4064
3595 4064
3596 4064
3597 4066
3598 4064
3599 4066
3600 4060
3601 4069
3602 4061
3603 4066
3604 4064
3605 4064
3606 4064
3607 4065
3608 4066
3609 4064
3610 4064
3611 4064
3612 4066
3613 4066
3614 4064
3615 4064
3616 4067
3617 4066
3618 4064
3619 4064
3620 4064
3621 4064
3622 4062
3623 4064
3624 4064
3625 4064
3626 4064
3627 4064
3628 4062
3629 4067
3630 4064
3631 4064
3632 4064
3633 4062
3634 4064
3635 4066
3636 4064
3637 4064
3638 4062
3639 4064
3640 4066
3641 4064
3642 4064
3643 4061
3644 4064
3645 4064
3646 4064
3647 4062
3648 4064
3649 4064
3650 4064
3651 4066
3652 4064
3653 4064
3654 4065
3655 4064
3656 4064
3657 4064
3658 4065
3659 4067
3660 4060
3661 4065
3662 4060
3663 4064
3664 4064
3665 4064
3666 4064
3667 4064
3668 4064
3669 4064
3670 4065
3671 4064
3672 4064
3673 4066
3674 4065
3675 4062
3676 4064
3677 4064
3678 4064
3679 4064
3680 4062
3681 4066
3682 4064
3683 4066
3684 4064
3685 4062
3686 4061
3687 4066
3688 4064
3689 4065
3690 4064
3691 4064
3692 4066
3693 4064
3694 4064
