#Data from the TCD1304 linear CCD
#column 1 = pixelnumber , column 2 = pixelvalue
#Pixel 1-32 and 3679-3694 and are dummy pixels
#SH-period: 200    ICG-period: 100000    Integration time: 100.0 us
2 4031
3 4035
4 4053
5 4053
6 4052
7 4053
8 4052
9 4052
10 4054
11 4053
12 4050
13 4052
14 4052
15 4053
16 4049
17 4053
18 4052
19 4052
20 4051
21 4053
22 4054
23 4052
24 4053
25 4052
26 4051
27 4050
28 4055
29 4052
30 4052
31 4055
32 4051
34 4054
35 4055
36 4051
37 4053
38 4053
39 4052
40 4053
41 4055
42 4051
43 4051
44 4050
45 4053
46 4050
47 4054
48 4051
49 4053
50 4052
51 4057
52 4050
53 4054
54 4051
55 4052
56 4053
57 4050
58 4051
59 4053
60 4052
61 4053
62 4054
63 4053
64 4053
65 4052
66 4050
67 4052
68 4047
69 4052
70 4047
71 4054
72 4052
73 4053
74 4050
75 4054
76 4049
77 4055
78 4051
79 4052
80 4053
81 4052
82 4051
83 4053
84 4049
85 4052
86 4051
87 4052
88 4053
89 4055
90 4051
91 4051
92 4053
93 4052
94 4053
95 4054
96 4052
97 4050
98 4052
99 4054
100 4052
101 4059
102 4045
103 4054
104 4054
105 4055
106 4054
107 4054
108 4053
109 4055
110 4055
111 4052
112 4053
113 4051
114 4051
115 4057
116 4051
117 4054
118 4052
119 4053
120 4049
121 4053
122 4055
123 4050
124 4051
125 4052
126 4051
127 4047
128 4055
129 4053
130 4053
131 4053
132 4052
133 4052
134 4051
135 4051
136 4051
137 4054
138 4052
139 4053
140 4055
141 4052
142 4051
143 4053
144 4052
145 4053
146 4053
147 4052
148 4054
149 4052
150 4055
151 4054
152 4053
153 4055
154 4054
155 4053
156 4051
157 4055
158 4052
159 4054
160 4051
161 4052
162 4055
163 4052
164 4053
165 4051
166 4051
167 4052
168 4052
169 4052
170 4053
171 4052
172 4055
173 4051
174 4053
175 4053
176 4051
177 4053
178 4055
179 4049
180 4054
181 4055
182 4054
183 4051
184 4051
185 4055
186 4052
187 4053
188 4052
189 4053
190 4053
191 4052
192 4051
193 4052
194 4052
195 4050
196 4054
197 4054
198 4050
199 4055
200 4052
201 4061
202 4047
203 4054
204 4050
205 4047
206 4053
207 4052
208 4052
209 4052
210 4047
211 4052
212 4050
213 4053
214 4052
215 4053
216 4051
217 4051
218 4053
219 4054
220 4055
221 4047
222 4050
223 4052
224 4053
225 4052
226 4055
227 4049
228 4050
229 4052
230 4052
231 4053
232 4052
233 4053
234 4050
235 4052
236 4053
237 4052
238 4054
239 4053
240 4052
241 4053
242 4052
243 4051
244 4051
245 4052
246 4053
247 4054
248 4047
249 4055
250 4053
251 4059
252 4050
253 4054
254 4049
255 4051
256 4053
257 4051
258 4053
259 4053
260 4049
261 4055
262 4052
263 4053
264 4052
265 4055
266 4051
267 4052
268 4053
269 4054
270 4050
271 4053
272 4049
273 4052
274 4047
275 4052
276 4051
277 4050
278 4054
279 4053
280 4050
281 4053
282 4051
283 4051
284 4052
285 4052
286 4052
287 4053
288 4050
289 4050
290 4053
291 4050
292 4050
293 4052
294 4054
295 4052
296 4053
297 4052
298 4053
299 4053
300 4051
301 4055
302 4047
303 4052
304 4051
305 4052
306 4053
307 4051
308 4052
309 4053
310 4053
311 4049
312 4051
313 4050
314 4050
315 4052
316 4052
317 4053
318 4052
319 4051
320 4053
321 4052
322 4051
323 4053
324 4055
325 4055
326 4050
327 4054
328 4053
329 4055
330 4050
331 4053
332 4051
333 4053
334 4055
335 4054
336 4052
337 4053
338 4050
339 4055
340 4049
341 4052
342 4053
343 4053
344 4052
345 4052
346 4054
347 4050
348 4052
349 4055
350 4052
351 4057
352 4047
353 4055
354 4054
355 4053
356 4050
357 4052
358 4053
359 4049
360 4053
361 4051
362 4052
363 4053
364 4053
365 4050
366 4051
367 4054
368 4052
369 4055
370 4049
371 4053
372 4052
373 4051
374 4052
375 4053
376 4054
377 4052
378 4055
379 4052
380 4054
381 4053
382 4053
383 4054
384 4051
385 4053
386 4052
387 4054
388 4053
389 4050
390 4052
391 4055
392 4055
393 4049
394 4052
395 4047
396 4054
397 4052
398 4051
399 4055
400 4050
401 4055
402 4051
403 4050
404 4053
405 4055
406 4052
407 4051
408 4054
409 4053
410 4053
411 4053
412 4053
413 4054
414 4054
415 4053
416 4052
417 4051
418 4051
419 4055
420 4052
421 4052
422 4052
423 4055
424 4050
425 4054
426 4050
427 4051
428 4053
429 4050
430 4052
431 4052
432 4054
433 4051
434 4051
435 4052
436 4051
437 4051
438 4052
439 4054
440 4051
441 4052
442 4050
443 4049
444 4051
445 4053
446 4052
447 4053
448 4055
449 4052
450 4052
451 4055
452 4047
453 4053
454 4053
455 4054
456 4052
457 4054
458 4055
459 4053
460 4050
461 4052
462 4050
463 4052
464 4052
465 4053
466 4054
467 4052
468 4051
469 4054
470 4051
471 4051
472 4052
473 4052
474 4051
475 4051
476 4051
477 4050
478 4053
479 4053
480 4052
481 4049
482 4047
483 4051
484 4054
485 4047
486 4054
487 4049
488 4049
489 4053
490 4052
491 4047
492 4050
493 4054
494 4048
495 4050
496 4051
497 4053
498 4049
499 4049
500 4047
501 4054
502 4046
503 4052
504 4051
505 4049
506 4053
507 4053
508 4051
509 4052
510 4051
511 4051
512 4047
513 4049
514 4051
515 4049
516 4052
517 4054
518 4052
519 4050
520 4050
521 4053
522 4052
523 4049
524 4052
525 4054
526 4049
527 4050
528 4052
529 4051
530 4054
531 4054
532 4053
533 4050
534 4052
535 4052
536 4053
537 4055
538 4052
539 4053
540 4052
541 4051
542 4049
543 4055
544 4052
545 4053
546 4053
547 4055
548 4053
549 4055
550 4052
551 4055
552 4047
553 4051
554 4053
555 4054
556 4052
557 4052
558 4049
559 4049
560 4053
561 4053
562 4052
563 4052
564 4055
565 4053
566 4052
567 4047
568 4053
569 4053
570 4051
571 4054
572 4050
573 4053
574 4049
575 4055
576 4053
577 4053
578 4053
579 4052
580 4050
581 4055
582 4054
583 4052
584 4052
585 4052
586 4053
587 4054
588 4053
589 4051
590 4052
591 4055
592 4052
593 4051
594 4050
595 4053
596 4052
597 4055
598 4053
599 4051
600 4050
601 4055
602 4047
603 4053
604 4052
605 4052
606 4052
607 4047
608 4053
609 4051
610 4052
611 4053
612 4051
613 4054
614 4053
615 4051
616 4055
617 4051
618 4052
619 4054
620 4053
621 4052
622 4052
623 4051
624 4049
625 4052
626 4054
627 4052
628 4054
629 4053
630 4051
631 4049
632 4050
633 4047
634 4049
635 4052
636 4055
637 4050
638 4051
639 4052
640 4050
641 4054
642 4051
643 4053
644 4053
645 4054
646 4050
647 4049
648 4055
649 4053
650 4050
651 4058
652 4050
653 4053
654 4053
655 4055
656 4049
657 4050
658 4053
659 4052
660 4051
661 4051
662 4052
663 4054
664 4052
665 4053
666 4053
667 4050
668 4051
669 4053
670 4054
671 4050
672 4055
673 4054
674 4055
675 4054
676 4050
677 4050
678 4055
679 4050
680 4051
681 4053
682 4057
683 4053
684 4052
685 4051
686 4053
687 4047
688 4052
689 4053
690 4052
691 4054
692 4052
693 4052
694 4050
695 4053
696 4052
697 4053
698 4050
699 4055
700 4055
701 4058
702 4045
703 4053
704 4054
705 4052
706 4054
707 4051
708 4055
709 4052
710 4055
711 4049
712 4052
713 4050
714 4050
715 4053
716 4047
717 4054
718 4053
719 4050
720 4052
721 4052
722 4055
723 4055
724 4053
725 4051
726 4053
727 4054
728 4055
729 4053
730 4051
731 4053
732 4054
733 4050
734 4054
735 4053
736 4051
737 4052
738 4057
739 4052
740 4052
741 4054
742 4054
743 4054
744 4053
745 4054
746 4051
747 4054
748 4053
749 4051
750 4050
751 4057
752 4050
753 4057
754 4050
755 4053
756 4055
757 4052
758 4050
759 4054
760 4053
761 4053
762 4054
763 4053
764 4053
765 4054
766 4055
767 4052
768 4051
769 4051
770 4054
771 4049
772 4053
773 4055
774 4054
775 4050
776 4055
777 4053
778 4052
779 4054
780 4054
781 4056
782 4055
783 4053
784 4054
785 4054
786 4052
787 4054
788 4047
789 4051
790 4053
791 4054
792 4051
793 4052
794 4053
795 4052
796 4051
797 4050
798 4053
799 4052
800 4051
801 4057
802 4047
803 4057
804 4053
805 4055
806 4050
807 4054
808 4052
809 4053
810 4051
811 4052
812 4052
813 4054
814 4053
815 4052
816 4051
817 4052
818 4053
819 4055
820 4052
821 4053
822 4053
823 4052
824 4052
825 4052
826 4054
827 4052
828 4054
829 4051
830 4054
831 4055
832 4052
833 4053
834 4052
835 4055
836 4052
837 4053
838 4051
839 4053
840 4053
841 4050
842 4053
843 4054
844 4051
845 4051
846 4050
847 4055
848 4054
849 4052
850 4055
851 4055
852 4046
853 4055
854 4052
855 4051
856 4053
857 4054
858 4050
859 4052
860 4053
861 4055
862 4050
863 4055
864 4053
865 4051
866 4051
867 4052
868 4053
869 4052
870 4051
871 4051
872 4050
873 4055
874 4053
875 4054
876 4052
877 4052
878 4055
879 4047
880 4052
881 4055
882 4055
883 4049
884 4053
885 4053
886 4052
887 4052
888 4052
889 4051
890 4049
891 4054
892 4053
893 4052
894 4050
895 4055
896 4051
897 4050
898 4054
899 4052
900 4054
901 4058
902 4049
903 4052
904 4052
905 4053
906 4051
907 4057
908 4051
909 4054
910 4052
911 4049
912 4050
913 4049
914 4054
915 4050
916 4054
917 4051
918 4055
919 4054
920 4054
921 4052
922 4052
923 4055
924 4051
925 4054
926 4053
927 4047
928 4053
929 4052
930 4050
931 4051
932 4055
933 4052
934 4050
935 4055
936 4051
937 4054
938 4053
939 4055
940 4053
941 4054
942 4051
943 4055
944 4055
945 4051
946 4053
947 4052
948 4052
949 4053
950 4051
951 4055
952 4049
953 4052
954 4053
955 4055
956 4052
957 4052
958 4053
959 4054
960 4051
961 4053
962 4053
963 4055
964 4051
965 4053
966 4053
967 4052
968 4053
969 4051
970 4051
971 4051
972 4051
973 4052
974 4051
975 4052
976 4054
977 4051
978 4055
979 4051
980 4052
981 4055
982 4055
983 4053
984 4052
985 4052
986 4055
987 4052
988 4052
989 4051
990 4054
991 4052
992 4050
993 4051
994 4051
995 4053
996 4055
997 4057
998 4052
999 4055
1000 4053
1001 4055
1002 4047
1003 4053
1004 4051
1005 4053
1006 4052
1007 4054
1008 4053
1009 4054
1010 4051
1011 4055
1012 4053
1013 4052
1014 4050
1015 4052
1016 4049
1017 4052
1018 4049
1019 4050
1020 4055
1021 4053
1022 4054
1023 4053
1024 4051
1025 4050
1026 4055
1027 4052
1028 4053
1029 4052
1030 4051
1031 4052
1032 4057
1033 4052
1034 4052
1035 4053
1036 4054
1037 4055
1038 4054
1039 4055
1040 4052
1041 4051
1042 4053
1043 4054
1044 4053
1045 4053
1046 4055
1047 4054
1048 4052
1049 4052
1050 4052
1051 4060
1052 4049
1053 4052
1054 4052
1055 4052
1056 4052
1057 4051
1058 4047
1059 4052
1060 4050
1061 4053
1062 4051
1063 4055
1064 4052
1065 4055
1066 4053
1067 4052
1068 4047
1069 4052
1070 4050
1071 4055
1072 4054
1073 4053
1074 4052
1075 4051
1076 4051
1077 4051
1078 4057
1079 4053
1080 4052
1081 4053
1082 4055
1083 4053
1084 4054
1085 4054
1086 4049
1087 4051
1088 4047
1089 4050
1090 4052
1091 4053
1092 4050
1093 4053
1094 4049
1095 4054
1096 4053
1097 4051
1098 4055
1099 4055
1100 4054
1101 4055
1102 4047
1103 4051
1104 4053
1105 4055
1106 4053
1107 4054
1108 4049
1109 4053
1110 4047
1111 4050
1112 4051
1113 4051
1114 4052
1115 4053
1116 4053
1117 4049
1118 4051
1119 4053
1120 4050
1121 4053
1122 4050
1123 4055
1124 4049
1125 4053
1126 4052
1127 4052
1128 4055
1129 4053
1130 4053
1131 4054
1132 4052
1133 4054
1134 4053
1135 4052
1136 4053
1137 4053
1138 4052
1139 4054
1140 4052
1141 4051
1142 4055
1143 4054
1144 4056
1145 4052
1146 4054
1147 4050
1148 4053
1149 4050
1150 4053
1151 4057
1152 4049
1153 4054
1154 4051
1155 4051
1156 4052
1157 4057
1158 4052
1159 4053
1160 4051
1161 4053
1162 4055
1163 4054
1164 4053
1165 4054
1166 4052
1167 4055
1168 4055
1169 4052
1170 4054
1171 4054
1172 4053
1173 4050
1174 4054
1175 4054
1176 4053
1177 4050
1178 4052
1179 4055
1180 4050
1181 4051
1182 4053
1183 4053
1184 4055
1185 4054
1186 4055
1187 4055
1188 4053
1189 4051
1190 4053
1191 4051
1192 4050
1193 4049
1194 4050
1195 4051
1196 4053
1197 4052
1198 4051
1199 4052
1200 4055
1201 4060
1202 4047
1203 4053
1204 4051
1205 4052
1206 4050
1207 4053
1208 4050
1209 4053
1210 4053
1211 4053
1212 4052
1213 4050
1214 4053
1215 4053
1216 4053
1217 4051
1218 4055
1219 4052
1220 4052
1221 4052
1222 4053
1223 4054
1224 4051
1225 4055
1226 4051
1227 4050
1228 4047
1229 4052
1230 4049
1231 4055
1232 4052
1233 4053
1234 4051
1235 4053
1236 4053
1237 4051
1238 4052
1239 4051
1240 4052
1241 4050
1242 4054
1243 4052
1244 4055
1245 4053
1246 4055
1247 4053
1248 4051
1249 4053
1250 4052
1251 4055
1252 4047
1253 4054
1254 4050
1255 4055
1256 4053
1257 4052
1258 4053
1259 4053
1260 4053
1261 4054
1262 4051
1263 4054
1264 4053
1265 4052
1266 4055
1267 4053
1268 4050
1269 4053
1270 4053
1271 4053
1272 4053
1273 4052
1274 4053
1275 4049
1276 4052
1277 4054
1278 4053
1279 4054
1280 4053
1281 4052
1282 4051
1283 4053
1284 4052
1285 4054
1286 4049
1287 4053
1288 4053
1289 4054
1290 4053
1291 4053
1292 4053
1293 4054
1294 4050
1295 4054
1296 4051
1297 4051
1298 4052
1299 4049
1300 4054
1301 4055
1302 4052
1303 4053
1304 4053
1305 4052
1306 4053
1307 4053
1308 4053
1309 4053
1310 4052
1311 4053
1312 4054
1313 4054
1314 4052
1315 4053
1316 4051
1317 4053
1318 4053
1319 4053
1320 4052
1321 4049
1322 4051
1323 4051
1324 4051
1325 4051
1326 4052
1327 4056
1328 4052
1329 4051
1330 4051
1331 4055
1332 4053
1333 4051
1334 4051
1335 4054
1336 4054
1337 4051
1338 4051
1339 4053
1340 4052
1341 4056
1342 4052
1343 4054
1344 4054
1345 4051
1346 4051
1347 4053
1348 4054
1349 4052
1350 4051
1351 4057
1352 4047
1353 4055
1354 4052
1355 4052
1356 4053
1357 4052
1358 4053
1359 4053
1360 4054
1361 4054
1362 4055
1363 4054
1364 4053
1365 4051
1366 4054
1367 4052
1368 4055
1369 4053
1370 4054
1371 4050
1372 4052
1373 4052
1374 4051
1375 4055
1376 4053
1377 4054
1378 4053
1379 4052
1380 4052
1381 4053
1382 4053
1383 4052
1384 4052
1385 4053
1386 4052
1387 4053
1388 4052
1389 4052
1390 4054
1391 4054
1392 4050
1393 4052
1394 4053
1395 4053
1396 4054
1397 4055
1398 4055
1399 4051
1400 4055
1401 4057
1402 4050
1403 4054
1404 4052
1405 4051
1406 4055
1407 4053
1408 4052
1409 4055
1410 4052
1411 4052
1412 4051
1413 4055
1414 4052
1415 4052
1416 4054
1417 4052
1418 4050
1419 4050
1420 4051
1421 4053
1422 4053
1423 4050
1424 4053
1425 4055
1426 4055
1427 4051
1428 4055
1429 4052
1430 4053
1431 4053
1432 4054
1433 4052
1434 4050
1435 4055
1436 4049
1437 4053
1438 4054
1439 4054
1440 4053
1441 4051
1442 4050
1443 4053
1444 4050
1445 4049
1446 4049
1447 4052
1448 4052
1449 4055
1450 4054
1451 4057
1452 4049
1453 4054
1454 4055
1455 4054
1456 4049
1457 4052
1458 4052
1459 4053
1460 4047
1461 4052
1462 4054
1463 4052
1464 4052
1465 4053
1466 4054
1467 4053
1468 4053
1469 4052
1470 4052
1471 4050
1472 4050
1473 4052
1474 4051
1475 4053
1476 4053
1477 4047
1478 4054
1479 4051
1480 4051
1481 4051
1482 4050
1483 4055
1484 4055
1485 4052
1486 4052
1487 4055
1488 4050
1489 4053
1490 4052
1491 4055
1492 4054
1493 4053
1494 4051
1495 4054
1496 4052
1497 4053
1498 4051
1499 4053
1500 4050
1501 4055
1502 4049
1503 4054
1504 4052
1505 4054
1506 4051
1507 4054
1508 4054
1509 4054
1510 4055
1511 4057
1512 4051
1513 4052
1514 4054
1515 4055
1516 4052
1517 4052
1518 4050
1519 4057
1520 4053
1521 4052
1522 4052
1523 4055
1524 4051
1525 4051
1526 4052
1527 4051
1528 4050
1529 4054
1530 4053
1531 4055
1532 4054
1533 4055
1534 4047
1535 4053
1536 4052
1537 4053
1538 4054
1539 4052
1540 4053
1541 4049
1542 4052
1543 4055
1544 4054
1545 4055
1546 4051
1547 4052
1548 4051
1549 4053
1550 4051
1551 4054
1552 4047
1553 4052
1554 4052
1555 4054
1556 4054
1557 4051
1558 4052
1559 4052
1560 4052
1561 4054
1562 4054
1563 4051
1564 4057
1565 4050
1566 4050
1567 4047
1568 4052
1569 4053
1570 4052
1571 4052
1572 4051
1573 4053
1574 4050
1575 4055
1576 4050
1577 4052
1578 4056
1579 4053
1580 4053
1581 4047
1582 4054
1583 4054
1584 4047
1585 4053
1586 4051
1587 4055
1588 4052
1589 4053
1590 4051
1591 4052
1592 4053
1593 4050
1594 4053
1595 4053
1596 4049
1597 4052
1598 4053
1599 4055
1600 4052
1601 4057
1602 4051
1603 4054
1604 4051
1605 4055
1606 4051
1607 4054
1608 4052
1609 4052
1610 4051
1611 4054
1612 4052
1613 4052
1614 4055
1615 4052
1616 4053
1617 4053
1618 4052
1619 4054
1620 4055
1621 4054
1622 4051
1623 4047
1624 4053
1625 4052
1626 4053
1627 4053
1628 4052
1629 4052
1630 4055
1631 4052
1632 4053
1633 4053
1634 4055
1635 4053
1636 4054
1637 4055
1638 4047
1639 4051
1640 4054
1641 4053
1642 4052
1643 4053
1644 4053
1645 4052
1646 4052
1647 4052
1648 4053
1649 4053
1650 4051
1651 4055
1652 4050
1653 4054
1654 4050
1655 4051
1656 4052
1657 4055
1658 4050
1659 4055
1660 4049
1661 4056
1662 4051
1663 4053
1664 4052
1665 4051
1666 4053
1667 4055
1668 4053
1669 4053
1670 4055
1671 4054
1672 4053
1673 4051
1674 4050
1675 4051
1676 4051
1677 4052
1678 4053
1679 4051
1680 4052
1681 4050
1682 4054
1683 4055
1684 4053
1685 4052
1686 4051
1687 4055
1688 4052
1689 4053
1690 4051
1691 4053
1692 4055
1693 4051
1694 4051
1695 4055
1696 4050
1697 4050
1698 4055
1699 4055
1700 4052
1701 4059
1702 4050
1703 4053
1704 4052
1705 4054
1706 4049
1707 4052
1708 4053
1709 4049
1710 4052
1711 4055
1712 4050
1713 4052
1714 4051
1715 4052
1716 4052
1717 4052
1718 4054
1719 4054
1720 4052
1721 4053
1722 4054
1723 4055
1724 4053
1725 4052
1726 4052
1727 4052
1728 4052
1729 4051
1730 4055
1731 4049
1732 4053
1733 4052
1734 4050
1735 4051
1736 4053
1737 4051
1738 4050
1739 4051
1740 4051
1741 4049
1742 4055
1743 4053
1744 4054
1745 4052
1746 4052
1747 4053
1748 4052
1749 4054
1750 4051
1751 4053
1752 4047
1753 4055
1754 4052
1755 4054
1756 4052
1757 4052
1758 4053
1759 4052
1760 4056
1761 4052
1762 4052
1763 4049
1764 4053
1765 4053
1766 4051
1767 4054
1768 4053
1769 4053
1770 4054
1771 4053
1772 4051
1773 4054
1774 4053
1775 4051
1776 4051
1777 4051
1778 4050
1779 4053
1780 4051
1781 4051
1782 4052
1783 4055
1784 4051
1785 4052
1786 4054
1787 4050
1788 4053
1789 4054
1790 4053
1791 4051
1792 4050
1793 4052
1794 4055
1795 4055
1796 4054
1797 4053
1798 4053
1799 4051
1800 4052
1801 4054
1802 4050
1803 4053
1804 4050
1805 4053
1806 4051
1807 4051
1808 4055
1809 4053
1810 4053
1811 4055
1812 4052
1813 4055
1814 4050
1815 4052
1816 4054
1817 4052
1818 4053
1819 4053
1820 4051
1821 4053
1822 4052
1823 4052
1824 4052
1825 4053
1826 4053
1827 4051
1828 4054
1829 4050
1830 4054
1831 4053
1832 4052
1833 4054
1834 4054
1835 4051
1836 4055
1837 4050
1838 4053
1839 4055
1840 4050
1841 4050
1842 4052
1843 4053
1844 4053
1845 4052
1846 4050
1847 4052
1848 4049
1849 4051
1850 4051
1851 4059
1852 4049
1853 4053
1854 4047
1855 4053
1856 4050
1857 4049
1858 4055
1859 4053
1860 4055
1861 4051
1862 4052
1863 4053
1864 4049
1865 4052
1866 4052
1867 4051
1868 4055
1869 4052
1870 4051
1871 4052
1872 4050
1873 4055
1874 4052
1875 4053
1876 4054
1877 4050
1878 4054
1879 4052
1880 4052
1881 4052
1882 4050
1883 4053
1884 4052
1885 4054
1886 4053
1887 4055
1888 4053
1889 4050
1890 4050
1891 4051
1892 4052
1893 4052
1894 4053
1895 4052
1896 4050
1897 4051
1898 4051
1899 4053
1900 4052
1901 4055
1902 4047
1903 4055
1904 4050
1905 4053
1906 4051
1907 4050
1908 4050
1909 4055
1910 4054
1911 4050
1912 4051
1913 4053
1914 4053
1915 4054
1916 4049
1917 4052
1918 4053
1919 4052
1920 4051
1921 4054
1922 4055
1923 4053
1924 4051
1925 4051
1926 4054
1927 4052
1928 4053
1929 4052
1930 4054
1931 4051
1932 4053
1933 4053
1934 4051
1935 4055
1936 4050
1937 4051
1938 4052
1939 4055
1940 4053
1941 4049
1942 4055
1943 4051
1944 4052
1945 4055
1946 4054
1947 4053
1948 4054
1949 4055
1950 4053
1951 4058
1952 4050
1953 4054
1954 4051
1955 4052
1956 4053
1957 4051
1958 4053
1959 4051
1960 4053
1961 4052
1962 4055
1963 4050
1964 4054
1965 4054
1966 4054
1967 4054
1968 4054
1969 4052
1970 4055
1971 4052
1972 4052
1973 4051
1974 4054
1975 4053
1976 4055
1977 4053
1978 4049
1979 4051
1980 4051
1981 4050
1982 4047
1983 4051
1984 4054
1985 4053
1986 4052
1987 4050
1988 4052
1989 4051
1990 4052
1991 4052
1992 4050
1993 4050
1994 4052
1995 4053
1996 4053
1997 4047
1998 4049
1999 4050
2000 4052
2001 4055
2002 4051
2003 4050
2004 4052
2005 4052
2006 4053
2007 4054
2008 4053
2009 4055
2010 4051
2011 4051
2012 4057
2013 4052
2014 4052
2015 4055
2016 4049
2017 4052
2018 4053
2019 4054
2020 4051
2021 4051
2022 4051
2023 4051
2024 4054
2025 4053
2026 4053
2027 4049
2028 4052
2029 4053
2030 4052
2031 4051
2032 4051
2033 4052
2034 4050
2035 4052
2036 4052
2037 4053
2038 4053
2039 4055
2040 4053
2041 4047
2042 4050
2043 4052
2044 4051
2045 4047
2046 4051
2047 4052
2048 4050
2049 4051
2050 4050
2051 4058
2052 4050
2053 4052
2054 4051
2055 4055
2056 4052
2057 4055
2058 4052
2059 4055
2060 4050
2061 4053
2062 4052
2063 4053
2064 4051
2065 4055
2066 4055
2067 4052
2068 4054
2069 4052
2070 4052
2071 4049
2072 4050
2073 4047
2074 4049
2075 4054
2076 4052
2077 4054
2078 4054
2079 4051
2080 4052
2081 4055
2082 4053
2083 4054
2084 4053
2085 4051
2086 4053
2087 4053
2088 4053
2089 4054
2090 4052
2091 4052
2092 4053
2093 4054
2094 4050
2095 4050
2096 4051
2097 4052
2098 4051
2099 4052
2100 4052
2101 4055
2102 4045
2103 4053
2104 4049
2105 4053
2106 4051
2107 4052
2108 4054
2109 4054
2110 4053
2111 4052
2112 4054
2113 4052
2114 4053
2115 4054
2116 4052
2117 4053
2118 4053
2119 4052
2120 4051
2121 4052
2122 4047
2123 4050
2124 4053
2125 4054
2126 4047
2127 4050
2128 4057
2129 4053
2130 4047
2131 4054
2132 4054
2133 4053
2134 4050
2135 4052
2136 4052
2137 4051
2138 4055
2139 4051
2140 4050
2141 4053
2142 4055
2143 4050
2144 4051
2145 4053
2146 4053
2147 4054
2148 4049
2149 4052
2150 4055
2151 4057
2152 4049
2153 4050
2154 4051
2155 4055
2156 4052
2157 4055
2158 4052
2159 4053
2160 4048
2161 4055
2162 4049
2163 4052
2164 4047
2165 4050
2166 4052
2167 4051
2168 4054
2169 4050
2170 4055
2171 4052
2172 4051
2173 4055
2174 4052
2175 4054
2176 4047
2177 4051
2178 4050
2179 4050
2180 4050
2181 4050
2182 4051
2183 4054
2184 4052
2185 4053
2186 4053
2187 4053
2188 4049
2189 4049
2190 4053
2191 4051
2192 4052
2193 4052
2194 4051
2195 4052
2196 4052
2197 4054
2198 4053
2199 4052
2200 4053
2201 4059
2202 4047
2203 4052
2204 4049
2205 4053
2206 4049
2207 4053
2208 4052
2209 4051
2210 4049
2211 4053
2212 4053
2213 4053
2214 4051
2215 4051
2216 4052
2217 4054
2218 4051
2219 4053
2220 4050
2221 4054
2222 4055
2223 4052
2224 4051
2225 4053
2226 4052
2227 4051
2228 4052
2229 4052
2230 4052
2231 4054
2232 4049
2233 4055
2234 4051
2235 4049
2236 4054
2237 4053
2238 4050
2239 4049
2240 4053
2241 4058
2242 4052
2243 4053
2244 4053
2245 4051
2246 4052
2247 4053
2248 4053
2249 4050
2250 4053
2251 4055
2252 4050
2253 4052
2254 4050
2255 4047
2256 4051
2257 4052
2258 4052
2259 4050
2260 4051
2261 4052
2262 4050
2263 4051
2264 4050
2265 4052
2266 4049
2267 4052
2268 4052
2269 4052
2270 4049
2271 4051
2272 4047
2273 4051
2274 4053
2275 4054
2276 4052
2277 4049
2278 4051
2279 4054
2280 4054
2281 4055
2282 4050
2283 4050
2284 4051
2285 4051
2286 4050
2287 4054
2288 4052
2289 4053
2290 4052
2291 4050
2292 4052
2293 4052
2294 4050
2295 4047
2296 4049
2297 4051
2298 4052
2299 4053
2300 4051
2301 4055
2302 4051
2303 4055
2304 4052
2305 4052
2306 4051
2307 4049
2308 4051
2309 4053
2310 4050
2311 4052
2312 4049
2313 4052
2314 4052
2315 4051
2316 4051
2317 4053
2318 4050
2319 4050
2320 4051
2321 4052
2322 4049
2323 4052
2324 4050
2325 4047
2326 4047
2327 4047
2328 4053
2329 4053
2330 4050
2331 4052
2332 4051
2333 4050
2334 4052
2335 4051
2336 4051
2337 4053
2338 4052
2339 4053
2340 4050
2341 4050
2342 4049
2343 4050
2344 4053
2345 4053
2346 4049
2347 4051
2348 4051
2349 4052
2350 4047
2351 4055
2352 4045
2353 4049
2354 4047
2355 4051
2356 4051
2357 4050
2358 4047
2359 4052
2360 4047
2361 4057
2362 4054
2363 4051
2364 4047
2365 4051
2366 4049
2367 4051
2368 4051
2369 4050
2370 4047
2371 4050
2372 4051
2373 4049
2374 4050
2375 4053
2376 4047
2377 4046
2378 4051
2379 4051
2380 4051
2381 4050
2382 4051
2383 4052
2384 4047
2385 4050
2386 4049
2387 4049
2388 4047
2389 4049
2390 4051
2391 4050
2392 4047
2393 4047
2394 4052
2395 4049
2396 4049
2397 4050
2398 4047
2399 4050
2400 4047
2401 4054
2402 4047
2403 4052
2404 4049
2405 4050
2406 4051
2407 4050
2408 4049
2409 4047
2410 4050
2411 4049
2412 4050
2413 4051
2414 4051
2415 4053
2416 4049
2417 4051
2418 4050
2419 4047
2420 4052
2421 4053
2422 4050
2423 4051
2424 4052
2425 4053
2426 4047
2427 4050
2428 4053
2429 4047
2430 4047
2431 4047
2432 4047
2433 4052
2434 4053
2435 4055
2436 4049
2437 4047
2438 4047
2439 4053
2440 4046
2441 4048
2442 4052
2443 4051
2444 4049
2445 4050
2446 4047
2447 4051
2448 4047
2449 4047
2450 4049
2451 4055
2452 4044
2453 4049
2454 4047
2455 4050
2456 4050
2457 4055
2458 4047
2459 4049
2460 4050
2461 4050
2462 4050
2463 4046
2464 4050
2465 4049
2466 4049
2467 4047
2468 4045
2469 4046
2470 4049
2471 4049
2472 4047
2473 4051
2474 4050
2475 4050
2476 4044
2477 4046
2478 4047
2479 4046
2480 4047
2481 4049
2482 4049
2483 4050
2484 4048
2485 4049
2486 4046
2487 4047
2488 4047
2489 4047
2490 4047
2491 4049
2492 4049
2493 4047
2494 4047
2495 4047
2496 4047
2497 4045
2498 4047
2499 4049
2500 4046
2501 4050
2502 4044
2503 4050
2504 4047
2505 4046
2506 4047
2507 4046
2508 4045
2509 4047
2510 4047
2511 4045
2512 4046
2513 4049
2514 4045
2515 4047
2516 4047
2517 4047
2518 4047
2519 4047
2520 4047
2521 4045
2522 4053
2523 4049
2524 4050
2525 4044
2526 4045
2527 4044
2528 4047
2529 4046
2530 4045
2531 4049
2532 4044
2533 4049
2534 4047
2535 4046
2536 4049
2537 4045
2538 4047
2539 4047
2540 4047
2541 4050
2542 4046
2543 4049
2544 4047
2545 4044
2546 4045
2547 4046
2548 4045
2549 4044
2550 4041
2551 4049
2552 4043
2553 4047
2554 4046
2555 4046
2556 4046
2557 4045
2558 4045
2559 4047
2560 4046
2561 4044
2562 4047
2563 4047
2564 4044
2565 4045
2566 4047
2567 4047
2568 4047
2569 4044
2570 4046
2571 4042
2572 4047
2573 4041
2574 4047
2575 4043
2576 4043
2577 4044
2578 4045
2579 4044
2580 4047
2581 4044
2582 4044
2583 4042
2584 4045
2585 4042
2586 4042
2587 4045
2588 4045
2589 4042
2590 4045
2591 4043
2592 4039
2593 4043
2594 4041
2595 4044
2596 4046
2597 4043
2598 4043
2599 4042
2600 4044
2601 4045
2602 4042
2603 4042
2604 4045
2605 4044
2606 4040
2607 4041
2608 4040
2609 4044
2610 4041
2611 4042
2612 4041
2613 4043
2614 4039
2615 4040
2616 4042
2617 4043
2618 4039
2619 4042
2620 4039
2621 4041
2622 4041
2623 4039
2624 4041
2625 4039
2626 4037
2627 4039
2628 4041
2629 4041
2630 4041
2631 4039
2632 4039
2633 4040
2634 4041
2635 4037
2636 4037
2637 4035
2638 4037
2639 4036
2640 4031
2641 4037
2642 4031
2643 4034
2644 4031
2645 4031
2646 4035
2647 4031
2648 4036
2649 4031
2650 4027
2651 4037
2652 4023
2653 4031
2654 4028
2655 4031
2656 4031
2657 4031
2658 4031
2659 4031
2660 4031
2661 4030
2662 4031
2663 4031
2664 4031
2665 4031
2666 4031
2667 4029
2668 4031
2669 4027
2670 4027
2671 4029
2672 4027
2673 4029
2674 4023
2675 4023
2676 4025
2677 4017
2678 4025
2679 4017
2680 4018
2681 4015
2682 4015
2683 4009
2684 4007
2685 4011
2686 4011
2687 4015
2688 4011
2689 4004
2690 4007
2691 4003
2692 4000
2693 4000
2694 3996
2695 3994
2696 3989
2697 3991
2698 3995
2699 3989
2700 3991
2701 3991
2702 3980
2703 3981
2704 3981
2705 3981
2706 3967
2707 3955
2708 3954
2709 3967
2710 3971
2711 3961
2712 3965
2713 3971
2714 3972
2715 3967
2716 3961
2717 3956
2718 3967
2719 3981
2720 3983
2721 3975
2722 3973
2723 3974
2724 3983
2725 3991
2726 3989
2727 3983
2728 4000
2729 3993
2730 3991
2731 3990
2732 3995
2733 3995
2734 4002
2735 4009
2736 4015
2737 4014
2738 4017
2739 4020
2740 4021
2741 4019
2742 4023
2743 4023
2744 4031
2745 4029
2746 4028
2747 4030
2748 4031
2749 4031
2750 4031
2751 4041
2752 4029
2753 4039
2754 4036
2755 4038
2756 4040
2757 4042
2758 4041
2759 4043
2760 4042
2761 4043
2762 4039
2763 4043
2764 4041
2765 4041
2766 4041
2767 4043
2768 4044
2769 4042
2770 4044
2771 4046
2772 4044
2773 4043
2774 4045
2775 4046
2776 4045
2777 4039
2778 4046
2779 4043
2780 4046
2781 4042
2782 4044
2783 4044
2784 4047
2785 4044
2786 4045
2787 4047
2788 4046
2789 4045
2790 4044
2791 4043
2792 4045
2793 4047
2794 4044
2795 4047
2796 4044
2797 4045
2798 4047
2799 4047
2800 4047
2801 4050
2802 4042
2803 4049
2804 4045
2805 4044
2806 4047
2807 4053
2808 4047
2809 4047
2810 4046
2811 4046
2812 4048
2813 4046
2814 4046
2815 4047
2816 4045
2817 4047
2818 4045
2819 4046
2820 4046
2821 4047
2822 4049
2823 4046
2824 4049
2825 4047
2826 4046
2827 4048
2828 4052
2829 4047
2830 4050
2831 4049
2832 4049
2833 4046
2834 4047
2835 4049
2836 4047
2837 4046
2838 4051
2839 4047
2840 4049
2841 4047
2842 4052
2843 4047
2844 4047
2845 4049
2846 4047
2847 4050
2848 4049
2849 4046
2850 4049
2851 4053
2852 4045
2853 4049
2854 4049
2855 4049
2856 4049
2857 4047
2858 4047
2859 4047
2860 4047
2861 4047
2862 4052
2863 4049
2864 4047
2865 4047
2866 4053
2867 4049
2868 4049
2869 4047
2870 4049
2871 4052
2872 4050
2873 4051
2874 4047
2875 4052
2876 4050
2877 4049
2878 4049
2879 4050
2880 4052
2881 4050
2882 4051
2883 4050
2884 4049
2885 4052
2886 4052
2887 4051
2888 4050
2889 4052
2890 4051
2891 4052
2892 4047
2893 4051
2894 4051
2895 4051
2896 4050
2897 4051
2898 4053
2899 4047
2900 4049
2901 4058
2902 4046
2903 4052
2904 4051
2905 4053
2906 4047
2907 4046
2908 4052
2909 4050
2910 4049
2911 4052
2912 4050
2913 4050
2914 4052
2915 4052
2916 4052
2917 4052
2918 4051
2919 4050
2920 4047
2921 4051
2922 4053
2923 4053
2924 4052
2925 4053
2926 4047
2927 4047
2928 4053
2929 4052
2930 4050
2931 4049
2932 4053
2933 4053
2934 4052
2935 4047
2936 4052
2937 4055
2938 4047
2939 4051
2940 4052
2941 4050
2942 4049
2943 4050
2944 4050
2945 4050
2946 4052
2947 4052
2948 4051
2949 4051
2950 4051
2951 4057
2952 4049
2953 4052
2954 4051
2955 4051
2956 4049
2957 4050
2958 4051
2959 4049
2960 4053
2961 4053
2962 4050
2963 4053
2964 4053
2965 4053
2966 4051
2967 4051
2968 4052
2969 4052
2970 4047
2971 4051
2972 4052
2973 4050
2974 4049
2975 4051
2976 4051
2977 4053
2978 4054
2979 4052
2980 4054
2981 4051
2982 4054
2983 4053
2984 4051
2985 4052
2986 4049
2987 4052
2988 4053
2989 4050
2990 4051
2991 4046
2992 4049
2993 4049
2994 4052
2995 4055
2996 4052
2997 4052
2998 4051
2999 4048
3000 4053
3001 4060
3002 4047
3003 4049
3004 4053
3005 4052
3006 4053
3007 4052
3008 4051
3009 4053
3010 4053
3011 4055
3012 4054
3013 4051
3014 4052
3015 4054
3016 4053
3017 4054
3018 4051
3019 4052
3020 4051
3021 4050
3022 4050
3023 4050
3024 4050
3025 4050
3026 4048
3027 4051
3028 4054
3029 4050
3030 4052
3031 4052
3032 4053
3033 4051
3034 4050
3035 4052
3036 4051
3037 4053
3038 4052
3039 4053
3040 4051
3041 4055
3042 4051
3043 4052
3044 4051
3045 4053
3046 4050
3047 4052
3048 4052
3049 4051
3050 4053
3051 4059
3052 4047
3053 4053
3054 4052
3055 4055
3056 4054
3057 4055
3058 4052
3059 4052
3060 4052
3061 4052
3062 4053
3063 4052
3064 4053
3065 4052
3066 4053
3067 4052
3068 4051
3069 4054
3070 4052
3071 4051
3072 4053
3073 4051
3074 4052
3075 4052
3076 4049
3077 4052
3078 4054
3079 4053
3080 4052
3081 4052
3082 4057
3083 4050
3084 4053
3085 4055
3086 4053
3087 4052
3088 4052
3089 4052
3090 4049
3091 4051
3092 4053
3093 4055
3094 4053
3095 4050
3096 4052
3097 4052
3098 4051
3099 4052
3100 4051
3101 4061
3102 4046
3103 4055
3104 4055
3105 4051
3106 4053
3107 4055
3108 4053
3109 4047
3110 4050
3111 4053
3112 4049
3113 4049
3114 4052
3115 4055
3116 4052
3117 4055
3118 4053
3119 4054
3120 4052
3121 4051
3122 4053
3123 4053
3124 4050
3125 4050
3126 4052
3127 4047
3128 4051
3129 4055
3130 4053
3131 4052
3132 4054
3133 4049
3134 4052
3135 4054
3136 4053
3137 4051
3138 4054
3139 4055
3140 4052
3141 4054
3142 4053
3143 4052
3144 4051
3145 4053
3146 4053
3147 4050
3148 4052
3149 4053
3150 4049
3151 4054
3152 4046
3153 4054
3154 4050
3155 4053
3156 4053
3157 4053
3158 4050
3159 4051
3160 4051
3161 4050
3162 4050
3163 4055
3164 4052
3165 4053
3166 4049
3167 4055
3168 4052
3169 4054
3170 4053
3171 4053
3172 4049
3173 4053
3174 4054
3175 4050
3176 4050
3177 4053
3178 4052
3179 4050
3180 4049
3181 4051
3182 4052
3183 4054
3184 4051
3185 4054
3186 4047
3187 4050
3188 4055
3189 4053
3190 4054
3191 4050
3192 4052
3193 4052
3194 4053
3195 4055
3196 4051
3197 4052
3198 4053
3199 4055
3200 4050
3201 4055
3202 4047
3203 4054
3204 4055
3205 4053
3206 4053
3207 4051
3208 4054
3209 4053
3210 4052
3211 4052
3212 4052
3213 4051
3214 4052
3215 4055
3216 4052
3217 4052
3218 4050
3219 4050
3220 4054
3221 4054
3222 4057
3223 4051
3224 4052
3225 4052
3226 4053
3227 4051
3228 4054
3229 4053
3230 4055
3231 4054
3232 4052
3233 4052
3234 4054
3235 4050
3236 4052
3237 4055
3238 4053
3239 4052
3240 4053
3241 4054
3242 4051
3243 4052
3244 4051
3245 4052
3246 4054
3247 4053
3248 4052
3249 4052
3250 4050
3251 4057
3252 4047
3253 4051
3254 4052
3255 4054
3256 4054
3257 4052
3258 4049
3259 4051
3260 4053
3261 4051
3262 4052
3263 4051
3264 4051
3265 4050
3266 4054
3267 4053
3268 4053
3269 4053
3270 4054
3271 4051
3272 4054
3273 4052
3274 4052
3275 4053
3276 4049
3277 4054
3278 4052
3279 4053
3280 4053
3281 4052
3282 4051
3283 4051
3284 4047
3285 4051
3286 4053
3287 4053
3288 4053
3289 4052
3290 4050
3291 4053
3292 4051
3293 4051
3294 4053
3295 4052
3296 4052
3297 4052
3298 4052
3299 4051
3300 4051
3301 4058
3302 4047
3303 4052
3304 4055
3305 4053
3306 4053
3307 4054
3308 4052
3309 4055
3310 4054
3311 4050
3312 4052
3313 4052
3314 4053
3315 4053
3316 4052
3317 4055
3318 4052
3319 4051
3320 4052
3321 4053
3322 4052
3323 4055
3324 4052
3325 4053
3326 4049
3327 4052
3328 4053
3329 4053
3330 4052
3331 4052
3332 4053
3333 4055
3334 4051
3335 4055
3336 4050
3337 4054
3338 4051
3339 4051
3340 4050
3341 4050
3342 4053
3343 4054
3344 4051
3345 4050
3346 4052
3347 4053
3348 4050
3349 4051
3350 4052
3351 4059
3352 4047
3353 4055
3354 4047
3355 4054
3356 4053
3357 4052
3358 4049
3359 4052
3360 4053
3361 4050
3362 4049
3363 4055
3364 4049
3365 4053
3366 4051
3367 4056
3368 4052
3369 4052
3370 4053
3371 4055
3372 4052
3373 4054
3374 4053
3375 4054
3376 4052
3377 4047
3378 4055
3379 4052
3380 4047
3381 4051
3382 4051
3383 4053
3384 4053
3385 4051
3386 4051
3387 4055
3388 4049
3389 4052
3390 4054
3391 4054
3392 4052
3393 4052
3394 4051
3395 4055
3396 4052
3397 4053
3398 4053
3399 4053
3400 4049
3401 4058
3402 4051
3403 4054
3404 4049
3405 4053
3406 4052
3407 4050
3408 4053
3409 4050
3410 4055
3411 4053
3412 4054
3413 4053
3414 4052
3415 4052
3416 4055
3417 4052
3418 4054
3419 4052
3420 4054
3421 4051
3422 4054
3423 4053
3424 4053
3425 4053
3426 4052
3427 4052
3428 4054
3429 4053
3430 4055
3431 4050
3432 4050
3433 4051
3434 4050
3435 4051
3436 4050
3437 4055
3438 4050
3439 4054
3440 4055
3441 4053
3442 4050
3443 4052
3444 4052
3445 4053
3446 4052
3447 4053
3448 4051
3449 4050
3450 4053
3451 4057
3452 4050
3453 4055
3454 4052
3455 4052
3456 4050
3457 4053
3458 4051
3459 4057
3460 4052
3461 4054
3462 4052
3463 4052
3464 4051
3465 4051
3466 4052
3467 4052
3468 4051
3469 4053
3470 4052
3471 4054
3472 4051
3473 4053
3474 4051
3475 4051
3476 4053
3477 4050
3478 4054
3479 4055
3480 4052
3481 4053
3482 4051
3483 4053
3484 4052
3485 4055
3486 4051
3487 4052
3488 4052
3489 4053
3490 4052
3491 4052
3492 4051
3493 4052
3494 4054
3495 4057
3496 4054
3497 4052
3498 4052
3499 4051
3500 4054
3501 4055
3502 4051
3503 4056
3504 4050
3505 4052
3506 4052
3507 4055
3508 4047
3509 4055
3510 4052
3511 4055
3512 4052
3513 4052
3514 4051
3515 4054
3516 4051
3517 4054
3518 4047
3519 4050
3520 4051
3521 4055
3522 4051
3523 4054
3524 4053
3525 4051
3526 4051
3527 4053
3528 4054
3529 4054
3530 4055
3531 4054
3532 4050
3533 4053
3534 4055
3535 4055
3536 4050
3537 4053
3538 4051
3539 4053
3540 4053
3541 4058
3542 4052
3543 4050
3544 4051
3545 4049
3546 4052
3547 4049
3548 4054
3549 4054
3550 4050
3551 4055
3552 4047
3553 4055
3554 4050
3555 4051
3556 4052
3557 4052
3558 4053
3559 4053
3560 4052
3561 4053
3562 4050
3563 4054
3564 4051
3565 4053
3566 4052
3567 4053
3568 4049
3569 4050
3570 4050
3571 4053
3572 4054
3573 4052
3574 4051
3575 4053
3576 4054
3577 4055
3578 4055
3579 4051
3580 4053
3581 4052
3582 4051
3583 4053
3584 4052
3585 4052
3586 4053
3587 4051
3588 4052
3589 4055
3590 4055
3591 4052
3592 4052
3593 4054
3594 4051
3595 4051
3596 4054
3597 4054
3598 4057
3599 4047
3600 4053
3601 4057
3602 4051
3603 4054
3604 4050
3605 4052
3606 4049
3607 4052
3608 4055
3609 4050
3610 4052
3611 4053
3612 4052
3613 4052
3614 4053
3615 4055
3616 4052
3617 4054
3618 4051
3619 4052
3620 4057
3621 4055
3622 4051
3623 4051
3624 4054
3625 4052
3626 4053
3627 4055
3628 4050
3629 4055
3630 4054
3631 4052
3632 4051
3633 4053
3634 4051
3635 4054
3636 4055
3637 4051
3638 4054
3639 4054
3640 4055
3641 4049
3642 4054
3643 4054
3644 4055
3645 4052
3646 4054
3647 4053
3648 4051
3649 4053
3650 4051
3651 4055
3652 4045
3653 4050
3654 4054
3655 4049
3656 4051
3657 4052
3658 4054
3659 4050
3660 4053
3661 4051
3662 4047
3663 4053
3664 4053
3665 4051
3666 4050
3667 4052
3668 4049
3669 4049
3670 4050
3671 4052
3672 4052
3673 4055
3674 4052
3675 4051
3676 4050
3677 4053
3678 4055
3679 4050
3680 4054
3681 4051
3682 4054
3683 4052
3684 4050
3685 4055
3686 4050
3687 4053
3688 4052
3689 4054
3690 4051
3691 4049
3692 4055
3693 4054
3694 4050
