#Data from the TCD1304 linear CCD
#column 1 = pixelnumber , column 2 = pixelvalue
#Pixel 1-32 and 3679-3694 and are dummy pixels
#SH-period: 200    ICG-period: 100000    Integration time: 100.0 us
2 4022
3 4025
4 4047
5 4044
6 4046
7 4047
8 4046
9 4046
10 4047
11 4047
12 4045
13 4047
14 4044
15 4049
16 4044
17 4047
18 4047
19 4045
20 4043
21 4046
22 4046
23 4047
24 4046
25 4044
26 4047
27 4047
28 4045
29 4047
30 4046
31 4047
32 4047
34 4047
35 4045
36 4045
37 4046
38 4045
39 4043
40 4046
41 4046
42 4047
43 4043
44 4044
45 4046
46 4043
47 4044
48 4045
49 4047
50 4047
51 4052
52 4043
53 4049
54 4046
55 4047
56 4047
57 4047
58 4046
59 4046
60 4045
61 4046
62 4047
63 4044
64 4045
65 4047
66 4046
67 4049
68 4045
69 4045
70 4049
71 4045
72 4047
73 4051
74 4045
75 4046
76 4043
77 4047
78 4044
79 4046
80 4047
81 4047
82 4045
83 4047
84 4046
85 4046
86 4047
87 4047
88 4047
89 4047
90 4047
91 4046
92 4047
93 4046
94 4046
95 4050
96 4045
97 4049
98 4047
99 4044
100 4047
101 4051
102 4040
103 4047
104 4045
105 4047
106 4041
107 4045
108 4049
109 4046
110 4049
111 4049
112 4047
113 4049
114 4047
115 4045
116 4049
117 4046
118 4045
119 4047
120 4050
121 4042
122 4049
123 4047
124 4047
125 4050
126 4047
127 4047
128 4047
129 4047
130 4046
131 4050
132 4051
133 4049
134 4045
135 4044
136 4050
137 4047
138 4046
139 4047
140 4047
141 4045
142 4046
143 4047
144 4046
145 4047
146 4045
147 4047
148 4047
149 4049
150 4047
151 4051
152 4043
153 4047
154 4047
155 4045
156 4044
157 4046
158 4046
159 4045
160 4045
161 4045
162 4051
163 4047
164 4047
165 4047
166 4046
167 4046
168 4047
169 4049
170 4043
171 4047
172 4050
173 4047
174 4046
175 4047
176 4046
177 4045
178 4047
179 4047
180 4046
181 4045
182 4045
183 4043
184 4044
185 4049
186 4049
187 4046
188 4047
189 4047
190 4047
191 4049
192 4047
193 4047
194 4044
195 4046
196 4049
197 4047
198 4047
199 4047
200 4047
201 4051
202 4045
203 4045
204 4046
205 4046
206 4049
207 4045
208 4044
209 4047
210 4047
211 4045
212 4042
213 4049
214 4041
215 4045
216 4047
217 4046
218 4045
219 4046
220 4051
221 4046
222 4045
223 4047
224 4047
225 4041
226 4047
227 4047
228 4047
229 4046
230 4046
231 4045
232 4044
233 4047
234 4043
235 4045
236 4044
237 4043
238 4045
239 4047
240 4045
241 4047
242 4045
243 4050
244 4047
245 4050
246 4050
247 4050
248 4049
249 4047
250 4050
251 4051
252 4041
253 4046
254 4046
255 4047
256 4046
257 4047
258 4045
259 4047
260 4047
261 4047
262 4049
263 4047
264 4047
265 4046
266 4044
267 4049
268 4045
269 4044
270 4045
271 4044
272 4047
273 4044
274 4043
275 4044
276 4044
277 4046
278 4045
279 4046
280 4047
281 4047
282 4049
283 4047
284 4049
285 4047
286 4044
287 4049
288 4047
289 4047
290 4045
291 4047
292 4047
293 4045
294 4046
295 4047
296 4047
297 4047
298 4046
299 4047
300 4045
301 4051
302 4041
303 4044
304 4047
305 4046
306 4047
307 4049
308 4049
309 4049
310 4047
311 4043
312 4045
313 4047
314 4047
315 4045
316 4046
317 4047
318 4045
319 4045
320 4047
321 4041
322 4049
323 4047
324 4046
325 4050
326 4045
327 4047
328 4045
329 4047
330 4045
331 4046
332 4047
333 4044
334 4050
335 4047
336 4044
337 4047
338 4045
339 4047
340 4046
341 4045
342 4046
343 4047
344 4042
345 4047
346 4049
347 4047
348 4046
349 4046
350 4046
351 4052
352 4044
353 4047
354 4045
355 4047
356 4046
357 4043
358 4046
359 4047
360 4045
361 4047
362 4047
363 4047
364 4046
365 4046
366 4047
367 4045
368 4047
369 4047
370 4046
371 4048
372 4050
373 4047
374 4046
375 4044
376 4046
377 4046
378 4046
379 4047
380 4046
381 4045
382 4046
383 4047
384 4049
385 4047
386 4047
387 4047
388 4047
389 4047
390 4045
391 4047
392 4045
393 4045
394 4046
395 4044
396 4045
397 4044
398 4043
399 4045
400 4045
401 4052
402 4041
403 4047
404 4047
405 4045
406 4046
407 4047
408 4050
409 4047
410 4047
411 4044
412 4046
413 4047
414 4044
415 4047
416 4046
417 4046
418 4047
419 4046
420 4045
421 4043
422 4046
423 4045
424 4046
425 4047
426 4047
427 4047
428 4043
429 4045
430 4049
431 4047
432 4046
433 4047
434 4047
435 4046
436 4047
437 4046
438 4047
439 4046
440 4047
441 4044
442 4044
443 4046
444 4044
445 4047
446 4049
447 4050
448 4047
449 4047
450 4042
451 4052
452 4041
453 4045
454 4047
455 4047
456 4049
457 4046
458 4047
459 4047
460 4044
461 4044
462 4043
463 4043
464 4043
465 4047
466 4044
467 4047
468 4047
469 4049
470 4047
471 4049
472 4049
473 4046
474 4042
475 4045
476 4045
477 4047
478 4047
479 4047
480 4045
481 4047
482 4046
483 4050
484 4046
485 4047
486 4047
487 4047
488 4047
489 4047
490 4047
491 4047
492 4044
493 4047
494 4042
495 4046
496 4044
497 4047
498 4046
499 4044
500 4045
501 4046
502 4039
503 4047
504 4046
505 4047
506 4045
507 4046
508 4046
509 4046
510 4047
511 4046
512 4046
513 4044
514 4047
515 4050
516 4047
517 4047
518 4047
519 4049
520 4045
521 4047
522 4051
523 4045
524 4047
525 4043
526 4046
527 4043
528 4043
529 4045
530 4045
531 4046
532 4047
533 4050
534 4046
535 4047
536 4047
537 4045
538 4044
539 4046
540 4045
541 4046
542 4046
543 4045
544 4047
545 4047
546 4041
547 4047
548 4046
549 4045
550 4046
551 4052
552 4047
553 4045
554 4049
555 4047
556 4047
557 4049
558 4045
559 4047
560 4045
561 4044
562 4046
563 4045
564 4044
565 4046
566 4047
567 4047
568 4046
569 4045
570 4044
571 4044
572 4044
573 4044
574 4045
575 4045
576 4046
577 4047
578 4050
579 4045
580 4047
581 4049
582 4047
583 4049
584 4041
585 4047
586 4047
587 4047
588 4045
589 4051
590 4046
591 4049
592 4047
593 4044
594 4045
595 4044
596 4041
597 4047
598 4045
599 4045
600 4045
601 4049
602 4043
603 4049
604 4044
605 4047
606 4046
607 4047
608 4047
609 4045
610 4043
611 4044
612 4047
613 4045
614 4047
615 4050
616 4045
617 4044
618 4046
619 4045
620 4047
621 4047
622 4047
623 4047
624 4050
625 4047
626 4047
627 4046
628 4045
629 4045
630 4046
631 4046
632 4047
633 4050
634 4046
635 4045
636 4047
637 4047
638 4047
639 4045
640 4049
641 4044
642 4047
643 4047
644 4046
645 4050
646 4047
647 4051
648 4049
649 4047
650 4046
651 4051
652 4041
653 4046
654 4045
655 4045
656 4044
657 4047
658 4047
659 4047
660 4047
661 4047
662 4045
663 4047
664 4047
665 4046
666 4046
667 4049
668 4049
669 4045
670 4044
671 4045
672 4045
673 4044
674 4043
675 4045
676 4043
677 4046
678 4046
679 4045
680 4050
681 4046
682 4045
683 4047
684 4042
685 4047
686 4049
687 4045
688 4047
689 4047
690 4047
691 4045
692 4046
693 4046
694 4045
695 4046
696 4044
697 4046
698 4046
699 4047
700 4047
701 4050
702 4044
703 4047
704 4046
705 4050
706 4045
707 4045
708 4046
709 4047
710 4045
711 4046
712 4049
713 4046
714 4043
715 4047
716 4046
717 4047
718 4047
719 4049
720 4043
721 4046
722 4047
723 4049
724 4047
725 4044
726 4045
727 4047
728 4046
729 4045
730 4046
731 4047
732 4045
733 4045
734 4047
735 4045
736 4050
737 4049
738 4047
739 4047
740 4046
741 4046
742 4044
743 4047
744 4050
745 4051
746 4047
747 4049
748 4046
749 4044
750 4047
751 4053
752 4041
753 4047
754 4044
755 4044
756 4046
757 4047
758 4047
759 4046
760 4045
761 4047
762 4050
763 4047
764 4045
765 4045
766 4045
767 4047
768 4046
769 4046
770 4044
771 4040
772 4045
773 4043
774 4046
775 4047
776 4047
777 4046
778 4049
779 4047
780 4047
781 4046
782 4046
783 4045
784 4044
785 4044
786 4047
787 4041
788 4044
789 4044
790 4049
791 4045
792 4047
793 4049
794 4045
795 4045
796 4044
797 4046
798 4044
799 4047
800 4046
801 4051
802 4044
803 4045
804 4046
805 4049
806 4047
807 4050
808 4045
809 4043
810 4043
811 4047
812 4049
813 4044
814 4049
815 4047
816 4046
817 4046
818 4045
819 4047
820 4044
821 4047
822 4046
823 4047
824 4045
825 4047
826 4047
827 4047
828 4047
829 4045
830 4046
831 4044
832 4045
833 4046
834 4047
835 4047
836 4047
837 4045
838 4047
839 4047
840 4045
841 4047
842 4046
843 4044
844 4047
845 4043
846 4045
847 4047
848 4045
849 4051
850 4044
851 4051
852 4045
853 4047
854 4049
855 4046
856 4047
857 4047
858 4047
859 4046
860 4045
861 4045
862 4047
863 4043
864 4046
865 4044
866 4044
867 4047
868 4047
869 4047
870 4045
871 4044
872 4044
873 4049
874 4046
875 4047
876 4047
877 4047
878 4047
879 4047
880 4047
881 4047
882 4049
883 4047
884 4047
885 4040
886 4045
887 4042
888 4044
889 4045
890 4042
891 4046
892 4047
893 4047
894 4046
895 4046
896 4044
897 4047
898 4041
899 4045
900 4044
901 4050
902 4041
903 4047
904 4042
905 4047
906 4045
907 4044
908 4049
909 4047
910 4046
911 4047
912 4047
913 4047
914 4045
915 4044
916 4045
917 4042
918 4044
919 4045
920 4047
921 4044
922 4052
923 4051
924 4049
925 4047
926 4047
927 4047
928 4043
929 4047
930 4047
931 4044
932 4046
933 4047
934 4047
935 4045
936 4044
937 4047
938 4047
939 4049
940 4047
941 4045
942 4047
943 4047
944 4043
945 4046
946 4044
947 4044
948 4046
949 4045
950 4047
951 4052
952 4044
953 4045
954 4041
955 4049
956 4043
957 4047
958 4047
959 4046
960 4046
961 4047
962 4047
963 4049
964 4047
965 4046
966 4051
967 4045
968 4044
969 4044
970 4045
971 4046
972 4047
973 4043
974 4044
975 4042
976 4047
977 4043
978 4045
979 4045
980 4047
981 4047
982 4044
983 4047
984 4047
985 4047
986 4047
987 4047
988 4047
989 4047
990 4045
991 4046
992 4045
993 4046
994 4045
995 4044
996 4044
997 4049
998 4046
999 4046
1000 4047
1001 4051
1002 4041
1003 4047
1004 4047
1005 4045
1006 4045
1007 4047
1008 4049
1009 4046
1010 4046
1011 4047
1012 4043
1013 4046
1014 4046
1015 4049
1016 4047
1017 4046
1018 4047
1019 4047
1020 4047
1021 4046
1022 4049
1023 4045
1024 4047
1025 4047
1026 4047
1027 4049
1028 4044
1029 4052
1030 4047
1031 4047
1032 4043
1033 4045
1034 4044
1035 4044
1036 4047
1037 4047
1038 4047
1039 4049
1040 4045
1041 4047
1042 4047
1043 4046
1044 4047
1045 4047
1046 4047
1047 4047
1048 4045
1049 4045
1050 4045
1051 4050
1052 4044
1053 4050
1054 4047
1055 4046
1056 4046
1057 4049
1058 4046
1059 4046
1060 4044
1061 4041
1062 4045
1063 4045
1064 4047
1065 4046
1066 4047
1067 4049
1068 4047
1069 4044
1070 4051
1071 4043
1072 4045
1073 4047
1074 4047
1075 4045
1076 4045
1077 4047
1078 4045
1079 4047
1080 4045
1081 4047
1082 4047
1083 4046
1084 4046
1085 4044
1086 4042
1087 4046
1088 4045
1089 4045
1090 4046
1091 4049
1092 4047
1093 4047
1094 4046
1095 4047
1096 4044
1097 4047
1098 4046
1099 4046
1100 4045
1101 4052
1102 4043
1103 4051
1104 4045
1105 4047
1106 4043
1107 4049
1108 4045
1109 4046
1110 4046
1111 4047
1112 4047
1113 4047
1114 4045
1115 4047
1116 4047
1117 4046
1118 4046
1119 4047
1120 4046
1121 4042
1122 4047
1123 4045
1124 4046
1125 4045
1126 4046
1127 4047
1128 4045
1129 4047
1130 4047
1131 4047
1132 4047
1133 4049
1134 4044
1135 4047
1136 4045
1137 4046
1138 4046
1139 4047
1140 4047
1141 4044
1142 4047
1143 4047
1144 4047
1145 4046
1146 4049
1147 4049
1148 4042
1149 4047
1150 4047
1151 4050
1152 4045
1153 4045
1154 4049
1155 4049
1156 4045
1157 4047
1158 4047
1159 4046
1160 4046
1161 4047
1162 4046
1163 4047
1164 4044
1165 4047
1166 4046
1167 4047
1168 4047
1169 4042
1170 4046
1171 4047
1172 4049
1173 4043
1174 4044
1175 4042
1176 4043
1177 4042
1178 4044
1179 4047
1180 4043
1181 4051
1182 4047
1183 4047
1184 4046
1185 4045
1186 4047
1187 4050
1188 4043
1189 4045
1190 4045
1191 4047
1192 4044
1193 4044
1194 4046
1195 4042
1196 4045
1197 4047
1198 4046
1199 4050
1200 4047
1201 4047
1202 4042
1203 4047
1204 4045
1205 4047
1206 4045
1207 4049
1208 4049
1209 4046
1210 4046
1211 4045
1212 4043
1213 4043
1214 4045
1215 4047
1216 4046
1217 4047
1218 4045
1219 4044
1220 4045
1221 4045
1222 4045
1223 4046
1224 4045
1225 4047
1226 4046
1227 4050
1228 4045
1229 4047
1230 4047
1231 4047
1232 4047
1233 4043
1234 4047
1235 4045
1236 4046
1237 4042
1238 4047
1239 4049
1240 4045
1241 4047
1242 4047
1243 4046
1244 4047
1245 4047
1246 4046
1247 4046
1248 4042
1249 4045
1250 4044
1251 4047
1252 4043
1253 4049
1254 4046
1255 4042
1256 4047
1257 4045
1258 4047
1259 4045
1260 4046
1261 4046
1262 4045
1263 4050
1264 4047
1265 4049
1266 4044
1267 4047
1268 4045
1269 4051
1270 4047
1271 4047
1272 4046
1273 4047
1274 4047
1275 4047
1276 4047
1277 4045
1278 4049
1279 4047
1280 4047
1281 4047
1282 4041
1283 4045
1284 4045
1285 4045
1286 4047
1287 4047
1288 4046
1289 4044
1290 4047
1291 4045
1292 4045
1293 4043
1294 4041
1295 4049
1296 4047
1297 4050
1298 4046
1299 4042
1300 4047
1301 4053
1302 4043
1303 4046
1304 4045
1305 4051
1306 4046
1307 4045
1308 4046
1309 4047
1310 4048
1311 4047
1312 4047
1313 4047
1314 4045
1315 4045
1316 4044
1317 4047
1318 4050
1319 4047
1320 4045
1321 4044
1322 4046
1323 4045
1324 4044
1325 4044
1326 4044
1327 4045
1328 4047
1329 4046
1330 4049
1331 4047
1332 4047
1333 4049
1334 4045
1335 4050
1336 4045
1337 4046
1338 4047
1339 4047
1340 4047
1341 4047
1342 4046
1343 4047
1344 4047
1345 4044
1346 4047
1347 4047
1348 4045
1349 4044
1350 4044
1351 4052
1352 4041
1353 4045
1354 4047
1355 4047
1356 4049
1357 4047
1358 4047
1359 4047
1360 4045
1361 4045
1362 4044
1363 4044
1364 4045
1365 4047
1366 4047
1367 4047
1368 4049
1369 4049
1370 4050
1371 4047
1372 4045
1373 4047
1374 4044
1375 4045
1376 4046
1377 4044
1378 4044
1379 4044
1380 4047
1381 4047
1382 4047
1383 4044
1384 4047
1385 4044
1386 4047
1387 4049
1388 4045
1389 4045
1390 4044
1391 4046
1392 4044
1393 4047
1394 4044
1395 4044
1396 4046
1397 4045
1398 4043
1399 4046
1400 4043
1401 4050
1402 4039
1403 4047
1404 4043
1405 4045
1406 4043
1407 4045
1408 4049
1409 4045
1410 4045
1411 4045
1412 4044
1413 4045
1414 4046
1415 4043
1416 4046
1417 4046
1418 4044
1419 4046
1420 4045
1421 4045
1422 4043
1423 4044
1424 4045
1425 4045
1426 4045
1427 4046
1428 4046
1429 4047
1430 4045
1431 4045
1432 4046
1433 4044
1434 4045
1435 4045
1436 4045
1437 4047
1438 4047
1439 4046
1440 4047
1441 4047
1442 4047
1443 4046
1444 4047
1445 4044
1446 4047
1447 4046
1448 4047
1449 4049
1450 4047
1451 4053
1452 4044
1453 4047
1454 4043
1455 4047
1456 4047
1457 4047
1458 4045
1459 4046
1460 4043
1461 4046
1462 4050
1463 4047
1464 4045
1465 4047
1466 4049
1467 4047
1468 4047
1469 4046
1470 4047
1471 4045
1472 4049
1473 4046
1474 4047
1475 4047
1476 4043
1477 4049
1478 4043
1479 4047
1480 4047
1481 4044
1482 4044
1483 4049
1484 4047
1485 4047
1486 4047
1487 4045
1488 4044
1489 4047
1490 4047
1491 4047
1492 4045
1493 4047
1494 4047
1495 4042
1496 4044
1497 4053
1498 4045
1499 4045
1500 4047
1501 4051
1502 4041
1503 4046
1504 4045
1505 4045
1506 4046
1507 4045
1508 4046
1509 4046
1510 4046
1511 4046
1512 4042
1513 4047
1514 4047
1515 4045
1516 4046
1517 4046
1518 4045
1519 4044
1520 4047
1521 4047
1522 4047
1523 4049
1524 4047
1525 4047
1526 4047
1527 4047
1528 4043
1529 4042
1530 4044
1531 4044
1532 4043
1533 4043
1534 4042
1535 4049
1536 4045
1537 4047
1538 4045
1539 4044
1540 4046
1541 4049
1542 4047
1543 4047
1544 4045
1545 4049
1546 4042
1547 4047
1548 4047
1549 4047
1550 4047
1551 4051
1552 4047
1553 4045
1554 4047
1555 4046
1556 4045
1557 4045
1558 4046
1559 4047
1560 4047
1561 4045
1562 4050
1563 4051
1564 4049
1565 4052
1566 4049
1567 4046
1568 4045
1569 4046
1570 4045
1571 4047
1572 4047
1573 4045
1574 4047
1575 4046
1576 4045
1577 4047
1578 4047
1579 4047
1580 4047
1581 4047
1582 4045
1583 4046
1584 4045
1585 4050
1586 4046
1587 4046
1588 4047
1589 4047
1590 4047
1591 4043
1592 4045
1593 4047
1594 4050
1595 4047
1596 4043
1597 4045
1598 4043
1599 4047
1600 4046
1601 4050
1602 4047
1603 4046
1604 4046
1605 4045
1606 4049
1607 4046
1608 4038
1609 4047
1610 4047
1611 4047
1612 4046
1613 4047
1614 4047
1615 4045
1616 4045
1617 4047
1618 4042
1619 4043
1620 4041
1621 4047
1622 4046
1623 4047
1624 4049
1625 4047
1626 4049
1627 4047
1628 4047
1629 4045
1630 4047
1631 4047
1632 4047
1633 4047
1634 4047
1635 4049
1636 4049
1637 4047
1638 4047
1639 4049
1640 4047
1641 4045
1642 4045
1643 4046
1644 4046
1645 4043
1646 4045
1647 4047
1648 4043
1649 4047
1650 4047
1651 4053
1652 4047
1653 4047
1654 4045
1655 4047
1656 4044
1657 4045
1658 4046
1659 4042
1660 4046
1661 4047
1662 4045
1663 4045
1664 4047
1665 4045
1666 4045
1667 4047
1668 4045
1669 4045
1670 4046
1671 4044
1672 4047
1673 4047
1674 4050
1675 4047
1676 4046
1677 4046
1678 4045
1679 4046
1680 4045
1681 4045
1682 4047
1683 4046
1684 4045
1685 4045
1686 4044
1687 4044
1688 4046
1689 4044
1690 4047
1691 4049
1692 4047
1693 4045
1694 4044
1695 4044
1696 4044
1697 4046
1698 4039
1699 4047
1700 4051
1701 4053
1702 4044
1703 4046
1704 4047
1705 4047
1706 4047
1707 4046
1708 4049
1709 4047
1710 4044
1711 4045
1712 4047
1713 4047
1714 4043
1715 4046
1716 4047
1717 4047
1718 4046
1719 4050
1720 4045
1721 4047
1722 4049
1723 4044
1724 4045
1725 4046
1726 4045
1727 4047
1728 4045
1729 4051
1730 4043
1731 4045
1732 4046
1733 4045
1734 4047
1735 4045
1736 4047
1737 4049
1738 4046
1739 4046
1740 4047
1741 4043
1742 4047
1743 4049
1744 4047
1745 4046
1746 4044
1747 4050
1748 4046
1749 4047
1750 4043
1751 4052
1752 4039
1753 4046
1754 4044
1755 4046
1756 4046
1757 4052
1758 4046
1759 4046
1760 4045
1761 4047
1762 4045
1763 4045
1764 4047
1765 4045
1766 4047
1767 4045
1768 4045
1769 4047
1770 4047
1771 4047
1772 4047
1773 4049
1774 4046
1775 4046
1776 4046
1777 4047
1778 4049
1779 4047
1780 4047
1781 4050
1782 4047
1783 4045
1784 4047
1785 4046
1786 4046
1787 4043
1788 4047
1789 4046
1790 4044
1791 4045
1792 4044
1793 4044
1794 4050
1795 4047
1796 4047
1797 4047
1798 4043
1799 4042
1800 4045
1801 4050
1802 4046
1803 4045
1804 4047
1805 4047
1806 4046
1807 4045
1808 4045
1809 4049
1810 4050
1811 4047
1812 4047
1813 4047
1814 4046
1815 4046
1816 4049
1817 4044
1818 4045
1819 4044
1820 4043
1821 4042
1822 4044
1823 4044
1824 4047
1825 4044
1826 4044
1827 4041
1828 4047
1829 4047
1830 4043
1831 4047
1832 4044
1833 4047
1834 4050
1835 4046
1836 4047
1837 4043
1838 4047
1839 4043
1840 4046
1841 4047
1842 4045
1843 4045
1844 4045
1845 4047
1846 4047
1847 4047
1848 4047
1849 4044
1850 4045
1851 4051
1852 4041
1853 4047
1854 4046
1855 4045
1856 4044
1857 4045
1858 4046
1859 4047
1860 4044
1861 4047
1862 4047
1863 4049
1864 4042
1865 4049
1866 4046
1867 4047
1868 4046
1869 4046
1870 4044
1871 4047
1872 4045
1873 4047
1874 4046
1875 4050
1876 4045
1877 4043
1878 4045
1879 4047
1880 4045
1881 4050
1882 4044
1883 4051
1884 4046
1885 4044
1886 4044
1887 4047
1888 4046
1889 4045
1890 4047
1891 4043
1892 4042
1893 4047
1894 4046
1895 4045
1896 4045
1897 4049
1898 4047
1899 4047
1900 4044
1901 4053
1902 4042
1903 4050
1904 4044
1905 4047
1906 4047
1907 4047
1908 4045
1909 4046
1910 4045
1911 4047
1912 4042
1913 4047
1914 4045
1915 4047
1916 4046
1917 4047
1918 4044
1919 4046
1920 4047
1921 4046
1922 4044
1923 4044
1924 4046
1925 4044
1926 4045
1927 4047
1928 4047
1929 4047
1930 4047
1931 4045
1932 4047
1933 4047
1934 4047
1935 4047
1936 4047
1937 4045
1938 4045
1939 4045
1940 4044
1941 4047
1942 4045
1943 4047
1944 4047
1945 4046
1946 4047
1947 4047
1948 4046
1949 4050
1950 4044
1951 4051
1952 4043
1953 4043
1954 4046
1955 4045
1956 4050
1957 4046
1958 4045
1959 4047
1960 4047
1961 4047
1962 4046
1963 4043
1964 4043
1965 4042
1966 4044
1967 4042
1968 4045
1969 4046
1970 4045
1971 4044
1972 4045
1973 4047
1974 4046
1975 4046
1976 4045
1977 4045
1978 4045
1979 4042
1980 4043
1981 4041
1982 4045
1983 4045
1984 4047
1985 4043
1986 4046
1987 4046
1988 4045
1989 4039
1990 4043
1991 4047
1992 4045
1993 4044
1994 4047
1995 4047
1996 4047
1997 4047
1998 4047
1999 4046
2000 4045
2001 4047
2002 4045
2003 4045
2004 4047
2005 4047
2006 4044
2007 4049
2008 4046
2009 4044
2010 4047
2011 4043
2012 4047
2013 4046
2014 4049
2015 4049
2016 4046
2017 4047
2018 4044
2019 4043
2020 4043
2021 4046
2022 4051
2023 4050
2024 4046
2025 4043
2026 4046
2027 4041
2028 4046
2029 4049
2030 4044
2031 4047
2032 4045
2033 4045
2034 4047
2035 4045
2036 4047
2037 4045
2038 4047
2039 4047
2040 4047
2041 4047
2042 4044
2043 4050
2044 4046
2045 4047
2046 4044
2047 4050
2048 4047
2049 4045
2050 4047
2051 4050
2052 4042
2053 4046
2054 4046
2055 4043
2056 4043
2057 4043
2058 4047
2059 4044
2060 4046
2061 4047
2062 4044
2063 4045
2064 4045
2065 4047
2066 4047
2067 4044
2068 4046
2069 4045
2070 4042
2071 4047
2072 4047
2073 4046
2074 4047
2075 4049
2076 4043
2077 4047
2078 4044
2079 4047
2080 4047
2081 4045
2082 4044
2083 4045
2084 4044
2085 4045
2086 4047
2087 4047
2088 4043
2089 4047
2090 4047
2091 4047
2092 4045
2093 4047
2094 4045
2095 4046
2096 4047
2097 4047
2098 4047
2099 4047
2100 4050
2101 4047
2102 4043
2103 4050
2104 4045
2105 4044
2106 4047
2107 4047
2108 4047
2109 4046
2110 4045
2111 4045
2112 4044
2113 4040
2114 4047
2115 4046
2116 4046
2117 4045
2118 4046
2119 4047
2120 4051
2121 4047
2122 4047
2123 4045
2124 4045
2125 4046
2126 4043
2127 4046
2128 4045
2129 4047
2130 4044
2131 4047
2132 4045
2133 4044
2134 4047
2135 4047
2136 4044
2137 4046
2138 4041
2139 4046
2140 4044
2141 4046
2142 4046
2143 4044
2144 4046
2145 4043
2146 4046
2147 4047
2148 4043
2149 4045
2150 4047
2151 4049
2152 4043
2153 4045
2154 4042
2155 4045
2156 4046
2157 4047
2158 4044
2159 4045
2160 4046
2161 4044
2162 4041
2163 4047
2164 4046
2165 4046
2166 4047
2167 4043
2168 4044
2169 4039
2170 4045
2171 4045
2172 4049
2173 4043
2174 4045
2175 4047
2176 4044
2177 4044
2178 4048
2179 4041
2180 4045
2181 4044
2182 4044
2183 4050
2184 4047
2185 4047
2186 4049
2187 4045
2188 4049
2189 4046
2190 4046
2191 4046
2192 4047
2193 4047
2194 4047
2195 4046
2196 4045
2197 4047
2198 4045
2199 4044
2200 4043
2201 4053
2202 4041
2203 4046
2204 4047
2205 4047
2206 4043
2207 4045
2208 4045
2209 4045
2210 4047
2211 4045
2212 4045
2213 4046
2214 4049
2215 4049
2216 4047
2217 4045
2218 4043
2219 4047
2220 4044
2221 4047
2222 4047
2223 4044
2224 4046
2225 4047
2226 4044
2227 4045
2228 4046
2229 4045
2230 4046
2231 4047
2232 4047
2233 4045
2234 4045
2235 4047
2236 4045
2237 4047
2238 4046
2239 4045
2240 4044
2241 4047
2242 4044
2243 4045
2244 4046
2245 4041
2246 4044
2247 4045
2248 4042
2249 4047
2250 4045
2251 4050
2252 4042
2253 4045
2254 4046
2255 4045
2256 4046
2257 4050
2258 4046
2259 4046
2260 4046
2261 4046
2262 4045
2263 4047
2264 4045
2265 4046
2266 4045
2267 4047
2268 4045
2269 4047
2270 4045
2271 4043
2272 4044
2273 4047
2274 4044
2275 4045
2276 4047
2277 4047
2278 4045
2279 4042
2280 4042
2281 4045
2282 4043
2283 4047
2284 4045
2285 4045
2286 4043
2287 4047
2288 4044
2289 4045
2290 4044
2291 4047
2292 4047
2293 4047
2294 4045
2295 4047
2296 4044
2297 4049
2298 4044
2299 4044
2300 4042
2301 4051
2302 4039
2303 4043
2304 4044
2305 4047
2306 4047
2307 4046
2308 4044
2309 4045
2310 4046
2311 4045
2312 4044
2313 4045
2314 4044
2315 4041
2316 4044
2317 4045
2318 4044
2319 4042
2320 4043
2321 4043
2322 4041
2323 4042
2324 4044
2325 4045
2326 4041
2327 4043
2328 4042
2329 4044
2330 4042
2331 4042
2332 4042
2333 4043
2334 4043
2335 4046
2336 4045
2337 4044
2338 4046
2339 4047
2340 4046
2341 4046
2342 4045
2343 4044
2344 4047
2345 4045
2346 4044
2347 4043
2348 4045
2349 4044
2350 4044
2351 4050
2352 4039
2353 4042
2354 4044
2355 4047
2356 4047
2357 4044
2358 4046
2359 4044
2360 4047
2361 4044
2362 4047
2363 4045
2364 4044
2365 4045
2366 4043
2367 4047
2368 4043
2369 4047
2370 4044
2371 4043
2372 4045
2373 4045
2374 4045
2375 4042
2376 4041
2377 4045
2378 4042
2379 4041
2380 4045
2381 4042
2382 4042
2383 4047
2384 4042
2385 4045
2386 4045
2387 4047
2388 4044
2389 4042
2390 4043
2391 4043
2392 4044
2393 4044
2394 4044
2395 4044
2396 4042
2397 4045
2398 4044
2399 4044
2400 4047
2401 4051
2402 4040
2403 4045
2404 4044
2405 4043
2406 4043
2407 4045
2408 4044
2409 4047
2410 4041
2411 4046
2412 4045
2413 4047
2414 4047
2415 4047
2416 4044
2417 4042
2418 4045
2419 4042
2420 4044
2421 4045
2422 4043
2423 4044
2424 4044
2425 4045
2426 4043
2427 4044
2428 4043
2429 4045
2430 4042
2431 4046
2432 4045
2433 4047
2434 4045
2435 4047
2436 4045
2437 4047
2438 4046
2439 4045
2440 4043
2441 4047
2442 4045
2443 4047
2444 4045
2445 4046
2446 4044
2447 4046
2448 4047
2449 4046
2450 4043
2451 4047
2452 4039
2453 4047
2454 4047
2455 4047
2456 4043
2457 4042
2458 4042
2459 4041
2460 4041
2461 4046
2462 4045
2463 4045
2464 4044
2465 4046
2466 4039
2467 4045
2468 4046
2469 4045
2470 4044
2471 4045
2472 4045
2473 4045
2474 4039
2475 4046
2476 4046
2477 4045
2478 4043
2479 4043
2480 4043
2481 4045
2482 4038
2483 4045
2484 4043
2485 4042
2486 4046
2487 4045
2488 4043
2489 4045
2490 4043
2491 4043
2492 4045
2493 4042
2494 4041
2495 4042
2496 4046
2497 4045
2498 4044
2499 4045
2500 4043
2501 4049
2502 4041
2503 4041
2504 4039
2505 4043
2506 4039
2507 4042
2508 4044
2509 4045
2510 4042
2511 4044
2512 4041
2513 4043
2514 4041
2515 4044
2516 4046
2517 4043
2518 4044
2519 4045
2520 4045
2521 4042
2522 4046
2523 4043
2524 4042
2525 4044
2526 4044
2527 4042
2528 4045
2529 4047
2530 4041
2531 4042
2532 4043
2533 4045
2534 4046
2535 4042
2536 4044
2537 4041
2538 4041
2539 4043
2540 4042
2541 4045
2542 4043
2543 4043
2544 4046
2545 4045
2546 4039
2547 4045
2548 4039
2549 4039
2550 4039
2551 4047
2552 4038
2553 4042
2554 4041
2555 4042
2556 4041
2557 4039
2558 4043
2559 4043
2560 4045
2561 4041
2562 4041
2563 4043
2564 4042
2565 4045
2566 4039
2567 4044
2568 4039
2569 4045
2570 4041
2571 4045
2572 4042
2573 4039
2574 4042
2575 4039
2576 4043
2577 4042
2578 4043
2579 4041
2580 4041
2581 4045
2582 4039
2583 4041
2584 4041
2585 4041
2586 4039
2587 4043
2588 4042
2589 4043
2590 4041
2591 4044
2592 4041
2593 4043
2594 4037
2595 4044
2596 4042
2597 4041
2598 4042
2599 4043
2600 4041
2601 4046
2602 4039
2603 4042
2604 4043
2605 4042
2606 4043
2607 4045
2608 4044
2609 4045
2610 4043
2611 4042
2612 4042
2613 4039
2614 4037
2615 4039
2616 4041
2617 4039
2618 4040
2619 4042
2620 4042
2621 4039
2622 4042
2623 4041
2624 4039
2625 4042
2626 4041
2627 4042
2628 4041
2629 4039
2630 4042
2631 4040
2632 4041
2633 4043
2634 4038
2635 4042
2636 4041
2637 4038
2638 4043
2639 4043
2640 4039
2641 4038
2642 4039
2643 4047
2644 4043
2645 4040
2646 4039
2647 4042
2648 4037
2649 4043
2650 4040
2651 4044
2652 4037
2653 4042
2654 4040
2655 4040
2656 4039
2657 4039
2658 4038
2659 4039
2660 4042
2661 4041
2662 4039
2663 4039
2664 4039
2665 4038
2666 4039
2667 4045
2668 4039
2669 4041
2670 4041
2671 4042
2672 4039
2673 4042
2674 4043
2675 4042
2676 4039
2677 4039
2678 4036
2679 4038
2680 4037
2681 4045
2682 4038
2683 4039
2684 4039
2685 4042
2686 4036
2687 4039
2688 4043
2689 4039
2690 4039
2691 4045
2692 4041
2693 4041
2694 4043
2695 4041
2696 4042
2697 4044
2698 4043
2699 4041
2700 4042
2701 4045
2702 4041
2703 4039
2704 4041
2705 4043
2706 4039
2707 4042
2708 4046
2709 4043
2710 4043
2711 4045
2712 4042
2713 4040
2714 4042
2715 4041
2716 4038
2717 4041
2718 4039
2719 4045
2720 4040
2721 4042
2722 4043
2723 4044
2724 4041
2725 4044
2726 4041
2727 4041
2728 4039
2729 4042
2730 4044
2731 4039
2732 4039
2733 4041
2734 4040
2735 4043
2736 4041
2737 4039
2738 4043
2739 4039
2740 4043
2741 4044
2742 4042
2743 4038
2744 4039
2745 4039
2746 4038
2747 4043
2748 4042
2749 4039
2750 4040
2751 4046
2752 4038
2753 4039
2754 4043
2755 4045
2756 4041
2757 4043
2758 4049
2759 4043
2760 4043
2761 4043
2762 4043
2763 4045
2764 4041
2765 4039
2766 4041
2767 4039
2768 4040
2769 4040
2770 4045
2771 4043
2772 4041
2773 4043
2774 4045
2775 4042
2776 4041
2777 4044
2778 4043
2779 4041
2780 4042
2781 4041
2782 4039
2783 4042
2784 4041
2785 4043
2786 4041
2787 4041
2788 4039
2789 4042
2790 4044
2791 4042
2792 4045
2793 4044
2794 4041
2795 4043
2796 4041
2797 4042
2798 4040
2799 4043
2800 4043
2801 4044
2802 4046
2803 4043
2804 4041
2805 4039
2806 4039
2807 4044
2808 4041
2809 4045
2810 4041
2811 4041
2812 4039
2813 4045
2814 4044
2815 4044
2816 4042
2817 4045
2818 4043
2819 4044
2820 4044
2821 4044
2822 4041
2823 4039
2824 4045
2825 4045
2826 4041
2827 4044
2828 4042
2829 4042
2830 4042
2831 4043
2832 4044
2833 4039
2834 4043
2835 4045
2836 4044
2837 4041
2838 4044
2839 4045
2840 4041
2841 4047
2842 4045
2843 4042
2844 4042
2845 4047
2846 4046
2847 4046
2848 4042
2849 4046
2850 4047
2851 4049
2852 4041
2853 4044
2854 4043
2855 4044
2856 4045
2857 4044
2858 4043
2859 4045
2860 4047
2861 4045
2862 4041
2863 4046
2864 4047
2865 4044
2866 4047
2867 4043
2868 4041
2869 4046
2870 4043
2871 4044
2872 4044
2873 4045
2874 4047
2875 4046
2876 4046
2877 4046
2878 4046
2879 4041
2880 4046
2881 4047
2882 4046
2883 4046
2884 4045
2885 4044
2886 4047
2887 4045
2888 4045
2889 4046
2890 4046
2891 4047
2892 4044
2893 4044
2894 4045
2895 4041
2896 4047
2897 4045
2898 4045
2899 4044
2900 4046
2901 4053
2902 4041
2903 4047
2904 4047
2905 4043
2906 4046
2907 4045
2908 4046
2909 4047
2910 4045
2911 4045
2912 4046
2913 4042
2914 4043
2915 4047
2916 4044
2917 4042
2918 4047
2919 4047
2920 4042
2921 4047
2922 4047
2923 4045
2924 4043
2925 4047
2926 4045
2927 4045
2928 4046
2929 4044
2930 4046
2931 4045
2932 4044
2933 4049
2934 4046
2935 4045
2936 4046
2937 4047
2938 4045
2939 4045
2940 4047
2941 4047
2942 4046
2943 4045
2944 4044
2945 4047
2946 4044
2947 4047
2948 4047
2949 4046
2950 4045
2951 4051
2952 4042
2953 4047
2954 4047
2955 4046
2956 4045
2957 4047
2958 4045
2959 4047
2960 4047
2961 4045
2962 4047
2963 4049
2964 4046
2965 4044
2966 4044
2967 4044
2968 4046
2969 4047
2970 4047
2971 4042
2972 4045
2973 4047
2974 4047
2975 4049
2976 4047
2977 4045
2978 4045
2979 4047
2980 4047
2981 4047
2982 4047
2983 4045
2984 4042
2985 4047
2986 4045
2987 4045
2988 4045
2989 4044
2990 4049
2991 4044
2992 4046
2993 4046
2994 4047
2995 4046
2996 4045
2997 4050
2998 4043
2999 4047
3000 4045
3001 4051
3002 4042
3003 4044
3004 4043
3005 4043
3006 4044
3007 4047
3008 4044
3009 4047
3010 4047
3011 4044
3012 4050
3013 4047
3014 4047
3015 4045
3016 4044
3017 4047
3018 4043
3019 4047
3020 4047
3021 4043
3022 4047
3023 4043
3024 4046
3025 4046
3026 4047
3027 4047
3028 4047
3029 4046
3030 4047
3031 4049
3032 4046
3033 4043
3034 4047
3035 4048
3036 4044
3037 4045
3038 4045
3039 4046
3040 4046
3041 4044
3042 4045
3043 4047
3044 4046
3045 4046
3046 4046
3047 4045
3048 4047
3049 4047
3050 4050
3051 4050
3052 4044
3053 4047
3054 4046
3055 4047
3056 4047
3057 4046
3058 4046
3059 4042
3060 4045
3061 4047
3062 4045
3063 4047
3064 4045
3065 4047
3066 4049
3067 4047
3068 4049
3069 4044
3070 4047
3071 4042
3072 4047
3073 4046
3074 4046
3075 4049
3076 4045
3077 4045
3078 4047
3079 4047
3080 4047
3081 4044
3082 4047
3083 4046
3084 4047
3085 4044
3086 4046
3087 4047
3088 4045
3089 4046
3090 4045
3091 4047
3092 4045
3093 4045
3094 4045
3095 4047
3096 4043
3097 4047
3098 4045
3099 4044
3100 4046
3101 4051
3102 4046
3103 4044
3104 4047
3105 4046
3106 4047
3107 4046
3108 4049
3109 4047
3110 4045
3111 4047
3112 4046
3113 4045
3114 4045
3115 4044
3116 4046
3117 4047
3118 4047
3119 4047
3120 4045
3121 4041
3122 4047
3123 4045
3124 4045
3125 4046
3126 4046
3127 4043
3128 4043
3129 4047
3130 4046
3131 4046
3132 4044
3133 4046
3134 4042
3135 4046
3136 4047
3137 4044
3138 4047
3139 4046
3140 4047
3141 4043
3142 4047
3143 4047
3144 4045
3145 4047
3146 4046
3147 4047
3148 4050
3149 4047
3150 4047
3151 4051
3152 4046
3153 4047
3154 4047
3155 4047
3156 4046
3157 4051
3158 4050
3159 4046
3160 4045
3161 4047
3162 4047
3163 4049
3164 4042
3165 4044
3166 4043
3167 4045
3168 4044
3169 4045
3170 4044
3171 4045
3172 4049
3173 4044
3174 4047
3175 4047
3176 4047
3177 4047
3178 4043
3179 4047
3180 4044
3181 4045
3182 4047
3183 4041
3184 4047
3185 4047
3186 4047
3187 4046
3188 4047
3189 4045
3190 4047
3191 4045
3192 4045
3193 4047
3194 4047
3195 4047
3196 4042
3197 4047
3198 4047
3199 4047
3200 4047
3201 4053
3202 4041
3203 4045
3204 4046
3205 4050
3206 4045
3207 4046
3208 4047
3209 4041
3210 4043
3211 4043
3212 4043
3213 4045
3214 4045
3215 4047
3216 4047
3217 4049
3218 4046
3219 4052
3220 4047
3221 4046
3222 4047
3223 4049
3224 4043
3225 4047
3226 4051
3227 4047
3228 4046
3229 4047
3230 4047
3231 4047
3232 4048
3233 4046
3234 4046
3235 4047
3236 4045
3237 4049
3238 4047
3239 4047
3240 4046
3241 4046
3242 4044
3243 4047
3244 4045
3245 4047
3246 4046
3247 4051
3248 4045
3249 4047
3250 4045
3251 4047
3252 4045
3253 4045
3254 4047
3255 4047
3256 4045
3257 4047
3258 4043
3259 4045
3260 4044
3261 4046
3262 4047
3263 4047
3264 4046
3265 4047
3266 4047
3267 4045
3268 4047
3269 4047
3270 4047
3271 4047
3272 4045
3273 4043
3274 4045
3275 4042
3276 4044
3277 4045
3278 4049
3279 4047
3280 4046
3281 4046
3282 4047
3283 4046
3284 4046
3285 4045
3286 4047
3287 4047
3288 4047
3289 4049
3290 4046
3291 4045
3292 4045
3293 4050
3294 4045
3295 4047
3296 4045
3297 4047
3298 4044
3299 4044
3300 4045
3301 4051
3302 4040
3303 4046
3304 4045
3305 4044
3306 4047
3307 4045
3308 4049
3309 4045
3310 4047
3311 4050
3312 4045
3313 4047
3314 4047
3315 4045
3316 4047
3317 4047
3318 4047
3319 4047
3320 4049
3321 4049
3322 4050
3323 4047
3324 4049
3325 4045
3326 4043
3327 4044
3328 4045
3329 4039
3330 4045
3331 4046
3332 4047
3333 4044
3334 4046
3335 4047
3336 4046
3337 4047
3338 4044
3339 4050
3340 4046
3341 4047
3342 4045
3343 4044
3344 4050
3345 4049
3346 4045
3347 4047
3348 4046
3349 4047
3350 4047
3351 4050
3352 4044
3353 4047
3354 4047
3355 4046
3356 4045
3357 4045
3358 4046
3359 4046
3360 4042
3361 4044
3362 4043
3363 4046
3364 4046
3365 4046
3366 4045
3367 4043
3368 4046
3369 4044
3370 4047
3371 4046
3372 4050
3373 4047
3374 4047
3375 4046
3376 4045
3377 4046
3378 4043
3379 4044
3380 4043
3381 4041
3382 4043
3383 4048
3384 4045
3385 4047
3386 4045
3387 4049
3388 4046
3389 4046
3390 4047
3391 4047
3392 4047
3393 4047
3394 4045
3395 4045
3396 4043
3397 4047
3398 4043
3399 4045
3400 4045
3401 4052
3402 4044
3403 4047
3404 4045
3405 4049
3406 4042
3407 4047
3408 4041
3409 4044
3410 4043
3411 4046
3412 4049
3413 4047
3414 4044
3415 4049
3416 4047
3417 4047
3418 4044
3419 4046
3420 4047
3421 4046
3422 4047
3423 4049
3424 4047
3425 4044
3426 4047
3427 4050
3428 4044
3429 4047
3430 4045
3431 4049
3432 4046
3433 4049
3434 4047
3435 4046
3436 4045
3437 4042
3438 4047
3439 4047
3440 4047
3441 4047
3442 4047
3443 4044
3444 4047
3445 4047
3446 4044
3447 4049
3448 4049
3449 4047
3450 4047
3451 4050
3452 4041
3453 4044
3454 4045
3455 4045
3456 4047
3457 4047
3458 4047
3459 4047
3460 4047
3461 4047
3462 4047
3463 4045
3464 4047
3465 4046
3466 4047
3467 4045
3468 4049
3469 4047
3470 4044
3471 4045
3472 4047
3473 4045
3474 4047
3475 4045
3476 4045
3477 4046
3478 4050
3479 4049
3480 4047
3481 4047
3482 4045
3483 4046
3484 4045
3485 4045
3486 4045
3487 4044
3488 4049
3489 4045
3490 4047
3491 4047
3492 4047
3493 4046
3494 4043
3495 4052
3496 4045
3497 4049
3498 4045
3499 4047
3500 4045
3501 4049
3502 4041
3503 4047
3504 4047
3505 4047
3506 4046
3507 4047
3508 4046
3509 4043
3510 4042
3511 4047
3512 4047
3513 4045
3514 4047
3515 4045
3516 4044
3517 4049
3518 4046
3519 4045
3520 4050
3521 4044
3522 4049
3523 4044
3524 4047
3525 4047
3526 4047
3527 4047
3528 4045
3529 4045
3530 4044
3531 4047
3532 4049
3533 4046
3534 4046
3535 4047
3536 4046
3537 4045
3538 4049
3539 4043
3540 4043
3541 4045
3542 4045
3543 4044
3544 4044
3545 4047
3546 4046
3547 4047
3548 4045
3549 4047
3550 4046
3551 4051
3552 4044
3553 4047
3554 4047
3555 4047
3556 4049
3557 4045
3558 4045
3559 4046
3560 4045
3561 4047
3562 4046
3563 4047
3564 4045
3565 4045
3566 4047
3567 4046
3568 4049
3569 4047
3570 4047
3571 4045
3572 4047
3573 4047
3574 4046
3575 4044
3576 4047
3577 4046
3578 4046
3579 4045
3580 4043
3581 4046
3582 4047
3583 4046
3584 4053
3585 4046
3586 4047
3587 4049
3588 4044
3589 4046
3590 4046
3591 4042
3592 4045
3593 4044
3594 4045
3595 4047
3596 4045
3597 4047
3598 4049
3599 4047
3600 4047
3601 4053
3602 4042
3603 4045
3604 4046
3605 4049
3606 4047
3607 4044
3608 4047
3609 4051
3610 4045
3611 4047
3612 4045
3613 4044
3614 4045
3615 4045
3616 4047
3617 4047
3618 4044
3619 4046
3620 4042
3621 4044
3622 4047
3623 4046
3624 4046
3625 4047
3626 4046
3627 4050
3628 4046
3629 4046
3630 4047
3631 4046
3632 4045
3633 4047
3634 4045
3635 4043
3636 4047
3637 4042
3638 4043
3639 4046
3640 4047
3641 4047
3642 4045
3643 4047
3644 4045
3645 4047
3646 4044
3647 4047
3648 4046
3649 4049
3650 4047
3651 4048
3652 4044
3653 4046
3654 4045
3655 4045
3656 4046
3657 4049
3658 4047
3659 4048
3660 4047
3661 4049
3662 4042
3663 4045
3664 4045
3665 4045
3666 4046
3667 4047
3668 4044
3669 4047
3670 4047
3671 4046
3672 4045
3673 4047
3674 4046
3675 4047
3676 4047
3677 4046
3678 4045
3679 4047
3680 4047
3681 4049
3682 4047
3683 4047
3684 4047
3685 4049
3686 4047
3687 4046
3688 4047
3689 4047
3690 4043
3691 4042
3692 4045
3693 4045
3694 4045
