#Data from the TCD1304 linear CCD
#column 1 = pixelnumber , column 2 = pixelvalue
#Pixel 1-32 and 3679-3694 and are dummy pixels
#SH-period: 200    ICG-period: 100000    Integration time: 100.0 us
2 4030
3 4031
4 4052
5 4052
6 4055
7 4052
8 4053
9 4055
10 4052
11 4054
12 4051
13 4054
14 4052
15 4054
16 4052
17 4054
18 4052
19 4053
20 4052
21 4053
22 4053
23 4052
24 4053
25 4053
26 4055
27 4053
28 4053
29 4052
30 4054
31 4053
32 4053
34 4055
35 4055
36 4051
37 4054
38 4052
39 4053
40 4052
41 4055
42 4052
43 4052
44 4053
45 4052
46 4054
47 4050
48 4054
49 4051
50 4055
51 4057
52 4050
53 4052
54 4052
55 4053
56 4053
57 4054
58 4051
59 4053
60 4052
61 4053
62 4055
63 4053
64 4053
65 4053
66 4053
67 4049
68 4052
69 4052
70 4052
71 4053
72 4053
73 4051
74 4050
75 4054
76 4053
77 4054
78 4050
79 4052
80 4054
81 4052
82 4053
83 4055
84 4052
85 4057
86 4052
87 4053
88 4053
89 4054
90 4053
91 4052
92 4056
93 4054
94 4052
95 4052
96 4054
97 4052
98 4051
99 4049
100 4047
101 4057
102 4050
103 4055
104 4051
105 4053
106 4053
107 4050
108 4050
109 4051
110 4051
111 4052
112 4055
113 4050
114 4051
115 4053
116 4052
117 4051
118 4051
119 4051
120 4052
121 4052
122 4055
123 4053
124 4051
125 4055
126 4051
127 4053
128 4052
129 4052
130 4050
131 4047
132 4051
133 4055
134 4052
135 4050
136 4053
137 4050
138 4047
139 4051
140 4053
141 4054
142 4055
143 4053
144 4050
145 4053
146 4055
147 4051
148 4054
149 4051
150 4053
151 4056
152 4050
153 4053
154 4055
155 4055
156 4052
157 4053
158 4050
159 4054
160 4054
161 4053
162 4055
163 4052
164 4053
165 4057
166 4054
167 4055
168 4049
169 4055
170 4050
171 4055
172 4053
173 4055
174 4054
175 4055
176 4056
177 4053
178 4053
179 4053
180 4053
181 4053
182 4052
183 4053
184 4051
185 4052
186 4052
187 4055
188 4053
189 4055
190 4053
191 4052
192 4053
193 4051
194 4049
195 4054
196 4053
197 4053
198 4052
199 4053
200 4054
201 4056
202 4050
203 4054
204 4052
205 4052
206 4053
207 4052
208 4050
209 4050
210 4050
211 4054
212 4052
213 4053
214 4053
215 4055
216 4055
217 4053
218 4052
219 4051
220 4053
221 4053
222 4053
223 4052
224 4055
225 4049
226 4049
227 4053
228 4052
229 4050
230 4054
231 4053
232 4054
233 4057
234 4052
235 4055
236 4053
237 4049
238 4053
239 4054
240 4052
241 4049
242 4052
243 4050
244 4054
245 4050
246 4054
247 4054
248 4053
249 4055
250 4054
251 4061
252 4047
253 4053
254 4054
255 4052
256 4052
257 4053
258 4055
259 4052
260 4053
261 4052
262 4053
263 4050
264 4052
265 4055
266 4049
267 4054
268 4054
269 4054
270 4052
271 4053
272 4054
273 4052
274 4052
275 4052
276 4051
277 4054
278 4052
279 4055
280 4054
281 4052
282 4053
283 4054
284 4053
285 4052
286 4049
287 4053
288 4054
289 4052
290 4052
291 4055
292 4052
293 4054
294 4054
295 4050
296 4052
297 4052
298 4053
299 4054
300 4055
301 4058
302 4049
303 4053
304 4052
305 4054
306 4054
307 4051
308 4054
309 4055
310 4052
311 4051
312 4054
313 4052
314 4055
315 4055
316 4051
317 4053
318 4053
319 4052
320 4055
321 4055
322 4053
323 4055
324 4052
325 4054
326 4052
327 4054
328 4050
329 4051
330 4055
331 4049
332 4053
333 4053
334 4055
335 4051
336 4053
337 4053
338 4054
339 4055
340 4052
341 4051
342 4053
343 4051
344 4050
345 4050
346 4053
347 4055
348 4053
349 4050
350 4055
351 4058
352 4046
353 4057
354 4054
355 4057
356 4052
357 4053
358 4052
359 4052
360 4054
361 4052
362 4055
363 4053
364 4054
365 4055
366 4055
367 4056
368 4053
369 4055
370 4052
371 4053
372 4052
373 4054
374 4051
375 4051
376 4051
377 4053
378 4053
379 4054
380 4052
381 4055
382 4052
383 4053
384 4054
385 4053
386 4051
387 4047
388 4052
389 4052
390 4050
391 4054
392 4053
393 4054
394 4054
395 4055
396 4049
397 4055
398 4054
399 4052
400 4055
401 4060
402 4050
403 4055
404 4056
405 4055
406 4053
407 4053
408 4052
409 4053
410 4052
411 4051
412 4054
413 4051
414 4053
415 4052
416 4050
417 4051
418 4054
419 4055
420 4055
421 4052
422 4050
423 4055
424 4053
425 4055
426 4050
427 4055
428 4050
429 4051
430 4054
431 4055
432 4054
433 4056
434 4053
435 4054
436 4054
437 4053
438 4055
439 4055
440 4055
441 4052
442 4053
443 4053
444 4053
445 4052
446 4051
447 4052
448 4052
449 4053
450 4053
451 4057
452 4050
453 4055
454 4054
455 4053
456 4054
457 4052
458 4053
459 4053
460 4053
461 4053
462 4055
463 4052
464 4052
465 4050
466 4052
467 4053
468 4053
469 4053
470 4054
471 4053
472 4055
473 4054
474 4053
475 4053
476 4052
477 4054
478 4050
479 4053
480 4051
481 4058
482 4055
483 4053
484 4052
485 4053
486 4055
487 4052
488 4051
489 4054
490 4052
491 4053
492 4049
493 4054
494 4053
495 4054
496 4050
497 4053
498 4054
499 4052
500 4053
501 4055
502 4048
503 4054
504 4050
505 4052
506 4055
507 4054
508 4054
509 4054
510 4055
511 4052
512 4052
513 4053
514 4052
515 4055
516 4053
517 4050
518 4054
519 4055
520 4053
521 4053
522 4054
523 4054
524 4051
525 4055
526 4055
527 4052
528 4053
529 4054
530 4053
531 4053
532 4054
533 4052
534 4053
535 4053
536 4053
537 4055
538 4051
539 4053
540 4053
541 4049
542 4053
543 4055
544 4054
545 4057
546 4055
547 4053
548 4054
549 4052
550 4053
551 4053
552 4050
553 4055
554 4052
555 4049
556 4055
557 4052
558 4050
559 4053
560 4053
561 4054
562 4051
563 4054
564 4054
565 4053
566 4057
567 4053
568 4052
569 4054
570 4053
571 4053
572 4051
573 4052
574 4054
575 4052
576 4054
577 4053
578 4052
579 4053
580 4055
581 4052
582 4052
583 4052
584 4053
585 4053
586 4054
587 4055
588 4052
589 4055
590 4054
591 4052
592 4053
593 4053
594 4053
595 4054
596 4053
597 4051
598 4053
599 4055
600 4054
601 4055
602 4050
603 4052
604 4054
605 4051
606 4051
607 4054
608 4054
609 4053
610 4052
611 4050
612 4053
613 4052
614 4052
615 4051
616 4051
617 4054
618 4050
619 4055
620 4052
621 4055
622 4053
623 4052
624 4050
625 4053
626 4053
627 4052
628 4052
629 4051
630 4054
631 4053
632 4052
633 4053
634 4051
635 4053
636 4055
637 4055
638 4050
639 4054
640 4053
641 4054
642 4053
643 4052
644 4053
645 4053
646 4052
647 4052
648 4054
649 4052
650 4052
651 4061
652 4047
653 4053
654 4051
655 4049
656 4054
657 4053
658 4055
659 4055
660 4053
661 4054
662 4053
663 4051
664 4053
665 4055
666 4055
667 4053
668 4053
669 4054
670 4049
671 4053
672 4052
673 4052
674 4053
675 4053
676 4053
677 4053
678 4053
679 4049
680 4054
681 4053
682 4053
683 4053
684 4055
685 4055
686 4053
687 4052
688 4050
689 4054
690 4053
691 4052
692 4052
693 4055
694 4054
695 4052
696 4055
697 4057
698 4053
699 4052
700 4053
701 4057
702 4049
703 4055
704 4053
705 4051
706 4050
707 4052
708 4052
709 4054
710 4055
711 4053
712 4054
713 4053
714 4052
715 4054
716 4052
717 4052
718 4054
719 4056
720 4051
721 4054
722 4055
723 4050
724 4051
725 4052
726 4052
727 4053
728 4049
729 4049
730 4053
731 4053
732 4053
733 4055
734 4051
735 4055
736 4049
737 4055
738 4052
739 4051
740 4051
741 4052
742 4055
743 4054
744 4053
745 4057
746 4052
747 4052
748 4054
749 4052
750 4052
751 4058
752 4049
753 4052
754 4050
755 4052
756 4055
757 4052
758 4050
759 4053
760 4053
761 4055
762 4055
763 4052
764 4054
765 4050
766 4051
767 4053
768 4053
769 4051
770 4055
771 4052
772 4052
773 4054
774 4053
775 4054
776 4053
777 4055
778 4055
779 4052
780 4052
781 4055
782 4052
783 4051
784 4055
785 4054
786 4053
787 4057
788 4052
789 4055
790 4055
791 4055
792 4052
793 4055
794 4052
795 4054
796 4052
797 4054
798 4049
799 4053
800 4051
801 4057
802 4049
803 4050
804 4051
805 4051
806 4052
807 4052
808 4053
809 4054
810 4052
811 4053
812 4053
813 4054
814 4053
815 4054
816 4055
817 4055
818 4057
819 4052
820 4055
821 4054
822 4054
823 4052
824 4054
825 4050
826 4052
827 4050
828 4055
829 4052
830 4052
831 4051
832 4052
833 4055
834 4053
835 4051
836 4052
837 4055
838 4050
839 4054
840 4051
841 4054
842 4054
843 4055
844 4052
845 4054
846 4055
847 4053
848 4051
849 4053
850 4055
851 4055
852 4050
853 4052
854 4053
855 4051
856 4050
857 4054
858 4053
859 4052
860 4051
861 4051
862 4053
863 4054
864 4053
865 4055
866 4053
867 4052
868 4052
869 4053
870 4050
871 4053
872 4052
873 4052
874 4051
875 4050
876 4049
877 4055
878 4053
879 4053
880 4051
881 4052
882 4053
883 4053
884 4053
885 4055
886 4051
887 4055
888 4051
889 4052
890 4049
891 4053
892 4053
893 4055
894 4052
895 4054
896 4054
897 4053
898 4052
899 4052
900 4053
901 4055
902 4050
903 4053
904 4050
905 4053
906 4051
907 4057
908 4052
909 4048
910 4053
911 4054
912 4053
913 4057
914 4053
915 4050
916 4052
917 4051
918 4055
919 4051
920 4053
921 4053
922 4052
923 4052
924 4053
925 4053
926 4049
927 4055
928 4054
929 4052
930 4051
931 4053
932 4052
933 4052
934 4052
935 4051
936 4052
937 4053
938 4049
939 4053
940 4052
941 4055
942 4052
943 4052
944 4054
945 4050
946 4054
947 4051
948 4052
949 4052
950 4052
951 4057
952 4046
953 4051
954 4053
955 4053
956 4055
957 4057
958 4052
959 4054
960 4053
961 4054
962 4053
963 4055
964 4052
965 4055
966 4053
967 4052
968 4053
969 4055
970 4055
971 4053
972 4052
973 4053
974 4051
975 4055
976 4055
977 4054
978 4052
979 4051
980 4052
981 4053
982 4053
983 4053
984 4052
985 4052
986 4052
987 4054
988 4050
989 4053
990 4054
991 4053
992 4053
993 4055
994 4053
995 4052
996 4054
997 4057
998 4051
999 4053
1000 4051
1001 4057
1002 4046
1003 4055
1004 4053
1005 4052
1006 4051
1007 4055
1008 4054
1009 4054
1010 4049
1011 4051
1012 4057
1013 4049
1014 4055
1015 4057
1016 4050
1017 4052
1018 4052
1019 4053
1020 4050
1021 4053
1022 4053
1023 4055
1024 4052
1025 4053
1026 4053
1027 4050
1028 4054
1029 4055
1030 4050
1031 4053
1032 4053
1033 4053
1034 4053
1035 4054
1036 4053
1037 4055
1038 4052
1039 4052
1040 4053
1041 4052
1042 4053
1043 4055
1044 4053
1045 4053
1046 4051
1047 4052
1048 4053
1049 4052
1050 4055
1051 4057
1052 4052
1053 4054
1054 4051
1055 4052
1056 4052
1057 4055
1058 4052
1059 4052
1060 4051
1061 4052
1062 4055
1063 4052
1064 4051
1065 4051
1066 4052
1067 4053
1068 4052
1069 4053
1070 4053
1071 4052
1072 4056
1073 4054
1074 4053
1075 4055
1076 4047
1077 4055
1078 4051
1079 4052
1080 4051
1081 4055
1082 4052
1083 4054
1084 4053
1085 4054
1086 4052
1087 4053
1088 4050
1089 4053
1090 4053
1091 4053
1092 4054
1093 4052
1094 4055
1095 4055
1096 4050
1097 4053
1098 4053
1099 4052
1100 4055
1101 4055
1102 4049
1103 4054
1104 4054
1105 4051
1106 4053
1107 4052
1108 4051
1109 4057
1110 4053
1111 4050
1112 4058
1113 4055
1114 4050
1115 4053
1116 4054
1117 4050
1118 4052
1119 4055
1120 4052
1121 4054
1122 4052
1123 4054
1124 4050
1125 4054
1126 4049
1127 4050
1128 4053
1129 4050
1130 4055
1131 4055
1132 4053
1133 4050
1134 4052
1135 4057
1136 4053
1137 4057
1138 4050
1139 4051
1140 4053
1141 4055
1142 4049
1143 4054
1144 4053
1145 4054
1146 4054
1147 4054
1148 4052
1149 4053
1150 4055
1151 4057
1152 4049
1153 4055
1154 4054
1155 4054
1156 4050
1157 4051
1158 4054
1159 4052
1160 4055
1161 4055
1162 4054
1163 4052
1164 4053
1165 4053
1166 4051
1167 4052
1168 4053
1169 4051
1170 4053
1171 4053
1172 4053
1173 4051
1174 4054
1175 4054
1176 4055
1177 4051
1178 4055
1179 4055
1180 4050
1181 4052
1182 4055
1183 4051
1184 4053
1185 4057
1186 4053
1187 4054
1188 4053
1189 4052
1190 4053
1191 4054
1192 4053
1193 4055
1194 4055
1195 4051
1196 4053
1197 4056
1198 4053
1199 4052
1200 4055
1201 4054
1202 4051
1203 4057
1204 4051
1205 4052
1206 4055
1207 4052
1208 4051
1209 4054
1210 4052
1211 4050
1212 4055
1213 4052
1214 4053
1215 4054
1216 4052
1217 4051
1218 4052
1219 4052
1220 4054
1221 4055
1222 4052
1223 4052
1224 4053
1225 4055
1226 4049
1227 4050
1228 4053
1229 4053
1230 4052
1231 4054
1232 4052
1233 4053
1234 4051
1235 4054
1236 4049
1237 4055
1238 4051
1239 4052
1240 4052
1241 4053
1242 4055
1243 4053
1244 4052
1245 4054
1246 4054
1247 4052
1248 4053
1249 4052
1250 4052
1251 4058
1252 4049
1253 4053
1254 4050
1255 4054
1256 4053
1257 4049
1258 4051
1259 4054
1260 4053
1261 4055
1262 4052
1263 4053
1264 4053
1265 4056
1266 4055
1267 4053
1268 4054
1269 4055
1270 4052
1271 4055
1272 4053
1273 4050
1274 4055
1275 4052
1276 4054
1277 4053
1278 4054
1279 4051
1280 4051
1281 4054
1282 4053
1283 4054
1284 4055
1285 4052
1286 4053
1287 4053
1288 4051
1289 4054
1290 4053
1291 4053
1292 4053
1293 4049
1294 4051
1295 4053
1296 4054
1297 4051
1298 4051
1299 4052
1300 4053
1301 4058
1302 4051
1303 4051
1304 4053
1305 4055
1306 4051
1307 4052
1308 4047
1309 4053
1310 4054
1311 4052
1312 4055
1313 4053
1314 4053
1315 4051
1316 4053
1317 4053
1318 4053
1319 4052
1320 4051
1321 4050
1322 4054
1323 4052
1324 4050
1325 4051
1326 4053
1327 4054
1328 4051
1329 4051
1330 4052
1331 4054
1332 4047
1333 4054
1334 4052
1335 4054
1336 4049
1337 4053
1338 4055
1339 4052
1340 4050
1341 4052
1342 4051
1343 4051
1344 4055
1345 4055
1346 4053
1347 4054
1348 4052
1349 4051
1350 4055
1351 4057
1352 4050
1353 4053
1354 4053
1355 4054
1356 4048
1357 4054
1358 4055
1359 4051
1360 4053
1361 4052
1362 4055
1363 4050
1364 4054
1365 4051
1366 4054
1367 4052
1368 4053
1369 4050
1370 4053
1371 4055
1372 4052
1373 4053
1374 4052
1375 4052
1376 4053
1377 4054
1378 4051
1379 4055
1380 4052
1381 4052
1382 4053
1383 4055
1384 4051
1385 4052
1386 4051
1387 4055
1388 4054
1389 4055
1390 4053
1391 4051
1392 4053
1393 4051
1394 4052
1395 4052
1396 4053
1397 4052
1398 4052
1399 4053
1400 4055
1401 4057
1402 4047
1403 4055
1404 4053
1405 4054
1406 4051
1407 4053
1408 4053
1409 4052
1410 4051
1411 4052
1412 4052
1413 4054
1414 4051
1415 4052
1416 4053
1417 4052
1418 4053
1419 4050
1420 4052
1421 4053
1422 4052
1423 4052
1424 4055
1425 4050
1426 4053
1427 4055
1428 4053
1429 4053
1430 4053
1431 4054
1432 4055
1433 4052
1434 4053
1435 4052
1436 4053
1437 4055
1438 4053
1439 4050
1440 4050
1441 4057
1442 4052
1443 4050
1444 4053
1445 4052
1446 4054
1447 4054
1448 4051
1449 4053
1450 4050
1451 4059
1452 4049
1453 4051
1454 4052
1455 4052
1456 4052
1457 4056
1458 4050
1459 4053
1460 4052
1461 4051
1462 4053
1463 4055
1464 4052
1465 4054
1466 4053
1467 4052
1468 4051
1469 4056
1470 4050
1471 4053
1472 4051
1473 4054
1474 4051
1475 4053
1476 4049
1477 4058
1478 4052
1479 4054
1480 4052
1481 4050
1482 4053
1483 4055
1484 4052
1485 4054
1486 4050
1487 4052
1488 4056
1489 4053
1490 4052
1491 4053
1492 4053
1493 4052
1494 4054
1495 4052
1496 4052
1497 4053
1498 4053
1499 4053
1500 4051
1501 4054
1502 4050
1503 4052
1504 4055
1505 4049
1506 4050
1507 4053
1508 4051
1509 4050
1510 4050
1511 4055
1512 4053
1513 4054
1514 4051
1515 4053
1516 4052
1517 4052
1518 4052
1519 4053
1520 4053
1521 4050
1522 4053
1523 4050
1524 4053
1525 4052
1526 4054
1527 4053
1528 4051
1529 4052
1530 4054
1531 4052
1532 4053
1533 4053
1534 4054
1535 4049
1536 4052
1537 4054
1538 4049
1539 4050
1540 4052
1541 4049
1542 4054
1543 4053
1544 4053
1545 4053
1546 4051
1547 4052
1548 4053
1549 4052
1550 4055
1551 4057
1552 4050
1553 4053
1554 4057
1555 4053
1556 4053
1557 4051
1558 4052
1559 4051
1560 4052
1561 4051
1562 4053
1563 4055
1564 4052
1565 4047
1566 4053
1567 4053
1568 4054
1569 4052
1570 4053
1571 4055
1572 4054
1573 4055
1574 4051
1575 4055
1576 4054
1577 4049
1578 4053
1579 4055
1580 4049
1581 4053
1582 4053
1583 4053
1584 4051
1585 4055
1586 4052
1587 4051
1588 4053
1589 4050
1590 4049
1591 4051
1592 4052
1593 4055
1594 4050
1595 4053
1596 4053
1597 4052
1598 4053
1599 4053
1600 4052
1601 4058
1602 4049
1603 4052
1604 4054
1605 4053
1606 4053
1607 4053
1608 4052
1609 4054
1610 4054
1611 4052
1612 4052
1613 4053
1614 4052
1615 4055
1616 4053
1617 4054
1618 4054
1619 4050
1620 4053
1621 4053
1622 4050
1623 4052
1624 4052
1625 4053
1626 4050
1627 4053
1628 4052
1629 4049
1630 4050
1631 4052
1632 4053
1633 4051
1634 4052
1635 4055
1636 4055
1637 4054
1638 4052
1639 4052
1640 4055
1641 4053
1642 4052
1643 4050
1644 4055
1645 4053
1646 4051
1647 4056
1648 4050
1649 4052
1650 4052
1651 4060
1652 4049
1653 4054
1654 4055
1655 4055
1656 4051
1657 4053
1658 4051
1659 4053
1660 4053
1661 4053
1662 4053
1663 4053
1664 4054
1665 4052
1666 4052
1667 4049
1668 4053
1669 4053
1670 4051
1671 4050
1672 4050
1673 4050
1674 4052
1675 4053
1676 4054
1677 4054
1678 4053
1679 4053
1680 4053
1681 4053
1682 4054
1683 4053
1684 4053
1685 4052
1686 4051
1687 4053
1688 4050
1689 4051
1690 4049
1691 4052
1692 4052
1693 4051
1694 4051
1695 4055
1696 4052
1697 4055
1698 4053
1699 4053
1700 4051
1701 4055
1702 4047
1703 4048
1704 4049
1705 4055
1706 4052
1707 4051
1708 4051
1709 4052
1710 4055
1711 4051
1712 4053
1713 4053
1714 4053
1715 4054
1716 4053
1717 4052
1718 4051
1719 4053
1720 4052
1721 4053
1722 4053
1723 4052
1724 4052
1725 4052
1726 4054
1727 4053
1728 4052
1729 4052
1730 4050
1731 4054
1732 4055
1733 4052
1734 4052
1735 4054
1736 4053
1737 4052
1738 4049
1739 4053
1740 4048
1741 4051
1742 4055
1743 4051
1744 4053
1745 4051
1746 4055
1747 4053
1748 4055
1749 4053
1750 4053
1751 4055
1752 4047
1753 4055
1754 4052
1755 4052
1756 4054
1757 4055
1758 4050
1759 4054
1760 4055
1761 4055
1762 4051
1763 4055
1764 4053
1765 4051
1766 4054
1767 4057
1768 4053
1769 4054
1770 4054
1771 4055
1772 4052
1773 4053
1774 4053
1775 4051
1776 4051
1777 4055
1778 4050
1779 4053
1780 4051
1781 4053
1782 4050
1783 4054
1784 4050
1785 4060
1786 4053
1787 4051
1788 4055
1789 4057
1790 4049
1791 4053
1792 4051
1793 4053
1794 4053
1795 4053
1796 4052
1797 4050
1798 4053
1799 4051
1800 4051
1801 4055
1802 4047
1803 4052
1804 4054
1805 4054
1806 4052
1807 4054
1808 4053
1809 4052
1810 4051
1811 4053
1812 4055
1813 4054
1814 4054
1815 4052
1816 4054
1817 4054
1818 4052
1819 4053
1820 4051
1821 4054
1822 4054
1823 4053
1824 4049
1825 4053
1826 4053
1827 4054
1828 4053
1829 4055
1830 4049
1831 4054
1832 4057
1833 4054
1834 4051
1835 4051
1836 4052
1837 4052
1838 4052
1839 4053
1840 4051
1841 4050
1842 4053
1843 4052
1844 4058
1845 4052
1846 4052
1847 4053
1848 4053
1849 4053
1850 4053
1851 4059
1852 4050
1853 4051
1854 4050
1855 4050
1856 4052
1857 4052
1858 4053
1859 4052
1860 4052
1861 4049
1862 4053
1863 4053
1864 4052
1865 4053
1866 4055
1867 4052
1868 4053
1869 4053
1870 4052
1871 4050
1872 4053
1873 4052
1874 4055
1875 4054
1876 4054
1877 4053
1878 4053
1879 4055
1880 4053
1881 4055
1882 4051
1883 4052
1884 4052
1885 4053
1886 4053
1887 4051
1888 4051
1889 4051
1890 4053
1891 4052
1892 4052
1893 4053
1894 4053
1895 4050
1896 4051
1897 4052
1898 4053
1899 4049
1900 4051
1901 4055
1902 4052
1903 4055
1904 4054
1905 4053
1906 4053
1907 4053
1908 4053
1909 4053
1910 4051
1911 4054
1912 4053
1913 4052
1914 4054
1915 4054
1916 4053
1917 4051
1918 4053
1919 4052
1920 4053
1921 4054
1922 4054
1923 4054
1924 4052
1925 4053
1926 4050
1927 4052
1928 4052
1929 4055
1930 4052
1931 4053
1932 4053
1933 4052
1934 4047
1935 4053
1936 4052
1937 4054
1938 4052
1939 4052
1940 4054
1941 4052
1942 4053
1943 4055
1944 4054
1945 4051
1946 4052
1947 4052
1948 4052
1949 4053
1950 4050
1951 4059
1952 4048
1953 4053
1954 4052
1955 4050
1956 4054
1957 4052
1958 4054
1959 4051
1960 4055
1961 4051
1962 4053
1963 4054
1964 4055
1965 4050
1966 4052
1967 4052
1968 4050
1969 4054
1970 4053
1971 4053
1972 4055
1973 4053
1974 4055
1975 4052
1976 4050
1977 4053
1978 4050
1979 4051
1980 4054
1981 4051
1982 4053
1983 4055
1984 4052
1985 4054
1986 4052
1987 4052
1988 4053
1989 4052
1990 4053
1991 4055
1992 4049
1993 4051
1994 4052
1995 4054
1996 4050
1997 4051
1998 4052
1999 4052
2000 4052
2001 4055
2002 4052
2003 4054
2004 4053
2005 4055
2006 4051
2007 4057
2008 4052
2009 4055
2010 4049
2011 4053
2012 4053
2013 4053
2014 4052
2015 4051
2016 4055
2017 4047
2018 4052
2019 4053
2020 4050
2021 4051
2022 4049
2023 4054
2024 4050
2025 4048
2026 4051
2027 4054
2028 4053
2029 4053
2030 4057
2031 4051
2032 4053
2033 4055
2034 4052
2035 4054
2036 4051
2037 4052
2038 4051
2039 4052
2040 4049
2041 4052
2042 4052
2043 4052
2044 4052
2045 4053
2046 4052
2047 4051
2048 4051
2049 4052
2050 4051
2051 4054
2052 4051
2053 4052
2054 4053
2055 4055
2056 4052
2057 4050
2058 4052
2059 4053
2060 4049
2061 4053
2062 4050
2063 4054
2064 4053
2065 4052
2066 4051
2067 4055
2068 4051
2069 4051
2070 4051
2071 4052
2072 4052
2073 4053
2074 4049
2075 4053
2076 4052
2077 4054
2078 4055
2079 4050
2080 4051
2081 4053
2082 4052
2083 4049
2084 4053
2085 4054
2086 4050
2087 4053
2088 4051
2089 4052
2090 4052
2091 4054
2092 4049
2093 4055
2094 4050
2095 4051
2096 4052
2097 4049
2098 4050
2099 4049
2100 4050
2101 4055
2102 4047
2103 4051
2104 4050
2105 4054
2106 4050
2107 4051
2108 4049
2109 4053
2110 4049
2111 4049
2112 4051
2113 4049
2114 4053
2115 4047
2116 4050
2117 4048
2118 4052
2119 4046
2120 4047
2121 4050
2122 4047
2123 4053
2124 4047
2125 4049
2126 4049
2127 4050
2128 4051
2129 4050
2130 4052
2131 4048
2132 4050
2133 4053
2134 4049
2135 4051
2136 4051
2137 4050
2138 4050
2139 4049
2140 4047
2141 4049
2142 4051
2143 4053
2144 4051
2145 4051
2146 4053
2147 4050
2148 4053
2149 4051
2150 4049
2151 4055
2152 4046
2153 4052
2154 4053
2155 4050
2156 4051
2157 4049
2158 4052
2159 4052
2160 4053
2161 4052
2162 4050
2163 4051
2164 4053
2165 4051
2166 4051
2167 4051
2168 4051
2169 4054
2170 4050
2171 4052
2172 4047
2173 4053
2174 4050
2175 4050
2176 4055
2177 4050
2178 4051
2179 4047
2180 4052
2181 4051
2182 4052
2183 4049
2184 4055
2185 4055
2186 4049
2187 4054
2188 4050
2189 4055
2190 4050
2191 4052
2192 4049
2193 4050
2194 4052
2195 4052
2196 4051
2197 4051
2198 4048
2199 4052
2200 4051
2201 4057
2202 4049
2203 4051
2204 4053
2205 4055
2206 4052
2207 4053
2208 4050
2209 4051
2210 4052
2211 4054
2212 4050
2213 4052
2214 4050
2215 4054
2216 4047
2217 4053
2218 4050
2219 4050
2220 4051
2221 4051
2222 4051
2223 4052
2224 4054
2225 4054
2226 4052
2227 4051
2228 4050
2229 4051
2230 4052
2231 4054
2232 4050
2233 4053
2234 4048
2235 4053
2236 4050
2237 4047
2238 4049
2239 4051
2240 4052
2241 4050
2242 4052
2243 4055
2244 4047
2245 4051
2246 4049
2247 4053
2248 4049
2249 4051
2250 4053
2251 4053
2252 4047
2253 4055
2254 4050
2255 4051
2256 4049
2257 4049
2258 4053
2259 4050
2260 4052
2261 4052
2262 4050
2263 4051
2264 4051
2265 4053
2266 4055
2267 4052
2268 4052
2269 4052
2270 4050
2271 4052
2272 4050
2273 4053
2274 4053
2275 4050
2276 4049
2277 4050
2278 4049
2279 4050
2280 4053
2281 4052
2282 4049
2283 4056
2284 4050
2285 4051
2286 4050
2287 4049
2288 4051
2289 4051
2290 4049
2291 4053
2292 4051
2293 4055
2294 4047
2295 4051
2296 4055
2297 4052
2298 4052
2299 4049
2300 4053
2301 4057
2302 4045
2303 4051
2304 4047
2305 4054
2306 4051
2307 4047
2308 4051
2309 4050
2310 4053
2311 4051
2312 4049
2313 4049
2314 4051
2315 4050
2316 4051
2317 4050
2318 4052
2319 4052
2320 4049
2321 4053
2322 4049
2323 4051
2324 4053
2325 4047
2326 4047
2327 4047
2328 4049
2329 4050
2330 4053
2331 4052
2332 4052
2333 4052
2334 4053
2335 4052
2336 4052
2337 4051
2338 4048
2339 4054
2340 4050
2341 4054
2342 4049
2343 4050
2344 4053
2345 4053
2346 4052
2347 4050
2348 4049
2349 4049
2350 4049
2351 4056
2352 4046
2353 4050
2354 4050
2355 4051
2356 4051
2357 4047
2358 4052
2359 4047
2360 4049
2361 4052
2362 4052
2363 4048
2364 4052
2365 4049
2366 4050
2367 4049
2368 4051
2369 4051
2370 4053
2371 4053
2372 4049
2373 4049
2374 4050
2375 4052
2376 4053
2377 4049
2378 4047
2379 4047
2380 4051
2381 4047
2382 4049
2383 4049
2384 4048
2385 4051
2386 4047
2387 4052
2388 4048
2389 4051
2390 4049
2391 4049
2392 4048
2393 4049
2394 4047
2395 4049
2396 4047
2397 4047
2398 4048
2399 4050
2400 4047
2401 4051
2402 4047
2403 4051
2404 4048
2405 4050
2406 4047
2407 4048
2408 4047
2409 4050
2410 4047
2411 4047
2412 4045
2413 4047
2414 4046
2415 4051
2416 4047
2417 4049
2418 4049
2419 4047
2420 4047
2421 4047
2422 4045
2423 4049
2424 4050
2425 4050
2426 4052
2427 4047
2428 4049
2429 4046
2430 4048
2431 4047
2432 4047
2433 4047
2434 4047
2435 4047
2436 4047
2437 4049
2438 4046
2439 4047
2440 4047
2441 4050
2442 4048
2443 4047
2444 4045
2445 4045
2446 4049
2447 4045
2448 4047
2449 4047
2450 4050
2451 4051
2452 4042
2453 4051
2454 4044
2455 4049
2456 4047
2457 4048
2458 4046
2459 4050
2460 4046
2461 4046
2462 4046
2463 4050
2464 4045
2465 4044
2466 4045
2467 4047
2468 4046
2469 4046
2470 4047
2471 4048
2472 4044
2473 4045
2474 4050
2475 4047
2476 4046
2477 4046
2478 4046
2479 4045
2480 4045
2481 4047
2482 4043
2483 4046
2484 4044
2485 4046
2486 4044
2487 4047
2488 4045
2489 4047
2490 4046
2491 4045
2492 4046
2493 4046
2494 4047
2495 4045
2496 4044
2497 4045
2498 4045
2499 4043
2500 4044
2501 4052
2502 4044
2503 4044
2504 4044
2505 4046
2506 4044
2507 4046
2508 4042
2509 4046
2510 4040
2511 4044
2512 4046
2513 4045
2514 4046
2515 4043
2516 4043
2517 4045
2518 4043
2519 4043
2520 4045
2521 4045
2522 4048
2523 4045
2524 4044
2525 4044
2526 4046
2527 4043
2528 4042
2529 4047
2530 4045
2531 4044
2532 4046
2533 4045
2534 4045
2535 4046
2536 4042
2537 4047
2538 4045
2539 4044
2540 4045
2541 4045
2542 4045
2543 4044
2544 4043
2545 4047
2546 4042
2547 4044
2548 4045
2549 4039
2550 4042
2551 4052
2552 4039
2553 4040
2554 4043
2555 4045
2556 4044
2557 4037
2558 4045
2559 4046
2560 4042
2561 4045
2562 4045
2563 4041
2564 4044
2565 4046
2566 4042
2567 4047
2568 4039
2569 4037
2570 4042
2571 4046
2572 4042
2573 4043
2574 4042
2575 4042
2576 4047
2577 4046
2578 4044
2579 4043
2580 4044
2581 4040
2582 4043
2583 4044
2584 4044
2585 4043
2586 4043
2587 4044
2588 4041
2589 4046
2590 4044
2591 4044
2592 4047
2593 4045
2594 4045
2595 4044
2596 4047
2597 4042
2598 4044
2599 4041
2600 4043
2601 4044
2602 4038
2603 4042
2604 4039
2605 4039
2606 4038
2607 4041
2608 4041
2609 4043
2610 4042
2611 4039
2612 4042
2613 4041
2614 4042
2615 4042
2616 4042
2617 4041
2618 4041
2619 4042
2620 4039
2621 4039
2622 4039
2623 4038
2624 4038
2625 4036
2626 4039
2627 4041
2628 4039
2629 4036
2630 4039
2631 4041
2632 4039
2633 4039
2634 4039
2635 4047
2636 4039
2637 4040
2638 4041
2639 4039
2640 4039
2641 4044
2642 4045
2643 4046
2644 4046
2645 4045
2646 4047
2647 4043
2648 4044
2649 4049
2650 4047
2651 4055
2652 4046
2653 4049
2654 4050
2655 4047
2656 4046
2657 4049
2658 4049
2659 4047
2660 4049
2661 4047
2662 4047
2663 4047
2664 4047
2665 4048
2666 4049
2667 4049
2668 4049
2669 4049
2670 4048
2671 4049
2672 4051
2673 4051
2674 4049
2675 4050
2676 4047
2677 4049
2678 4049
2679 4047
2680 4050
2681 4049
2682 4051
2683 4052
2684 4047
2685 4048
2686 4048
2687 4049
2688 4052
2689 4049
2690 4052
2691 4051
2692 4050
2693 4053
2694 4050
2695 4053
2696 4049
2697 4050
2698 4053
2699 4052
2700 4049
2701 4053
2702 4049
2703 4049
2704 4049
2705 4049
2706 4052
2707 4049
2708 4053
2709 4052
2710 4053
2711 4049
2712 4052
2713 4051
2714 4051
2715 4051
2716 4051
2717 4050
2718 4047
2719 4053
2720 4050
2721 4052
2722 4047
2723 4050
2724 4048
2725 4051
2726 4049
2727 4049
2728 4049
2729 4047
2730 4049
2731 4053
2732 4049
2733 4053
2734 4053
2735 4053
2736 4052
2737 4050
2738 4051
2739 4052
2740 4049
2741 4050
2742 4050
2743 4051
2744 4053
2745 4050
2746 4049
2747 4051
2748 4052
2749 4052
2750 4049
2751 4055
2752 4047
2753 4047
2754 4052
2755 4050
2756 4053
2757 4049
2758 4053
2759 4049
2760 4052
2761 4047
2762 4052
2763 4052
2764 4047
2765 4054
2766 4053
2767 4047
2768 4053
2769 4051
2770 4050
2771 4054
2772 4055
2773 4053
2774 4053
2775 4051
2776 4051
2777 4055
2778 4050
2779 4052
2780 4052
2781 4054
2782 4049
2783 4050
2784 4051
2785 4050
2786 4052
2787 4053
2788 4046
2789 4052
2790 4051
2791 4050
2792 4050
2793 4055
2794 4052
2795 4049
2796 4047
2797 4051
2798 4053
2799 4051
2800 4052
2801 4054
2802 4049
2803 4049
2804 4052
2805 4053
2806 4052
2807 4052
2808 4048
2809 4051
2810 4050
2811 4050
2812 4050
2813 4050
2814 4053
2815 4050
2816 4052
2817 4053
2818 4052
2819 4053
2820 4053
2821 4052
2822 4049
2823 4053
2824 4050
2825 4052
2826 4052
2827 4053
2828 4051
2829 4051
2830 4050
2831 4053
2832 4052
2833 4053
2834 4055
2835 4052
2836 4052
2837 4052
2838 4053
2839 4052
2840 4050
2841 4051
2842 4052
2843 4054
2844 4050
2845 4055
2846 4050
2847 4053
2848 4053
2849 4050
2850 4054
2851 4054
2852 4049
2853 4054
2854 4052
2855 4053
2856 4051
2857 4052
2858 4052
2859 4053
2860 4052
2861 4052
2862 4055
2863 4053
2864 4052
2865 4054
2866 4049
2867 4053
2868 4051
2869 4053
2870 4052
2871 4054
2872 4054
2873 4057
2874 4049
2875 4052
2876 4055
2877 4053
2878 4052
2879 4052
2880 4054
2881 4056
2882 4053
2883 4052
2884 4055
2885 4049
2886 4050
2887 4055
2888 4052
2889 4050
2890 4055
2891 4051
2892 4053
2893 4053
2894 4051
2895 4055
2896 4054
2897 4047
2898 4053
2899 4053
2900 4049
2901 4058
2902 4050
2903 4053
2904 4053
2905 4053
2906 4052
2907 4053
2908 4053
2909 4052
2910 4053
2911 4052
2912 4053
2913 4051
2914 4051
2915 4057
2916 4053
2917 4053
2918 4050
2919 4051
2920 4051
2921 4052
2922 4053
2923 4051
2924 4053
2925 4053
2926 4055
2927 4053
2928 4051
2929 4052
2930 4054
2931 4052
2932 4051
2933 4052
2934 4052
2935 4055
2936 4051
2937 4054
2938 4050
2939 4051
2940 4052
2941 4053
2942 4052
2943 4055
2944 4052
2945 4053
2946 4050
2947 4051
2948 4055
2949 4051
2950 4051
2951 4057
2952 4050
2953 4051
2954 4051
2955 4053
2956 4052
2957 4053
2958 4047
2959 4052
2960 4049
2961 4052
2962 4053
2963 4051
2964 4053
2965 4054
2966 4051
2967 4053
2968 4051
2969 4053
2970 4049
2971 4052
2972 4052
2973 4049
2974 4052
2975 4052
2976 4053
2977 4052
2978 4052
2979 4054
2980 4053
2981 4054
2982 4050
2983 4053
2984 4055
2985 4055
2986 4050
2987 4052
2988 4051
2989 4051
2990 4052
2991 4051
2992 4055
2993 4053
2994 4052
2995 4051
2996 4054
2997 4053
2998 4050
2999 4055
3000 4053
3001 4059
3002 4053
3003 4054
3004 4053
3005 4053
3006 4053
3007 4052
3008 4050
3009 4049
3010 4054
3011 4052
3012 4052
3013 4055
3014 4053
3015 4052
3016 4047
3017 4055
3018 4051
3019 4054
3020 4053
3021 4054
3022 4052
3023 4052
3024 4053
3025 4055
3026 4053
3027 4053
3028 4054
3029 4055
3030 4052
3031 4052
3032 4053
3033 4052
3034 4052
3035 4051
3036 4048
3037 4055
3038 4051
3039 4050
3040 4057
3041 4054
3042 4052
3043 4054
3044 4051
3045 4055
3046 4053
3047 4053
3048 4047
3049 4054
3050 4052
3051 4060
3052 4051
3053 4054
3054 4052
3055 4052
3056 4052
3057 4053
3058 4054
3059 4054
3060 4053
3061 4055
3062 4054
3063 4053
3064 4053
3065 4052
3066 4054
3067 4052
3068 4055
3069 4053
3070 4052
3071 4055
3072 4052
3073 4054
3074 4054
3075 4050
3076 4053
3077 4051
3078 4051
3079 4054
3080 4054
3081 4055
3082 4051
3083 4054
3084 4053
3085 4053
3086 4052
3087 4055
3088 4050
3089 4055
3090 4055
3091 4054
3092 4052
3093 4057
3094 4054
3095 4054
3096 4053
3097 4057
3098 4053
3099 4054
3100 4051
3101 4061
3102 4049
3103 4053
3104 4053
3105 4052
3106 4055
3107 4055
3108 4049
3109 4052
3110 4052
3111 4053
3112 4052
3113 4054
3114 4052
3115 4055
3116 4052
3117 4055
3118 4052
3119 4055
3120 4051
3121 4055
3122 4050
3123 4051
3124 4053
3125 4053
3126 4051
3127 4057
3128 4054
3129 4053
3130 4049
3131 4051
3132 4053
3133 4052
3134 4054
3135 4053
3136 4052
3137 4053
3138 4052
3139 4053
3140 4054
3141 4053
3142 4051
3143 4055
3144 4052
3145 4053
3146 4055
3147 4052
3148 4053
3149 4054
3150 4049
3151 4055
3152 4050
3153 4054
3154 4053
3155 4054
3156 4052
3157 4052
3158 4049
3159 4051
3160 4051
3161 4049
3162 4054
3163 4055
3164 4054
3165 4053
3166 4052
3167 4049
3168 4058
3169 4054
3170 4053
3171 4053
3172 4052
3173 4055
3174 4052
3175 4055
3176 4053
3177 4052
3178 4052
3179 4053
3180 4052
3181 4051
3182 4053
3183 4052
3184 4054
3185 4053
3186 4049
3187 4054
3188 4055
3189 4052
3190 4052
3191 4053
3192 4052
3193 4055
3194 4054
3195 4053
3196 4051
3197 4054
3198 4051
3199 4053
3200 4050
3201 4057
3202 4049
3203 4055
3204 4053
3205 4054
3206 4051
3207 4051
3208 4053
3209 4057
3210 4051
3211 4053
3212 4055
3213 4052
3214 4053
3215 4055
3216 4052
3217 4055
3218 4051
3219 4052
3220 4053
3221 4054
3222 4052
3223 4055
3224 4053
3225 4051
3226 4053
3227 4053
3228 4057
3229 4050
3230 4054
3231 4054
3232 4053
3233 4052
3234 4053
3235 4056
3236 4052
3237 4054
3238 4050
3239 4054
3240 4052
3241 4053
3242 4052
3243 4052
3244 4051
3245 4051
3246 4054
3247 4053
3248 4054
3249 4054
3250 4053
3251 4057
3252 4049
3253 4054
3254 4052
3255 4050
3256 4052
3257 4055
3258 4054
3259 4054
3260 4050
3261 4054
3262 4053
3263 4052
3264 4050
3265 4055
3266 4049
3267 4051
3268 4049
3269 4052
3270 4052
3271 4052
3272 4055
3273 4052
3274 4052
3275 4055
3276 4054
3277 4052
3278 4050
3279 4053
3280 4052
3281 4053
3282 4053
3283 4054
3284 4048
3285 4053
3286 4051
3287 4055
3288 4050
3289 4050
3290 4052
3291 4053
3292 4054
3293 4053
3294 4054
3295 4053
3296 4051
3297 4053
3298 4053
3299 4052
3300 4053
3301 4055
3302 4051
3303 4055
3304 4050
3305 4051
3306 4049
3307 4053
3308 4053
3309 4051
3310 4053
3311 4052
3312 4053
3313 4051
3314 4053
3315 4054
3316 4055
3317 4052
3318 4053
3319 4054
3320 4051
3321 4057
3322 4051
3323 4053
3324 4053
3325 4052
3326 4052
3327 4052
3328 4050
3329 4051
3330 4054
3331 4054
3332 4051
3333 4053
3334 4053
3335 4054
3336 4053
3337 4058
3338 4054
3339 4055
3340 4054
3341 4055
3342 4055
3343 4050
3344 4052
3345 4052
3346 4057
3347 4052
3348 4055
3349 4055
3350 4050
3351 4057
3352 4046
3353 4055
3354 4049
3355 4054
3356 4053
3357 4053
3358 4053
3359 4054
3360 4054
3361 4051
3362 4053
3363 4053
3364 4049
3365 4052
3366 4053
3367 4051
3368 4052
3369 4055
3370 4053
3371 4052
3372 4056
3373 4052
3374 4054
3375 4055
3376 4052
3377 4054
3378 4053
3379 4052
3380 4051
3381 4055
3382 4053
3383 4052
3384 4055
3385 4055
3386 4050
3387 4053
3388 4054
3389 4052
3390 4053
3391 4055
3392 4051
3393 4051
3394 4055
3395 4053
3396 4054
3397 4055
3398 4055
3399 4052
3400 4052
3401 4059
3402 4052
3403 4054
3404 4055
3405 4055
3406 4052
3407 4056
3408 4050
3409 4053
3410 4052
3411 4052
3412 4057
3413 4054
3414 4054
3415 4055
3416 4051
3417 4054
3418 4054
3419 4055
3420 4051
3421 4051
3422 4053
3423 4055
3424 4052
3425 4051
3426 4052
3427 4050
3428 4053
3429 4058
3430 4053
3431 4053
3432 4054
3433 4055
3434 4052
3435 4055
3436 4053
3437 4055
3438 4052
3439 4053
3440 4053
3441 4053
3442 4054
3443 4051
3444 4052
3445 4051
3446 4052
3447 4055
3448 4051
3449 4051
3450 4053
3451 4055
3452 4049
3453 4054
3454 4054
3455 4054
3456 4052
3457 4053
3458 4053
3459 4050
3460 4054
3461 4053
3462 4050
3463 4051
3464 4052
3465 4052
3466 4050
3467 4054
3468 4054
3469 4053
3470 4053
3471 4051
3472 4055
3473 4053
3474 4054
3475 4051
3476 4054
3477 4053
3478 4055
3479 4054
3480 4052
3481 4052
3482 4053
3483 4055
3484 4052
3485 4056
3486 4052
3487 4051
3488 4054
3489 4054
3490 4055
3491 4055
3492 4054
3493 4054
3494 4055
3495 4053
3496 4052
3497 4054
3498 4052
3499 4054
3500 4053
3501 4058
3502 4046
3503 4051
3504 4054
3505 4052
3506 4053
3507 4052
3508 4053
3509 4053
3510 4051
3511 4052
3512 4055
3513 4051
3514 4050
3515 4053
3516 4052
3517 4052
3518 4054
3519 4053
3520 4050
3521 4053
3522 4054
3523 4055
3524 4053
3525 4053
3526 4054
3527 4055
3528 4055
3529 4052
3530 4053
3531 4054
3532 4051
3533 4053
3534 4053
3535 4055
3536 4052
3537 4055
3538 4053
3539 4051
3540 4054
3541 4053
3542 4052
3543 4055
3544 4051
3545 4054
3546 4055
3547 4053
3548 4053
3549 4053
3550 4051
3551 4058
3552 4053
3553 4053
3554 4052
3555 4052
3556 4055
3557 4053
3558 4053
3559 4052
3560 4052
3561 4051
3562 4053
3563 4053
3564 4052
3565 4053
3566 4052
3567 4053
3568 4052
3569 4057
3570 4054
3571 4049
3572 4052
3573 4053
3574 4051
3575 4052
3576 4052
3577 4053
3578 4050
3579 4055
3580 4053
3581 4055
3582 4052
3583 4052
3584 4055
3585 4053
3586 4051
3587 4055
3588 4051
3589 4052
3590 4052
3591 4055
3592 4053
3593 4053
3594 4055
3595 4052
3596 4050
3597 4054
3598 4053
3599 4053
3600 4054
3601 4058
3602 4053
3603 4054
3604 4052
3605 4052
3606 4055
3607 4054
3608 4053
3609 4054
3610 4052
3611 4051
3612 4051
3613 4052
3614 4053
3615 4051
3616 4052
3617 4053
3618 4052
3619 4052
3620 4051
3621 4053
3622 4052
3623 4053
3624 4055
3625 4050
3626 4049
3627 4054
3628 4051
3629 4054
3630 4052
3631 4054
3632 4051
3633 4050
3634 4050
3635 4053
3636 4051
3637 4051
3638 4051
3639 4054
3640 4053
3641 4056
3642 4047
3643 4051
3644 4051
3645 4049
3646 4051
3647 4051
3648 4049
3649 4054
3650 4055
3651 4056
3652 4049
3653 4055
3654 4053
3655 4051
3656 4051
3657 4053
3658 4051
3659 4054
3660 4053
3661 4052
3662 4052
3663 4053
3664 4055
3665 4050
3666 4053
3667 4053
3668 4048
3669 4053
3670 4050
3671 4057
3672 4050
3673 4054
3674 4053
3675 4053
3676 4053
3677 4055
3678 4053
3679 4052
3680 4051
3681 4055
3682 4053
3683 4054
3684 4053
3685 4054
3686 4052
3687 4054
3688 4052
3689 4055
3690 4052
3691 4055
3692 4052
3693 4053
3694 4052
