#Data from the TCD1304 linear CCD
#column 1 = pixelnumber , column 2 = pixelvalue
#Pixel 1-32 and 3679-3694 and are dummy pixels
#SH-period: 200    ICG-period: 100000    Integration time: 100.0 us
2 4031
3 4035
4 4053
5 4052
6 4053
7 4053
8 4053
9 4055
10 4053
11 4050
12 4053
13 4054
14 4054
15 4054
16 4052
17 4053
18 4053
19 4054
20 4051
21 4051
22 4054
23 4055
24 4054
25 4053
26 4052
27 4052
28 4055
29 4053
30 4055
31 4054
32 4052
34 4054
35 4056
36 4052
37 4054
38 4055
39 4054
40 4055
41 4053
42 4053
43 4050
44 4055
45 4053
46 4057
47 4054
48 4052
49 4054
50 4057
51 4055
52 4053
53 4052
54 4053
55 4054
56 4055
57 4053
58 4053
59 4057
60 4051
61 4055
62 4052
63 4052
64 4052
65 4053
66 4053
67 4052
68 4049
69 4055
70 4055
71 4053
72 4054
73 4055
74 4052
75 4054
76 4055
77 4055
78 4054
79 4050
80 4056
81 4053
82 4055
83 4053
84 4052
85 4054
86 4052
87 4054
88 4055
89 4055
90 4053
91 4054
92 4055
93 4055
94 4057
95 4053
96 4055
97 4052
98 4055
99 4055
100 4054
101 4059
102 4050
103 4052
104 4054
105 4055
106 4050
107 4055
108 4049
109 4054
110 4053
111 4053
112 4053
113 4051
114 4054
115 4051
116 4057
117 4054
118 4055
119 4053
120 4053
121 4055
122 4053
123 4052
124 4055
125 4055
126 4053
127 4052
128 4053
129 4055
130 4052
131 4054
132 4052
133 4052
134 4053
135 4051
136 4053
137 4055
138 4053
139 4054
140 4053
141 4055
142 4053
143 4054
144 4052
145 4053
146 4051
147 4054
148 4051
149 4055
150 4054
151 4057
152 4050
153 4054
154 4053
155 4058
156 4056
157 4054
158 4051
159 4054
160 4052
161 4052
162 4054
163 4053
164 4054
165 4052
166 4053
167 4057
168 4052
169 4056
170 4052
171 4057
172 4052
173 4054
174 4051
175 4053
176 4054
177 4053
178 4057
179 4054
180 4052
181 4050
182 4055
183 4052
184 4052
185 4055
186 4052
187 4050
188 4055
189 4057
190 4054
191 4054
192 4055
193 4053
194 4055
195 4053
196 4055
197 4055
198 4054
199 4052
200 4055
201 4055
202 4047
203 4055
204 4054
205 4053
206 4053
207 4057
208 4052
209 4052
210 4053
211 4056
212 4052
213 4055
214 4050
215 4055
216 4055
217 4054
218 4053
219 4055
220 4050
221 4053
222 4053
223 4051
224 4053
225 4056
226 4055
227 4058
228 4053
229 4052
230 4055
231 4054
232 4054
233 4055
234 4053
235 4053
236 4053
237 4054
238 4053
239 4054
240 4052
241 4054
242 4053
243 4053
244 4055
245 4053
246 4053
247 4053
248 4053
249 4052
250 4053
251 4055
252 4052
253 4051
254 4051
255 4054
256 4055
257 4053
258 4051
259 4053
260 4054
261 4053
262 4057
263 4055
264 4054
265 4053
266 4053
267 4053
268 4053
269 4055
270 4052
271 4053
272 4052
273 4051
274 4054
275 4054
276 4057
277 4052
278 4054
279 4049
280 4058
281 4055
282 4053
283 4055
284 4053
285 4058
286 4051
287 4055
288 4052
289 4054
290 4055
291 4053
292 4052
293 4053
294 4055
295 4054
296 4051
297 4057
298 4053
299 4053
300 4052
301 4059
302 4053
303 4053
304 4057
305 4055
306 4052
307 4054
308 4052
309 4054
310 4055
311 4055
312 4051
313 4054
314 4051
315 4049
316 4052
317 4053
318 4053
319 4054
320 4053
321 4054
322 4060
323 4055
324 4054
325 4055
326 4053
327 4056
328 4053
329 4055
330 4054
331 4055
332 4053
333 4052
334 4054
335 4055
336 4052
337 4055
338 4054
339 4055
340 4054
341 4055
342 4055
343 4055
344 4055
345 4052
346 4053
347 4053
348 4055
349 4055
350 4053
351 4060
352 4047
353 4053
354 4054
355 4055
356 4054
357 4050
358 4055
359 4051
360 4057
361 4052
362 4053
363 4051
364 4055
365 4053
366 4053
367 4053
368 4053
369 4055
370 4054
371 4054
372 4050
373 4054
374 4052
375 4052
376 4055
377 4055
378 4055
379 4058
380 4051
381 4049
382 4052
383 4052
384 4050
385 4058
386 4053
387 4054
388 4053
389 4053
390 4055
391 4055
392 4053
393 4052
394 4054
395 4055
396 4054
397 4054
398 4054
399 4054
400 4056
401 4057
402 4051
403 4053
404 4051
405 4055
406 4053
407 4053
408 4054
409 4050
410 4052
411 4053
412 4054
413 4055
414 4055
415 4052
416 4053
417 4051
418 4050
419 4055
420 4052
421 4052
422 4050
423 4055
424 4055
425 4053
426 4054
427 4054
428 4052
429 4052
430 4053
431 4055
432 4053
433 4052
434 4053
435 4056
436 4054
437 4053
438 4055
439 4052
440 4051
441 4053
442 4053
443 4055
444 4055
445 4051
446 4052
447 4052
448 4052
449 4054
450 4055
451 4057
452 4052
453 4055
454 4051
455 4053
456 4051
457 4057
458 4055
459 4054
460 4053
461 4054
462 4055
463 4053
464 4054
465 4053
466 4054
467 4049
468 4052
469 4054
470 4051
471 4053
472 4055
473 4053
474 4053
475 4051
476 4058
477 4053
478 4054
479 4052
480 4053
481 4051
482 4051
483 4052
484 4050
485 4053
486 4054
487 4053
488 4054
489 4053
490 4053
491 4054
492 4055
493 4052
494 4053
495 4050
496 4053
497 4053
498 4053
499 4053
500 4054
501 4058
502 4052
503 4055
504 4049
505 4054
506 4054
507 4054
508 4053
509 4055
510 4052
511 4053
512 4049
513 4050
514 4054
515 4053
516 4055
517 4054
518 4053
519 4054
520 4054
521 4053
522 4054
523 4053
524 4050
525 4054
526 4055
527 4053
528 4052
529 4052
530 4053
531 4051
532 4052
533 4055
534 4054
535 4054
536 4054
537 4054
538 4053
539 4051
540 4052
541 4054
542 4053
543 4052
544 4055
545 4054
546 4054
547 4055
548 4052
549 4053
550 4052
551 4059
552 4052
553 4055
554 4053
555 4051
556 4051
557 4055
558 4053
559 4052
560 4054
561 4055
562 4054
563 4055
564 4057
565 4055
566 4054
567 4055
568 4054
569 4053
570 4055
571 4052
572 4052
573 4052
574 4051
575 4055
576 4055
577 4052
578 4050
579 4054
580 4054
581 4053
582 4055
583 4052
584 4053
585 4053
586 4054
587 4055
588 4053
589 4052
590 4054
591 4055
592 4053
593 4054
594 4053
595 4054
596 4051
597 4051
598 4053
599 4053
600 4054
601 4055
602 4047
603 4052
604 4052
605 4053
606 4055
607 4054
608 4049
609 4053
610 4053
611 4052
612 4053
613 4052
614 4057
615 4054
616 4051
617 4053
618 4049
619 4059
620 4052
621 4054
622 4053
623 4055
624 4053
625 4054
626 4055
627 4050
628 4055
629 4052
630 4054
631 4051
632 4053
633 4054
634 4053
635 4055
636 4053
637 4054
638 4054
639 4054
640 4055
641 4055
642 4054
643 4051
644 4059
645 4053
646 4052
647 4055
648 4053
649 4055
650 4053
651 4055
652 4050
653 4052
654 4053
655 4052
656 4055
657 4055
658 4053
659 4054
660 4055
661 4055
662 4053
663 4053
664 4052
665 4054
666 4055
667 4052
668 4051
669 4054
670 4053
671 4055
672 4053
673 4052
674 4058
675 4053
676 4051
677 4054
678 4052
679 4053
680 4052
681 4051
682 4051
683 4054
684 4055
685 4054
686 4053
687 4054
688 4055
689 4053
690 4054
691 4053
692 4051
693 4054
694 4058
695 4052
696 4051
697 4053
698 4053
699 4052
700 4055
701 4059
702 4050
703 4055
704 4053
705 4054
706 4053
707 4055
708 4055
709 4052
710 4054
711 4053
712 4053
713 4052
714 4052
715 4052
716 4052
717 4053
718 4053
719 4055
720 4052
721 4052
722 4050
723 4054
724 4053
725 4052
726 4055
727 4053
728 4055
729 4052
730 4049
731 4057
732 4054
733 4051
734 4052
735 4055
736 4053
737 4054
738 4053
739 4054
740 4054
741 4054
742 4054
743 4052
744 4054
745 4053
746 4053
747 4054
748 4049
749 4053
750 4054
751 4055
752 4047
753 4051
754 4052
755 4052
756 4053
757 4052
758 4049
759 4057
760 4053
761 4053
762 4052
763 4053
764 4051
765 4052
766 4052
767 4054
768 4049
769 4054
770 4053
771 4054
772 4052
773 4053
774 4053
775 4057
776 4053
777 4054
778 4054
779 4053
780 4051
781 4054
782 4054
783 4054
784 4052
785 4054
786 4055
787 4053
788 4052
789 4052
790 4050
791 4054
792 4053
793 4052
794 4053
795 4051
796 4052
797 4054
798 4053
799 4052
800 4052
801 4055
802 4052
803 4052
804 4052
805 4052
806 4053
807 4060
808 4052
809 4053
810 4053
811 4051
812 4054
813 4055
814 4052
815 4052
816 4055
817 4053
818 4052
819 4054
820 4055
821 4055
822 4057
823 4053
824 4049
825 4053
826 4053
827 4053
828 4055
829 4055
830 4053
831 4054
832 4047
833 4053
834 4052
835 4054
836 4052
837 4055
838 4052
839 4055
840 4052
841 4054
842 4054
843 4052
844 4054
845 4052
846 4055
847 4057
848 4055
849 4053
850 4055
851 4058
852 4049
853 4053
854 4051
855 4055
856 4052
857 4055
858 4055
859 4052
860 4052
861 4053
862 4052
863 4051
864 4051
865 4054
866 4052
867 4054
868 4054
869 4052
870 4055
871 4054
872 4052
873 4055
874 4051
875 4049
876 4053
877 4052
878 4053
879 4052
880 4052
881 4052
882 4051
883 4052
884 4053
885 4055
886 4053
887 4055
888 4051
889 4051
890 4054
891 4050
892 4053
893 4052
894 4055
895 4055
896 4055
897 4053
898 4054
899 4051
900 4053
901 4056
902 4049
903 4055
904 4050
905 4054
906 4051
907 4055
908 4051
909 4052
910 4053
911 4051
912 4053
913 4055
914 4054
915 4053
916 4052
917 4055
918 4052
919 4055
920 4052
921 4052
922 4054
923 4055
924 4053
925 4051
926 4052
927 4053
928 4051
929 4054
930 4051
931 4054
932 4051
933 4050
934 4053
935 4051
936 4052
937 4050
938 4050
939 4052
940 4051
941 4052
942 4050
943 4052
944 4050
945 4055
946 4051
947 4049
948 4050
949 4049
950 4053
951 4054
952 4047
953 4054
954 4052
955 4051
956 4050
957 4051
958 4052
959 4053
960 4052
961 4051
962 4052
963 4052
964 4049
965 4047
966 4052
967 4052
968 4047
969 4055
970 4050
971 4052
972 4049
973 4054
974 4050
975 4053
976 4051
977 4051
978 4051
979 4053
980 4051
981 4054
982 4052
983 4051
984 4053
985 4054
986 4051
987 4053
988 4052
989 4051
990 4049
991 4053
992 4053
993 4050
994 4055
995 4047
996 4052
997 4055
998 4051
999 4052
1000 4051
1001 4059
1002 4050
1003 4051
1004 4055
1005 4052
1006 4052
1007 4055
1008 4053
1009 4054
1010 4050
1011 4056
1012 4052
1013 4051
1014 4052
1015 4055
1016 4054
1017 4051
1018 4051
1019 4051
1020 4052
1021 4052
1022 4053
1023 4052
1024 4052
1025 4053
1026 4050
1027 4053
1028 4050
1029 4053
1030 4052
1031 4049
1032 4053
1033 4054
1034 4055
1035 4054
1036 4055
1037 4051
1038 4052
1039 4055
1040 4052
1041 4050
1042 4050
1043 4051
1044 4054
1045 4054
1046 4052
1047 4055
1048 4054
1049 4055
1050 4050
1051 4057
1052 4047
1053 4055
1054 4051
1055 4057
1056 4053
1057 4054
1058 4053
1059 4051
1060 4053
1061 4054
1062 4054
1063 4053
1064 4052
1065 4050
1066 4053
1067 4055
1068 4052
1069 4054
1070 4053
1071 4053
1072 4054
1073 4055
1074 4053
1075 4053
1076 4057
1077 4050
1078 4055
1079 4055
1080 4055
1081 4052
1082 4051
1083 4055
1084 4055
1085 4054
1086 4052
1087 4054
1088 4055
1089 4049
1090 4052
1091 4054
1092 4054
1093 4052
1094 4054
1095 4053
1096 4055
1097 4052
1098 4055
1099 4054
1100 4055
1101 4057
1102 4051
1103 4053
1104 4050
1105 4055
1106 4055
1107 4053
1108 4052
1109 4053
1110 4054
1111 4050
1112 4052
1113 4053
1114 4050
1115 4054
1116 4054
1117 4051
1118 4053
1119 4058
1120 4051
1121 4054
1122 4054
1123 4052
1124 4053
1125 4052
1126 4052
1127 4053
1128 4055
1129 4050
1130 4053
1131 4053
1132 4053
1133 4051
1134 4050
1135 4055
1136 4054
1137 4052
1138 4055
1139 4052
1140 4051
1141 4052
1142 4052
1143 4052
1144 4053
1145 4051
1146 4049
1147 4055
1148 4053
1149 4052
1150 4053
1151 4060
1152 4051
1153 4054
1154 4053
1155 4054
1156 4054
1157 4053
1158 4054
1159 4053
1160 4052
1161 4053
1162 4055
1163 4054
1164 4055
1165 4053
1166 4051
1167 4052
1168 4053
1169 4055
1170 4050
1171 4051
1172 4055
1173 4049
1174 4053
1175 4053
1176 4051
1177 4053
1178 4051
1179 4055
1180 4055
1181 4053
1182 4054
1183 4052
1184 4051
1185 4054
1186 4053
1187 4051
1188 4052
1189 4055
1190 4053
1191 4052
1192 4051
1193 4052
1194 4055
1195 4052
1196 4052
1197 4054
1198 4052
1199 4053
1200 4053
1201 4057
1202 4051
1203 4053
1204 4054
1205 4054
1206 4052
1207 4055
1208 4052
1209 4051
1210 4052
1211 4054
1212 4055
1213 4052
1214 4054
1215 4053
1216 4053
1217 4053
1218 4053
1219 4055
1220 4047
1221 4054
1222 4050
1223 4053
1224 4053
1225 4053
1226 4054
1227 4055
1228 4055
1229 4054
1230 4055
1231 4053
1232 4051
1233 4054
1234 4055
1235 4055
1236 4052
1237 4053
1238 4051
1239 4054
1240 4055
1241 4055
1242 4050
1243 4054
1244 4052
1245 4052
1246 4052
1247 4050
1248 4047
1249 4052
1250 4053
1251 4059
1252 4053
1253 4054
1254 4054
1255 4052
1256 4053
1257 4055
1258 4053
1259 4053
1260 4049
1261 4054
1262 4053
1263 4055
1264 4052
1265 4053
1266 4050
1267 4055
1268 4053
1269 4053
1270 4055
1271 4054
1272 4052
1273 4055
1274 4055
1275 4052
1276 4050
1277 4054
1278 4054
1279 4055
1280 4051
1281 4055
1282 4054
1283 4052
1284 4052
1285 4052
1286 4055
1287 4055
1288 4055
1289 4051
1290 4054
1291 4053
1292 4050
1293 4054
1294 4054
1295 4052
1296 4053
1297 4053
1298 4053
1299 4054
1300 4052
1301 4060
1302 4049
1303 4053
1304 4054
1305 4054
1306 4053
1307 4055
1308 4052
1309 4051
1310 4052
1311 4054
1312 4055
1313 4055
1314 4053
1315 4054
1316 4053
1317 4053
1318 4052
1319 4055
1320 4053
1321 4055
1322 4052
1323 4053
1324 4050
1325 4052
1326 4052
1327 4052
1328 4049
1329 4055
1330 4050
1331 4052
1332 4055
1333 4053
1334 4054
1335 4052
1336 4053
1337 4055
1338 4051
1339 4055
1340 4050
1341 4051
1342 4053
1343 4054
1344 4051
1345 4053
1346 4051
1347 4057
1348 4054
1349 4059
1350 4053
1351 4059
1352 4045
1353 4053
1354 4052
1355 4054
1356 4052
1357 4051
1358 4051
1359 4056
1360 4054
1361 4055
1362 4052
1363 4050
1364 4051
1365 4055
1366 4051
1367 4053
1368 4055
1369 4055
1370 4052
1371 4054
1372 4056
1373 4051
1374 4050
1375 4054
1376 4055
1377 4050
1378 4052
1379 4055
1380 4053
1381 4053
1382 4054
1383 4052
1384 4054
1385 4054
1386 4054
1387 4051
1388 4055
1389 4055
1390 4051
1391 4053
1392 4054
1393 4052
1394 4052
1395 4055
1396 4054
1397 4055
1398 4051
1399 4051
1400 4056
1401 4059
1402 4047
1403 4053
1404 4057
1405 4053
1406 4055
1407 4053
1408 4052
1409 4051
1410 4055
1411 4055
1412 4053
1413 4051
1414 4053
1415 4052
1416 4054
1417 4051
1418 4050
1419 4050
1420 4055
1421 4053
1422 4053
1423 4052
1424 4054
1425 4053
1426 4053
1427 4053
1428 4053
1429 4053
1430 4050
1431 4054
1432 4051
1433 4052
1434 4053
1435 4051
1436 4050
1437 4051
1438 4053
1439 4053
1440 4053
1441 4055
1442 4053
1443 4054
1444 4057
1445 4053
1446 4053
1447 4054
1448 4053
1449 4055
1450 4052
1451 4060
1452 4047
1453 4055
1454 4052
1455 4055
1456 4054
1457 4057
1458 4051
1459 4053
1460 4052
1461 4055
1462 4054
1463 4053
1464 4052
1465 4052
1466 4055
1467 4052
1468 4053
1469 4057
1470 4053
1471 4054
1472 4051
1473 4051
1474 4053
1475 4051
1476 4052
1477 4054
1478 4050
1479 4055
1480 4052
1481 4052
1482 4053
1483 4049
1484 4053
1485 4052
1486 4052
1487 4053
1488 4052
1489 4054
1490 4052
1491 4053
1492 4050
1493 4053
1494 4054
1495 4052
1496 4051
1497 4052
1498 4055
1499 4052
1500 4052
1501 4057
1502 4047
1503 4055
1504 4049
1505 4053
1506 4052
1507 4054
1508 4051
1509 4053
1510 4055
1511 4049
1512 4052
1513 4050
1514 4050
1515 4053
1516 4053
1517 4052
1518 4051
1519 4053
1520 4054
1521 4052
1522 4055
1523 4053
1524 4053
1525 4050
1526 4052
1527 4052
1528 4053
1529 4057
1530 4053
1531 4054
1532 4053
1533 4052
1534 4053
1535 4054
1536 4054
1537 4051
1538 4055
1539 4054
1540 4054
1541 4057
1542 4050
1543 4053
1544 4054
1545 4052
1546 4054
1547 4055
1548 4052
1549 4054
1550 4055
1551 4057
1552 4047
1553 4055
1554 4054
1555 4052
1556 4052
1557 4055
1558 4052
1559 4055
1560 4053
1561 4055
1562 4054
1563 4055
1564 4054
1565 4053
1566 4054
1567 4052
1568 4053
1569 4054
1570 4053
1571 4055
1572 4053
1573 4050
1574 4055
1575 4052
1576 4053
1577 4051
1578 4052
1579 4054
1580 4055
1581 4051
1582 4053
1583 4052
1584 4051
1585 4058
1586 4052
1587 4053
1588 4053
1589 4053
1590 4052
1591 4055
1592 4055
1593 4053
1594 4055
1595 4053
1596 4053
1597 4053
1598 4051
1599 4055
1600 4053
1601 4058
1602 4051
1603 4055
1604 4057
1605 4055
1606 4051
1607 4053
1608 4053
1609 4052
1610 4055
1611 4052
1612 4052
1613 4055
1614 4053
1615 4054
1616 4052
1617 4054
1618 4050
1619 4055
1620 4054
1621 4052
1622 4053
1623 4050
1624 4054
1625 4051
1626 4052
1627 4053
1628 4051
1629 4054
1630 4053
1631 4053
1632 4053
1633 4054
1634 4052
1635 4053
1636 4055
1637 4051
1638 4052
1639 4054
1640 4053
1641 4055
1642 4052
1643 4052
1644 4057
1645 4051
1646 4055
1647 4050
1648 4053
1649 4050
1650 4052
1651 4059
1652 4050
1653 4053
1654 4052
1655 4053
1656 4053
1657 4051
1658 4053
1659 4055
1660 4051
1661 4053
1662 4051
1663 4052
1664 4054
1665 4054
1666 4051
1667 4051
1668 4052
1669 4055
1670 4052
1671 4053
1672 4050
1673 4051
1674 4050
1675 4057
1676 4053
1677 4052
1678 4053
1679 4053
1680 4053
1681 4054
1682 4054
1683 4054
1684 4052
1685 4055
1686 4051
1687 4053
1688 4055
1689 4053
1690 4057
1691 4054
1692 4055
1693 4052
1694 4051
1695 4051
1696 4051
1697 4051
1698 4051
1699 4050
1700 4052
1701 4058
1702 4051
1703 4049
1704 4054
1705 4052
1706 4051
1707 4054
1708 4054
1709 4055
1710 4051
1711 4053
1712 4051
1713 4052
1714 4053
1715 4055
1716 4053
1717 4052
1718 4051
1719 4053
1720 4052
1721 4052
1722 4055
1723 4052
1724 4049
1725 4057
1726 4050
1727 4050
1728 4054
1729 4053
1730 4053
1731 4052
1732 4055
1733 4049
1734 4055
1735 4051
1736 4053
1737 4055
1738 4051
1739 4058
1740 4052
1741 4050
1742 4050
1743 4055
1744 4050
1745 4050
1746 4054
1747 4055
1748 4051
1749 4055
1750 4055
1751 4058
1752 4052
1753 4055
1754 4052
1755 4055
1756 4051
1757 4055
1758 4053
1759 4051
1760 4054
1761 4052
1762 4052
1763 4053
1764 4055
1765 4052
1766 4054
1767 4055
1768 4052
1769 4053
1770 4052
1771 4055
1772 4054
1773 4053
1774 4055
1775 4054
1776 4052
1777 4058
1778 4053
1779 4056
1780 4051
1781 4054
1782 4052
1783 4052
1784 4055
1785 4052
1786 4051
1787 4055
1788 4054
1789 4057
1790 4053
1791 4054
1792 4054
1793 4052
1794 4052
1795 4054
1796 4053
1797 4053
1798 4055
1799 4054
1800 4051
1801 4055
1802 4051
1803 4051
1804 4053
1805 4055
1806 4050
1807 4056
1808 4051
1809 4053
1810 4055
1811 4049
1812 4051
1813 4053
1814 4052
1815 4053
1816 4053
1817 4054
1818 4053
1819 4054
1820 4051
1821 4053
1822 4053
1823 4055
1824 4047
1825 4058
1826 4050
1827 4052
1828 4053
1829 4052
1830 4053
1831 4054
1832 4053
1833 4053
1834 4057
1835 4054
1836 4054
1837 4053
1838 4054
1839 4053
1840 4054
1841 4053
1842 4051
1843 4053
1844 4052
1845 4051
1846 4054
1847 4053
1848 4054
1849 4053
1850 4055
1851 4057
1852 4052
1853 4054
1854 4051
1855 4055
1856 4053
1857 4052
1858 4053
1859 4054
1860 4053
1861 4052
1862 4051
1863 4055
1864 4055
1865 4053
1866 4051
1867 4053
1868 4051
1869 4055
1870 4051
1871 4049
1872 4055
1873 4054
1874 4055
1875 4054
1876 4053
1877 4052
1878 4053
1879 4054
1880 4052
1881 4052
1882 4052
1883 4053
1884 4052
1885 4050
1886 4052
1887 4053
1888 4053
1889 4052
1890 4054
1891 4053
1892 4053
1893 4052
1894 4053
1895 4050
1896 4053
1897 4052
1898 4051
1899 4053
1900 4055
1901 4055
1902 4052
1903 4052
1904 4047
1905 4054
1906 4055
1907 4055
1908 4053
1909 4055
1910 4053
1911 4049
1912 4052
1913 4052
1914 4052
1915 4055
1916 4052
1917 4054
1918 4053
1919 4054
1920 4053
1921 4054
1922 4057
1923 4053
1924 4053
1925 4052
1926 4057
1927 4051
1928 4053
1929 4055
1930 4052
1931 4055
1932 4052
1933 4053
1934 4054
1935 4054
1936 4054
1937 4053
1938 4054
1939 4054
1940 4053
1941 4051
1942 4057
1943 4053
1944 4054
1945 4054
1946 4050
1947 4052
1948 4053
1949 4053
1950 4052
1951 4055
1952 4052
1953 4049
1954 4053
1955 4055
1956 4051
1957 4052
1958 4051
1959 4054
1960 4051
1961 4052
1962 4055
1963 4055
1964 4057
1965 4054
1966 4052
1967 4053
1968 4052
1969 4054
1970 4052
1971 4053
1972 4055
1973 4057
1974 4052
1975 4053
1976 4051
1977 4054
1978 4053
1979 4052
1980 4050
1981 4055
1982 4052
1983 4052
1984 4052
1985 4052
1986 4051
1987 4055
1988 4053
1989 4054
1990 4052
1991 4053
1992 4052
1993 4053
1994 4052
1995 4050
1996 4052
1997 4054
1998 4055
1999 4055
2000 4050
2001 4059
2002 4047
2003 4053
2004 4055
2005 4055
2006 4052
2007 4052
2008 4052
2009 4051
2010 4051
2011 4055
2012 4055
2013 4055
2014 4055
2015 4053
2016 4050
2017 4054
2018 4047
2019 4053
2020 4051
2021 4054
2022 4050
2023 4052
2024 4050
2025 4052
2026 4053
2027 4053
2028 4052
2029 4055
2030 4053
2031 4053
2032 4055
2033 4052
2034 4052
2035 4054
2036 4055
2037 4055
2038 4052
2039 4051
2040 4054
2041 4051
2042 4050
2043 4051
2044 4053
2045 4052
2046 4053
2047 4054
2048 4057
2049 4053
2050 4050
2051 4064
2052 4047
2053 4052
2054 4054
2055 4053
2056 4051
2057 4053
2058 4054
2059 4052
2060 4050
2061 4053
2062 4052
2063 4055
2064 4051
2065 4053
2066 4055
2067 4052
2068 4051
2069 4055
2070 4053
2071 4052
2072 4050
2073 4051
2074 4053
2075 4052
2076 4053
2077 4054
2078 4052
2079 4054
2080 4053
2081 4052
2082 4053
2083 4052
2084 4052
2085 4053
2086 4053
2087 4051
2088 4052
2089 4053
2090 4052
2091 4050
2092 4054
2093 4049
2094 4054
2095 4054
2096 4050
2097 4049
2098 4047
2099 4050
2100 4051
2101 4057
2102 4050
2103 4052
2104 4052
2105 4051
2106 4055
2107 4054
2108 4053
2109 4055
2110 4051
2111 4052
2112 4052
2113 4053
2114 4054
2115 4052
2116 4054
2117 4052
2118 4050
2119 4053
2120 4054
2121 4050
2122 4055
2123 4047
2124 4051
2125 4052
2126 4054
2127 4053
2128 4051
2129 4054
2130 4053
2131 4052
2132 4051
2133 4052
2134 4054
2135 4051
2136 4052
2137 4050
2138 4051
2139 4053
2140 4052
2141 4055
2142 4051
2143 4047
2144 4055
2145 4051
2146 4051
2147 4049
2148 4053
2149 4053
2150 4052
2151 4055
2152 4049
2153 4052
2154 4054
2155 4049
2156 4051
2157 4052
2158 4053
2159 4051
2160 4049
2161 4052
2162 4049
2163 4052
2164 4050
2165 4050
2166 4053
2167 4053
2168 4055
2169 4055
2170 4051
2171 4055
2172 4050
2173 4054
2174 4052
2175 4051
2176 4051
2177 4051
2178 4051
2179 4053
2180 4047
2181 4053
2182 4052
2183 4052
2184 4054
2185 4050
2186 4055
2187 4054
2188 4053
2189 4052
2190 4053
2191 4052
2192 4049
2193 4052
2194 4053
2195 4052
2196 4052
2197 4055
2198 4052
2199 4053
2200 4047
2201 4055
2202 4047
2203 4051
2204 4052
2205 4052
2206 4052
2207 4049
2208 4055
2209 4054
2210 4051
2211 4051
2212 4051
2213 4055
2214 4053
2215 4052
2216 4051
2217 4052
2218 4047
2219 4053
2220 4052
2221 4050
2222 4052
2223 4053
2224 4054
2225 4053
2226 4054
2227 4053
2228 4050
2229 4053
2230 4051
2231 4053
2232 4051
2233 4053
2234 4047
2235 4052
2236 4052
2237 4049
2238 4054
2239 4051
2240 4049
2241 4052
2242 4050
2243 4051
2244 4053
2245 4052
2246 4049
2247 4052
2248 4052
2249 4054
2250 4051
2251 4058
2252 4049
2253 4053
2254 4051
2255 4050
2256 4050
2257 4052
2258 4050
2259 4049
2260 4052
2261 4051
2262 4050
2263 4052
2264 4052
2265 4050
2266 4050
2267 4053
2268 4052
2269 4052
2270 4052
2271 4053
2272 4051
2273 4053
2274 4049
2275 4050
2276 4052
2277 4049
2278 4053
2279 4052
2280 4053
2281 4052
2282 4054
2283 4052
2284 4053
2285 4052
2286 4048
2287 4052
2288 4055
2289 4051
2290 4055
2291 4052
2292 4049
2293 4051
2294 4054
2295 4049
2296 4051
2297 4053
2298 4052
2299 4051
2300 4052
2301 4058
2302 4047
2303 4055
2304 4050
2305 4047
2306 4051
2307 4053
2308 4050
2309 4047
2310 4053
2311 4051
2312 4051
2313 4053
2314 4050
2315 4050
2316 4051
2317 4049
2318 4047
2319 4052
2320 4049
2321 4054
2322 4054
2323 4053
2324 4051
2325 4052
2326 4051
2327 4050
2328 4050
2329 4051
2330 4052
2331 4052
2332 4052
2333 4047
2334 4053
2335 4052
2336 4051
2337 4050
2338 4049
2339 4047
2340 4052
2341 4052
2342 4052
2343 4050
2344 4053
2345 4052
2346 4047
2347 4055
2348 4049
2349 4049
2350 4050
2351 4053
2352 4049
2353 4049
2354 4047
2355 4047
2356 4053
2357 4049
2358 4051
2359 4050
2360 4049
2361 4052
2362 4049
2363 4049
2364 4047
2365 4052
2366 4049
2367 4047
2368 4051
2369 4053
2370 4051
2371 4051
2372 4047
2373 4050
2374 4050
2375 4049
2376 4051
2377 4052
2378 4052
2379 4047
2380 4047
2381 4052
2382 4052
2383 4051
2384 4052
2385 4046
2386 4049
2387 4052
2388 4049
2389 4048
2390 4049
2391 4052
2392 4047
2393 4047
2394 4051
2395 4047
2396 4052
2397 4052
2398 4046
2399 4049
2400 4049
2401 4053
2402 4047
2403 4051
2404 4050
2405 4047
2406 4050
2407 4047
2408 4049
2409 4049
2410 4047
2411 4049
2412 4047
2413 4047
2414 4050
2415 4047
2416 4050
2417 4049
2418 4046
2419 4051
2420 4050
2421 4047
2422 4045
2423 4047
2424 4047
2425 4046
2426 4048
2427 4047
2428 4046
2429 4051
2430 4046
2431 4047
2432 4051
2433 4046
2434 4047
2435 4050
2436 4052
2437 4047
2438 4049
2439 4051
2440 4047
2441 4045
2442 4051
2443 4046
2444 4050
2445 4049
2446 4049
2447 4047
2448 4045
2449 4047
2450 4049
2451 4047
2452 4045
2453 4047
2454 4047
2455 4041
2456 4043
2457 4049
2458 4046
2459 4047
2460 4046
2461 4044
2462 4045
2463 4049
2464 4047
2465 4047
2466 4046
2467 4047
2468 4047
2469 4054
2470 4047
2471 4047
2472 4047
2473 4047
2474 4045
2475 4047
2476 4046
2477 4050
2478 4046
2479 4046
2480 4045
2481 4047
2482 4046
2483 4046
2484 4049
2485 4050
2486 4046
2487 4047
2488 4046
2489 4047
2490 4046
2491 4046
2492 4047
2493 4043
2494 4047
2495 4045
2496 4045
2497 4047
2498 4046
2499 4043
2500 4045
2501 4049
2502 4045
2503 4045
2504 4044
2505 4044
2506 4045
2507 4047
2508 4045
2509 4044
2510 4047
2511 4043
2512 4044
2513 4047
2514 4045
2515 4044
2516 4045
2517 4044
2518 4042
2519 4049
2520 4043
2521 4043
2522 4046
2523 4045
2524 4045
2525 4044
2526 4045
2527 4043
2528 4045
2529 4044
2530 4047
2531 4045
2532 4045
2533 4041
2534 4045
2535 4043
2536 4047
2537 4045
2538 4047
2539 4043
2540 4041
2541 4046
2542 4042
2543 4043
2544 4047
2545 4041
2546 4043
2547 4043
2548 4045
2549 4044
2550 4042
2551 4047
2552 4039
2553 4046
2554 4042
2555 4042
2556 4042
2557 4045
2558 4043
2559 4039
2560 4039
2561 4040
2562 4039
2563 4039
2564 4031
2565 4037
2566 4039
2567 4038
2568 4041
2569 4044
2570 4043
2571 4042
2572 4042
2573 4046
2574 4041
2575 4042
2576 4042
2577 4044
2578 4042
2579 4046
2580 4042
2581 4042
2582 4047
2583 4041
2584 4044
2585 4044
2586 4047
2587 4044
2588 4044
2589 4043
2590 4041
2591 4040
2592 4042
2593 4047
2594 4041
2595 4043
2596 4043
2597 4047
2598 4044
2599 4045
2600 4046
2601 4049
2602 4037
2603 4038
2604 4038
2605 4039
2606 4036
2607 4037
2608 4039
2609 4040
2610 4036
2611 4037
2612 4037
2613 4035
2614 4036
2615 4031
2616 4036
2617 4036
2618 4037
2619 4037
2620 4037
2621 4039
2622 4039
2623 4038
2624 4036
2625 4039
2626 4031
2627 4039
2628 4041
2629 4039
2630 4039
2631 4046
2632 4045
2633 4044
2634 4041
2635 4043
2636 4043
2637 4045
2638 4043
2639 4044
2640 4039
2641 4047
2642 4044
2643 4043
2644 4046
2645 4045
2646 4045
2647 4047
2648 4047
2649 4049
2650 4047
2651 4053
2652 4045
2653 4053
2654 4049
2655 4047
2656 4047
2657 4049
2658 4049
2659 4047
2660 4047
2661 4051
2662 4047
2663 4050
2664 4047
2665 4049
2666 4050
2667 4051
2668 4047
2669 4047
2670 4047
2671 4047
2672 4047
2673 4051
2674 4050
2675 4049
2676 4052
2677 4049
2678 4047
2679 4049
2680 4051
2681 4047
2682 4052
2683 4050
2684 4047
2685 4049
2686 4048
2687 4047
2688 4052
2689 4052
2690 4047
2691 4047
2692 4047
2693 4047
2694 4052
2695 4052
2696 4046
2697 4051
2698 4054
2699 4047
2700 4049
2701 4054
2702 4045
2703 4050
2704 4047
2705 4052
2706 4049
2707 4052
2708 4047
2709 4053
2710 4050
2711 4052
2712 4049
2713 4054
2714 4050
2715 4050
2716 4050
2717 4051
2718 4049
2719 4053
2720 4049
2721 4052
2722 4052
2723 4050
2724 4050
2725 4047
2726 4052
2727 4049
2728 4050
2729 4052
2730 4052
2731 4052
2732 4050
2733 4053
2734 4052
2735 4052
2736 4051
2737 4052
2738 4049
2739 4052
2740 4051
2741 4052
2742 4047
2743 4049
2744 4052
2745 4050
2746 4050
2747 4051
2748 4050
2749 4052
2750 4053
2751 4058
2752 4050
2753 4049
2754 4052
2755 4052
2756 4049
2757 4053
2758 4051
2759 4053
2760 4053
2761 4052
2762 4051
2763 4055
2764 4053
2765 4052
2766 4051
2767 4049
2768 4052
2769 4052
2770 4053
2771 4049
2772 4052
2773 4051
2774 4052
2775 4047
2776 4052
2777 4050
2778 4052
2779 4053
2780 4052
2781 4052
2782 4053
2783 4052
2784 4051
2785 4050
2786 4049
2787 4052
2788 4051
2789 4051
2790 4053
2791 4052
2792 4051
2793 4047
2794 4050
2795 4051
2796 4051
2797 4052
2798 4053
2799 4051
2800 4053
2801 4054
2802 4050
2803 4051
2804 4052
2805 4054
2806 4051
2807 4050
2808 4050
2809 4053
2810 4052
2811 4050
2812 4050
2813 4051
2814 4051
2815 4052
2816 4053
2817 4054
2818 4051
2819 4053
2820 4047
2821 4052
2822 4051
2823 4052
2824 4053
2825 4047
2826 4050
2827 4053
2828 4051
2829 4053
2830 4055
2831 4050
2832 4052
2833 4054
2834 4051
2835 4052
2836 4052
2837 4052
2838 4050
2839 4055
2840 4052
2841 4049
2842 4050
2843 4047
2844 4052
2845 4051
2846 4052
2847 4054
2848 4053
2849 4052
2850 4050
2851 4055
2852 4050
2853 4053
2854 4051
2855 4053
2856 4055
2857 4052
2858 4052
2859 4051
2860 4049
2861 4051
2862 4051
2863 4051
2864 4051
2865 4052
2866 4051
2867 4052
2868 4053
2869 4054
2870 4052
2871 4050
2872 4052
2873 4052
2874 4052
2875 4051
2876 4051
2877 4050
2878 4052
2879 4052
2880 4046
2881 4054
2882 4051
2883 4052
2884 4053
2885 4052
2886 4050
2887 4055
2888 4049
2889 4053
2890 4051
2891 4053
2892 4050
2893 4055
2894 4051
2895 4055
2896 4050
2897 4053
2898 4052
2899 4053
2900 4051
2901 4057
2902 4047
2903 4053
2904 4052
2905 4057
2906 4050
2907 4052
2908 4050
2909 4052
2910 4051
2911 4055
2912 4053
2913 4052
2914 4053
2915 4052
2916 4051
2917 4053
2918 4051
2919 4055
2920 4051
2921 4053
2922 4052
2923 4052
2924 4055
2925 4050
2926 4053
2927 4053
2928 4053
2929 4055
2930 4053
2931 4052
2932 4050
2933 4052
2934 4051
2935 4054
2936 4052
2937 4055
2938 4050
2939 4051
2940 4053
2941 4052
2942 4057
2943 4050
2944 4054
2945 4054
2946 4052
2947 4053
2948 4051
2949 4053
2950 4057
2951 4057
2952 4053
2953 4053
2954 4052
2955 4051
2956 4051
2957 4049
2958 4053
2959 4052
2960 4053
2961 4053
2962 4053
2963 4053
2964 4050
2965 4050
2966 4053
2967 4053
2968 4053
2969 4054
2970 4049
2971 4053
2972 4052
2973 4055
2974 4050
2975 4053
2976 4055
2977 4050
2978 4055
2979 4052
2980 4051
2981 4055
2982 4053
2983 4050
2984 4052
2985 4054
2986 4054
2987 4055
2988 4058
2989 4051
2990 4053
2991 4053
2992 4052
2993 4051
2994 4053
2995 4054
2996 4052
2997 4053
2998 4051
2999 4053
3000 4047
3001 4059
3002 4047
3003 4051
3004 4051
3005 4054
3006 4053
3007 4053
3008 4052
3009 4055
3010 4053
3011 4054
3012 4052
3013 4052
3014 4052
3015 4054
3016 4050
3017 4055
3018 4051
3019 4054
3020 4051
3021 4053
3022 4052
3023 4055
3024 4053
3025 4053
3026 4052
3027 4052
3028 4051
3029 4052
3030 4051
3031 4055
3032 4053
3033 4053
3034 4053
3035 4053
3036 4054
3037 4053
3038 4053
3039 4055
3040 4054
3041 4055
3042 4049
3043 4052
3044 4055
3045 4054
3046 4054
3047 4052
3048 4051
3049 4054
3050 4052
3051 4060
3052 4052
3053 4054
3054 4053
3055 4053
3056 4053
3057 4055
3058 4052
3059 4055
3060 4052
3061 4053
3062 4048
3063 4052
3064 4049
3065 4054
3066 4051
3067 4053
3068 4050
3069 4054
3070 4052
3071 4054
3072 4054
3073 4051
3074 4052
3075 4053
3076 4055
3077 4052
3078 4055
3079 4051
3080 4053
3081 4053
3082 4053
3083 4053
3084 4053
3085 4054
3086 4053
3087 4055
3088 4053
3089 4054
3090 4055
3091 4053
3092 4052
3093 4055
3094 4055
3095 4052
3096 4053
3097 4055
3098 4052
3099 4053
3100 4052
3101 4057
3102 4051
3103 4051
3104 4053
3105 4055
3106 4049
3107 4057
3108 4053
3109 4051
3110 4047
3111 4054
3112 4047
3113 4053
3114 4051
3115 4055
3116 4054
3117 4053
3118 4053
3119 4054
3120 4055
3121 4055
3122 4051
3123 4056
3124 4054
3125 4053
3126 4052
3127 4055
3128 4053
3129 4055
3130 4051
3131 4055
3132 4052
3133 4055
3134 4052
3135 4055
3136 4054
3137 4055
3138 4052
3139 4053
3140 4055
3141 4053
3142 4051
3143 4055
3144 4054
3145 4055
3146 4053
3147 4052
3148 4055
3149 4055
3150 4052
3151 4055
3152 4049
3153 4055
3154 4052
3155 4054
3156 4051
3157 4054
3158 4054
3159 4054
3160 4054
3161 4052
3162 4055
3163 4053
3164 4053
3165 4052
3166 4051
3167 4055
3168 4049
3169 4052
3170 4053
3171 4049
3172 4053
3173 4054
3174 4054
3175 4054
3176 4050
3177 4053
3178 4053
3179 4052
3180 4052
3181 4055
3182 4051
3183 4054
3184 4053
3185 4053
3186 4053
3187 4051
3188 4053
3189 4054
3190 4054
3191 4051
3192 4053
3193 4052
3194 4053
3195 4053
3196 4055
3197 4056
3198 4052
3199 4055
3200 4052
3201 4059
3202 4051
3203 4053
3204 4051
3205 4055
3206 4053
3207 4053
3208 4052
3209 4054
3210 4055
3211 4055
3212 4055
3213 4052
3214 4052
3215 4052
3216 4055
3217 4054
3218 4050
3219 4053
3220 4059
3221 4053
3222 4051
3223 4054
3224 4052
3225 4053
3226 4054
3227 4053
3228 4053
3229 4053
3230 4053
3231 4054
3232 4051
3233 4053
3234 4052
3235 4054
3236 4053
3237 4053
3238 4053
3239 4055
3240 4052
3241 4054
3242 4050
3243 4054
3244 4053
3245 4050
3246 4051
3247 4052
3248 4055
3249 4053
3250 4054
3251 4060
3252 4049
3253 4052
3254 4052
3255 4053
3256 4053
3257 4053
3258 4052
3259 4051
3260 4054
3261 4053
3262 4053
3263 4052
3264 4052
3265 4053
3266 4054
3267 4054
3268 4058
3269 4053
3270 4050
3271 4053
3272 4053
3273 4055
3274 4053
3275 4054
3276 4053
3277 4055
3278 4050
3279 4052
3280 4051
3281 4055
3282 4055
3283 4052
3284 4053
3285 4051
3286 4053
3287 4053
3288 4052
3289 4050
3290 4053
3291 4053
3292 4051
3293 4054
3294 4052
3295 4053
3296 4055
3297 4055
3298 4050
3299 4052
3300 4054
3301 4059
3302 4051
3303 4057
3304 4050
3305 4054
3306 4055
3307 4058
3308 4057
3309 4053
3310 4054
3311 4051
3312 4051
3313 4054
3314 4055
3315 4053
3316 4051
3317 4054
3318 4052
3319 4053
3320 4054
3321 4053
3322 4050
3323 4055
3324 4051
3325 4055
3326 4054
3327 4052
3328 4054
3329 4054
3330 4053
3331 4055
3332 4055
3333 4053
3334 4053
3335 4055
3336 4049
3337 4051
3338 4049
3339 4053
3340 4053
3341 4055
3342 4051
3343 4054
3344 4053
3345 4052
3346 4051
3347 4053
3348 4052
3349 4055
3350 4052
3351 4057
3352 4050
3353 4052
3354 4052
3355 4054
3356 4051
3357 4051
3358 4055
3359 4054
3360 4053
3361 4054
3362 4053
3363 4055
3364 4049
3365 4054
3366 4054
3367 4055
3368 4053
3369 4057
3370 4053
3371 4054
3372 4053
3373 4052
3374 4054
3375 4051
3376 4052
3377 4053
3378 4052
3379 4056
3380 4053
3381 4054
3382 4054
3383 4054
3384 4054
3385 4053
3386 4052
3387 4055
3388 4054
3389 4055
3390 4051
3391 4055
3392 4050
3393 4050
3394 4055
3395 4047
3396 4052
3397 4052
3398 4053
3399 4051
3400 4051
3401 4059
3402 4049
3403 4052
3404 4051
3405 4054
3406 4052
3407 4052
3408 4053
3409 4055
3410 4053
3411 4054
3412 4054
3413 4053
3414 4053
3415 4054
3416 4054
3417 4053
3418 4052
3419 4055
3420 4053
3421 4055
3422 4053
3423 4053
3424 4055
3425 4054
3426 4052
3427 4054
3428 4051
3429 4052
3430 4055
3431 4052
3432 4051
3433 4054
3434 4055
3435 4054
3436 4055
3437 4052
3438 4054
3439 4053
3440 4053
3441 4055
3442 4052
3443 4052
3444 4055
3445 4053
3446 4051
3447 4053
3448 4052
3449 4054
3450 4054
3451 4059
3452 4052
3453 4054
3454 4055
3455 4052
3456 4054
3457 4053
3458 4053
3459 4053
3460 4049
3461 4050
3462 4052
3463 4055
3464 4051
3465 4052
3466 4053
3467 4051
3468 4053
3469 4053
3470 4054
3471 4053
3472 4050
3473 4054
3474 4053
3475 4053
3476 4052
3477 4053
3478 4052
3479 4053
3480 4053
3481 4052
3482 4052
3483 4054
3484 4049
3485 4052
3486 4053
3487 4052
3488 4055
3489 4053
3490 4055
3491 4052
3492 4052
3493 4055
3494 4052
3495 4052
3496 4054
3497 4055
3498 4053
3499 4057
3500 4053
3501 4060
3502 4050
3503 4057
3504 4051
3505 4052
3506 4054
3507 4053
3508 4050
3509 4053
3510 4053
3511 4055
3512 4054
3513 4055
3514 4054
3515 4054
3516 4053
3517 4053
3518 4053
3519 4054
3520 4055
3521 4056
3522 4055
3523 4053
3524 4053
3525 4053
3526 4051
3527 4058
3528 4052
3529 4053
3530 4053
3531 4055
3532 4055
3533 4053
3534 4054
3535 4055
3536 4052
3537 4052
3538 4053
3539 4052
3540 4051
3541 4051
3542 4054
3543 4053
3544 4055
3545 4056
3546 4049
3547 4054
3548 4053
3549 4055
3550 4052
3551 4058
3552 4052
3553 4050
3554 4054
3555 4055
3556 4054
3557 4054
3558 4055
3559 4051
3560 4052
3561 4054
3562 4054
3563 4055
3564 4050
3565 4050
3566 4052
3567 4053
3568 4052
3569 4055
3570 4054
3571 4053
3572 4051
3573 4053
3574 4052
3575 4053
3576 4055
3577 4053
3578 4050
3579 4052
3580 4055
3581 4052
3582 4054
3583 4051
3584 4055
3585 4055
3586 4055
3587 4052
3588 4054
3589 4052
3590 4055
3591 4053
3592 4054
3593 4053
3594 4053
3595 4054
3596 4054
3597 4054
3598 4053
3599 4056
3600 4052
3601 4057
3602 4052
3603 4054
3604 4053
3605 4052
3606 4053
3607 4052
3608 4052
3609 4053
3610 4054
3611 4055
3612 4054
3613 4055
3614 4051
3615 4052
3616 4053
3617 4055
3618 4051
3619 4055
3620 4054
3621 4051
3622 4051
3623 4052
3624 4053
3625 4056
3626 4052
3627 4054
3628 4052
3629 4053
3630 4053
3631 4055
3632 4053
3633 4054
3634 4052
3635 4054
3636 4050
3637 4056
3638 4052
3639 4053
3640 4052
3641 4052
3642 4053
3643 4054
3644 4053
3645 4052
3646 4051
3647 4053
3648 4054
3649 4053
3650 4049
3651 4055
3652 4052
3653 4055
3654 4054
3655 4054
3656 4052
3657 4053
3658 4053
3659 4052
3660 4052
3661 4058
3662 4051
3663 4052
3664 4055
3665 4054
3666 4054
3667 4053
3668 4051
3669 4053
3670 4051
3671 4055
3672 4053
3673 4054
3674 4050
3675 4055
3676 4054
3677 4054
3678 4053
3679 4053
3680 4053
3681 4053
3682 4053
3683 4052
3684 4053
3685 4055
3686 4052
3687 4055
3688 4051
3689 4051
3690 4052
3691 4052
3692 4055
3693 4052
3694 4055
