#Data from the TCD1304 linear CCD
#column 1 = pixelnumber , column 2 = pixelvalue
#Pixel 1-32 and 3679-3694 and are dummy pixels
#SH-period: 200    ICG-period: 100000    Integration time: 100.0 us
2 4035
3 4036
4 4058
5 4059
6 4057
7 4061
8 4055
9 4058
10 4064
11 4059
12 4058
13 4058
14 4059
15 4060
16 4061
17 4061
18 4060
19 4061
20 4059
21 4061
22 4058
23 4057
24 4059
25 4054
26 4059
27 4059
28 4058
29 4058
30 4059
31 4062
32 4057
34 4061
35 4064
36 4059
37 4058
38 4059
39 4055
40 4055
41 4059
42 4058
43 4061
44 4059
45 4059
46 4060
47 4061
48 4059
49 4057
50 4057
51 4064
52 4057
53 4059
54 4058
55 4058
56 4057
57 4059
58 4057
59 4059
60 4055
61 4059
62 4060
63 4058
64 4057
65 4061
66 4060
67 4064
68 4058
69 4058
70 4061
71 4060
72 4061
73 4064
74 4059
75 4056
76 4055
77 4060
78 4064
79 4061
80 4061
81 4058
82 4058
83 4055
84 4057
85 4058
86 4064
87 4059
88 4058
89 4064
90 4057
91 4060
92 4058
93 4058
94 4059
95 4059
96 4061
97 4064
98 4058
99 4061
100 4059
101 4064
102 4057
103 4059
104 4058
105 4059
106 4053
107 4059
108 4057
109 4061
110 4058
111 4061
112 4058
113 4057
114 4064
115 4059
116 4056
117 4060
118 4061
119 4060
120 4058
121 4061
122 4061
123 4060
124 4061
125 4061
126 4061
127 4060
128 4058
129 4055
130 4056
131 4059
132 4061
133 4056
134 4059
135 4061
136 4058
137 4064
138 4058
139 4061
140 4059
141 4058
142 4057
143 4060
144 4059
145 4061
146 4058
147 4065
148 4058
149 4060
150 4057
151 4061
152 4055
153 4060
154 4064
155 4056
156 4057
157 4059
158 4053
159 4060
160 4058
161 4060
162 4059
163 4061
164 4057
165 4060
166 4061
167 4059
168 4059
169 4058
170 4057
171 4061
172 4058
173 4060
174 4059
175 4058
176 4059
177 4058
178 4057
179 4061
180 4058
181 4060
182 4058
183 4058
184 4060
185 4059
186 4057
187 4059
188 4062
189 4064
190 4059
191 4064
192 4058
193 4064
194 4058
195 4062
196 4061
197 4057
198 4059
199 4064
200 4064
201 4064
202 4055
203 4059
204 4055
205 4059
206 4057
207 4060
208 4057
209 4058
210 4064
211 4057
212 4058
213 4059
214 4055
215 4059
216 4059
217 4064
218 4066
219 4062
220 4062
221 4064
222 4057
223 4059
224 4061
225 4055
226 4059
227 4064
228 4058
229 4059
230 4059
231 4059
232 4059
233 4055
234 4062
235 4060
236 4059
237 4060
238 4061
239 4059
240 4061
241 4060
242 4057
243 4057
244 4061
245 4061
246 4058
247 4055
248 4056
249 4059
250 4059
251 4064
252 4057
253 4061
254 4064
255 4057
256 4059
257 4058
258 4059
259 4060
260 4061
261 4058
262 4059
263 4060
264 4060
265 4064
266 4060
267 4059
268 4059
269 4059
270 4060
271 4057
272 4055
273 4058
274 4059
275 4058
276 4058
277 4059
278 4060
279 4061
280 4060
281 4058
282 4060
283 4058
284 4059
285 4061
286 4061
287 4064
288 4057
289 4058
290 4064
291 4064
292 4058
293 4058
294 4059
295 4058
296 4058
297 4064
298 4064
299 4058
300 4059
301 4067
302 4055
303 4055
304 4061
305 4059
306 4059
307 4057
308 4060
309 4060
310 4059
311 4062
312 4064
313 4055
314 4058
315 4064
316 4059
317 4058
318 4061
319 4058
320 4060
321 4059
322 4057
323 4055
324 4055
325 4064
326 4058
327 4060
328 4062
329 4064
330 4058
331 4064
332 4059
333 4056
334 4064
335 4058
336 4057
337 4057
338 4057
339 4057
340 4059
341 4059
342 4055
343 4059
344 4059
345 4060
346 4060
347 4060
348 4059
349 4060
350 4060
351 4064
352 4057
353 4059
354 4059
355 4064
356 4060
357 4058
358 4058
359 4065
360 4059
361 4057
362 4057
363 4059
364 4055
365 4061
366 4055
367 4059
368 4060
369 4058
370 4057
371 4059
372 4059
373 4057
374 4058
375 4058
376 4055
377 4061
378 4059
379 4060
380 4058
381 4058
382 4057
383 4058
384 4062
385 4064
386 4058
387 4062
388 4060
389 4057
390 4058
391 4064
392 4059
393 4064
394 4060
395 4057
396 4058
397 4059
398 4059
399 4058
400 4059
401 4064
402 4055
403 4064
404 4059
405 4059
406 4059
407 4059
408 4054
409 4061
410 4059
411 4059
412 4064
413 4058
414 4062
415 4059
416 4060
417 4061
418 4059
419 4059
420 4064
421 4060
422 4059
423 4059
424 4060
425 4059
426 4064
427 4059
428 4057
429 4058
430 4059
431 4059
432 4058
433 4059
434 4060
435 4058
436 4059
437 4059
438 4057
439 4058
440 4065
441 4059
442 4058
443 4061
444 4060
445 4061
446 4060
447 4058
448 4058
449 4061
450 4058
451 4064
452 4054
453 4064
454 4058
455 4059
456 4058
457 4059
458 4055
459 4064
460 4059
461 4059
462 4061
463 4060
464 4059
465 4061
466 4058
467 4059
468 4060
469 4057
470 4058
471 4064
472 4057
473 4060
474 4064
475 4061
476 4057
477 4055
478 4055
479 4057
480 4055
481 4058
482 4058
483 4057
484 4060
485 4058
486 4059
487 4059
488 4061
489 4059
490 4064
491 4064
492 4059
493 4064
494 4056
495 4064
496 4064
497 4059
498 4056
499 4059
500 4059
501 4064
502 4058
503 4059
504 4064
505 4058
506 4060
507 4060
508 4061
509 4059
510 4059
511 4058
512 4059
513 4055
514 4058
515 4054
516 4059
517 4060
518 4059
519 4060
520 4057
521 4064
522 4058
523 4061
524 4060
525 4061
526 4059
527 4059
528 4061
529 4059
530 4058
531 4062
532 4058
533 4058
534 4059
535 4061
536 4055
537 4061
538 4060
539 4059
540 4057
541 4059
542 4061
543 4059
544 4059
545 4057
546 4064
547 4059
548 4058
549 4061
550 4061
551 4064
552 4059
553 4061
554 4055
555 4054
556 4059
557 4061
558 4055
559 4058
560 4059
561 4058
562 4057
563 4055
564 4059
565 4059
566 4058
567 4057
568 4061
569 4058
570 4055
571 4061
572 4064
573 4064
574 4061
575 4059
576 4057
577 4059
578 4058
579 4059
580 4062
581 4059
582 4064
583 4058
584 4061
585 4060
586 4059
587 4064
588 4060
589 4058
590 4064
591 4064
592 4056
593 4059
594 4057
595 4060
596 4062
597 4055
598 4059
599 4059
600 4059
601 4064
602 4055
603 4057
604 4060
605 4064
606 4059
607 4059
608 4055
609 4064
610 4060
611 4061
612 4062
613 4060
614 4057
615 4058
616 4060
617 4064
618 4058
619 4059
620 4064
621 4059
622 4059
623 4059
624 4061
625 4058
626 4059
627 4058
628 4060
629 4061
630 4058
631 4059
632 4061
633 4059
634 4059
635 4059
636 4058
637 4064
638 4055
639 4055
640 4064
641 4059
642 4060
643 4064
644 4060
645 4060
646 4058
647 4059
648 4058
649 4064
650 4061
651 4064
652 4057
653 4060
654 4057
655 4059
656 4064
657 4064
658 4059
659 4060
660 4062
661 4059
662 4057
663 4057
664 4057
665 4058
666 4058
667 4059
668 4058
669 4060
670 4059
671 4060
672 4061
673 4060
674 4059
675 4060
676 4057
677 4064
678 4058
679 4059
680 4058
681 4058
682 4059
683 4058
684 4060
685 4060
686 4058
687 4059
688 4054
689 4059
690 4057
691 4058
692 4059
693 4059
694 4060
695 4059
696 4058
697 4061
698 4059
699 4058
700 4059
701 4064
702 4058
703 4064
704 4058
705 4064
706 4060
707 4064
708 4058
709 4060
710 4061
711 4061
712 4059
713 4062
714 4064
715 4056
716 4056
717 4061
718 4059
719 4060
720 4064
721 4058
722 4059
723 4056
724 4060
725 4060
726 4055
727 4059
728 4061
729 4059
730 4060
731 4059
732 4055
733 4058
734 4060
735 4059
736 4057
737 4058
738 4060
739 4064
740 4064
741 4059
742 4064
743 4059
744 4060
745 4061
746 4061
747 4062
748 4059
749 4060
750 4058
751 4064
752 4055
753 4056
754 4060
755 4058
756 4064
757 4057
758 4058
759 4064
760 4058
761 4059
762 4059
763 4058
764 4059
765 4061
766 4060
767 4064
768 4058
769 4057
770 4060
771 4061
772 4058
773 4064
774 4059
775 4059
776 4061
777 4059
778 4059
779 4060
780 4064
781 4059
782 4058
783 4060
784 4058
785 4057
786 4062
787 4061
788 4059
789 4061
790 4059
791 4059
792 4060
793 4059
794 4058
795 4058
796 4058
797 4057
798 4059
799 4061
800 4059
801 4064
802 4054
803 4061
804 4061
805 4059
806 4058
807 4058
808 4059
809 4064
810 4059
811 4061
812 4059
813 4058
814 4057
815 4060
816 4057
817 4059
818 4057
819 4059
820 4055
821 4060
822 4059
823 4059
824 4057
825 4055
826 4058
827 4058
828 4060
829 4058
830 4059
831 4061
832 4061
833 4064
834 4058
835 4060
836 4059
837 4056
838 4057
839 4058
840 4059
841 4061
842 4058
843 4059
844 4060
845 4061
846 4057
847 4061
848 4059
849 4058
850 4061
851 4061
852 4055
853 4058
854 4059
855 4058
856 4054
857 4057
858 4054
859 4057
860 4060
861 4064
862 4056
863 4060
864 4060
865 4059
866 4059
867 4060
868 4059
869 4059
870 4061
871 4060
872 4059
873 4059
874 4055
875 4061
876 4059
877 4059
878 4060
879 4057
880 4055
881 4057
882 4057
883 4057
884 4058
885 4060
886 4058
887 4059
888 4059
889 4064
890 4057
891 4059
892 4064
893 4064
894 4058
895 4061
896 4064
897 4059
898 4058
899 4058
900 4058
901 4066
902 4058
903 4058
904 4058
905 4060
906 4059
907 4058
908 4059
909 4058
910 4058
911 4059
912 4058
913 4058
914 4059
915 4061
916 4061
917 4058
918 4056
919 4058
920 4060
921 4060
922 4059
923 4059
924 4059
925 4059
926 4058
927 4059
928 4058
929 4059
930 4059
931 4059
932 4058
933 4061
934 4061
935 4054
936 4060
937 4061
938 4064
939 4058
940 4058
941 4059
942 4058
943 4061
944 4059
945 4059
946 4055
947 4055
948 4061
949 4061
950 4050
951 4064
952 4058
953 4059
954 4058
955 4061
956 4061
957 4059
958 4064
959 4060
960 4058
961 4059
962 4059
963 4059
964 4064
965 4059
966 4060
967 4060
968 4059
969 4059
970 4058
971 4058
972 4060
973 4058
974 4059
975 4059
976 4061
977 4059
978 4055
979 4059
980 4059
981 4057
982 4055
983 4058
984 4057
985 4057
986 4060
987 4059
988 4058
989 4059
990 4060
991 4060
992 4059
993 4059
994 4057
995 4056
996 4062
997 4059
998 4058
999 4064
1000 4059
1001 4064
1002 4056
1003 4059
1004 4057
1005 4064
1006 4058
1007 4064
1008 4061
1009 4059
1010 4054
1011 4055
1012 4057
1013 4062
1014 4059
1015 4064
1016 4060
1017 4058
1018 4061
1019 4058
1020 4058
1021 4059
1022 4058
1023 4061
1024 4057
1025 4064
1026 4058
1027 4059
1028 4059
1029 4059
1030 4060
1031 4059
1032 4061
1033 4057
1034 4060
1035 4058
1036 4060
1037 4056
1038 4052
1039 4055
1040 4057
1041 4061
1042 4057
1043 4057
1044 4059
1045 4058
1046 4060
1047 4055
1048 4054
1049 4055
1050 4054
1051 4059
1052 4055
1053 4058
1054 4058
1055 4058
1056 4059
1057 4059
1058 4059
1059 4058
1060 4059
1061 4064
1062 4058
1063 4064
1064 4061
1065 4061
1066 4060
1067 4059
1068 4059
1069 4060
1070 4058
1071 4061
1072 4060
1073 4057
1074 4055
1075 4058
1076 4058
1077 4061
1078 4058
1079 4058
1080 4064
1081 4058
1082 4056
1083 4062
1084 4061
1085 4061
1086 4059
1087 4061
1088 4059
1089 4057
1090 4059
1091 4057
1092 4059
1093 4059
1094 4055
1095 4060
1096 4061
1097 4059
1098 4058
1099 4061
1100 4062
1101 4065
1102 4056
1103 4058
1104 4057
1105 4061
1106 4059
1107 4058
1108 4057
1109 4061
1110 4064
1111 4061
1112 4059
1113 4056
1114 4058
1115 4060
1116 4064
1117 4059
1118 4058
1119 4059
1120 4057
1121 4060
1122 4058
1123 4057
1124 4055
1125 4055
1126 4061
1127 4059
1128 4057
1129 4055
1130 4060
1131 4059
1132 4058
1133 4061
1134 4059
1135 4059
1136 4059
1137 4059
1138 4057
1139 4064
1140 4064
1141 4058
1142 4059
1143 4058
1144 4059
1145 4058
1146 4064
1147 4049
1148 4058
1149 4061
1150 4058
1151 4066
1152 4055
1153 4058
1154 4064
1155 4059
1156 4059
1157 4059
1158 4057
1159 4057
1160 4058
1161 4064
1162 4056
1163 4058
1164 4059
1165 4058
1166 4055
1167 4058
1168 4058
1169 4061
1170 4057
1171 4059
1172 4059
1173 4064
1174 4059
1175 4058
1176 4061
1177 4064
1178 4060
1179 4064
1180 4060
1181 4058
1182 4056
1183 4064
1184 4058
1185 4058
1186 4058
1187 4059
1188 4058
1189 4064
1190 4061
1191 4058
1192 4059
1193 4064
1194 4057
1195 4059
1196 4061
1197 4059
1198 4059
1199 4057
1200 4059
1201 4064
1202 4054
1203 4059
1204 4059
1205 4057
1206 4058
1207 4064
1208 4059
1209 4064
1210 4055
1211 4055
1212 4056
1213 4061
1214 4062
1215 4059
1216 4060
1217 4059
1218 4059
1219 4058
1220 4060
1221 4064
1222 4060
1223 4064
1224 4057
1225 4055
1226 4059
1227 4059
1228 4060
1229 4064
1230 4058
1231 4057
1232 4057
1233 4058
1234 4058
1235 4060
1236 4056
1237 4064
1238 4056
1239 4058
1240 4060
1241 4060
1242 4064
1243 4058
1244 4060
1245 4064
1246 4061
1247 4060
1248 4061
1249 4064
1250 4060
1251 4060
1252 4058
1253 4060
1254 4055
1255 4055
1256 4058
1257 4059
1258 4054
1259 4064
1260 4060
1261 4057
1262 4060
1263 4059
1264 4055
1265 4058
1266 4062
1267 4061
1268 4061
1269 4057
1270 4061
1271 4059
1272 4057
1273 4059
1274 4059
1275 4057
1276 4058
1277 4061
1278 4060
1279 4058
1280 4061
1281 4060
1282 4059
1283 4058
1284 4059
1285 4061
1286 4057
1287 4059
1288 4061
1289 4058
1290 4060
1291 4061
1292 4058
1293 4064
1294 4055
1295 4064
1296 4059
1297 4059
1298 4061
1299 4058
1300 4060
1301 4066
1302 4057
1303 4057
1304 4059
1305 4058
1306 4057
1307 4060
1308 4058
1309 4060
1310 4058
1311 4058
1312 4065
1313 4059
1314 4059
1315 4062
1316 4064
1317 4059
1318 4057
1319 4058
1320 4057
1321 4059
1322 4061
1323 4061
1324 4059
1325 4058
1326 4059
1327 4058
1328 4059
1329 4059
1330 4058
1331 4060
1332 4060
1333 4055
1334 4059
1335 4060
1336 4059
1337 4058
1338 4054
1339 4059
1340 4055
1341 4060
1342 4061
1343 4060
1344 4061
1345 4064
1346 4061
1347 4064
1348 4055
1349 4064
1350 4059
1351 4064
1352 4058
1353 4060
1354 4059
1355 4060
1356 4059
1357 4062
1358 4064
1359 4058
1360 4056
1361 4062
1362 4059
1363 4058
1364 4060
1365 4061
1366 4064
1367 4057
1368 4058
1369 4061
1370 4059
1371 4064
1372 4059
1373 4058
1374 4058
1375 4059
1376 4058
1377 4061
1378 4058
1379 4064
1380 4058
1381 4059
1382 4059
1383 4059
1384 4059
1385 4059
1386 4059
1387 4057
1388 4059
1389 4059
1390 4058
1391 4059
1392 4059
1393 4061
1394 4059
1395 4062
1396 4061
1397 4059
1398 4064
1399 4057
1400 4059
1401 4061
1402 4055
1403 4064
1404 4058
1405 4057
1406 4055
1407 4058
1408 4059
1409 4064
1410 4059
1411 4058
1412 4058
1413 4060
1414 4058
1415 4059
1416 4060
1417 4061
1418 4059
1419 4064
1420 4059
1421 4065
1422 4055
1423 4059
1424 4058
1425 4059
1426 4057
1427 4059
1428 4059
1429 4057
1430 4058
1431 4059
1432 4059
1433 4060
1434 4059
1435 4059
1436 4059
1437 4058
1438 4064
1439 4059
1440 4058
1441 4064
1442 4061
1443 4059
1444 4059
1445 4059
1446 4059
1447 4059
1448 4055
1449 4059
1450 4056
1451 4065
1452 4059
1453 4058
1454 4059
1455 4059
1456 4058
1457 4057
1458 4055
1459 4059
1460 4059
1461 4058
1462 4060
1463 4064
1464 4058
1465 4059
1466 4064
1467 4060
1468 4058
1469 4060
1470 4059
1471 4060
1472 4057
1473 4059
1474 4058
1475 4060
1476 4058
1477 4061
1478 4055
1479 4057
1480 4060
1481 4058
1482 4059
1483 4060
1484 4061
1485 4057
1486 4064
1487 4061
1488 4061
1489 4064
1490 4057
1491 4058
1492 4058
1493 4060
1494 4058
1495 4059
1496 4064
1497 4058
1498 4061
1499 4058
1500 4059
1501 4061
1502 4055
1503 4059
1504 4055
1505 4060
1506 4058
1507 4058
1508 4060
1509 4060
1510 4058
1511 4059
1512 4061
1513 4057
1514 4058
1515 4062
1516 4057
1517 4062
1518 4059
1519 4059
1520 4057
1521 4060
1522 4061
1523 4059
1524 4064
1525 4057
1526 4058
1527 4060
1528 4059
1529 4059
1530 4055
1531 4060
1532 4059
1533 4057
1534 4059
1535 4059
1536 4059
1537 4060
1538 4060
1539 4057
1540 4055
1541 4060
1542 4057
1543 4059
1544 4058
1545 4058
1546 4059
1547 4064
1548 4057
1549 4058
1550 4057
1551 4065
1552 4055
1553 4058
1554 4061
1555 4055
1556 4054
1557 4060
1558 4058
1559 4060
1560 4060
1561 4059
1562 4058
1563 4057
1564 4058
1565 4061
1566 4062
1567 4064
1568 4059
1569 4059
1570 4059
1571 4059
1572 4058
1573 4064
1574 4061
1575 4059
1576 4058
1577 4055
1578 4058
1579 4059
1580 4058
1581 4058
1582 4064
1583 4058
1584 4057
1585 4059
1586 4059
1587 4060
1588 4057
1589 4057
1590 4059
1591 4055
1592 4062
1593 4059
1594 4058
1595 4060
1596 4059
1597 4059
1598 4059
1599 4061
1600 4058
1601 4064
1602 4057
1603 4065
1604 4058
1605 4060
1606 4061
1607 4059
1608 4059
1609 4060
1610 4057
1611 4059
1612 4058
1613 4062
1614 4058
1615 4060
1616 4057
1617 4064
1618 4060
1619 4064
1620 4064
1621 4060
1622 4062
1623 4059
1624 4061
1625 4061
1626 4058
1627 4064
1628 4060
1629 4058
1630 4059
1631 4059
1632 4055
1633 4058
1634 4060
1635 4059
1636 4058
1637 4058
1638 4058
1639 4057
1640 4058
1641 4057
1642 4057
1643 4058
1644 4059
1645 4060
1646 4059
1647 4058
1648 4061
1649 4059
1650 4059
1651 4064
1652 4058
1653 4060
1654 4055
1655 4059
1656 4058
1657 4059
1658 4057
1659 4059
1660 4060
1661 4060
1662 4064
1663 4059
1664 4059
1665 4062
1666 4060
1667 4060
1668 4060
1669 4059
1670 4059
1671 4059
1672 4057
1673 4058
1674 4059
1675 4064
1676 4064
1677 4061
1678 4058
1679 4058
1680 4061
1681 4059
1682 4054
1683 4059
1684 4057
1685 4058
1686 4058
1687 4058
1688 4057
1689 4059
1690 4059
1691 4057
1692 4058
1693 4059
1694 4057
1695 4064
1696 4058
1697 4064
1698 4057
1699 4058
1700 4061
1701 4060
1702 4058
1703 4058
1704 4060
1705 4059
1706 4060
1707 4060
1708 4061
1709 4060
1710 4058
1711 4060
1712 4061
1713 4059
1714 4059
1715 4058
1716 4058
1717 4058
1718 4058
1719 4059
1720 4060
1721 4060
1722 4058
1723 4064
1724 4061
1725 4058
1726 4058
1727 4058
1728 4058
1729 4064
1730 4059
1731 4059
1732 4057
1733 4057
1734 4059
1735 4059
1736 4058
1737 4058
1738 4059
1739 4059
1740 4062
1741 4057
1742 4061
1743 4056
1744 4058
1745 4059
1746 4061
1747 4057
1748 4059
1749 4059
1750 4057
1751 4062
1752 4055
1753 4057
1754 4057
1755 4056
1756 4057
1757 4064
1758 4056
1759 4064
1760 4061
1761 4064
1762 4059
1763 4061
1764 4064
1765 4059
1766 4055
1767 4059
1768 4057
1769 4059
1770 4058
1771 4058
1772 4059
1773 4055
1774 4058
1775 4057
1776 4058
1777 4058
1778 4058
1779 4056
1780 4057
1781 4061
1782 4055
1783 4058
1784 4061
1785 4059
1786 4057
1787 4059
1788 4059
1789 4058
1790 4064
1791 4058
1792 4065
1793 4060
1794 4057
1795 4059
1796 4059
1797 4058
1798 4060
1799 4060
1800 4055
1801 4064
1802 4058
1803 4059
1804 4059
1805 4059
1806 4059
1807 4058
1808 4055
1809 4055
1810 4060
1811 4057
1812 4057
1813 4059
1814 4057
1815 4059
1816 4059
1817 4062
1818 4059
1819 4057
1820 4059
1821 4060
1822 4058
1823 4064
1824 4059
1825 4059
1826 4058
1827 4057
1828 4059
1829 4058
1830 4058
1831 4059
1832 4064
1833 4061
1834 4058
1835 4058
1836 4058
1837 4058
1838 4058
1839 4059
1840 4060
1841 4058
1842 4057
1843 4059
1844 4057
1845 4059
1846 4061
1847 4064
1848 4061
1849 4058
1850 4064
1851 4061
1852 4055
1853 4058
1854 4060
1855 4058
1856 4054
1857 4059
1858 4058
1859 4060
1860 4059
1861 4058
1862 4055
1863 4055
1864 4057
1865 4059
1866 4056
1867 4060
1868 4055
1869 4061
1870 4055
1871 4059
1872 4055
1873 4059
1874 4057
1875 4059
1876 4058
1877 4058
1878 4057
1879 4059
1880 4059
1881 4059
1882 4059
1883 4059
1884 4064
1885 4060
1886 4059
1887 4061
1888 4058
1889 4058
1890 4061
1891 4058
1892 4058
1893 4064
1894 4059
1895 4059
1896 4062
1897 4064
1898 4059
1899 4055
1900 4054
1901 4064
1902 4058
1903 4059
1904 4059
1905 4058
1906 4065
1907 4064
1908 4058
1909 4064
1910 4055
1911 4064
1912 4059
1913 4058
1914 4057
1915 4058
1916 4058
1917 4064
1918 4058
1919 4059
1920 4055
1921 4061
1922 4060
1923 4064
1924 4060
1925 4058
1926 4057
1927 4057
1928 4059
1929 4059
1930 4058
1931 4061
1932 4060
1933 4059
1934 4064
1935 4057
1936 4059
1937 4058
1938 4055
1939 4057
1940 4060
1941 4061
1942 4059
1943 4061
1944 4058
1945 4058
1946 4058
1947 4061
1948 4058
1949 4059
1950 4059
1951 4065
1952 4053
1953 4057
1954 4058
1955 4059
1956 4055
1957 4057
1958 4059
1959 4057
1960 4064
1961 4055
1962 4056
1963 4059
1964 4064
1965 4057
1966 4057
1967 4060
1968 4058
1969 4059
1970 4058
1971 4059
1972 4058
1973 4059
1974 4056
1975 4057
1976 4058
1977 4061
1978 4058
1979 4060
1980 4059
1981 4059
1982 4058
1983 4058
1984 4061
1985 4055
1986 4055
1987 4058
1988 4059
1989 4059
1990 4057
1991 4059
1992 4059
1993 4061
1994 4059
1995 4059
1996 4060
1997 4054
1998 4059
1999 4058
2000 4055
2001 4060
2002 4055
2003 4055
2004 4057
2005 4058
2006 4060
2007 4057
2008 4055
2009 4057
2010 4060
2011 4057
2012 4061
2013 4060
2014 4060
2015 4059
2016 4057
2017 4058
2018 4059
2019 4059
2020 4058
2021 4059
2022 4059
2023 4055
2024 4054
2025 4056
2026 4060
2027 4057
2028 4055
2029 4055
2030 4059
2031 4055
2032 4061
2033 4056
2034 4060
2035 4061
2036 4057
2037 4059
2038 4059
2039 4058
2040 4058
2041 4060
2042 4059
2043 4061
2044 4061
2045 4058
2046 4055
2047 4054
2048 4057
2049 4064
2050 4059
2051 4065
2052 4057
2053 4059
2054 4057
2055 4057
2056 4061
2057 4064
2058 4059
2059 4059
2060 4058
2061 4058
2062 4055
2063 4056
2064 4055
2065 4061
2066 4058
2067 4059
2068 4057
2069 4058
2070 4058
2071 4057
2072 4061
2073 4060
2074 4059
2075 4060
2076 4057
2077 4055
2078 4059
2079 4058
2080 4057
2081 4058
2082 4059
2083 4054
2084 4058
2085 4059
2086 4059
2087 4062
2088 4058
2089 4060
2090 4059
2091 4058
2092 4059
2093 4057
2094 4055
2095 4058
2096 4058
2097 4056
2098 4055
2099 4060
2100 4059
2101 4064
2102 4055
2103 4061
2104 4060
2105 4060
2106 4059
2107 4058
2108 4054
2109 4058
2110 4058
2111 4059
2112 4059
2113 4054
2114 4058
2115 4056
2116 4059
2117 4059
2118 4055
2119 4058
2120 4059
2121 4059
2122 4059
2123 4064
2124 4059
2125 4058
2126 4059
2127 4058
2128 4058
2129 4057
2130 4055
2131 4062
2132 4058
2133 4058
2134 4057
2135 4058
2136 4055
2137 4061
2138 4054
2139 4054
2140 4058
2141 4064
2142 4064
2143 4058
2144 4059
2145 4058
2146 4058
2147 4055
2148 4058
2149 4059
2150 4059
2151 4064
2152 4058
2153 4061
2154 4060
2155 4055
2156 4059
2157 4057
2158 4055
2159 4057
2160 4059
2161 4055
2162 4059
2163 4061
2164 4058
2165 4059
2166 4059
2167 4055
2168 4054
2169 4055
2170 4056
2171 4057
2172 4059
2173 4064
2174 4055
2175 4062
2176 4059
2177 4060
2178 4055
2179 4058
2180 4059
2181 4058
2182 4058
2183 4057
2184 4059
2185 4055
2186 4055
2187 4059
2188 4059
2189 4058
2190 4059
2191 4060
2192 4058
2193 4059
2194 4059
2195 4059
2196 4061
2197 4058
2198 4055
2199 4057
2200 4057
2201 4062
2202 4054
2203 4058
2204 4059
2205 4055
2206 4055
2207 4058
2208 4059
2209 4060
2210 4058
2211 4059
2212 4058
2213 4055
2214 4060
2215 4058
2216 4058
2217 4057
2218 4059
2219 4055
2220 4057
2221 4059
2222 4055
2223 4057
2224 4057
2225 4058
2226 4059
2227 4055
2228 4057
2229 4064
2230 4058
2231 4058
2232 4061
2233 4055
2234 4061
2235 4060
2236 4062
2237 4059
2238 4059
2239 4064
2240 4064
2241 4056
2242 4061
2243 4057
2244 4057
2245 4055
2246 4055
2247 4061
2248 4059
2249 4057
2250 4059
2251 4060
2252 4059
2253 4057
2254 4059
2255 4060
2256 4064
2257 4059
2258 4057
2259 4059
2260 4059
2261 4060
2262 4064
2263 4059
2264 4060
2265 4062
2266 4061
2267 4064
2268 4057
2269 4060
2270 4059
2271 4059
2272 4058
2273 4058
2274 4060
2275 4058
2276 4060
2277 4060
2278 4059
2279 4058
2280 4058
2281 4060
2282 4060
2283 4055
2284 4055
2285 4059
2286 4060
2287 4059
2288 4064
2289 4061
2290 4057
2291 4058
2292 4059
2293 4059
2294 4058
2295 4057
2296 4058
2297 4058
2298 4057
2299 4061
2300 4056
2301 4064
2302 4055
2303 4059
2304 4061
2305 4056
2306 4059
2307 4058
2308 4057
2309 4059
2310 4061
2311 4055
2312 4059
2313 4059
2314 4060
2315 4058
2316 4055
2317 4057
2318 4055
2319 4059
2320 4059
2321 4059
2322 4057
2323 4061
2324 4055
2325 4059
2326 4057
2327 4058
2328 4055
2329 4060
2330 4057
2331 4059
2332 4057
2333 4060
2334 4061
2335 4057
2336 4064
2337 4058
2338 4060
2339 4060
2340 4055
2341 4057
2342 4059
2343 4055
2344 4057
2345 4058
2346 4061
2347 4058
2348 4058
2349 4058
2350 4058
2351 4060
2352 4053
2353 4057
2354 4055
2355 4059
2356 4055
2357 4058
2358 4058
2359 4059
2360 4056
2361 4058
2362 4061
2363 4061
2364 4054
2365 4057
2366 4060
2367 4061
2368 4058
2369 4064
2370 4057
2371 4062
2372 4059
2373 4058
2374 4058
2375 4059
2376 4061
2377 4060
2378 4058
2379 4059
2380 4055
2381 4059
2382 4055
2383 4062
2384 4056
2385 4054
2386 4058
2387 4059
2388 4058
2389 4059
2390 4058
2391 4059
2392 4059
2393 4058
2394 4058
2395 4055
2396 4061
2397 4059
2398 4059
2399 4059
2400 4057
2401 4065
2402 4056
2403 4059
2404 4060
2405 4058
2406 4058
2407 4064
2408 4057
2409 4057
2410 4064
2411 4058
2412 4055
2413 4059
2414 4058
2415 4061
2416 4058
2417 4058
2418 4060
2419 4058
2420 4059
2421 4061
2422 4060
2423 4064
2424 4059
2425 4057
2426 4055
2427 4058
2428 4058
2429 4057
2430 4060
2431 4058
2432 4058
2433 4059
2434 4059
2435 4059
2436 4061
2437 4061
2438 4055
2439 4061
2440 4058
2441 4058
2442 4058
2443 4061
2444 4055
2445 4059
2446 4060
2447 4056
2448 4060
2449 4059
2450 4060
2451 4061
2452 4054
2453 4058
2454 4060
2455 4064
2456 4059
2457 4058
2458 4060
2459 4058
2460 4064
2461 4057
2462 4058
2463 4058
2464 4061
2465 4058
2466 4051
2467 4059
2468 4055
2469 4062
2470 4064
2471 4060
2472 4057
2473 4060
2474 4059
2475 4061
2476 4058
2477 4060
2478 4057
2479 4060
2480 4054
2481 4061
2482 4058
2483 4058
2484 4059
2485 4057
2486 4058
2487 4059
2488 4064
2489 4061
2490 4058
2491 4059
2492 4056
2493 4055
2494 4057
2495 4059
2496 4056
2497 4060
2498 4058
2499 4058
2500 4059
2501 4064
2502 4055
2503 4061
2504 4058
2505 4061
2506 4058
2507 4059
2508 4058
2509 4058
2510 4058
2511 4060
2512 4058
2513 4061
2514 4058
2515 4059
2516 4058
2517 4060
2518 4062
2519 4061
2520 4059
2521 4060
2522 4059
2523 4057
2524 4058
2525 4059
2526 4064
2527 4057
2528 4059
2529 4056
2530 4059
2531 4058
2532 4060
2533 4061
2534 4058
2535 4059
2536 4055
2537 4064
2538 4057
2539 4057
2540 4058
2541 4061
2542 4059
2543 4064
2544 4061
2545 4059
2546 4058
2547 4059
2548 4059
2549 4059
2550 4060
2551 4064
2552 4058
2553 4059
2554 4060
2555 4061
2556 4059
2557 4059
2558 4061
2559 4059
2560 4058
2561 4057
2562 4057
2563 4060
2564 4059
2565 4061
2566 4060
2567 4058
2568 4059
2569 4061
2570 4058
2571 4060
2572 4059
2573 4061
2574 4060
2575 4059
2576 4064
2577 4057
2578 4058
2579 4058
2580 4059
2581 4060
2582 4059
2583 4057
2584 4060
2585 4060
2586 4064
2587 4059
2588 4059
2589 4057
2590 4059
2591 4059
2592 4058
2593 4059
2594 4058
2595 4060
2596 4058
2597 4060
2598 4058
2599 4059
2600 4058
2601 4066
2602 4055
2603 4059
2604 4064
2605 4058
2606 4058
2607 4064
2608 4057
2609 4058
2610 4061
2611 4058
2612 4055
2613 4057
2614 4059
2615 4057
2616 4055
2617 4058
2618 4057
2619 4060
2620 4058
2621 4060
2622 4058
2623 4059
2624 4055
2625 4058
2626 4055
2627 4058
2628 4056
2629 4059
2630 4058
2631 4062
2632 4059
2633 4057
2634 4058
2635 4061
2636 4058
2637 4058
2638 4059
2639 4058
2640 4057
2641 4058
2642 4059
2643 4057
2644 4060
2645 4058
2646 4059
2647 4059
2648 4059
2649 4061
2650 4058
2651 4064
2652 4054
2653 4061
2654 4060
2655 4058
2656 4061
2657 4061
2658 4055
2659 4061
2660 4058
2661 4055
2662 4055
2663 4058
2664 4058
2665 4064
2666 4058
2667 4060
2668 4058
2669 4064
2670 4061
2671 4059
2672 4058
2673 4059
2674 4058
2675 4060
2676 4060
2677 4064
2678 4060
2679 4059
2680 4057
2681 4059
2682 4059
2683 4058
2684 4061
2685 4058
2686 4058
2687 4061
2688 4059
2689 4064
2690 4057
2691 4060
2692 4060
2693 4059
2694 4055
2695 4059
2696 4059
2697 4058
2698 4058
2699 4058
2700 4061
2701 4062
2702 4059
2703 4056
2704 4059
2705 4060
2706 4060
2707 4059
2708 4059
2709 4064
2710 4057
2711 4055
2712 4055
2713 4055
2714 4059
2715 4064
2716 4060
2717 4058
2718 4060
2719 4061
2720 4055
2721 4061
2722 4059
2723 4060
2724 4055
2725 4059
2726 4061
2727 4058
2728 4061
2729 4059
2730 4055
2731 4058
2732 4057
2733 4060
2734 4058
2735 4060
2736 4061
2737 4061
2738 4059
2739 4059
2740 4062
2741 4059
2742 4060
2743 4057
2744 4055
2745 4058
2746 4055
2747 4057
2748 4055
2749 4056
2750 4059
2751 4059
2752 4057
2753 4058
2754 4058
2755 4058
2756 4060
2757 4058
2758 4064
2759 4059
2760 4059
2761 4059
2762 4064
2763 4059
2764 4060
2765 4057
2766 4058
2767 4061
2768 4057
2769 4060
2770 4058
2771 4062
2772 4059
2773 4062
2774 4057
2775 4064
2776 4064
2777 4060
2778 4060
2779 4060
2780 4058
2781 4059
2782 4059
2783 4054
2784 4058
2785 4057
2786 4058
2787 4061
2788 4060
2789 4064
2790 4060
2791 4060
2792 4060
2793 4060
2794 4064
2795 4059
2796 4061
2797 4064
2798 4061
2799 4058
2800 4064
2801 4064
2802 4058
2803 4061
2804 4060
2805 4060
2806 4059
2807 4064
2808 4058
2809 4061
2810 4061
2811 4058
2812 4057
2813 4061
2814 4058
2815 4059
2816 4056
2817 4064
2818 4058
2819 4059
2820 4061
2821 4064
2822 4060
2823 4058
2824 4058
2825 4059
2826 4058
2827 4059
2828 4060
2829 4059
2830 4061
2831 4061
2832 4060
2833 4061
2834 4057
2835 4058
2836 4058
2837 4060
2838 4059
2839 4061
2840 4059
2841 4058
2842 4061
2843 4061
2844 4058
2845 4059
2846 4058
2847 4058
2848 4059
2849 4059
2850 4055
2851 4064
2852 4059
2853 4064
2854 4059
2855 4058
2856 4059
2857 4058
2858 4058
2859 4064
2860 4058
2861 4059
2862 4062
2863 4059
2864 4055
2865 4060
2866 4061
2867 4058
2868 4059
2869 4064
2870 4057
2871 4060
2872 4058
2873 4058
2874 4059
2875 4058
2876 4059
2877 4058
2878 4064
2879 4059
2880 4059
2881 4059
2882 4061
2883 4055
2884 4061
2885 4059
2886 4058
2887 4059
2888 4058
2889 4061
2890 4058
2891 4058
2892 4059
2893 4060
2894 4059
2895 4058
2896 4059
2897 4060
2898 4058
2899 4059
2900 4060
2901 4064
2902 4058
2903 4057
2904 4059
2905 4061
2906 4058
2907 4061
2908 4064
2909 4060
2910 4058
2911 4058
2912 4061
2913 4058
2914 4058
2915 4064
2916 4064
2917 4055
2918 4058
2919 4059
2920 4056
2921 4061
2922 4059
2923 4061
2924 4064
2925 4059
2926 4064
2927 4059
2928 4056
2929 4058
2930 4059
2931 4064
2932 4059
2933 4059
2934 4059
2935 4058
2936 4059
2937 4057
2938 4058
2939 4059
2940 4058
2941 4059
2942 4058
2943 4060
2944 4060
2945 4059
2946 4059
2947 4061
2948 4059
2949 4055
2950 4058
2951 4064
2952 4059
2953 4059
2954 4064
2955 4058
2956 4059
2957 4060
2958 4057
2959 4059
2960 4057
2961 4061
2962 4055
2963 4057
2964 4064
2965 4059
2966 4060
2967 4064
2968 4058
2969 4060
2970 4060
2971 4064
2972 4058
2973 4058
2974 4058
2975 4061
2976 4056
2977 4064
2978 4059
2979 4056
2980 4058
2981 4061
2982 4055
2983 4055
2984 4060
2985 4055
2986 4059
2987 4056
2988 4061
2989 4064
2990 4058
2991 4058
2992 4060
2993 4060
2994 4058
2995 4061
2996 4060
2997 4059
2998 4058
2999 4064
3000 4061
3001 4061
3002 4058
3003 4060
3004 4058
3005 4059
3006 4059
3007 4058
3008 4055
3009 4060
3010 4064
3011 4064
3012 4055
3013 4065
3014 4057
3015 4060
3016 4059
3017 4061
3018 4060
3019 4058
3020 4061
3021 4058
3022 4059
3023 4060
3024 4059
3025 4060
3026 4057
3027 4061
3028 4064
3029 4058
3030 4055
3031 4061
3032 4055
3033 4057
3034 4064
3035 4060
3036 4054
3037 4061
3038 4061
3039 4058
3040 4058
3041 4058
3042 4059
3043 4057
3044 4058
3045 4059
3046 4058
3047 4055
3048 4057
3049 4059
3050 4060
3051 4064
3052 4055
3053 4057
3054 4057
3055 4058
3056 4059
3057 4058
3058 4058
3059 4064
3060 4055
3061 4061
3062 4057
3063 4060
3064 4061
3065 4058
3066 4059
3067 4059
3068 4059
3069 4059
3070 4059
3071 4064
3072 4059
3073 4059
3074 4055
3075 4059
3076 4058
3077 4061
3078 4058
3079 4055
3080 4059
3081 4056
3082 4058
3083 4059
3084 4059
3085 4061
3086 4062
3087 4059
3088 4060
3089 4059
3090 4059
3091 4055
3092 4057
3093 4057
3094 4057
3095 4058
3096 4059
3097 4059
3098 4064
3099 4059
3100 4058
3101 4067
3102 4059
3103 4064
3104 4060
3105 4059
3106 4060
3107 4059
3108 4054
3109 4064
3110 4055
3111 4061
3112 4059
3113 4061
3114 4060
3115 4058
3116 4058
3117 4059
3118 4061
3119 4059
3120 4057
3121 4059
3122 4059
3123 4058
3124 4058
3125 4058
3126 4060
3127 4059
3128 4058
3129 4060
3130 4059
3131 4060
3132 4061
3133 4057
3134 4064
3135 4060
3136 4059
3137 4058
3138 4064
3139 4062
3140 4064
3141 4058
3142 4061
3143 4059
3144 4060
3145 4059
3146 4061
3147 4057
3148 4058
3149 4059
3150 4059
3151 4067
3152 4058
3153 4061
3154 4057
3155 4059
3156 4064
3157 4059
3158 4058
3159 4061
3160 4058
3161 4059
3162 4059
3163 4061
3164 4059
3165 4060
3166 4059
3167 4059
3168 4059
3169 4057
3170 4055
3171 4059
3172 4059
3173 4058
3174 4058
3175 4061
3176 4060
3177 4064
3178 4057
3179 4062
3180 4057
3181 4061
3182 4058
3183 4060
3184 4064
3185 4061
3186 4058
3187 4060
3188 4061
3189 4060
3190 4064
3191 4060
3192 4059
3193 4055
3194 4064
3195 4058
3196 4059
3197 4058
3198 4059
3199 4059
3200 4058
3201 4064
3202 4059
3203 4060
3204 4060
3205 4059
3206 4064
3207 4060
3208 4057
3209 4064
3210 4058
3211 4060
3212 4060
3213 4065
3214 4055
3215 4058
3216 4059
3217 4054
3218 4058
3219 4060
3220 4055
3221 4061
3222 4058
3223 4064
3224 4060
3225 4057
3226 4059
3227 4059
3228 4059
3229 4064
3230 4058
3231 4057
3232 4059
3233 4058
3234 4057
3235 4058
3236 4059
3237 4059
3238 4059
3239 4064
3240 4059
3241 4061
3242 4055
3243 4058
3244 4059
3245 4058
3246 4057
3247 4058
3248 4061
3249 4058
3250 4061
3251 4059
3252 4053
3253 4058
3254 4061
3255 4060
3256 4057
3257 4059
3258 4058
3259 4060
3260 4061
3261 4060
3262 4061
3263 4058
3264 4065
3265 4060
3266 4061
3267 4059
3268 4059
3269 4059
3270 4054
3271 4058
3272 4059
3273 4059
3274 4057
3275 4062
3276 4064
3277 4059
3278 4055
3279 4059
3280 4058
3281 4059
3282 4058
3283 4059
3284 4061
3285 4059
3286 4059
3287 4057
3288 4059
3289 4058
3290 4064
3291 4059
3292 4058
3293 4059
3294 4057
3295 4059
3296 4060
3297 4060
3298 4059
3299 4059
3300 4058
3301 4064
3302 4055
3303 4062
3304 4060
3305 4058
3306 4059
3307 4060
3308 4058
3309 4064
3310 4061
3311 4064
3312 4060
3313 4060
3314 4059
3315 4061
3316 4060
3317 4060
3318 4059
3319 4058
3320 4059
3321 4059
3322 4057
3323 4060
3324 4064
3325 4060
3326 4059
3327 4064
3328 4061
3329 4060
3330 4060
3331 4060
3332 4061
3333 4057
3334 4061
3335 4064
3336 4057
3337 4062
3338 4061
3339 4064
3340 4058
3341 4057
3342 4057
3343 4059
3344 4060
3345 4059
3346 4064
3347 4058
3348 4057
3349 4064
3350 4055
3351 4064
3352 4055
3353 4060
3354 4062
3355 4059
3356 4057
3357 4059
3358 4059
3359 4060
3360 4059
3361 4060
3362 4059
3363 4061
3364 4058
3365 4055
3366 4061
3367 4058
3368 4061
3369 4059
3370 4059
3371 4062
3372 4058
3373 4055
3374 4064
3375 4058
3376 4060
3377 4059
3378 4060
3379 4064
3380 4061
3381 4061
3382 4056
3383 4055
3384 4059
3385 4055
3386 4055
3387 4060
3388 4055
3389 4058
3390 4055
3391 4059
3392 4058
3393 4059
3394 4059
3395 4059
3396 4064
3397 4059
3398 4064
3399 4060
3400 4058
3401 4064
3402 4058
3403 4058
3404 4062
3405 4064
3406 4057
3407 4064
3408 4058
3409 4064
3410 4058
3411 4057
3412 4058
3413 4058
3414 4060
3415 4058
3416 4062
3417 4064
3418 4058
3419 4059
3420 4057
3421 4060
3422 4059
3423 4064
3424 4057
3425 4055
3426 4057
3427 4060
3428 4058
3429 4059
3430 4058
3431 4060
3432 4061
3433 4060
3434 4056
3435 4060
3436 4061
3437 4059
3438 4059
3439 4058
3440 4059
3441 4058
3442 4062
3443 4059
3444 4059
3445 4060
3446 4061
3447 4059
3448 4055
3449 4057
3450 4061
3451 4064
3452 4055
3453 4064
3454 4057
3455 4059
3456 4057
3457 4059
3458 4060
3459 4058
3460 4061
3461 4059
3462 4055
3463 4057
3464 4059
3465 4061
3466 4058
3467 4061
3468 4059
3469 4061
3470 4061
3471 4064
3472 4055
3473 4059
3474 4060
3475 4064
3476 4058
3477 4058
3478 4059
3479 4059
3480 4058
3481 4064
3482 4059
3483 4055
3484 4060
3485 4055
3486 4060
3487 4059
3488 4059
3489 4060
3490 4055
3491 4061
3492 4059
3493 4064
3494 4055
3495 4061
3496 4059
3497 4059
3498 4059
3499 4059
3500 4057
3501 4059
3502 4057
3503 4061
3504 4059
3505 4060
3506 4064
3507 4058
3508 4062
3509 4057
3510 4057
3511 4064
3512 4057
3513 4060
3514 4059
3515 4060
3516 4059
3517 4061
3518 4058
3519 4058
3520 4058
3521 4059
3522 4057
3523 4064
3524 4061
3525 4064
3526 4059
3527 4059
3528 4060
3529 4061
3530 4059
3531 4064
3532 4059
3533 4064
3534 4061
3535 4058
3536 4059
3537 4061
3538 4061
3539 4064
3540 4059
3541 4062
3542 4058
3543 4058
3544 4059
3545 4059
3546 4064
3547 4058
3548 4059
3549 4061
3550 4057
3551 4059
3552 4055
3553 4060
3554 4055
3555 4059
3556 4059
3557 4058
3558 4064
3559 4062
3560 4057
3561 4059
3562 4061
3563 4059
3564 4058
3565 4059
3566 4059
3567 4057
3568 4059
3569 4060
3570 4059
3571 4060
3572 4055
3573 4064
3574 4060
3575 4062
3576 4058
3577 4059
3578 4058
3579 4058
3580 4058
3581 4057
3582 4058
3583 4061
3584 4061
3585 4056
3586 4060
3587 4061
3588 4058
3589 4064
3590 4058
3591 4061
3592 4064
3593 4058
3594 4061
3595 4061
3596 4064
3597 4057
3598 4057
3599 4059
3600 4060
3601 4064
3602 4055
3603 4061
3604 4058
3605 4060
3606 4056
3607 4060
3608 4064
3609 4059
3610 4055
3611 4059
3612 4064
3613 4057
3614 4061
3615 4058
3616 4058
3617 4058
3618 4059
3619 4064
3620 4059
3621 4059
3622 4057
3623 4056
3624 4064
3625 4059
3626 4061
3627 4059
3628 4059
3629 4058
3630 4060
3631 4064
3632 4057
3633 4058
3634 4059
3635 4060
3636 4057
3637 4060
3638 4058
3639 4064
3640 4061
3641 4058
3642 4059
3643 4059
3644 4060
3645 4061
3646 4061
3647 4061
3648 4057
3649 4059
3650 4064
3651 4064
3652 4058
3653 4059
3654 4064
3655 4059
3656 4060
3657 4058
3658 4060
3659 4058
3660 4058
3661 4060
3662 4057
3663 4060
3664 4058
3665 4064
3666 4059
3667 4059
3668 4059
3669 4064
3670 4059
3671 4061
3672 4057
3673 4058
3674 4059
3675 4059
3676 4064
3677 4059
3678 4059
3679 4061
3680 4062
3681 4057
3682 4059
3683 4060
3684 4061
3685 4057
3686 4058
3687 4062
3688 4059
3689 4059
3690 4058
3691 4058
3692 4057
3693 4058
3694 4055
