#Data from the TCD1304 linear CCD
#column 1 = pixelnumber , column 2 = pixelvalue
#Pixel 1-32 and 3679-3694 and are dummy pixels
#SH-period: 200    ICG-period: 100000    Integration time: 100.0 us
2 4029
3 4030
4 4055
5 4055
6 4055
7 4055
8 4054
9 4054
10 4054
11 4055
12 4058
13 4056
14 4054
15 4052
16 4052
17 4058
18 4055
19 4057
20 4054
21 4059
22 4052
23 4057
24 4052
25 4053
26 4052
27 4053
28 4055
29 4054
30 4053
31 4055
32 4052
34 4055
35 4055
36 4053
37 4054
38 4055
39 4055
40 4057
41 4055
42 4054
43 4059
44 4054
45 4054
46 4056
47 4055
48 4055
49 4056
50 4057
51 4058
52 4051
53 4055
54 4055
55 4050
56 4058
57 4058
58 4055
59 4061
60 4054
61 4055
62 4056
63 4055
64 4055
65 4054
66 4053
67 4055
68 4055
69 4058
70 4055
71 4055
72 4055
73 4057
74 4055
75 4055
76 4055
77 4056
78 4056
79 4061
80 4055
81 4057
82 4052
83 4057
84 4057
85 4055
86 4053
87 4053
88 4055
89 4055
90 4055
91 4055
92 4057
93 4058
94 4055
95 4057
96 4057
97 4057
98 4057
99 4058
100 4058
101 4064
102 4051
103 4057
104 4057
105 4054
106 4055
107 4055
108 4055
109 4055
110 4053
111 4057
112 4056
113 4052
114 4057
115 4058
116 4055
117 4055
118 4054
119 4058
120 4055
121 4057
122 4054
123 4057
124 4054
125 4055
126 4058
127 4055
128 4054
129 4055
130 4055
131 4055
132 4058
133 4057
134 4053
135 4054
136 4052
137 4055
138 4056
139 4058
140 4054
141 4057
142 4055
143 4055
144 4055
145 4058
146 4059
147 4058
148 4055
149 4054
150 4056
151 4060
152 4054
153 4058
154 4055
155 4053
156 4055
157 4058
158 4057
159 4059
160 4058
161 4053
162 4058
163 4054
164 4055
165 4053
166 4054
167 4055
168 4054
169 4058
170 4055
171 4056
172 4057
173 4057
174 4058
175 4058
176 4055
177 4055
178 4054
179 4057
180 4055
181 4058
182 4054
183 4054
184 4056
185 4057
186 4054
187 4057
188 4054
189 4054
190 4055
191 4055
192 4053
193 4051
194 4057
195 4054
196 4055
197 4054
198 4058
199 4057
200 4057
201 4061
202 4054
203 4055
204 4054
205 4060
206 4056
207 4055
208 4054
209 4055
210 4057
211 4057
212 4057
213 4057
214 4055
215 4057
216 4057
217 4057
218 4058
219 4054
220 4060
221 4055
222 4057
223 4058
224 4058
225 4060
226 4057
227 4057
228 4056
229 4056
230 4051
231 4054
232 4056
233 4054
234 4057
235 4056
236 4058
237 4059
238 4055
239 4053
240 4059
241 4055
242 4055
243 4059
244 4054
245 4056
246 4055
247 4058
248 4057
249 4057
250 4054
251 4059
252 4056
253 4055
254 4054
255 4056
256 4055
257 4056
258 4055
259 4055
260 4059
261 4056
262 4055
263 4054
264 4052
265 4055
266 4054
267 4055
268 4054
269 4057
270 4053
271 4055
272 4059
273 4059
274 4058
275 4057
276 4055
277 4058
278 4053
279 4058
280 4057
281 4057
282 4054
283 4058
284 4055
285 4055
286 4055
287 4060
288 4057
289 4055
290 4057
291 4054
292 4051
293 4053
294 4055
295 4056
296 4055
297 4055
298 4059
299 4054
300 4059
301 4059
302 4057
303 4056
304 4057
305 4053
306 4053
307 4055
308 4058
309 4055
310 4052
311 4055
312 4055
313 4057
314 4055
315 4055
316 4055
317 4053
318 4055
319 4055
320 4053
321 4057
322 4055
323 4054
324 4055
325 4055
326 4054
327 4054
328 4055
329 4055
330 4057
331 4057
332 4057
333 4057
334 4055
335 4059
336 4055
337 4057
338 4054
339 4057
340 4052
341 4056
342 4055
343 4055
344 4055
345 4055
346 4055
347 4055
348 4055
349 4054
350 4054
351 4060
352 4051
353 4055
354 4052
355 4058
356 4058
357 4053
358 4054
359 4055
360 4055
361 4055
362 4055
363 4055
364 4057
365 4054
366 4055
367 4057
368 4055
369 4058
370 4058
371 4057
372 4052
373 4055
374 4054
375 4055
376 4055
377 4057
378 4057
379 4054
380 4053
381 4057
382 4057
383 4055
384 4055
385 4055
386 4055
387 4058
388 4054
389 4055
390 4055
391 4054
392 4057
393 4055
394 4057
395 4057
396 4057
397 4058
398 4057
399 4055
400 4055
401 4059
402 4047
403 4055
404 4054
405 4057
406 4054
407 4057
408 4054
409 4055
410 4054
411 4057
412 4057
413 4058
414 4054
415 4058
416 4057
417 4056
418 4058
419 4055
420 4060
421 4055
422 4055
423 4055
424 4055
425 4058
426 4059
427 4057
428 4054
429 4058
430 4057
431 4054
432 4054
433 4054
434 4055
435 4055
436 4057
437 4059
438 4055
439 4057
440 4054
441 4054
442 4054
443 4055
444 4058
445 4053
446 4055
447 4054
448 4055
449 4055
450 4054
451 4059
452 4050
453 4057
454 4055
455 4056
456 4056
457 4058
458 4051
459 4057
460 4057
461 4054
462 4056
463 4053
464 4053
465 4054
466 4055
467 4055
468 4058
469 4058
470 4057
471 4058
472 4055
473 4055
474 4058
475 4055
476 4054
477 4055
478 4055
479 4055
480 4053
481 4052
482 4058
483 4054
484 4053
485 4055
486 4054
487 4058
488 4053
489 4061
490 4057
491 4059
492 4055
493 4057
494 4057
495 4055
496 4053
497 4055
498 4053
499 4052
500 4055
501 4057
502 4054
503 4055
504 4056
505 4054
506 4054
507 4055
508 4052
509 4055
510 4053
511 4055
512 4055
513 4057
514 4055
515 4054
516 4055
517 4054
518 4051
519 4054
520 4053
521 4057
522 4055
523 4054
524 4054
525 4058
526 4054
527 4058
528 4058
529 4059
530 4054
531 4058
532 4061
533 4053
534 4055
535 4057
536 4055
537 4058
538 4054
539 4056
540 4052
541 4055
542 4055
543 4054
544 4057
545 4055
546 4053
547 4055
548 4055
549 4058
550 4056
551 4064
552 4054
553 4059
554 4055
555 4054
556 4057
557 4055
558 4055
559 4055
560 4057
561 4054
562 4055
563 4055
564 4058
565 4057
566 4052
567 4055
568 4053
569 4053
570 4053
571 4055
572 4055
573 4056
574 4054
575 4059
576 4057
577 4057
578 4057
579 4055
580 4059
581 4057
582 4055
583 4059
584 4054
585 4053
586 4054
587 4057
588 4054
589 4052
590 4051
591 4054
592 4055
593 4055
594 4058
595 4057
596 4054
597 4051
598 4056
599 4055
600 4059
601 4059
602 4055
603 4054
604 4055
605 4055
606 4057
607 4057
608 4057
609 4054
610 4052
611 4054
612 4055
613 4055
614 4059
615 4057
616 4056
617 4052
618 4054
619 4052
620 4055
621 4059
622 4054
623 4059
624 4054
625 4059
626 4059
627 4058
628 4053
629 4055
630 4057
631 4055
632 4057
633 4059
634 4051
635 4055
636 4054
637 4058
638 4053
639 4058
640 4052
641 4055
642 4055
643 4059
644 4053
645 4057
646 4055
647 4057
648 4054
649 4059
650 4057
651 4064
652 4053
653 4054
654 4057
655 4055
656 4053
657 4057
658 4053
659 4058
660 4057
661 4052
662 4055
663 4058
664 4055
665 4057
666 4054
667 4055
668 4053
669 4057
670 4055
671 4058
672 4059
673 4053
674 4055
675 4056
676 4054
677 4058
678 4054
679 4054
680 4054
681 4055
682 4053
683 4054
684 4057
685 4054
686 4054
687 4056
688 4055
689 4055
690 4054
691 4057
692 4058
693 4055
694 4058
695 4055
696 4055
697 4058
698 4058
699 4057
700 4057
701 4058
702 4053
703 4054
704 4054
705 4058
706 4055
707 4058
708 4055
709 4058
710 4055
711 4056
712 4054
713 4059
714 4056
715 4055
716 4057
717 4055
718 4055
719 4054
720 4054
721 4055
722 4055
723 4055
724 4056
725 4055
726 4055
727 4054
728 4057
729 4055
730 4054
731 4055
732 4055
733 4055
734 4055
735 4056
736 4053
737 4055
738 4055
739 4057
740 4053
741 4055
742 4055
743 4053
744 4053
745 4059
746 4055
747 4054
748 4055
749 4052
750 4055
751 4058
752 4054
753 4055
754 4055
755 4057
756 4055
757 4055
758 4055
759 4058
760 4057
761 4054
762 4056
763 4058
764 4056
765 4054
766 4054
767 4053
768 4052
769 4054
770 4055
771 4054
772 4057
773 4055
774 4057
775 4055
776 4055
777 4052
778 4051
779 4054
780 4055
781 4055
782 4055
783 4055
784 4055
785 4058
786 4055
787 4057
788 4055
789 4053
790 4054
791 4055
792 4055
793 4055
794 4058
795 4058
796 4055
797 4057
798 4054
799 4054
800 4054
801 4059
802 4051
803 4059
804 4054
805 4054
806 4058
807 4056
808 4055
809 4056
810 4055
811 4059
812 4055
813 4055
814 4057
815 4055
816 4054
817 4055
818 4058
819 4058
820 4057
821 4055
822 4054
823 4055
824 4053
825 4054
826 4053
827 4056
828 4058
829 4058
830 4054
831 4055
832 4058
833 4057
834 4057
835 4057
836 4052
837 4059
838 4058
839 4055
840 4056
841 4054
842 4054
843 4057
844 4055
845 4055
846 4054
847 4055
848 4055
849 4053
850 4057
851 4059
852 4050
853 4055
854 4057
855 4057
856 4055
857 4058
858 4055
859 4058
860 4055
861 4058
862 4055
863 4054
864 4055
865 4054
866 4055
867 4057
868 4055
869 4057
870 4051
871 4055
872 4054
873 4058
874 4055
875 4055
876 4055
877 4058
878 4056
879 4055
880 4054
881 4057
882 4052
883 4057
884 4055
885 4057
886 4054
887 4054
888 4058
889 4056
890 4055
891 4057
892 4059
893 4057
894 4059
895 4055
896 4057
897 4055
898 4055
899 4055
900 4056
901 4064
902 4049
903 4057
904 4055
905 4055
906 4055
907 4055
908 4058
909 4055
910 4057
911 4057
912 4058
913 4054
914 4059
915 4057
916 4054
917 4052
918 4054
919 4057
920 4053
921 4055
922 4057
923 4059
924 4055
925 4056
926 4057
927 4059
928 4055
929 4055
930 4055
931 4055
932 4055
933 4055
934 4055
935 4058
936 4055
937 4059
938 4054
939 4059
940 4057
941 4057
942 4054
943 4057
944 4055
945 4058
946 4055
947 4055
948 4055
949 4054
950 4053
951 4061
952 4051
953 4055
954 4057
955 4055
956 4056
957 4058
958 4052
959 4055
960 4056
961 4055
962 4059
963 4054
964 4052
965 4055
966 4054
967 4058
968 4057
969 4057
970 4058
971 4058
972 4058
973 4055
974 4053
975 4055
976 4055
977 4053
978 4055
979 4056
980 4056
981 4059
982 4053
983 4057
984 4058
985 4053
986 4055
987 4054
988 4055
989 4055
990 4059
991 4055
992 4054
993 4057
994 4053
995 4055
996 4056
997 4057
998 4056
999 4058
1000 4059
1001 4061
1002 4049
1003 4058
1004 4051
1005 4051
1006 4056
1007 4055
1008 4058
1009 4055
1010 4052
1011 4053
1012 4058
1013 4055
1014 4058
1015 4056
1016 4058
1017 4055
1018 4054
1019 4058
1020 4055
1021 4050
1022 4055
1023 4055
1024 4053
1025 4057
1026 4056
1027 4055
1028 4054
1029 4054
1030 4056
1031 4056
1032 4055
1033 4055
1034 4056
1035 4057
1036 4057
1037 4057
1038 4058
1039 4055
1040 4055
1041 4055
1042 4053
1043 4055
1044 4054
1045 4055
1046 4056
1047 4058
1048 4056
1049 4056
1050 4055
1051 4061
1052 4053
1053 4057
1054 4059
1055 4055
1056 4060
1057 4060
1058 4055
1059 4055
1060 4057
1061 4055
1062 4058
1063 4054
1064 4059
1065 4058
1066 4058
1067 4056
1068 4053
1069 4053
1070 4055
1071 4057
1072 4055
1073 4054
1074 4055
1075 4061
1076 4058
1077 4057
1078 4058
1079 4058
1080 4054
1081 4055
1082 4057
1083 4055
1084 4055
1085 4055
1086 4055
1087 4054
1088 4055
1089 4055
1090 4054
1091 4057
1092 4055
1093 4057
1094 4055
1095 4059
1096 4057
1097 4055
1098 4056
1099 4055
1100 4055
1101 4060
1102 4051
1103 4058
1104 4055
1105 4058
1106 4055
1107 4054
1108 4058
1109 4055
1110 4054
1111 4055
1112 4057
1113 4055
1114 4055
1115 4055
1116 4055
1117 4055
1118 4058
1119 4057
1120 4055
1121 4057
1122 4055
1123 4055
1124 4053
1125 4057
1126 4057
1127 4055
1128 4055
1129 4055
1130 4057
1131 4057
1132 4055
1133 4058
1134 4055
1135 4054
1136 4057
1137 4060
1138 4054
1139 4060
1140 4054
1141 4055
1142 4055
1143 4061
1144 4055
1145 4055
1146 4055
1147 4058
1148 4055
1149 4055
1150 4057
1151 4062
1152 4055
1153 4059
1154 4057
1155 4056
1156 4055
1157 4052
1158 4052
1159 4051
1160 4055
1161 4058
1162 4055
1163 4058
1164 4055
1165 4055
1166 4054
1167 4053
1168 4058
1169 4055
1170 4055
1171 4057
1172 4059
1173 4055
1174 4055
1175 4057
1176 4055
1177 4057
1178 4055
1179 4057
1180 4056
1181 4056
1182 4058
1183 4055
1184 4057
1185 4055
1186 4054
1187 4057
1188 4054
1189 4053
1190 4055
1191 4055
1192 4057
1193 4056
1194 4054
1195 4059
1196 4059
1197 4058
1198 4058
1199 4053
1200 4057
1201 4064
1202 4052
1203 4055
1204 4057
1205 4054
1206 4059
1207 4059
1208 4056
1209 4059
1210 4058
1211 4058
1212 4059
1213 4059
1214 4055
1215 4053
1216 4056
1217 4057
1218 4055
1219 4054
1220 4054
1221 4054
1222 4058
1223 4054
1224 4054
1225 4059
1226 4057
1227 4058
1228 4058
1229 4055
1230 4055
1231 4055
1232 4054
1233 4055
1234 4056
1235 4060
1236 4054
1237 4054
1238 4057
1239 4056
1240 4054
1241 4054
1242 4055
1243 4058
1244 4056
1245 4058
1246 4055
1247 4059
1248 4057
1249 4054
1250 4054
1251 4064
1252 4054
1253 4058
1254 4053
1255 4059
1256 4060
1257 4052
1258 4054
1259 4057
1260 4059
1261 4055
1262 4053
1263 4061
1264 4055
1265 4054
1266 4057
1267 4055
1268 4056
1269 4057
1270 4057
1271 4058
1272 4058
1273 4055
1274 4058
1275 4057
1276 4058
1277 4058
1278 4055
1279 4054
1280 4055
1281 4055
1282 4054
1283 4055
1284 4055
1285 4056
1286 4057
1287 4055
1288 4055
1289 4056
1290 4056
1291 4057
1292 4055
1293 4057
1294 4055
1295 4054
1296 4053
1297 4060
1298 4054
1299 4053
1300 4054
1301 4060
1302 4053
1303 4057
1304 4060
1305 4059
1306 4054
1307 4053
1308 4057
1309 4055
1310 4055
1311 4056
1312 4058
1313 4054
1314 4054
1315 4054
1316 4056
1317 4058
1318 4055
1319 4054
1320 4053
1321 4055
1322 4054
1323 4057
1324 4057
1325 4059
1326 4055
1327 4059
1328 4056
1329 4054
1330 4054
1331 4054
1332 4051
1333 4055
1334 4052
1335 4055
1336 4055
1337 4059
1338 4054
1339 4055
1340 4059
1341 4055
1342 4054
1343 4055
1344 4061
1345 4057
1346 4058
1347 4055
1348 4054
1349 4059
1350 4059
1351 4064
1352 4053
1353 4057
1354 4057
1355 4058
1356 4055
1357 4058
1358 4054
1359 4059
1360 4055
1361 4055
1362 4053
1363 4053
1364 4053
1365 4055
1366 4055
1367 4057
1368 4057
1369 4054
1370 4055
1371 4056
1372 4055
1373 4054
1374 4053
1375 4058
1376 4055
1377 4054
1378 4053
1379 4055
1380 4052
1381 4058
1382 4059
1383 4055
1384 4055
1385 4055
1386 4055
1387 4057
1388 4055
1389 4059
1390 4055
1391 4058
1392 4053
1393 4053
1394 4057
1395 4054
1396 4055
1397 4057
1398 4054
1399 4055
1400 4057
1401 4059
1402 4052
1403 4060
1404 4056
1405 4055
1406 4055
1407 4059
1408 4051
1409 4055
1410 4054
1411 4056
1412 4055
1413 4057
1414 4058
1415 4053
1416 4052
1417 4055
1418 4059
1419 4058
1420 4055
1421 4055
1422 4055
1423 4058
1424 4055
1425 4054
1426 4054
1427 4055
1428 4055
1429 4054
1430 4054
1431 4058
1432 4059
1433 4054
1434 4054
1435 4053
1436 4053
1437 4054
1438 4061
1439 4055
1440 4054
1441 4055
1442 4054
1443 4057
1444 4055
1445 4057
1446 4053
1447 4057
1448 4055
1449 4057
1450 4057
1451 4060
1452 4057
1453 4054
1454 4052
1455 4055
1456 4054
1457 4056
1458 4054
1459 4053
1460 4053
1461 4054
1462 4058
1463 4055
1464 4054
1465 4056
1466 4058
1467 4055
1468 4054
1469 4058
1470 4058
1471 4056
1472 4055
1473 4054
1474 4055
1475 4055
1476 4057
1477 4058
1478 4058
1479 4054
1480 4055
1481 4055
1482 4059
1483 4058
1484 4059
1485 4059
1486 4055
1487 4055
1488 4055
1489 4051
1490 4053
1491 4057
1492 4056
1493 4056
1494 4055
1495 4055
1496 4057
1497 4055
1498 4055
1499 4052
1500 4058
1501 4060
1502 4051
1503 4058
1504 4057
1505 4057
1506 4053
1507 4055
1508 4057
1509 4056
1510 4052
1511 4055
1512 4057
1513 4055
1514 4055
1515 4055
1516 4055
1517 4057
1518 4056
1519 4057
1520 4054
1521 4058
1522 4053
1523 4053
1524 4058
1525 4058
1526 4058
1527 4054
1528 4055
1529 4057
1530 4055
1531 4054
1532 4055
1533 4055
1534 4056
1535 4056
1536 4055
1537 4058
1538 4054
1539 4059
1540 4054
1541 4055
1542 4055
1543 4055
1544 4056
1545 4059
1546 4055
1547 4058
1548 4054
1549 4057
1550 4053
1551 4060
1552 4054
1553 4058
1554 4057
1555 4055
1556 4055
1557 4057
1558 4054
1559 4055
1560 4055
1561 4052
1562 4055
1563 4054
1564 4055
1565 4052
1566 4056
1567 4054
1568 4055
1569 4055
1570 4058
1571 4055
1572 4059
1573 4054
1574 4055
1575 4058
1576 4055
1577 4056
1578 4055
1579 4058
1580 4055
1581 4055
1582 4055
1583 4055
1584 4053
1585 4052
1586 4053
1587 4057
1588 4051
1589 4057
1590 4056
1591 4058
1592 4055
1593 4052
1594 4057
1595 4054
1596 4055
1597 4058
1598 4053
1599 4057
1600 4055
1601 4059
1602 4053
1603 4057
1604 4056
1605 4055
1606 4054
1607 4057
1608 4056
1609 4051
1610 4057
1611 4057
1612 4057
1613 4057
1614 4055
1615 4054
1616 4055
1617 4059
1618 4054
1619 4055
1620 4055
1621 4055
1622 4055
1623 4057
1624 4053
1625 4058
1626 4055
1627 4055
1628 4056
1629 4059
1630 4056
1631 4055
1632 4055
1633 4057
1634 4057
1635 4055
1636 4052
1637 4057
1638 4052
1639 4051
1640 4054
1641 4055
1642 4052
1643 4058
1644 4057
1645 4052
1646 4057
1647 4055
1648 4057
1649 4055
1650 4059
1651 4061
1652 4054
1653 4055
1654 4055
1655 4055
1656 4052
1657 4055
1658 4053
1659 4058
1660 4055
1661 4055
1662 4058
1663 4055
1664 4055
1665 4052
1666 4059
1667 4053
1668 4053
1669 4054
1670 4057
1671 4057
1672 4058
1673 4057
1674 4052
1675 4054
1676 4060
1677 4055
1678 4055
1679 4061
1680 4055
1681 4055
1682 4058
1683 4058
1684 4054
1685 4054
1686 4053
1687 4056
1688 4053
1689 4052
1690 4055
1691 4058
1692 4055
1693 4059
1694 4053
1695 4056
1696 4057
1697 4058
1698 4058
1699 4056
1700 4057
1701 4064
1702 4052
1703 4058
1704 4055
1705 4055
1706 4057
1707 4055
1708 4058
1709 4055
1710 4055
1711 4055
1712 4055
1713 4050
1714 4054
1715 4055
1716 4054
1717 4055
1718 4055
1719 4055
1720 4054
1721 4059
1722 4058
1723 4059
1724 4053
1725 4055
1726 4057
1727 4055
1728 4055
1729 4058
1730 4057
1731 4052
1732 4056
1733 4057
1734 4051
1735 4057
1736 4055
1737 4055
1738 4055
1739 4055
1740 4058
1741 4055
1742 4056
1743 4055
1744 4058
1745 4057
1746 4059
1747 4053
1748 4053
1749 4055
1750 4054
1751 4060
1752 4051
1753 4052
1754 4057
1755 4055
1756 4054
1757 4055
1758 4055
1759 4056
1760 4056
1761 4054
1762 4058
1763 4057
1764 4055
1765 4060
1766 4053
1767 4057
1768 4054
1769 4052
1770 4058
1771 4057
1772 4055
1773 4054
1774 4055
1775 4053
1776 4055
1777 4053
1778 4055
1779 4056
1780 4052
1781 4055
1782 4055
1783 4054
1784 4057
1785 4055
1786 4054
1787 4055
1788 4054
1789 4055
1790 4055
1791 4055
1792 4055
1793 4057
1794 4056
1795 4053
1796 4052
1797 4053
1798 4054
1799 4056
1800 4060
1801 4061
1802 4055
1803 4055
1804 4058
1805 4054
1806 4055
1807 4057
1808 4057
1809 4057
1810 4053
1811 4054
1812 4055
1813 4059
1814 4054
1815 4055
1816 4055
1817 4058
1818 4057
1819 4057
1820 4054
1821 4052
1822 4053
1823 4055
1824 4055
1825 4055
1826 4055
1827 4055
1828 4054
1829 4055
1830 4059
1831 4055
1832 4054
1833 4054
1834 4055
1835 4055
1836 4056
1837 4058
1838 4053
1839 4054
1840 4055
1841 4057
1842 4053
1843 4052
1844 4054
1845 4053
1846 4055
1847 4055
1848 4055
1849 4054
1850 4054
1851 4064
1852 4052
1853 4055
1854 4058
1855 4056
1856 4053
1857 4055
1858 4058
1859 4057
1860 4055
1861 4054
1862 4059
1863 4055
1864 4054
1865 4057
1866 4051
1867 4054
1868 4055
1869 4057
1870 4055
1871 4058
1872 4055
1873 4057
1874 4053
1875 4056
1876 4057
1877 4056
1878 4055
1879 4058
1880 4057
1881 4052
1882 4054
1883 4052
1884 4050
1885 4055
1886 4055
1887 4055
1888 4053
1889 4057
1890 4059
1891 4051
1892 4056
1893 4055
1894 4055
1895 4056
1896 4051
1897 4056
1898 4056
1899 4055
1900 4059
1901 4059
1902 4053
1903 4055
1904 4059
1905 4058
1906 4055
1907 4052
1908 4055
1909 4054
1910 4055
1911 4053
1912 4054
1913 4054
1914 4055
1915 4057
1916 4055
1917 4058
1918 4057
1919 4055
1920 4055
1921 4057
1922 4056
1923 4055
1924 4053
1925 4057
1926 4055
1927 4055
1928 4053
1929 4051
1930 4053
1931 4055
1932 4055
1933 4055
1934 4055
1935 4057
1936 4054
1937 4055
1938 4057
1939 4052
1940 4055
1941 4057
1942 4057
1943 4054
1944 4058
1945 4058
1946 4055
1947 4055
1948 4055
1949 4058
1950 4055
1951 4061
1952 4052
1953 4056
1954 4055
1955 4054
1956 4054
1957 4055
1958 4053
1959 4054
1960 4054
1961 4053
1962 4058
1963 4055
1964 4054
1965 4054
1966 4055
1967 4056
1968 4055
1969 4056
1970 4057
1971 4054
1972 4057
1973 4055
1974 4056
1975 4058
1976 4057
1977 4055
1978 4055
1979 4056
1980 4056
1981 4054
1982 4053
1983 4054
1984 4054
1985 4053
1986 4052
1987 4059
1988 4054
1989 4058
1990 4054
1991 4055
1992 4055
1993 4054
1994 4055
1995 4055
1996 4053
1997 4052
1998 4055
1999 4052
2000 4055
2001 4060
2002 4055
2003 4055
2004 4055
2005 4059
2006 4057
2007 4053
2008 4053
2009 4054
2010 4055
2011 4055
2012 4058
2013 4054
2014 4055
2015 4055
2016 4055
2017 4055
2018 4055
2019 4057
2020 4055
2021 4058
2022 4055
2023 4058
2024 4053
2025 4055
2026 4051
2027 4054
2028 4055
2029 4053
2030 4054
2031 4054
2032 4055
2033 4055
2034 4055
2035 4050
2036 4055
2037 4053
2038 4057
2039 4053
2040 4055
2041 4055
2042 4054
2043 4054
2044 4057
2045 4058
2046 4055
2047 4055
2048 4055
2049 4054
2050 4055
2051 4064
2052 4052
2053 4054
2054 4055
2055 4057
2056 4055
2057 4055
2058 4058
2059 4057
2060 4055
2061 4055
2062 4058
2063 4053
2064 4053
2065 4055
2066 4055
2067 4055
2068 4055
2069 4055
2070 4055
2071 4055
2072 4055
2073 4051
2074 4049
2075 4055
2076 4056
2077 4056
2078 4055
2079 4053
2080 4057
2081 4054
2082 4057
2083 4055
2084 4055
2085 4057
2086 4053
2087 4059
2088 4054
2089 4057
2090 4055
2091 4054
2092 4054
2093 4055
2094 4052
2095 4055
2096 4055
2097 4053
2098 4054
2099 4057
2100 4060
2101 4062
2102 4052
2103 4055
2104 4052
2105 4055
2106 4055
2107 4056
2108 4055
2109 4054
2110 4055
2111 4052
2112 4058
2113 4053
2114 4053
2115 4056
2116 4055
2117 4055
2118 4057
2119 4058
2120 4055
2121 4055
2122 4055
2123 4054
2124 4053
2125 4056
2126 4051
2127 4056
2128 4058
2129 4054
2130 4055
2131 4055
2132 4051
2133 4054
2134 4052
2135 4055
2136 4054
2137 4057
2138 4053
2139 4054
2140 4058
2141 4054
2142 4055
2143 4057
2144 4051
2145 4057
2146 4055
2147 4057
2148 4056
2149 4055
2150 4056
2151 4057
2152 4054
2153 4057
2154 4058
2155 4054
2156 4059
2157 4058
2158 4055
2159 4054
2160 4054
2161 4056
2162 4057
2163 4053
2164 4056
2165 4055
2166 4055
2167 4055
2168 4058
2169 4059
2170 4056
2171 4055
2172 4057
2173 4055
2174 4054
2175 4055
2176 4054
2177 4053
2178 4054
2179 4055
2180 4057
2181 4058
2182 4058
2183 4057
2184 4059
2185 4054
2186 4057
2187 4059
2188 4055
2189 4058
2190 4053
2191 4055
2192 4051
2193 4055
2194 4052
2195 4055
2196 4057
2197 4058
2198 4055
2199 4058
2200 4055
2201 4059
2202 4051
2203 4055
2204 4055
2205 4055
2206 4057
2207 4055
2208 4055
2209 4055
2210 4055
2211 4054
2212 4055
2213 4051
2214 4052
2215 4057
2216 4054
2217 4054
2218 4051
2219 4055
2220 4052
2221 4058
2222 4055
2223 4055
2224 4055
2225 4057
2226 4053
2227 4053
2228 4059
2229 4055
2230 4054
2231 4055
2232 4054
2233 4053
2234 4056
2235 4054
2236 4055
2237 4055
2238 4056
2239 4058
2240 4058
2241 4055
2242 4053
2243 4057
2244 4052
2245 4055
2246 4053
2247 4052
2248 4052
2249 4057
2250 4055
2251 4061
2252 4054
2253 4055
2254 4057
2255 4057
2256 4054
2257 4057
2258 4053
2259 4057
2260 4054
2261 4053
2262 4055
2263 4053
2264 4054
2265 4055
2266 4057
2267 4056
2268 4057
2269 4057
2270 4054
2271 4055
2272 4055
2273 4054
2274 4055
2275 4051
2276 4054
2277 4055
2278 4059
2279 4055
2280 4054
2281 4055
2282 4053
2283 4050
2284 4055
2285 4055
2286 4055
2287 4058
2288 4056
2289 4055
2290 4053
2291 4055
2292 4057
2293 4055
2294 4053
2295 4052
2296 4056
2297 4056
2298 4055
2299 4056
2300 4059
2301 4060
2302 4050
2303 4055
2304 4053
2305 4059
2306 4054
2307 4058
2308 4055
2309 4055
2310 4055
2311 4054
2312 4054
2313 4053
2314 4052
2315 4058
2316 4055
2317 4055
2318 4053
2319 4055
2320 4055
2321 4057
2322 4054
2323 4055
2324 4054
2325 4055
2326 4052
2327 4055
2328 4057
2329 4055
2330 4057
2331 4058
2332 4055
2333 4056
2334 4058
2335 4054
2336 4054
2337 4054
2338 4055
2339 4058
2340 4055
2341 4054
2342 4053
2343 4054
2344 4055
2345 4054
2346 4052
2347 4053
2348 4055
2349 4054
2350 4054
2351 4059
2352 4054
2353 4054
2354 4055
2355 4057
2356 4052
2357 4054
2358 4057
2359 4054
2360 4055
2361 4057
2362 4055
2363 4054
2364 4054
2365 4057
2366 4053
2367 4054
2368 4054
2369 4057
2370 4054
2371 4053
2372 4055
2373 4057
2374 4053
2375 4054
2376 4054
2377 4055
2378 4052
2379 4054
2380 4053
2381 4056
2382 4054
2383 4055
2384 4055
2385 4054
2386 4058
2387 4054
2388 4053
2389 4055
2390 4053
2391 4054
2392 4054
2393 4055
2394 4057
2395 4054
2396 4055
2397 4057
2398 4054
2399 4055
2400 4055
2401 4059
2402 4052
2403 4054
2404 4055
2405 4051
2406 4052
2407 4058
2408 4055
2409 4054
2410 4055
2411 4054
2412 4054
2413 4056
2414 4054
2415 4055
2416 4057
2417 4050
2418 4057
2419 4056
2420 4054
2421 4055
2422 4053
2423 4052
2424 4054
2425 4053
2426 4051
2427 4054
2428 4053
2429 4053
2430 4054
2431 4052
2432 4058
2433 4054
2434 4053
2435 4057
2436 4056
2437 4055
2438 4055
2439 4054
2440 4051
2441 4053
2442 4057
2443 4057
2444 4054
2445 4055
2446 4057
2447 4058
2448 4052
2449 4053
2450 4054
2451 4057
2452 4053
2453 4058
2454 4055
2455 4052
2456 4055
2457 4056
2458 4054
2459 4055
2460 4055
2461 4053
2462 4053
2463 4055
2464 4053
2465 4053
2466 4051
2467 4054
2468 4054
2469 4055
2470 4054
2471 4051
2472 4051
2473 4054
2474 4055
2475 4054
2476 4053
2477 4054
2478 4058
2479 4055
2480 4055
2481 4055
2482 4055
2483 4051
2484 4054
2485 4055
2486 4050
2487 4058
2488 4051
2489 4053
2490 4054
2491 4051
2492 4056
2493 4055
2494 4055
2495 4058
2496 4055
2497 4056
2498 4055
2499 4055
2500 4055
2501 4058
2502 4054
2503 4055
2504 4055
2505 4054
2506 4053
2507 4056
2508 4050
2509 4054
2510 4050
2511 4051
2512 4053
2513 4057
2514 4057
2515 4052
2516 4054
2517 4055
2518 4055
2519 4053
2520 4053
2521 4054
2522 4052
2523 4054
2524 4052
2525 4051
2526 4050
2527 4055
2528 4054
2529 4053
2530 4055
2531 4054
2532 4052
2533 4055
2534 4057
2535 4053
2536 4049
2537 4052
2538 4055
2539 4056
2540 4051
2541 4055
2542 4056
2543 4055
2544 4055
2545 4054
2546 4051
2547 4053
2548 4057
2549 4058
2550 4054
2551 4058
2552 4052
2553 4055
2554 4052
2555 4054
2556 4052
2557 4053
2558 4053
2559 4053
2560 4050
2561 4052
2562 4055
2563 4055
2564 4052
2565 4054
2566 4053
2567 4053
2568 4054
2569 4055
2570 4054
2571 4055
2572 4053
2573 4053
2574 4050
2575 4055
2576 4052
2577 4052
2578 4053
2579 4053
2580 4055
2581 4055
2582 4054
2583 4053
2584 4054
2585 4050
2586 4054
2587 4057
2588 4052
2589 4050
2590 4054
2591 4054
2592 4050
2593 4056
2594 4054
2595 4053
2596 4053
2597 4052
2598 4051
2599 4053
2600 4049
2601 4057
2602 4047
2603 4052
2604 4053
2605 4050
2606 4055
2607 4054
2608 4057
2609 4052
2610 4053
2611 4055
2612 4051
2613 4052
2614 4052
2615 4053
2616 4054
2617 4053
2618 4051
2619 4054
2620 4052
2621 4051
2622 4053
2623 4053
2624 4053
2625 4055
2626 4053
2627 4054
2628 4053
2629 4052
2630 4051
2631 4051
2632 4052
2633 4052
2634 4053
2635 4052
2636 4053
2637 4054
2638 4055
2639 4055
2640 4053
2641 4051
2642 4052
2643 4052
2644 4051
2645 4048
2646 4053
2647 4053
2648 4051
2649 4051
2650 4054
2651 4057
2652 4054
2653 4055
2654 4051
2655 4050
2656 4053
2657 4049
2658 4047
2659 4051
2660 4052
2661 4054
2662 4054
2663 4052
2664 4054
2665 4052
2666 4053
2667 4055
2668 4052
2669 4054
2670 4054
2671 4051
2672 4051
2673 4052
2674 4051
2675 4053
2676 4051
2677 4051
2678 4051
2679 4052
2680 4051
2681 4053
2682 4055
2683 4051
2684 4050
2685 4051
2686 4051
2687 4052
2688 4053
2689 4053
2690 4049
2691 4055
2692 4053
2693 4052
2694 4052
2695 4052
2696 4055
2697 4051
2698 4050
2699 4047
2700 4052
2701 4059
2702 4047
2703 4054
2704 4051
2705 4052
2706 4053
2707 4054
2708 4053
2709 4053
2710 4054
2711 4054
2712 4055
2713 4052
2714 4053
2715 4052
2716 4050
2717 4054
2718 4046
2719 4053
2720 4050
2721 4050
2722 4053
2723 4050
2724 4048
2725 4053
2726 4053
2727 4055
2728 4053
2729 4052
2730 4054
2731 4050
2732 4051
2733 4053
2734 4051
2735 4048
2736 4050
2737 4051
2738 4047
2739 4048
2740 4051
2741 4051
2742 4054
2743 4049
2744 4051
2745 4050
2746 4051
2747 4054
2748 4049
2749 4053
2750 4051
2751 4052
2752 4046
2753 4051
2754 4051
2755 4049
2756 4053
2757 4047
2758 4050
2759 4047
2760 4046
2761 4050
2762 4050
2763 4049
2764 4051
2765 4053
2766 4046
2767 4046
2768 4051
2769 4050
2770 4049
2771 4050
2772 4051
2773 4050
2774 4052
2775 4053
2776 4053
2777 4055
2778 4051
2779 4050
2780 4050
2781 4054
2782 4048
2783 4050
2784 4048
2785 4047
2786 4047
2787 4054
2788 4050
2789 4049
2790 4049
2791 4052
2792 4050
2793 4050
2794 4051
2795 4052
2796 4053
2797 4050
2798 4049
2799 4051
2800 4053
2801 4054
2802 4048
2803 4053
2804 4053
2805 4051
2806 4051
2807 4050
2808 4051
2809 4048
2810 4050
2811 4052
2812 4050
2813 4051
2814 4051
2815 4053
2816 4053
2817 4053
2818 4050
2819 4055
2820 4054
2821 4052
2822 4051
2823 4054
2824 4051
2825 4053
2826 4051
2827 4051
2828 4052
2829 4050
2830 4052
2831 4055
2832 4054
2833 4050
2834 4052
2835 4054
2836 4051
2837 4054
2838 4048
2839 4053
2840 4052
2841 4051
2842 4052
2843 4054
2844 4053
2845 4052
2846 4053
2847 4055
2848 4051
2849 4053
2850 4052
2851 4055
2852 4052
2853 4052
2854 4050
2855 4051
2856 4057
2857 4054
2858 4052
2859 4055
2860 4051
2861 4055
2862 4053
2863 4052
2864 4054
2865 4052
2866 4051
2867 4053
2868 4054
2869 4051
2870 4054
2871 4052
2872 4050
2873 4053
2874 4053
2875 4055
2876 4053
2877 4053
2878 4053
2879 4051
2880 4056
2881 4054
2882 4053
2883 4051
2884 4052
2885 4053
2886 4051
2887 4055
2888 4052
2889 4051
2890 4053
2891 4053
2892 4051
2893 4053
2894 4053
2895 4054
2896 4049
2897 4055
2898 4050
2899 4051
2900 4054
2901 4057
2902 4051
2903 4055
2904 4051
2905 4053
2906 4054
2907 4054
2908 4055
2909 4057
2910 4052
2911 4051
2912 4054
2913 4052
2914 4049
2915 4051
2916 4053
2917 4054
2918 4051
2919 4051
2920 4050
2921 4053
2922 4051
2923 4051
2924 4051
2925 4055
2926 4057
2927 4055
2928 4051
2929 4055
2930 4056
2931 4055
2932 4052
2933 4055
2934 4055
2935 4053
2936 4053
2937 4055
2938 4053
2939 4054
2940 4057
2941 4055
2942 4057
2943 4055
2944 4054
2945 4052
2946 4053
2947 4057
2948 4052
2949 4053
2950 4054
2951 4059
2952 4051
2953 4054
2954 4052
2955 4054
2956 4053
2957 4054
2958 4055
2959 4055
2960 4055
2961 4057
2962 4055
2963 4051
2964 4053
2965 4054
2966 4055
2967 4055
2968 4055
2969 4055
2970 4056
2971 4053
2972 4054
2973 4053
2974 4050
2975 4058
2976 4057
2977 4056
2978 4054
2979 4055
2980 4053
2981 4053
2982 4054
2983 4055
2984 4054
2985 4054
2986 4055
2987 4053
2988 4051
2989 4055
2990 4053
2991 4055
2992 4054
2993 4057
2994 4054
2995 4054
2996 4053
2997 4055
2998 4051
2999 4056
3000 4055
3001 4055
3002 4052
3003 4055
3004 4052
3005 4057
3006 4053
3007 4056
3008 4055
3009 4054
3010 4054
3011 4053
3012 4055
3013 4055
3014 4055
3015 4051
3016 4058
3017 4055
3018 4054
3019 4055
3020 4057
3021 4053
3022 4059
3023 4058
3024 4055
3025 4055
3026 4055
3027 4055
3028 4055
3029 4059
3030 4053
3031 4057
3032 4054
3033 4055
3034 4055
3035 4055
3036 4053
3037 4059
3038 4055
3039 4055
3040 4057
3041 4055
3042 4055
3043 4055
3044 4055
3045 4057
3046 4054
3047 4055
3048 4055
3049 4056
3050 4055
3051 4064
3052 4057
3053 4055
3054 4053
3055 4058
3056 4055
3057 4056
3058 4052
3059 4057
3060 4055
3061 4055
3062 4056
3063 4056
3064 4052
3065 4055
3066 4054
3067 4055
3068 4055
3069 4055
3070 4053
3071 4054
3072 4055
3073 4059
3074 4054
3075 4060
3076 4056
3077 4054
3078 4057
3079 4051
3080 4055
3081 4051
3082 4053
3083 4057
3084 4057
3085 4054
3086 4057
3087 4058
3088 4055
3089 4054
3090 4057
3091 4054
3092 4058
3093 4055
3094 4056
3095 4059
3096 4055
3097 4055
3098 4058
3099 4055
3100 4054
3101 4059
3102 4052
3103 4058
3104 4057
3105 4056
3106 4055
3107 4057
3108 4055
3109 4054
3110 4050
3111 4058
3112 4053
3113 4052
3114 4055
3115 4057
3116 4054
3117 4055
3118 4057
3119 4058
3120 4057
3121 4057
3122 4055
3123 4055
3124 4057
3125 4055
3126 4058
3127 4055
3128 4054
3129 4055
3130 4054
3131 4057
3132 4055
3133 4055
3134 4053
3135 4055
3136 4054
3137 4053
3138 4054
3139 4055
3140 4056
3141 4055
3142 4053
3143 4057
3144 4057
3145 4053
3146 4057
3147 4054
3148 4057
3149 4054
3150 4055
3151 4055
3152 4053
3153 4053
3154 4053
3155 4055
3156 4055
3157 4053
3158 4055
3159 4055
3160 4057
3161 4057
3162 4055
3163 4055
3164 4058
3165 4055
3166 4055
3167 4058
3168 4059
3169 4054
3170 4054
3171 4057
3172 4055
3173 4055
3174 4053
3175 4053
3176 4058
3177 4055
3178 4057
3179 4056
3180 4059
3181 4055
3182 4054
3183 4055
3184 4055
3185 4058
3186 4056
3187 4055
3188 4053
3189 4058
3190 4053
3191 4057
3192 4054
3193 4055
3194 4054
3195 4053
3196 4053
3197 4059
3198 4057
3199 4054
3200 4057
3201 4059
3202 4052
3203 4054
3204 4055
3205 4057
3206 4054
3207 4055
3208 4055
3209 4058
3210 4055
3211 4055
3212 4054
3213 4054
3214 4054
3215 4055
3216 4055
3217 4055
3218 4059
3219 4053
3220 4054
3221 4055
3222 4057
3223 4054
3224 4056
3225 4055
3226 4054
3227 4057
3228 4055
3229 4055
3230 4057
3231 4056
3232 4055
3233 4055
3234 4057
3235 4057
3236 4058
3237 4058
3238 4057
3239 4058
3240 4054
3241 4055
3242 4055
3243 4059
3244 4054
3245 4055
3246 4058
3247 4057
3248 4055
3249 4055
3250 4055
3251 4059
3252 4051
3253 4055
3254 4054
3255 4055
3256 4055
3257 4053
3258 4052
3259 4055
3260 4054
3261 4055
3262 4053
3263 4055
3264 4055
3265 4055
3266 4054
3267 4058
3268 4058
3269 4055
3270 4054
3271 4055
3272 4057
3273 4055
3274 4057
3275 4055
3276 4058
3277 4059
3278 4055
3279 4060
3280 4057
3281 4055
3282 4057
3283 4055
3284 4052
3285 4055
3286 4055
3287 4058
3288 4052
3289 4055
3290 4058
3291 4057
3292 4054
3293 4057
3294 4058
3295 4054
3296 4059
3297 4055
3298 4054
3299 4055
3300 4058
3301 4059
3302 4055
3303 4055
3304 4055
3305 4057
3306 4057
3307 4055
3308 4052
3309 4054
3310 4057
3311 4058
3312 4057
3313 4055
3314 4055
3315 4055
3316 4058
3317 4058
3318 4057
3319 4057
3320 4054
3321 4055
3322 4054
3323 4057
3324 4054
3325 4058
3326 4057
3327 4059
3328 4054
3329 4054
3330 4057
3331 4055
3332 4055
3333 4058
3334 4059
3335 4059
3336 4054
3337 4059
3338 4054
3339 4054
3340 4054
3341 4053
3342 4058
3343 4052
3344 4057
3345 4055
3346 4054
3347 4055
3348 4054
3349 4058
3350 4057
3351 4060
3352 4053
3353 4055
3354 4050
3355 4054
3356 4055
3357 4058
3358 4053
3359 4055
3360 4057
3361 4054
3362 4057
3363 4055
3364 4055
3365 4055
3366 4052
3367 4055
3368 4055
3369 4053
3370 4054
3371 4055
3372 4055
3373 4057
3374 4054
3375 4055
3376 4056
3377 4058
3378 4054
3379 4054
3380 4054
3381 4057
3382 4055
3383 4057
3384 4058
3385 4053
3386 4054
3387 4058
3388 4054
3389 4055
3390 4057
3391 4059
3392 4055
3393 4056
3394 4053
3395 4058
3396 4055
3397 4057
3398 4051
3399 4054
3400 4053
3401 4061
3402 4055
3403 4053
3404 4054
3405 4055
3406 4054
3407 4054
3408 4057
3409 4056
3410 4057
3411 4058
3412 4059
3413 4054
3414 4057
3415 4055
3416 4057
3417 4054
3418 4058
3419 4058
3420 4053
3421 4057
3422 4053
3423 4056
3424 4054
3425 4054
3426 4054
3427 4055
3428 4053
3429 4057
3430 4054
3431 4054
3432 4055
3433 4055
3434 4058
3435 4054
3436 4054
3437 4059
3438 4054
3439 4057
3440 4055
3441 4053
3442 4053
3443 4058
3444 4055
3445 4057
3446 4055
3447 4057
3448 4056
3449 4056
3450 4053
3451 4062
3452 4053
3453 4054
3454 4057
3455 4056
3456 4054
3457 4058
3458 4056
3459 4051
3460 4057
3461 4054
3462 4055
3463 4052
3464 4059
3465 4057
3466 4053
3467 4055
3468 4054
3469 4058
3470 4056
3471 4055
3472 4057
3473 4054
3474 4049
3475 4060
3476 4058
3477 4058
3478 4055
3479 4059
3480 4057
3481 4055
3482 4056
3483 4055
3484 4055
3485 4055
3486 4055
3487 4057
3488 4054
3489 4057
3490 4057
3491 4054
3492 4055
3493 4055
3494 4054
3495 4058
3496 4057
3497 4054
3498 4055
3499 4058
3500 4054
3501 4062
3502 4051
3503 4054
3504 4058
3505 4054
3506 4061
3507 4055
3508 4054
3509 4056
3510 4053
3511 4052
3512 4058
3513 4054
3514 4055
3515 4057
3516 4055
3517 4055
3518 4057
3519 4055
3520 4057
3521 4055
3522 4053
3523 4058
3524 4055
3525 4054
3526 4054
3527 4054
3528 4055
3529 4054
3530 4054
3531 4055
3532 4054
3533 4058
3534 4056
3535 4055
3536 4055
3537 4057
3538 4057
3539 4055
3540 4054
3541 4055
3542 4053
3543 4058
3544 4056
3545 4055
3546 4059
3547 4054
3548 4056
3549 4057
3550 4056
3551 4061
3552 4053
3553 4058
3554 4055
3555 4057
3556 4055
3557 4054
3558 4055
3559 4055
3560 4055
3561 4055
3562 4055
3563 4054
3564 4057
3565 4055
3566 4055
3567 4058
3568 4057
3569 4055
3570 4058
3571 4054
3572 4053
3573 4055
3574 4057
3575 4058
3576 4056
3577 4059
3578 4055
3579 4057
3580 4057
3581 4057
3582 4055
3583 4057
3584 4054
3585 4056
3586 4055
3587 4057
3588 4051
3589 4057
3590 4055
3591 4055
3592 4057
3593 4054
3594 4055
3595 4055
3596 4055
3597 4055
3598 4055
3599 4054
3600 4055
3601 4060
3602 4055
3603 4058
3604 4058
3605 4055
3606 4054
3607 4058
3608 4052
3609 4055
3610 4057
3611 4055
3612 4055
3613 4054
3614 4055
3615 4059
3616 4057
3617 4057
3618 4053
3619 4052
3620 4055
3621 4058
3622 4052
3623 4054
3624 4053
3625 4055
3626 4055
3627 4057
3628 4056
3629 4057
3630 4057
3631 4055
3632 4055
3633 4055
3634 4058
3635 4055
3636 4057
3637 4055
3638 4055
3639 4055
3640 4057
3641 4055
3642 4056
3643 4057
3644 4055
3645 4053
3646 4055
3647 4055
3648 4055
3649 4054
3650 4058
3651 4059
3652 4053
3653 4057
3654 4055
3655 4055
3656 4053
3657 4054
3658 4057
3659 4057
3660 4054
3661 4057
3662 4054
3663 4056
3664 4057
3665 4055
3666 4055
3667 4057
3668 4055
3669 4058
3670 4053
3671 4057
3672 4057
3673 4055
3674 4053
3675 4055
3676 4055
3677 4061
3678 4054
3679 4054
3680 4055
3681 4053
3682 4054
3683 4054
3684 4055
3685 4058
3686 4055
3687 4055
3688 4055
3689 4056
3690 4059
3691 4052
3692 4055
3693 4055
3694 4057
