#Data from the TCD1304 linear CCD
#column 1 = pixelnumber , column 2 = pixelvalue
#Pixel 1-32 and 3679-3694 and are dummy pixels
#SH-period: 200    ICG-period: 100000    Integration time: 100.0 us
2 4031
3 4031
4 4052
5 4052
6 4052
7 4052
8 4051
9 4049
10 4050
11 4052
12 4049
13 4052
14 4050
15 4050
16 4051
17 4053
18 4051
19 4053
20 4051
21 4051
22 4053
23 4050
24 4051
25 4049
26 4050
27 4053
28 4053
29 4053
30 4052
31 4052
32 4049
34 4053
35 4053
36 4048
37 4052
38 4052
39 4051
40 4051
41 4053
42 4049
43 4052
44 4051
45 4050
46 4055
47 4053
48 4049
49 4055
50 4053
51 4055
52 4045
53 4051
54 4053
55 4051
56 4050
57 4051
58 4048
59 4053
60 4051
61 4052
62 4053
63 4050
64 4050
65 4050
66 4053
67 4052
68 4053
69 4050
70 4051
71 4052
72 4051
73 4054
74 4051
75 4051
76 4052
77 4051
78 4050
79 4055
80 4049
81 4053
82 4050
83 4050
84 4053
85 4052
86 4049
87 4052
88 4055
89 4051
90 4051
91 4052
92 4054
93 4050
94 4053
95 4051
96 4050
97 4051
98 4047
99 4053
100 4052
101 4057
102 4047
103 4051
104 4051
105 4050
106 4049
107 4050
108 4054
109 4053
110 4051
111 4050
112 4053
113 4051
114 4054
115 4055
116 4047
117 4051
118 4051
119 4051
120 4051
121 4048
122 4051
123 4049
124 4049
125 4051
126 4053
127 4050
128 4042
129 4053
130 4048
131 4051
132 4051
133 4052
134 4050
135 4050
136 4051
137 4053
138 4051
139 4051
140 4050
141 4053
142 4049
143 4052
144 4051
145 4052
146 4047
147 4052
148 4051
149 4053
150 4049
151 4050
152 4050
153 4053
154 4053
155 4050
156 4051
157 4053
158 4046
159 4055
160 4049
161 4050
162 4051
163 4050
164 4049
165 4049
166 4050
167 4050
168 4051
169 4054
170 4049
171 4054
172 4053
173 4054
174 4047
175 4052
176 4050
177 4051
178 4050
179 4051
180 4052
181 4054
182 4052
183 4049
184 4050
185 4051
186 4049
187 4050
188 4049
189 4051
190 4055
191 4051
192 4053
193 4052
194 4049
195 4052
196 4050
197 4051
198 4047
199 4050
200 4053
201 4054
202 4047
203 4055
204 4051
205 4053
206 4055
207 4052
208 4052
209 4052
210 4053
211 4050
212 4050
213 4051
214 4051
215 4051
216 4050
217 4053
218 4050
219 4050
220 4052
221 4051
222 4053
223 4052
224 4051
225 4055
226 4050
227 4052
228 4051
229 4054
230 4050
231 4051
232 4050
233 4053
234 4053
235 4053
236 4052
237 4052
238 4051
239 4050
240 4049
241 4050
242 4050
243 4054
244 4053
245 4049
246 4054
247 4052
248 4050
249 4049
250 4054
251 4051
252 4049
253 4051
254 4050
255 4053
256 4050
257 4046
258 4051
259 4050
260 4052
261 4054
262 4051
263 4047
264 4051
265 4047
266 4050
267 4052
268 4051
269 4051
270 4049
271 4049
272 4051
273 4049
274 4047
275 4048
276 4051
277 4051
278 4048
279 4051
280 4050
281 4053
282 4047
283 4050
284 4051
285 4051
286 4049
287 4052
288 4052
289 4049
290 4051
291 4051
292 4050
293 4055
294 4053
295 4051
296 4049
297 4053
298 4050
299 4053
300 4051
301 4055
302 4045
303 4051
304 4052
305 4051
306 4053
307 4050
308 4049
309 4052
310 4051
311 4049
312 4052
313 4048
314 4051
315 4052
316 4050
317 4051
318 4051
319 4051
320 4050
321 4050
322 4052
323 4055
324 4052
325 4051
326 4050
327 4051
328 4049
329 4051
330 4047
331 4052
332 4053
333 4051
334 4053
335 4051
336 4053
337 4054
338 4047
339 4051
340 4053
341 4054
342 4047
343 4052
344 4049
345 4051
346 4051
347 4051
348 4053
349 4050
350 4052
351 4054
352 4049
353 4053
354 4049
355 4053
356 4053
357 4051
358 4049
359 4049
360 4053
361 4049
362 4052
363 4051
364 4049
365 4050
366 4051
367 4053
368 4050
369 4047
370 4053
371 4052
372 4050
373 4050
374 4053
375 4052
376 4050
377 4048
378 4053
379 4055
380 4051
381 4051
382 4051
383 4050
384 4053
385 4052
386 4051
387 4051
388 4053
389 4050
390 4052
391 4050
392 4052
393 4054
394 4052
395 4051
396 4050
397 4052
398 4051
399 4052
400 4052
401 4053
402 4051
403 4049
404 4054
405 4051
406 4053
407 4052
408 4053
409 4055
410 4051
411 4051
412 4054
413 4052
414 4050
415 4052
416 4051
417 4051
418 4051
419 4050
420 4050
421 4050
422 4050
423 4052
424 4050
425 4052
426 4049
427 4051
428 4050
429 4052
430 4049
431 4054
432 4050
433 4054
434 4048
435 4050
436 4047
437 4053
438 4053
439 4051
440 4046
441 4053
442 4048
443 4053
444 4050
445 4047
446 4049
447 4050
448 4048
449 4052
450 4048
451 4053
452 4046
453 4050
454 4048
455 4047
456 4047
457 4052
458 4049
459 4047
460 4048
461 4047
462 4048
463 4050
464 4047
465 4047
466 4052
467 4049
468 4049
469 4050
470 4047
471 4049
472 4049
473 4050
474 4048
475 4049
476 4051
477 4044
478 4052
479 4049
480 4047
481 4048
482 4047
483 4048
484 4052
485 4047
486 4049
487 4050
488 4047
489 4050
490 4047
491 4047
492 4045
493 4049
494 4045
495 4049
496 4051
497 4049
498 4049
499 4051
500 4045
501 4050
502 4045
503 4051
504 4044
505 4046
506 4051
507 4047
508 4047
509 4046
510 4048
511 4052
512 4048
513 4050
514 4044
515 4047
516 4051
517 4049
518 4049
519 4049
520 4047
521 4051
522 4048
523 4045
524 4049
525 4051
526 4046
527 4049
528 4045
529 4050
530 4046
531 4049
532 4045
533 4047
534 4047
535 4049
536 4045
537 4051
538 4046
539 4047
540 4046
541 4048
542 4047
543 4047
544 4046
545 4048
546 4047
547 4050
548 4047
549 4047
550 4047
551 4053
552 4049
553 4050
554 4047
555 4050
556 4047
557 4050
558 4052
559 4049
560 4054
561 4049
562 4049
563 4049
564 4050
565 4052
566 4050
567 4052
568 4048
569 4050
570 4050
571 4049
572 4052
573 4052
574 4051
575 4049
576 4051
577 4049
578 4051
579 4050
580 4046
581 4052
582 4051
583 4052
584 4051
585 4050
586 4048
587 4053
588 4050
589 4049
590 4050
591 4051
592 4050
593 4049
594 4052
595 4048
596 4045
597 4051
598 4051
599 4047
600 4052
601 4054
602 4049
603 4052
604 4051
605 4050
606 4049
607 4048
608 4049
609 4051
610 4051
611 4050
612 4051
613 4051
614 4047
615 4052
616 4047
617 4051
618 4050
619 4049
620 4049
621 4049
622 4046
623 4047
624 4050
625 4047
626 4049
627 4051
628 4050
629 4049
630 4047
631 4051
632 4049
633 4049
634 4050
635 4047
636 4050
637 4053
638 4049
639 4053
640 4047
641 4052
642 4052
643 4051
644 4047
645 4052
646 4047
647 4049
648 4051
649 4050
650 4052
651 4054
652 4045
653 4050
654 4051
655 4050
656 4051
657 4053
658 4050
659 4052
660 4049
661 4052
662 4047
663 4052
664 4051
665 4049
666 4050
667 4054
668 4052
669 4051
670 4052
671 4055
672 4053
673 4052
674 4050
675 4052
676 4053
677 4054
678 4052
679 4055
680 4051
681 4053
682 4052
683 4051
684 4052
685 4054
686 4052
687 4051
688 4049
689 4054
690 4052
691 4053
692 4051
693 4052
694 4050
695 4054
696 4053
697 4052
698 4052
699 4054
700 4055
701 4056
702 4050
703 4055
704 4055
705 4052
706 4057
707 4053
708 4053
709 4055
710 4058
711 4056
712 4054
713 4058
714 4055
715 4058
716 4052
717 4053
718 4054
719 4051
720 4055
721 4051
722 4054
723 4055
724 4053
725 4052
726 4054
727 4058
728 4055
729 4052
730 4051
731 4053
732 4053
733 4053
734 4057
735 4054
736 4053
737 4053
738 4055
739 4050
740 4052
741 4053
742 4056
743 4053
744 4055
745 4052
746 4051
747 4057
748 4054
749 4053
750 4050
751 4055
752 4050
753 4053
754 4054
755 4052
756 4052
757 4052
758 4052
759 4055
760 4055
761 4055
762 4054
763 4051
764 4054
765 4055
766 4053
767 4056
768 4055
769 4050
770 4054
771 4053
772 4051
773 4054
774 4054
775 4055
776 4053
777 4053
778 4055
779 4052
780 4053
781 4054
782 4051
783 4051
784 4055
785 4053
786 4052
787 4055
788 4055
789 4054
790 4054
791 4054
792 4051
793 4054
794 4052
795 4052
796 4053
797 4053
798 4053
799 4056
800 4053
801 4056
802 4048
803 4053
804 4055
805 4053
806 4054
807 4054
808 4053
809 4053
810 4055
811 4051
812 4053
813 4054
814 4051
815 4057
816 4052
817 4055
818 4053
819 4052
820 4052
821 4055
822 4052
823 4054
824 4054
825 4047
826 4053
827 4051
828 4054
829 4054
830 4051
831 4053
832 4051
833 4055
834 4054
835 4051
836 4055
837 4053
838 4053
839 4055
840 4054
841 4053
842 4053
843 4054
844 4053
845 4053
846 4052
847 4054
848 4053
849 4052
850 4053
851 4058
852 4053
853 4053
854 4053
855 4050
856 4053
857 4055
858 4053
859 4055
860 4055
861 4053
862 4053
863 4056
864 4055
865 4053
866 4055
867 4052
868 4054
869 4052
870 4050
871 4055
872 4054
873 4055
874 4049
875 4055
876 4051
877 4053
878 4053
879 4055
880 4051
881 4053
882 4052
883 4054
884 4051
885 4053
886 4052
887 4053
888 4053
889 4053
890 4054
891 4056
892 4055
893 4054
894 4053
895 4053
896 4052
897 4054
898 4052
899 4055
900 4054
901 4058
902 4052
903 4053
904 4055
905 4051
906 4053
907 4053
908 4054
909 4051
910 4054
911 4055
912 4054
913 4053
914 4051
915 4052
916 4054
917 4053
918 4054
919 4054
920 4050
921 4054
922 4055
923 4053
924 4053
925 4050
926 4054
927 4055
928 4055
929 4052
930 4052
931 4055
932 4055
933 4053
934 4051
935 4055
936 4052
937 4058
938 4054
939 4055
940 4053
941 4055
942 4055
943 4055
944 4052
945 4053
946 4053
947 4055
948 4055
949 4053
950 4052
951 4059
952 4053
953 4054
954 4052
955 4054
956 4054
957 4054
958 4050
959 4054
960 4052
961 4051
962 4053
963 4050
964 4051
965 4052
966 4055
967 4052
968 4053
969 4054
970 4052
971 4054
972 4053
973 4053
974 4054
975 4054
976 4053
977 4055
978 4052
979 4057
980 4053
981 4052
982 4051
983 4056
984 4053
985 4055
986 4051
987 4057
988 4053
989 4052
990 4055
991 4052
992 4053
993 4055
994 4054
995 4055
996 4052
997 4054
998 4053
999 4052
1000 4052
1001 4057
1002 4051
1003 4055
1004 4055
1005 4051
1006 4052
1007 4054
1008 4051
1009 4052
1010 4054
1011 4053
1012 4052
1013 4055
1014 4053
1015 4050
1016 4052
1017 4053
1018 4053
1019 4055
1020 4055
1021 4054
1022 4060
1023 4053
1024 4053
1025 4055
1026 4051
1027 4052
1028 4055
1029 4057
1030 4052
1031 4054
1032 4054
1033 4050
1034 4055
1035 4053
1036 4053
1037 4051
1038 4054
1039 4051
1040 4057
1041 4052
1042 4055
1043 4053
1044 4052
1045 4054
1046 4055
1047 4054
1048 4055
1049 4054
1050 4053
1051 4054
1052 4050
1053 4055
1054 4052
1055 4055
1056 4055
1057 4051
1058 4053
1059 4053
1060 4055
1061 4051
1062 4055
1063 4051
1064 4055
1065 4056
1066 4054
1067 4054
1068 4053
1069 4052
1070 4054
1071 4055
1072 4052
1073 4054
1074 4052
1075 4053
1076 4050
1077 4055
1078 4052
1079 4054
1080 4050
1081 4054
1082 4052
1083 4052
1084 4054
1085 4053
1086 4052
1087 4053
1088 4055
1089 4053
1090 4053
1091 4053
1092 4055
1093 4053
1094 4051
1095 4053
1096 4054
1097 4053
1098 4054
1099 4055
1100 4053
1101 4056
1102 4050
1103 4055
1104 4053
1105 4049
1106 4055
1107 4053
1108 4051
1109 4052
1110 4053
1111 4052
1112 4053
1113 4055
1114 4054
1115 4052
1116 4053
1117 4053
1118 4054
1119 4053
1120 4053
1121 4052
1122 4053
1123 4057
1124 4052
1125 4054
1126 4054
1127 4057
1128 4050
1129 4053
1130 4053
1131 4052
1132 4055
1133 4055
1134 4050
1135 4053
1136 4051
1137 4052
1138 4052
1139 4054
1140 4055
1141 4052
1142 4054
1143 4054
1144 4051
1145 4053
1146 4051
1147 4052
1148 4053
1149 4054
1150 4055
1151 4057
1152 4052
1153 4051
1154 4054
1155 4052
1156 4055
1157 4055
1158 4055
1159 4053
1160 4054
1161 4051
1162 4051
1163 4054
1164 4051
1165 4053
1166 4055
1167 4052
1168 4053
1169 4054
1170 4051
1171 4052
1172 4052
1173 4055
1174 4054
1175 4052
1176 4054
1177 4053
1178 4052
1179 4053
1180 4054
1181 4053
1182 4049
1183 4052
1184 4051
1185 4054
1186 4056
1187 4052
1188 4051
1189 4052
1190 4055
1191 4052
1192 4053
1193 4053
1194 4049
1195 4054
1196 4049
1197 4055
1198 4050
1199 4052
1200 4056
1201 4055
1202 4050
1203 4053
1204 4054
1205 4052
1206 4051
1207 4055
1208 4053
1209 4053
1210 4052
1211 4055
1212 4051
1213 4054
1214 4049
1215 4054
1216 4052
1217 4053
1218 4053
1219 4050
1220 4054
1221 4051
1222 4052
1223 4058
1224 4053
1225 4054
1226 4054
1227 4051
1228 4050
1229 4052
1230 4049
1231 4054
1232 4053
1233 4055
1234 4053
1235 4052
1236 4054
1237 4055
1238 4055
1239 4057
1240 4051
1241 4053
1242 4054
1243 4055
1244 4053
1245 4053
1246 4055
1247 4054
1248 4054
1249 4055
1250 4052
1251 4057
1252 4051
1253 4053
1254 4050
1255 4051
1256 4053
1257 4053
1258 4051
1259 4052
1260 4054
1261 4055
1262 4052
1263 4052
1264 4055
1265 4050
1266 4053
1267 4055
1268 4055
1269 4054
1270 4052
1271 4053
1272 4054
1273 4053
1274 4050
1275 4054
1276 4055
1277 4051
1278 4050
1279 4051
1280 4054
1281 4055
1282 4049
1283 4055
1284 4055
1285 4053
1286 4053
1287 4053
1288 4052
1289 4052
1290 4053
1291 4055
1292 4057
1293 4055
1294 4054
1295 4055
1296 4052
1297 4053
1298 4054
1299 4054
1300 4053
1301 4055
1302 4053
1303 4051
1304 4053
1305 4053
1306 4052
1307 4053
1308 4050
1309 4052
1310 4055
1311 4052
1312 4055
1313 4054
1314 4051
1315 4054
1316 4054
1317 4054
1318 4053
1319 4054
1320 4052
1321 4055
1322 4053
1323 4055
1324 4050
1325 4052
1326 4052
1327 4054
1328 4055
1329 4052
1330 4054
1331 4054
1332 4053
1333 4053
1334 4050
1335 4052
1336 4056
1337 4054
1338 4050
1339 4055
1340 4054
1341 4053
1342 4051
1343 4054
1344 4057
1345 4052
1346 4052
1347 4053
1348 4055
1349 4053
1350 4053
1351 4058
1352 4051
1353 4052
1354 4051
1355 4053
1356 4056
1357 4053
1358 4051
1359 4055
1360 4051
1361 4053
1362 4053
1363 4052
1364 4055
1365 4057
1366 4052
1367 4053
1368 4053
1369 4050
1370 4054
1371 4053
1372 4054
1373 4053
1374 4055
1375 4055
1376 4052
1377 4053
1378 4053
1379 4052
1380 4052
1381 4052
1382 4053
1383 4049
1384 4053
1385 4054
1386 4053
1387 4055
1388 4051
1389 4053
1390 4053
1391 4051
1392 4052
1393 4052
1394 4053
1395 4052
1396 4055
1397 4050
1398 4052
1399 4054
1400 4055
1401 4055
1402 4051
1403 4053
1404 4053
1405 4052
1406 4052
1407 4057
1408 4053
1409 4055
1410 4051
1411 4054
1412 4054
1413 4052
1414 4054
1415 4055
1416 4054
1417 4053
1418 4054
1419 4053
1420 4055
1421 4051
1422 4055
1423 4054
1424 4053
1425 4054
1426 4053
1427 4052
1428 4052
1429 4057
1430 4052
1431 4054
1432 4051
1433 4052
1434 4053
1435 4055
1436 4052
1437 4053
1438 4055
1439 4055
1440 4049
1441 4054
1442 4050
1443 4053
1444 4051
1445 4053
1446 4054
1447 4057
1448 4054
1449 4051
1450 4052
1451 4059
1452 4053
1453 4054
1454 4054
1455 4050
1456 4053
1457 4056
1458 4054
1459 4053
1460 4052
1461 4052
1462 4051
1463 4055
1464 4050
1465 4052
1466 4053
1467 4051
1468 4055
1469 4053
1470 4054
1471 4051
1472 4052
1473 4054
1474 4054
1475 4053
1476 4054
1477 4055
1478 4052
1479 4047
1480 4055
1481 4052
1482 4055
1483 4052
1484 4052
1485 4053
1486 4052
1487 4053
1488 4053
1489 4055
1490 4053
1491 4055
1492 4048
1493 4055
1494 4055
1495 4053
1496 4051
1497 4056
1498 4052
1499 4053
1500 4053
1501 4057
1502 4051
1503 4053
1504 4052
1505 4053
1506 4052
1507 4054
1508 4050
1509 4052
1510 4051
1511 4055
1512 4055
1513 4053
1514 4053
1515 4055
1516 4051
1517 4051
1518 4053
1519 4055
1520 4053
1521 4051
1522 4051
1523 4052
1524 4056
1525 4053
1526 4055
1527 4051
1528 4051
1529 4050
1530 4053
1531 4054
1532 4049
1533 4055
1534 4051
1535 4053
1536 4053
1537 4052
1538 4052
1539 4053
1540 4056
1541 4055
1542 4052
1543 4055
1544 4055
1545 4051
1546 4053
1547 4054
1548 4054
1549 4051
1550 4050
1551 4057
1552 4047
1553 4051
1554 4053
1555 4052
1556 4052
1557 4055
1558 4050
1559 4053
1560 4052
1561 4055
1562 4053
1563 4052
1564 4055
1565 4053
1566 4052
1567 4053
1568 4054
1569 4056
1570 4051
1571 4052
1572 4049
1573 4052
1574 4054
1575 4052
1576 4052
1577 4052
1578 4054
1579 4050
1580 4050
1581 4052
1582 4049
1583 4049
1584 4050
1585 4053
1586 4048
1587 4052
1588 4051
1589 4053
1590 4047
1591 4052
1592 4052
1593 4054
1594 4049
1595 4053
1596 4051
1597 4050
1598 4055
1599 4050
1600 4051
1601 4055
1602 4050
1603 4051
1604 4051
1605 4049
1606 4051
1607 4051
1608 4050
1609 4050
1610 4050
1611 4049
1612 4052
1613 4053
1614 4047
1615 4048
1616 4051
1617 4049
1618 4051
1619 4049
1620 4050
1621 4050
1622 4051
1623 4047
1624 4052
1625 4052
1626 4051
1627 4051
1628 4053
1629 4050
1630 4052
1631 4051
1632 4047
1633 4048
1634 4054
1635 4047
1636 4052
1637 4053
1638 4052
1639 4050
1640 4053
1641 4053
1642 4051
1643 4051
1644 4051
1645 4053
1646 4053
1647 4052
1648 4054
1649 4051
1650 4049
1651 4055
1652 4050
1653 4051
1654 4053
1655 4050
1656 4050
1657 4050
1658 4051
1659 4051
1660 4051
1661 4047
1662 4053
1663 4050
1664 4050
1665 4052
1666 4053
1667 4049
1668 4051
1669 4053
1670 4050
1671 4049
1672 4049
1673 4052
1674 4052
1675 4053
1676 4051
1677 4050
1678 4051
1679 4052
1680 4048
1681 4052
1682 4052
1683 4051
1684 4050
1685 4054
1686 4053
1687 4053
1688 4054
1689 4049
1690 4052
1691 4053
1692 4052
1693 4054
1694 4053
1695 4053
1696 4051
1697 4055
1698 4051
1699 4052
1700 4053
1701 4055
1702 4052
1703 4054
1704 4057
1705 4052
1706 4052
1707 4056
1708 4052
1709 4053
1710 4050
1711 4055
1712 4052
1713 4055
1714 4052
1715 4053
1716 4053
1717 4052
1718 4054
1719 4052
1720 4051
1721 4054
1722 4052
1723 4054
1724 4052
1725 4054
1726 4051
1727 4050
1728 4054
1729 4054
1730 4051
1731 4053
1732 4053
1733 4052
1734 4053
1735 4050
1736 4054
1737 4053
1738 4052
1739 4054
1740 4055
1741 4050
1742 4054
1743 4053
1744 4053
1745 4054
1746 4054
1747 4055
1748 4055
1749 4053
1750 4056
1751 4060
1752 4052
1753 4055
1754 4055
1755 4052
1756 4053
1757 4053
1758 4053
1759 4050
1760 4053
1761 4055
1762 4055
1763 4051
1764 4054
1765 4055
1766 4052
1767 4055
1768 4053
1769 4054
1770 4055
1771 4052
1772 4053
1773 4053
1774 4053
1775 4053
1776 4053
1777 4054
1778 4053
1779 4053
1780 4051
1781 4052
1782 4054
1783 4052
1784 4051
1785 4053
1786 4056
1787 4052
1788 4052
1789 4052
1790 4053
1791 4053
1792 4052
1793 4052
1794 4053
1795 4055
1796 4053
1797 4055
1798 4052
1799 4055
1800 4051
1801 4053
1802 4053
1803 4053
1804 4056
1805 4051
1806 4053
1807 4050
1808 4054
1809 4055
1810 4047
1811 4054
1812 4050
1813 4053
1814 4054
1815 4051
1816 4055
1817 4053
1818 4055
1819 4054
1820 4055
1821 4053
1822 4050
1823 4055
1824 4050
1825 4055
1826 4057
1827 4053
1828 4053
1829 4053
1830 4053
1831 4054
1832 4050
1833 4052
1834 4055
1835 4053
1836 4055
1837 4057
1838 4053
1839 4052
1840 4054
1841 4054
1842 4052
1843 4055
1844 4053
1845 4053
1846 4054
1847 4053
1848 4051
1849 4054
1850 4054
1851 4061
1852 4051
1853 4054
1854 4054
1855 4053
1856 4055
1857 4054
1858 4053
1859 4053
1860 4053
1861 4054
1862 4056
1863 4052
1864 4057
1865 4055
1866 4053
1867 4053
1868 4052
1869 4055
1870 4054
1871 4054
1872 4054
1873 4053
1874 4052
1875 4051
1876 4053
1877 4053
1878 4055
1879 4057
1880 4053
1881 4053
1882 4053
1883 4052
1884 4052
1885 4055
1886 4050
1887 4056
1888 4054
1889 4053
1890 4053
1891 4054
1892 4052
1893 4055
1894 4056
1895 4053
1896 4053
1897 4055
1898 4051
1899 4055
1900 4053
1901 4057
1902 4053
1903 4052
1904 4052
1905 4054
1906 4052
1907 4054
1908 4053
1909 4052
1910 4054
1911 4049
1912 4052
1913 4055
1914 4055
1915 4052
1916 4053
1917 4052
1918 4054
1919 4056
1920 4051
1921 4053
1922 4049
1923 4054
1924 4051
1925 4053
1926 4051
1927 4050
1928 4051
1929 4055
1930 4052
1931 4052
1932 4057
1933 4057
1934 4053
1935 4054
1936 4055
1937 4050
1938 4055
1939 4052
1940 4053
1941 4053
1942 4055
1943 4050
1944 4052
1945 4054
1946 4055
1947 4052
1948 4055
1949 4053
1950 4051
1951 4057
1952 4052
1953 4053
1954 4053
1955 4053
1956 4053
1957 4055
1958 4055
1959 4053
1960 4052
1961 4054
1962 4053
1963 4053
1964 4055
1965 4055
1966 4058
1967 4051
1968 4054
1969 4051
1970 4055
1971 4051
1972 4053
1973 4055
1974 4053
1975 4052
1976 4055
1977 4052
1978 4051
1979 4051
1980 4055
1981 4053
1982 4053
1983 4052
1984 4053
1985 4054
1986 4054
1987 4050
1988 4054
1989 4051
1990 4050
1991 4052
1992 4055
1993 4054
1994 4055
1995 4051
1996 4054
1997 4052
1998 4053
1999 4053
2000 4051
2001 4057
2002 4052
2003 4053
2004 4051
2005 4055
2006 4054
2007 4053
2008 4053
2009 4052
2010 4053
2011 4054
2012 4053
2013 4056
2014 4053
2015 4052
2016 4050
2017 4054
2018 4054
2019 4053
2020 4052
2021 4053
2022 4052
2023 4053
2024 4054
2025 4052
2026 4053
2027 4056
2028 4055
2029 4052
2030 4051
2031 4053
2032 4055
2033 4052
2034 4051
2035 4053
2036 4052
2037 4055
2038 4051
2039 4053
2040 4054
2041 4053
2042 4052
2043 4055
2044 4052
2045 4051
2046 4053
2047 4053
2048 4054
2049 4053
2050 4053
2051 4056
2052 4052
2053 4049
2054 4055
2055 4053
2056 4053
2057 4052
2058 4049
2059 4053
2060 4053
2061 4051
2062 4052
2063 4054
2064 4049
2065 4051
2066 4051
2067 4054
2068 4054
2069 4054
2070 4052
2071 4057
2072 4053
2073 4053
2074 4052
2075 4055
2076 4052
2077 4055
2078 4054
2079 4054
2080 4053
2081 4053
2082 4050
2083 4054
2084 4052
2085 4051
2086 4055
2087 4051
2088 4056
2089 4055
2090 4054
2091 4051
2092 4056
2093 4055
2094 4053
2095 4055
2096 4053
2097 4050
2098 4055
2099 4054
2100 4052
2101 4057
2102 4049
2103 4055
2104 4052
2105 4054
2106 4052
2107 4055
2108 4052
2109 4053
2110 4053
2111 4053
2112 4051
2113 4054
2114 4053
2115 4055
2116 4052
2117 4053
2118 4054
2119 4052
2120 4050
2121 4055
2122 4055
2123 4049
2124 4054
2125 4049
2126 4053
2127 4052
2128 4052
2129 4052
2130 4050
2131 4054
2132 4051
2133 4055
2134 4046
2135 4051
2136 4053
2137 4053
2138 4053
2139 4057
2140 4055
2141 4052
2142 4052
2143 4054
2144 4053
2145 4052
2146 4054
2147 4050
2148 4053
2149 4055
2150 4052
2151 4055
2152 4049
2153 4051
2154 4052
2155 4057
2156 4052
2157 4054
2158 4054
2159 4053
2160 4051
2161 4053
2162 4050
2163 4053
2164 4053
2165 4052
2166 4055
2167 4053
2168 4055
2169 4051
2170 4053
2171 4052
2172 4051
2173 4052
2174 4051
2175 4053
2176 4051
2177 4050
2178 4050
2179 4052
2180 4050
2181 4053
2182 4053
2183 4052
2184 4049
2185 4051
2186 4051
2187 4051
2188 4047
2189 4052
2190 4049
2191 4053
2192 4051
2193 4055
2194 4053
2195 4051
2196 4049
2197 4047
2198 4053
2199 4054
2200 4050
2201 4057
2202 4049
2203 4055
2204 4050
2205 4052
2206 4050
2207 4053
2208 4049
2209 4051
2210 4051
2211 4050
2212 4055
2213 4052
2214 4050
2215 4053
2216 4050
2217 4053
2218 4053
2219 4051
2220 4051
2221 4052
2222 4052
2223 4050
2224 4055
2225 4051
2226 4051
2227 4051
2228 4053
2229 4055
2230 4052
2231 4053
2232 4053
2233 4052
2234 4052
2235 4051
2236 4053
2237 4051
2238 4053
2239 4052
2240 4051
2241 4053
2242 4052
2243 4057
2244 4052
2245 4052
2246 4054
2247 4052
2248 4051
2249 4051
2250 4052
2251 4060
2252 4052
2253 4052
2254 4055
2255 4052
2256 4053
2257 4055
2258 4054
2259 4051
2260 4053
2261 4051
2262 4054
2263 4055
2264 4052
2265 4055
2266 4052
2267 4055
2268 4055
2269 4052
2270 4054
2271 4051
2272 4051
2273 4051
2274 4053
2275 4055
2276 4054
2277 4055
2278 4052
2279 4055
2280 4048
2281 4052
2282 4051
2283 4052
2284 4055
2285 4057
2286 4053
2287 4051
2288 4055
2289 4055
2290 4051
2291 4050
2292 4053
2293 4053
2294 4054
2295 4052
2296 4054
2297 4052
2298 4051
2299 4055
2300 4049
2301 4055
2302 4050
2303 4055
2304 4053
2305 4052
2306 4051
2307 4052
2308 4052
2309 4053
2310 4055
2311 4052
2312 4054
2313 4053
2314 4054
2315 4055
2316 4053
2317 4052
2318 4053
2319 4054
2320 4050
2321 4053
2322 4053
2323 4052
2324 4051
2325 4055
2326 4054
2327 4052
2328 4053
2329 4052
2330 4054
2331 4054
2332 4047
2333 4054
2334 4050
2335 4052
2336 4054
2337 4054
2338 4053
2339 4051
2340 4052
2341 4053
2342 4051
2343 4052
2344 4050
2345 4055
2346 4049
2347 4055
2348 4050
2349 4053
2350 4051
2351 4055
2352 4051
2353 4054
2354 4052
2355 4051
2356 4052
2357 4051
2358 4050
2359 4054
2360 4052
2361 4054
2362 4053
2363 4051
2364 4054
2365 4054
2366 4050
2367 4054
2368 4051
2369 4050
2370 4050
2371 4053
2372 4047
2373 4052
2374 4054
2375 4051
2376 4050
2377 4054
2378 4052
2379 4053
2380 4053
2381 4050
2382 4055
2383 4052
2384 4050
2385 4053
2386 4053
2387 4054
2388 4053
2389 4050
2390 4053
2391 4050
2392 4052
2393 4055
2394 4053
2395 4052
2396 4050
2397 4051
2398 4052
2399 4051
2400 4049
2401 4055
2402 4050
2403 4053
2404 4051
2405 4053
2406 4051
2407 4055
2408 4050
2409 4052
2410 4050
2411 4053
2412 4052
2413 4051
2414 4052
2415 4054
2416 4052
2417 4052
2418 4055
2419 4052
2420 4054
2421 4053
2422 4053
2423 4053
2424 4052
2425 4053
2426 4051
2427 4053
2428 4051
2429 4052
2430 4054
2431 4052
2432 4051
2433 4056
2434 4053
2435 4051
2436 4050
2437 4051
2438 4051
2439 4051
2440 4052
2441 4052
2442 4049
2443 4056
2444 4052
2445 4055
2446 4052
2447 4049
2448 4054
2449 4051
2450 4052
2451 4055
2452 4052
2453 4051
2454 4050
2455 4049
2456 4051
2457 4053
2458 4051
2459 4053
2460 4051
2461 4052
2462 4047
2463 4051
2464 4051
2465 4049
2466 4054
2467 4053
2468 4052
2469 4052
2470 4052
2471 4052
2472 4049
2473 4052
2474 4051
2475 4054
2476 4052
2477 4049
2478 4049
2479 4050
2480 4053
2481 4053
2482 4049
2483 4052
2484 4054
2485 4053
2486 4051
2487 4051
2488 4052
2489 4051
2490 4050
2491 4053
2492 4047
2493 4054
2494 4050
2495 4054
2496 4048
2497 4053
2498 4049
2499 4051
2500 4047
2501 4054
2502 4051
2503 4051
2504 4055
2505 4053
2506 4048
2507 4052
2508 4050
2509 4049
2510 4054
2511 4052
2512 4053
2513 4051
2514 4046
2515 4049
2516 4052
2517 4049
2518 4047
2519 4047
2520 4049
2521 4051
2522 4048
2523 4053
2524 4047
2525 4050
2526 4051
2527 4051
2528 4050
2529 4049
2530 4049
2531 4050
2532 4049
2533 4051
2534 4051
2535 4050
2536 4049
2537 4052
2538 4047
2539 4052
2540 4052
2541 4045
2542 4050
2543 4049
2544 4048
2545 4049
2546 4050
2547 4050
2548 4049
2549 4047
2550 4050
2551 4051
2552 4049
2553 4049
2554 4050
2555 4051
2556 4050
2557 4049
2558 4047
2559 4049
2560 4047
2561 4047
2562 4049
2563 4045
2564 4049
2565 4047
2566 4046
2567 4047
2568 4050
2569 4047
2570 4049
2571 4051
2572 4049
2573 4049
2574 4049
2575 4049
2576 4046
2577 4048
2578 4049
2579 4049
2580 4050
2581 4046
2582 4049
2583 4049
2584 4047
2585 4050
2586 4047
2587 4049
2588 4048
2589 4046
2590 4045
2591 4046
2592 4046
2593 4049
2594 4046
2595 4045
2596 4046
2597 4047
2598 4050
2599 4046
2600 4047
2601 4052
2602 4045
2603 4050
2604 4050
2605 4047
2606 4044
2607 4047
2608 4045
2609 4045
2610 4046
2611 4044
2612 4044
2613 4045
2614 4044
2615 4046
2616 4043
2617 4047
2618 4048
2619 4045
2620 4043
2621 4044
2622 4044
2623 4046
2624 4038
2625 4047
2626 4042
2627 4041
2628 4042
2629 4043
2630 4046
2631 4045
2632 4041
2633 4045
2634 4040
2635 4043
2636 4045
2637 4042
2638 4044
2639 4045
2640 4042
2641 4041
2642 4042
2643 4044
2644 4041
2645 4042
2646 4043
2647 4042
2648 4041
2649 4043
2650 4042
2651 4046
2652 4038
2653 4041
2654 4044
2655 4031
2656 4041
2657 4042
2658 4042
2659 4041
2660 4039
2661 4040
2662 4039
2663 4039
2664 4041
2665 4041
2666 4039
2667 4041
2668 4042
2669 4039
2670 4042
2671 4041
2672 4038
2673 4042
2674 4041
2675 4040
2676 4039
2677 4039
2678 4037
2679 4036
2680 4036
2681 4035
2682 4036
2683 4035
2684 4036
2685 4036
2686 4035
2687 4036
2688 4031
2689 4037
2690 4031
2691 4037
2692 4031
2693 4037
2694 4031
2695 4031
2696 4030
2697 4035
2698 4031
2699 4029
2700 4031
2701 4037
2702 4030
2703 4031
2704 4031
2705 4027
2706 4029
2707 4025
2708 4027
2709 4023
2710 4028
2711 4026
2712 4023
2713 4025
2714 4025
2715 4023
2716 4025
2717 4025
2718 4028
2719 4022
2720 4020
2721 4023
2722 4019
2723 4022
2724 4018
2725 4017
2726 4020
2727 4020
2728 4019
2729 4020
2730 4015
2731 4013
2732 4017
2733 4012
2734 4015
2735 4013
2736 4013
2737 4012
2738 4009
2739 4011
2740 4011
2741 4000
2742 4011
2743 4008
2744 4007
2745 4002
2746 4004
2747 4000
2748 3997
2749 3996
2750 3993
2751 3997
2752 3992
2753 3988
2754 3989
2755 3983
2756 3988
2757 3985
2758 3985
2759 3983
2760 3981
2761 3977
2762 3976
2763 3980
2764 3975
2765 3975
2766 3975
2767 3969
2768 3962
2769 3961
2770 3954
2771 3963
2772 3953
2773 3943
2774 3945
2775 3943
2776 3943
2777 3936
2778 3930
2779 3932
2780 3916
2781 3919
2782 3908
2783 3901
2784 3895
2785 3882
2786 3868
2787 3857
2788 3801
2789 3773
2790 3708
2791 3578
2792 3379
2793 3083
2794 2528
2795 1945
2796 1684
2797 1642
2798 1622
2799 1603
2800 1595
2801 1585
2802 1582
2803 1575
2804 1573
2805 1568
2806 1568
2807 1563
2808 1564
2809 1560
2810 1560
2811 1556
2812 1558
2813 1555
2814 1557
2815 1553
2816 1554
2817 1553
2818 1553
2819 1550
2820 1553
2821 1550
2822 1550
2823 1548
2824 1551
2825 1548
2826 1549
2827 1548
2828 1548
2829 1546
2830 1543
2831 1546
2832 1546
2833 1544
2834 1545
2835 1545
2836 1544
2837 1543
2838 1546
2839 1542
2840 1543
2841 1541
2842 1543
2843 1543
2844 1542
2845 1541
2846 1543
2847 1540
2848 1541
2849 1540
2850 1540
2851 1540
2852 1542
2853 1540
2854 1541
2855 1537
2856 1541
2857 1539
2858 1540
2859 1539
2860 1540
2861 1538
2862 1539
2863 1538
2864 1538
2865 1536
2866 1538
2867 1537
2868 1539
2869 1536
2870 1538
2871 1536
2872 1537
2873 1536
2874 1538
2875 1536
2876 1537
2877 1536
2878 1537
2879 1535
2880 1533
2881 1535
2882 1535
2883 1534
2884 1536
2885 1535
2886 1536
2887 1534
2888 1535
2889 1534
2890 1535
2891 1533
2892 1534
2893 1534
2894 1535
2895 1535
2896 1534
2897 1532
2898 1535
2899 1532
2900 1533
2901 1534
2902 1533
2903 1532
2904 1533
2905 1531
2906 1534
2907 1532
2908 1534
2909 1532
2910 1532
2911 1531
2912 1533
2913 1532
2914 1531
2915 1531
2916 1532
2917 1529
2918 1533
2919 1531
2920 1532
2921 1530
2922 1532
2923 1532
2924 1531
2925 1530
2926 1532
2927 1529
2928 1530
2929 1533
2930 1528
2931 1530
2932 1532
2933 1530
2934 1531
2935 1529
2936 1531
2937 1530
2938 1531
2939 1529
2940 1531
2941 1529
2942 1529
2943 1531
2944 1530
2945 1529
2946 1530
2947 1529
2948 1529
2949 1529
2950 1530
2951 1528
2952 1529
2953 1527
2954 1529
2955 1527
2956 1530
2957 1529
2958 1529
2959 1528
2960 1529
2961 1528
2962 1528
2963 1527
2964 1530
2965 1527
2966 1528
2967 1527
2968 1529
2969 1526
2970 1527
2971 1527
2972 1528
2973 1527
2974 1528
2975 1526
2976 1529
2977 1525
2978 1528
2979 1527
2980 1525
2981 1526
2982 1529
2983 1527
2984 1527
2985 1527
2986 1526
2987 1527
2988 1527
2989 1526
2990 1527
2991 1525
2992 1527
2993 1527
2994 1526
2995 1525
2996 1527
2997 1525
2998 1527
2999 1525
3000 1526
3001 1527
3002 1526
3003 1526
3004 1527
3005 1522
3006 1527
3007 1524
3008 1527
3009 1525
3010 1526
3011 1525
3012 1525
3013 1524
3014 1526
3015 1525
3016 1525
3017 1523
3018 1526
3019 1525
3020 1526
3021 1524
3022 1526
3023 1525
3024 1525
3025 1524
3026 1526
3027 1524
3028 1525
3029 1523
3030 1523
3031 1525
3032 1525
3033 1550
3034 1739
3035 3955
3036 3967
3037 3983
3038 3993
3039 4001
3040 4003
3041 4003
3042 4007
3043 4013
3044 4014
3045 4015
3046 4017
3047 4017
3048 4021
3049 4023
3050 4021
3051 4023
3052 4022
3053 4028
3054 4025
3055 4023
3056 4026
3057 4029
3058 4026
3059 4031
3060 4030
3061 4029
3062 4031
3063 4031
3064 4031
3065 4036
3066 4035
3067 4038
3068 4036
3069 4031
3070 4031
3071 4036
3072 4031
3073 4037
3074 4039
3075 4034
3076 4039
3077 4038
3078 4038
3079 4039
3080 4037
3081 4041
3082 4037
3083 4038
3084 4037
3085 4039
3086 4040
3087 4036
3088 4039
3089 4040
3090 4040
3091 4042
3092 4041
3093 4040
3094 4041
3095 4042
3096 4043
3097 4042
3098 4044
3099 4042
3100 4041
3101 4048
3102 4038
3103 4039
3104 4041
3105 4043
3106 4044
3107 4042
3108 4043
3109 4045
3110 4039
3111 4045
3112 4041
3113 4046
3114 4039
3115 4043
3116 4042
3117 4046
3118 4045
3119 4044
3120 4047
3121 4047
3122 4044
3123 4045
3124 4043
3125 4049
3126 4044
3127 4044
3128 4045
3129 4044
3130 4042
3131 4047
3132 4044
3133 4045
3134 4046
3135 4046
3136 4045
3137 4046
3138 4043
3139 4047
3140 4042
3141 4046
3142 4044
3143 4049
3144 4045
3145 4044
3146 4045
3147 4047
3148 4047
3149 4048
3150 4044
3151 4052
3152 4042
3153 4045
3154 4046
3155 4049
3156 4047
3157 4047
3158 4049
3159 4047
3160 4045
3161 4047
3162 4048
3163 4046
3164 4047
3165 4046
3166 4045
3167 4045
3168 4047
3169 4046
3170 4047
3171 4047
3172 4046
3173 4046
3174 4047
3175 4047
3176 4046
3177 4047
3178 4047
3179 4049
3180 4045
3181 4047
3182 4049
3183 4049
3184 4045
3185 4049
3186 4049
3187 4051
3188 4046
3189 4050
3190 4048
3191 4050
3192 4043
3193 4048
3194 4050
3195 4049
3196 4049
3197 4047
3198 4051
3199 4046
3200 4047
3201 4053
3202 4045
3203 4047
3204 4047
3205 4047
3206 4049
3207 4045
3208 4046
3209 4050
3210 4049
3211 4047
3212 4047
3213 4049
3214 4049
3215 4049
3216 4050
3217 4049
3218 4049
3219 4047
3220 4046
3221 4050
3222 4049
3223 4049
3224 4049
3225 4047
3226 4046
3227 4047
3228 4048
3229 4050
3230 4047
3231 4051
3232 4047
3233 4049
3234 4051
3235 4046
3236 4047
3237 4049
3238 4049
3239 4049
3240 4047
3241 4053
3242 4047
3243 4047
3244 4045
3245 4050
3246 4050
3247 4051
3248 4047
3249 4047
3250 4052
3251 4054
3252 4045
3253 4051
3254 4050
3255 4047
3256 4047
3257 4047
3258 4049
3259 4049
3260 4050
3261 4050
3262 4051
3263 4049
3264 4045
3265 4050
3266 4049
3267 4050
3268 4048
3269 4049
3270 4051
3271 4048
3272 4051
3273 4052
3274 4051
3275 4051
3276 4051
3277 4051
3278 4047
3279 4049
3280 4047
3281 4050
3282 4051
3283 4047
3284 4051
3285 4049
3286 4051
3287 4049
3288 4045
3289 4049
3290 4051
3291 4050
3292 4049
3293 4052
3294 4051
3295 4052
3296 4051
3297 4051
3298 4048
3299 4049
3300 4051
3301 4054
3302 4047
3303 4049
3304 4054
3305 4050
3306 4049
3307 4053
3308 4051
3309 4052
3310 4050
3311 4047
3312 4049
3313 4047
3314 4051
3315 4052
3316 4049
3317 4054
3318 4049
3319 4050
3320 4050
3321 4051
3322 4050
3323 4052
3324 4049
3325 4054
3326 4049
3327 4050
3328 4049
3329 4052
3330 4049
3331 4052
3332 4049
3333 4051
3334 4051
3335 4049
3336 4049
3337 4047
3338 4050
3339 4051
3340 4051
3341 4049
3342 4046
3343 4053
3344 4049
3345 4050
3346 4050
3347 4050
3348 4052
3349 4049
3350 4049
3351 4054
3352 4047
3353 4055
3354 4052
3355 4047
3356 4050
3357 4054
3358 4049
3359 4047
3360 4053
3361 4052
3362 4049
3363 4051
3364 4049
3365 4049
3366 4051
3367 4050
3368 4050
3369 4048
3370 4051
3371 4052
3372 4050
3373 4047
3374 4051
3375 4052
3376 4053
3377 4052
3378 4052
3379 4052
3380 4049
3381 4052
3382 4049
3383 4052
3384 4052
3385 4048
3386 4050
3387 4051
3388 4048
3389 4055
3390 4048
3391 4052
3392 4050
3393 4050
3394 4051
3395 4047
3396 4049
3397 4049
3398 4052
3399 4052
3400 4053
3401 4055
3402 4051
3403 4052
3404 4049
3405 4051
3406 4051
3407 4050
3408 4045
3409 4053
3410 4050
3411 4055
3412 4052
3413 4050
3414 4052
3415 4051
3416 4050
3417 4050
3418 4055
3419 4049
3420 4052
3421 4049
3422 4049
3423 4051
3424 4051
3425 4051
3426 4053
3427 4055
3428 4047
3429 4055
3430 4046
3431 4051
3432 4049
3433 4053
3434 4052
3435 4051
3436 4052
3437 4055
3438 4050
3439 4050
3440 4055
3441 4053
3442 4050
3443 4055
3444 4052
3445 4053
3446 4049
3447 4052
3448 4053
3449 4051
3450 4050
3451 4051
3452 4054
3453 4051
3454 4052
3455 4049
3456 4052
3457 4050
3458 4055
3459 4052
3460 4052
3461 4049
3462 4052
3463 4052
3464 4051
3465 4050
3466 4054
3467 4050
3468 4052
3469 4053
3470 4050
3471 4052
3472 4050
3473 4051
3474 4051
3475 4052
3476 4051
3477 4054
3478 4049
3479 4054
3480 4050
3481 4055
3482 4051
3483 4054
3484 4047
3485 4053
3486 4051
3487 4052
3488 4047
3489 4054
3490 4057
3491 4055
3492 4055
3493 4053
3494 4050
3495 4052
3496 4052
3497 4052
3498 4052
3499 4052
3500 4052
3501 4057
3502 4047
3503 4055
3504 4053
3505 4051
3506 4048
3507 4052
3508 4052
3509 4049
3510 4051
3511 4051
3512 4050
3513 4055
3514 4050
3515 4053
3516 4053
3517 4054
3518 4050
3519 4052
3520 4051
3521 4052
3522 4052
3523 4052
3524 4052
3525 4050
3526 4050
3527 4053
3528 4052
3529 4051
3530 4050
3531 4052
3532 4052
3533 4052
3534 4051
3535 4053
3536 4053
3537 4052
3538 4050
3539 4052
3540 4053
3541 4050
3542 4051
3543 4057
3544 4052
3545 4055
3546 4052
3547 4050
3548 4053
3549 4049
3550 4053
3551 4054
3552 4051
3553 4049
3554 4052
3555 4051
3556 4050
3557 4050
3558 4051
3559 4053
3560 4051
3561 4050
3562 4049
3563 4052
3564 4051
3565 4052
3566 4053
3567 4053
3568 4051
3569 4049
3570 4053
3571 4054
3572 4051
3573 4050
3574 4052
3575 4054
3576 4052
3577 4053
3578 4050
3579 4051
3580 4050
3581 4050
3582 4052
3583 4051
3584 4054
3585 4051
3586 4050
3587 4052
3588 4053
3589 4052
3590 4050
3591 4054
3592 4050
3593 4050
3594 4049
3595 4052
3596 4052
3597 4050
3598 4053
3599 4052
3600 4049
3601 4055
3602 4049
3603 4050
3604 4051
3605 4050
3606 4051
3607 4049
3608 4054
3609 4052
3610 4052
3611 4053
3612 4051
3613 4055
3614 4052
3615 4051
3616 4047
3617 4051
3618 4051
3619 4052
3620 4049
3621 4051
3622 4052
3623 4051
3624 4053
3625 4052
3626 4051
3627 4052
3628 4050
3629 4052
3630 4050
3631 4054
3632 4055
3633 4049
3634 4050
3635 4051
3636 4054
3637 4050
3638 4053
3639 4047
3640 4050
3641 4052
3642 4047
3643 4051
3644 4049
3645 4050
3646 4050
3647 4051
3648 4051
3649 4050
3650 4053
3651 4049
3652 4049
3653 4049
3654 4052
3655 4050
3656 4052
3657 4050
3658 4049
3659 4049
3660 4050
3661 4052
3662 4051
3663 4052
3664 4053
3665 4052
3666 4050
3667 4049
3668 4051
3669 4052
3670 4051
3671 4053
3672 4051
3673 4049
3674 4053
3675 4051
3676 4050
3677 4051
3678 4048
3679 4050
3680 4051
3681 4051
3682 4049
3683 4050
3684 4047
3685 4050
3686 4052
3687 4050
3688 4050
3689 4053
3690 4049
3691 4050
3692 4051
3693 4052
3694 4051
