#Data from the TCD1304 linear CCD
#column 1 = pixelnumber , column 2 = pixelvalue
#Pixel 1-32 and 3679-3694 and are dummy pixels
#SH-period: 200    ICG-period: 100000    Integration time: 100.0 us
2 4020
3 4023
4 4046
5 4044
6 4045
7 4050
8 4044
9 4046
10 4046
11 4047
12 4039
13 4046
14 4046
15 4046
16 4046
17 4046
18 4043
19 4047
20 4045
21 4047
22 4045
23 4045
24 4044
25 4047
26 4046
27 4047
28 4045
29 4047
30 4044
31 4044
32 4046
34 4047
35 4045
36 4046
37 4047
38 4047
39 4043
40 4046
41 4044
42 4045
43 4044
44 4044
45 4049
46 4047
47 4045
48 4046
49 4046
50 4046
51 4050
52 4044
53 4046
54 4047
55 4045
56 4046
57 4044
58 4044
59 4047
60 4046
61 4046
62 4047
63 4046
64 4044
65 4045
66 4047
67 4046
68 4046
69 4046
70 4046
71 4046
72 4045
73 4047
74 4044
75 4047
76 4046
77 4046
78 4042
79 4047
80 4046
81 4044
82 4044
83 4046
84 4046
85 4044
86 4044
87 4047
88 4044
89 4046
90 4044
91 4047
92 4047
93 4047
94 4047
95 4045
96 4044
97 4050
98 4046
99 4046
100 4046
101 4051
102 4045
103 4046
104 4047
105 4046
106 4046
107 4047
108 4044
109 4045
110 4046
111 4046
112 4047
113 4046
114 4044
115 4050
116 4044
117 4050
118 4046
119 4048
120 4043
121 4046
122 4047
123 4046
124 4044
125 4046
126 4048
127 4044
128 4042
129 4047
130 4043
131 4046
132 4047
133 4047
134 4047
135 4046
136 4047
137 4045
138 4050
139 4043
140 4047
141 4046
142 4046
143 4047
144 4044
145 4047
146 4046
147 4044
148 4046
149 4042
150 4045
151 4048
152 4044
153 4046
154 4048
155 4047
156 4046
157 4046
158 4046
159 4047
160 4042
161 4046
162 4045
163 4046
164 4046
165 4046
166 4044
167 4046
168 4046
169 4046
170 4046
171 4045
172 4047
173 4046
174 4044
175 4046
176 4047
177 4042
178 4046
179 4045
180 4042
181 4047
182 4046
183 4045
184 4047
185 4047
186 4046
187 4047
188 4046
189 4050
190 4046
191 4045
192 4047
193 4046
194 4045
195 4046
196 4047
197 4044
198 4046
199 4046
200 4047
201 4051
202 4045
203 4047
204 4042
205 4045
206 4046
207 4047
208 4044
209 4046
210 4045
211 4046
212 4039
213 4048
214 4046
215 4047
216 4045
217 4047
218 4047
219 4044
220 4046
221 4049
222 4047
223 4046
224 4047
225 4044
226 4046
227 4045
228 4044
229 4044
230 4047
231 4046
232 4044
233 4045
234 4044
235 4048
236 4046
237 4047
238 4046
239 4046
240 4047
241 4046
242 4047
243 4047
244 4047
245 4046
246 4047
247 4044
248 4044
249 4047
250 4046
251 4050
252 4046
253 4046
254 4046
255 4049
256 4045
257 4044
258 4046
259 4045
260 4042
261 4047
262 4044
263 4046
264 4043
265 4046
266 4046
267 4047
268 4044
269 4047
270 4046
271 4044
272 4044
273 4046
274 4047
275 4050
276 4046
277 4045
278 4049
279 4045
280 4046
281 4046
282 4046
283 4045
284 4047
285 4047
286 4047
287 4046
288 4044
289 4050
290 4046
291 4047
292 4046
293 4046
294 4044
295 4047
296 4046
297 4047
298 4043
299 4044
300 4047
301 4051
302 4043
303 4045
304 4045
305 4046
306 4044
307 4046
308 4044
309 4047
310 4046
311 4047
312 4047
313 4044
314 4047
315 4050
316 4046
317 4047
318 4047
319 4047
320 4047
321 4047
322 4046
323 4045
324 4044
325 4046
326 4044
327 4044
328 4047
329 4047
330 4044
331 4044
332 4046
333 4044
334 4047
335 4043
336 4047
337 4046
338 4046
339 4047
340 4047
341 4049
342 4046
343 4046
344 4042
345 4046
346 4046
347 4044
348 4047
349 4042
350 4046
351 4050
352 4042
353 4046
354 4046
355 4044
356 4046
357 4047
358 4047
359 4046
360 4047
361 4044
362 4046
363 4047
364 4045
365 4046
366 4046
367 4049
368 4046
369 4045
370 4046
371 4049
372 4047
373 4045
374 4044
375 4046
376 4047
377 4046
378 4045
379 4044
380 4046
381 4047
382 4047
383 4045
384 4046
385 4047
386 4044
387 4046
388 4046
389 4045
390 4046
391 4046
392 4047
393 4044
394 4044
395 4047
396 4046
397 4047
398 4044
399 4047
400 4046
401 4052
402 4044
403 4045
404 4044
405 4047
406 4046
407 4046
408 4044
409 4051
410 4044
411 4046
412 4044
413 4044
414 4044
415 4044
416 4042
417 4047
418 4047
419 4046
420 4047
421 4047
422 4044
423 4047
424 4042
425 4048
426 4046
427 4043
428 4047
429 4046
430 4044
431 4046
432 4046
433 4044
434 4043
435 4046
436 4047
437 4046
438 4047
439 4046
440 4047
441 4047
442 4045
443 4045
444 4043
445 4046
446 4046
447 4044
448 4050
449 4045
450 4046
451 4051
452 4044
453 4045
454 4045
455 4047
456 4046
457 4043
458 4046
459 4044
460 4047
461 4044
462 4044
463 4046
464 4042
465 4047
466 4047
467 4046
468 4044
469 4044
470 4047
471 4046
472 4047
473 4046
474 4044
475 4046
476 4044
477 4047
478 4046
479 4047
480 4046
481 4047
482 4046
483 4046
484 4045
485 4046
486 4047
487 4046
488 4046
489 4046
490 4044
491 4046
492 4047
493 4047
494 4047
495 4046
496 4046
497 4046
498 4046
499 4043
500 4046
501 4050
502 4044
503 4046
504 4046
505 4042
506 4044
507 4050
508 4044
509 4047
510 4044
511 4044
512 4044
513 4046
514 4047
515 4044
516 4044
517 4046
518 4047
519 4047
520 4045
521 4047
522 4044
523 4047
524 4045
525 4046
526 4044
527 4047
528 4045
529 4043
530 4046
531 4046
532 4047
533 4042
534 4046
535 4044
536 4046
537 4046
538 4046
539 4047
540 4043
541 4046
542 4047
543 4044
544 4046
545 4044
546 4047
547 4042
548 4046
549 4046
550 4046
551 4047
552 4046
553 4046
554 4046
555 4046
556 4047
557 4047
558 4044
559 4047
560 4046
561 4046
562 4046
563 4046
564 4043
565 4044
566 4046
567 4046
568 4047
569 4045
570 4046
571 4046
572 4042
573 4046
574 4043
575 4047
576 4045
577 4050
578 4044
579 4046
580 4046
581 4046
582 4043
583 4044
584 4049
585 4044
586 4046
587 4044
588 4046
589 4046
590 4046
591 4047
592 4047
593 4045
594 4046
595 4047
596 4049
597 4046
598 4047
599 4046
600 4050
601 4050
602 4044
603 4047
604 4045
605 4046
606 4044
607 4045
608 4046
609 4044
610 4044
611 4046
612 4045
613 4046
614 4048
615 4044
616 4047
617 4047
618 4045
619 4046
620 4045
621 4046
622 4047
623 4045
624 4047
625 4045
626 4049
627 4050
628 4047
629 4049
630 4046
631 4042
632 4045
633 4044
634 4047
635 4047
636 4046
637 4047
638 4044
639 4045
640 4046
641 4049
642 4044
643 4044
644 4047
645 4046
646 4047
647 4047
648 4044
649 4042
650 4045
651 4050
652 4042
653 4047
654 4044
655 4042
656 4046
657 4045
658 4042
659 4047
660 4046
661 4044
662 4044
663 4050
664 4038
665 4045
666 4046
667 4042
668 4045
669 4042
670 4042
671 4042
672 4046
673 4049
674 4046
675 4044
676 4042
677 4047
678 4046
679 4046
680 4046
681 4042
682 4047
683 4044
684 4047
685 4047
686 4047
687 4045
688 4043
689 4047
690 4047
691 4046
692 4046
693 4046
694 4047
695 4042
696 4045
697 4046
698 4047
699 4046
700 4046
701 4050
702 4044
703 4047
704 4045
705 4042
706 4044
707 4046
708 4042
709 4046
710 4045
711 4042
712 4043
713 4047
714 4046
715 4042
716 4047
717 4043
718 4046
719 4046
720 4041
721 4046
722 4045
723 4044
724 4045
725 4044
726 4046
727 4044
728 4046
729 4046
730 4046
731 4047
732 4042
733 4042
734 4045
735 4046
736 4046
737 4045
738 4045
739 4046
740 4046
741 4046
742 4044
743 4045
744 4044
745 4044
746 4046
747 4044
748 4041
749 4046
750 4044
751 4050
752 4043
753 4042
754 4044
755 4047
756 4045
757 4046
758 4046
759 4051
760 4045
761 4045
762 4044
763 4046
764 4045
765 4046
766 4045
767 4046
768 4044
769 4046
770 4046
771 4046
772 4042
773 4047
774 4044
775 4046
776 4044
777 4049
778 4044
779 4046
780 4044
781 4043
782 4044
783 4042
784 4046
785 4047
786 4044
787 4044
788 4046
789 4046
790 4043
791 4044
792 4047
793 4046
794 4047
795 4046
796 4046
797 4044
798 4043
799 4044
800 4046
801 4052
802 4043
803 4046
804 4049
805 4047
806 4043
807 4045
808 4047
809 4046
810 4046
811 4047
812 4045
813 4047
814 4044
815 4049
816 4046
817 4047
818 4047
819 4047
820 4045
821 4047
822 4050
823 4044
824 4044
825 4047
826 4046
827 4047
828 4049
829 4044
830 4045
831 4046
832 4046
833 4049
834 4044
835 4045
836 4047
837 4046
838 4047
839 4050
840 4045
841 4046
842 4046
843 4047
844 4044
845 4046
846 4044
847 4050
848 4046
849 4044
850 4045
851 4051
852 4042
853 4047
854 4046
855 4044
856 4049
857 4044
858 4045
859 4047
860 4047
861 4047
862 4044
863 4046
864 4046
865 4046
866 4047
867 4043
868 4047
869 4044
870 4047
871 4047
872 4046
873 4042
874 4046
875 4050
876 4044
877 4047
878 4047
879 4045
880 4049
881 4047
882 4050
883 4047
884 4047
885 4045
886 4046
887 4047
888 4046
889 4046
890 4044
891 4047
892 4045
893 4044
894 4044
895 4043
896 4046
897 4042
898 4042
899 4046
900 4047
901 4047
902 4042
903 4047
904 4045
905 4046
906 4047
907 4044
908 4043
909 4047
910 4046
911 4043
912 4047
913 4047
914 4042
915 4046
916 4044
917 4046
918 4046
919 4046
920 4044
921 4047
922 4044
923 4046
924 4045
925 4045
926 4046
927 4047
928 4044
929 4047
930 4042
931 4047
932 4046
933 4041
934 4047
935 4046
936 4047
937 4045
938 4047
939 4045
940 4042
941 4050
942 4046
943 4046
944 4046
945 4046
946 4046
947 4045
948 4047
949 4046
950 4046
951 4050
952 4046
953 4050
954 4042
955 4044
956 4045
957 4045
958 4044
959 4047
960 4042
961 4047
962 4049
963 4045
964 4047
965 4049
966 4046
967 4046
968 4044
969 4047
970 4046
971 4049
972 4046
973 4047
974 4044
975 4047
976 4049
977 4046
978 4047
979 4044
980 4047
981 4045
982 4045
983 4046
984 4043
985 4046
986 4045
987 4047
988 4044
989 4046
990 4047
991 4044
992 4044
993 4047
994 4045
995 4045
996 4044
997 4048
998 4046
999 4046
1000 4046
1001 4050
1002 4044
1003 4045
1004 4049
1005 4047
1006 4044
1007 4046
1008 4043
1009 4047
1010 4049
1011 4045
1012 4042
1013 4047
1014 4044
1015 4047
1016 4046
1017 4042
1018 4045
1019 4045
1020 4046
1021 4046
1022 4049
1023 4046
1024 4046
1025 4047
1026 4046
1027 4044
1028 4047
1029 4046
1030 4044
1031 4046
1032 4044
1033 4044
1034 4045
1035 4042
1036 4047
1037 4047
1038 4045
1039 4046
1040 4044
1041 4050
1042 4044
1043 4047
1044 4044
1045 4047
1046 4049
1047 4046
1048 4044
1049 4044
1050 4047
1051 4050
1052 4044
1053 4045
1054 4048
1055 4046
1056 4047
1057 4042
1058 4046
1059 4047
1060 4044
1061 4041
1062 4045
1063 4044
1064 4047
1065 4044
1066 4046
1067 4046
1068 4045
1069 4046
1070 4047
1071 4047
1072 4046
1073 4045
1074 4047
1075 4047
1076 4046
1077 4047
1078 4047
1079 4047
1080 4046
1081 4047
1082 4046
1083 4045
1084 4046
1085 4047
1086 4044
1087 4047
1088 4045
1089 4047
1090 4046
1091 4045
1092 4046
1093 4047
1094 4044
1095 4046
1096 4046
1097 4046
1098 4045
1099 4048
1100 4044
1101 4047
1102 4046
1103 4042
1104 4046
1105 4047
1106 4047
1107 4045
1108 4047
1109 4046
1110 4044
1111 4046
1112 4045
1113 4048
1114 4044
1115 4045
1116 4045
1117 4046
1118 4046
1119 4046
1120 4047
1121 4047
1122 4048
1123 4045
1124 4045
1125 4048
1126 4046
1127 4047
1128 4042
1129 4047
1130 4046
1131 4047
1132 4047
1133 4041
1134 4046
1135 4045
1136 4047
1137 4051
1138 4045
1139 4047
1140 4044
1141 4045
1142 4044
1143 4046
1144 4046
1145 4044
1146 4047
1147 4045
1148 4044
1149 4045
1150 4046
1151 4053
1152 4042
1153 4044
1154 4044
1155 4045
1156 4044
1157 4047
1158 4046
1159 4047
1160 4046
1161 4044
1162 4046
1163 4044
1164 4044
1165 4047
1166 4045
1167 4042
1168 4041
1169 4047
1170 4045
1171 4047
1172 4043
1173 4046
1174 4046
1175 4046
1176 4046
1177 4044
1178 4046
1179 4046
1180 4044
1181 4047
1182 4044
1183 4047
1184 4043
1185 4047
1186 4046
1187 4046
1188 4046
1189 4046
1190 4045
1191 4044
1192 4044
1193 4049
1194 4046
1195 4044
1196 4044
1197 4046
1198 4043
1199 4042
1200 4047
1201 4050
1202 4044
1203 4047
1204 4048
1205 4044
1206 4047
1207 4047
1208 4044
1209 4045
1210 4044
1211 4049
1212 4046
1213 4045
1214 4045
1215 4047
1216 4049
1217 4046
1218 4047
1219 4046
1220 4046
1221 4049
1222 4045
1223 4046
1224 4044
1225 4046
1226 4047
1227 4046
1228 4047
1229 4045
1230 4044
1231 4047
1232 4045
1233 4045
1234 4047
1235 4047
1236 4045
1237 4045
1238 4044
1239 4046
1240 4042
1241 4047
1242 4044
1243 4044
1244 4047
1245 4046
1246 4046
1247 4046
1248 4046
1249 4047
1250 4044
1251 4051
1252 4045
1253 4046
1254 4045
1255 4044
1256 4047
1257 4042
1258 4044
1259 4046
1260 4044
1261 4046
1262 4046
1263 4046
1264 4045
1265 4047
1266 4045
1267 4044
1268 4045
1269 4046
1270 4044
1271 4049
1272 4040
1273 4045
1274 4043
1275 4045
1276 4045
1277 4047
1278 4042
1279 4047
1280 4044
1281 4042
1282 4046
1283 4044
1284 4047
1285 4044
1286 4042
1287 4047
1288 4044
1289 4042
1290 4045
1291 4046
1292 4046
1293 4049
1294 4044
1295 4046
1296 4044
1297 4047
1298 4045
1299 4047
1300 4042
1301 4052
1302 4045
1303 4046
1304 4044
1305 4046
1306 4046
1307 4046
1308 4046
1309 4049
1310 4047
1311 4044
1312 4047
1313 4047
1314 4047
1315 4046
1316 4045
1317 4046
1318 4042
1319 4046
1320 4045
1321 4047
1322 4043
1323 4045
1324 4044
1325 4050
1326 4047
1327 4047
1328 4047
1329 4046
1330 4046
1331 4045
1332 4044
1333 4046
1334 4044
1335 4045
1336 4043
1337 4047
1338 4046
1339 4045
1340 4047
1341 4045
1342 4044
1343 4047
1344 4044
1345 4047
1346 4045
1347 4044
1348 4046
1349 4046
1350 4046
1351 4050
1352 4047
1353 4046
1354 4045
1355 4044
1356 4046
1357 4045
1358 4044
1359 4047
1360 4046
1361 4045
1362 4044
1363 4045
1364 4045
1365 4047
1366 4047
1367 4046
1368 4046
1369 4047
1370 4044
1371 4047
1372 4046
1373 4046
1374 4046
1375 4046
1376 4044
1377 4050
1378 4046
1379 4044
1380 4047
1381 4044
1382 4050
1383 4046
1384 4050
1385 4047
1386 4047
1387 4044
1388 4045
1389 4045
1390 4046
1391 4047
1392 4046
1393 4046
1394 4046
1395 4046
1396 4047
1397 4046
1398 4042
1399 4042
1400 4046
1401 4047
1402 4042
1403 4052
1404 4047
1405 4046
1406 4044
1407 4050
1408 4043
1409 4046
1410 4044
1411 4044
1412 4044
1413 4044
1414 4047
1415 4047
1416 4050
1417 4044
1418 4046
1419 4049
1420 4045
1421 4047
1422 4046
1423 4044
1424 4047
1425 4046
1426 4044
1427 4047
1428 4047
1429 4046
1430 4046
1431 4047
1432 4045
1433 4045
1434 4046
1435 4046
1436 4044
1437 4044
1438 4046
1439 4046
1440 4047
1441 4050
1442 4047
1443 4047
1444 4043
1445 4046
1446 4044
1447 4046
1448 4043
1449 4046
1450 4046
1451 4050
1452 4043
1453 4046
1454 4045
1455 4042
1456 4044
1457 4046
1458 4044
1459 4047
1460 4042
1461 4045
1462 4047
1463 4045
1464 4047
1465 4046
1466 4046
1467 4046
1468 4043
1469 4044
1470 4045
1471 4046
1472 4045
1473 4046
1474 4045
1475 4047
1476 4046
1477 4046
1478 4045
1479 4046
1480 4046
1481 4047
1482 4044
1483 4045
1484 4047
1485 4046
1486 4045
1487 4047
1488 4043
1489 4050
1490 4046
1491 4043
1492 4046
1493 4044
1494 4047
1495 4044
1496 4046
1497 4046
1498 4045
1499 4046
1500 4043
1501 4050
1502 4044
1503 4044
1504 4044
1505 4046
1506 4047
1507 4047
1508 4047
1509 4047
1510 4046
1511 4046
1512 4044
1513 4046
1514 4044
1515 4046
1516 4046
1517 4047
1518 4050
1519 4047
1520 4046
1521 4050
1522 4046
1523 4044
1524 4046
1525 4047
1526 4046
1527 4044
1528 4047
1529 4047
1530 4047
1531 4046
1532 4047
1533 4041
1534 4047
1535 4046
1536 4043
1537 4047
1538 4047
1539 4047
1540 4047
1541 4047
1542 4042
1543 4044
1544 4044
1545 4046
1546 4046
1547 4046
1548 4044
1549 4050
1550 4047
1551 4050
1552 4039
1553 4046
1554 4044
1555 4047
1556 4050
1557 4044
1558 4044
1559 4044
1560 4047
1561 4046
1562 4046
1563 4047
1564 4046
1565 4046
1566 4047
1567 4046
1568 4045
1569 4044
1570 4043
1571 4047
1572 4046
1573 4044
1574 4049
1575 4045
1576 4044
1577 4046
1578 4045
1579 4044
1580 4045
1581 4050
1582 4045
1583 4044
1584 4045
1585 4045
1586 4047
1587 4047
1588 4047
1589 4047
1590 4046
1591 4046
1592 4046
1593 4047
1594 4044
1595 4046
1596 4047
1597 4044
1598 4042
1599 4046
1600 4045
1601 4052
1602 4042
1603 4050
1604 4046
1605 4047
1606 4047
1607 4047
1608 4045
1609 4046
1610 4047
1611 4046
1612 4046
1613 4047
1614 4043
1615 4044
1616 4046
1617 4047
1618 4046
1619 4046
1620 4047
1621 4045
1622 4049
1623 4043
1624 4044
1625 4044
1626 4047
1627 4046
1628 4045
1629 4042
1630 4046
1631 4047
1632 4046
1633 4044
1634 4047
1635 4045
1636 4044
1637 4043
1638 4046
1639 4044
1640 4045
1641 4045
1642 4047
1643 4046
1644 4044
1645 4047
1646 4046
1647 4043
1648 4047
1649 4045
1650 4043
1651 4050
1652 4042
1653 4046
1654 4042
1655 4047
1656 4044
1657 4046
1658 4046
1659 4044
1660 4042
1661 4047
1662 4047
1663 4046
1664 4044
1665 4046
1666 4047
1667 4047
1668 4045
1669 4047
1670 4045
1671 4044
1672 4047
1673 4047
1674 4044
1675 4047
1676 4044
1677 4042
1678 4044
1679 4047
1680 4044
1681 4044
1682 4047
1683 4047
1684 4045
1685 4044
1686 4044
1687 4050
1688 4046
1689 4045
1690 4046
1691 4045
1692 4046
1693 4045
1694 4046
1695 4047
1696 4046
1697 4049
1698 4047
1699 4046
1700 4047
1701 4047
1702 4044
1703 4047
1704 4044
1705 4044
1706 4047
1707 4043
1708 4042
1709 4047
1710 4045
1711 4047
1712 4042
1713 4044
1714 4047
1715 4047
1716 4045
1717 4046
1718 4046
1719 4044
1720 4046
1721 4047
1722 4044
1723 4044
1724 4046
1725 4046
1726 4045
1727 4046
1728 4044
1729 4047
1730 4044
1731 4047
1732 4046
1733 4044
1734 4046
1735 4043
1736 4044
1737 4042
1738 4046
1739 4046
1740 4048
1741 4046
1742 4046
1743 4048
1744 4044
1745 4047
1746 4047
1747 4047
1748 4046
1749 4045
1750 4049
1751 4046
1752 4043
1753 4050
1754 4046
1755 4043
1756 4042
1757 4044
1758 4042
1759 4046
1760 4043
1761 4047
1762 4046
1763 4046
1764 4044
1765 4047
1766 4046
1767 4047
1768 4046
1769 4046
1770 4046
1771 4048
1772 4046
1773 4044
1774 4047
1775 4046
1776 4047
1777 4047
1778 4047
1779 4047
1780 4047
1781 4047
1782 4046
1783 4042
1784 4047
1785 4047
1786 4043
1787 4046
1788 4045
1789 4047
1790 4046
1791 4047
1792 4047
1793 4047
1794 4044
1795 4047
1796 4047
1797 4044
1798 4047
1799 4046
1800 4047
1801 4050
1802 4046
1803 4047
1804 4047
1805 4044
1806 4046
1807 4046
1808 4041
1809 4045
1810 4044
1811 4044
1812 4047
1813 4052
1814 4042
1815 4046
1816 4045
1817 4045
1818 4047
1819 4046
1820 4046
1821 4046
1822 4044
1823 4046
1824 4046
1825 4046
1826 4046
1827 4046
1828 4047
1829 4044
1830 4043
1831 4044
1832 4046
1833 4044
1834 4044
1835 4047
1836 4044
1837 4044
1838 4044
1839 4044
1840 4046
1841 4046
1842 4047
1843 4045
1844 4046
1845 4045
1846 4043
1847 4047
1848 4045
1849 4047
1850 4046
1851 4051
1852 4045
1853 4047
1854 4046
1855 4046
1856 4046
1857 4047
1858 4044
1859 4044
1860 4045
1861 4046
1862 4047
1863 4045
1864 4046
1865 4046
1866 4045
1867 4046
1868 4042
1869 4049
1870 4044
1871 4046
1872 4048
1873 4047
1874 4044
1875 4047
1876 4047
1877 4046
1878 4046
1879 4047
1880 4046
1881 4047
1882 4047
1883 4046
1884 4046
1885 4046
1886 4047
1887 4046
1888 4045
1889 4045
1890 4047
1891 4046
1892 4045
1893 4044
1894 4044
1895 4044
1896 4044
1897 4046
1898 4042
1899 4046
1900 4047
1901 4050
1902 4042
1903 4047
1904 4046
1905 4042
1906 4043
1907 4046
1908 4042
1909 4047
1910 4047
1911 4044
1912 4047
1913 4042
1914 4047
1915 4046
1916 4048
1917 4047
1918 4046
1919 4045
1920 4046
1921 4046
1922 4047
1923 4046
1924 4046
1925 4045
1926 4044
1927 4044
1928 4047
1929 4044
1930 4044
1931 4047
1932 4044
1933 4045
1934 4047
1935 4049
1936 4045
1937 4047
1938 4046
1939 4047
1940 4043
1941 4045
1942 4046
1943 4042
1944 4045
1945 4046
1946 4044
1947 4045
1948 4046
1949 4046
1950 4044
1951 4050
1952 4041
1953 4047
1954 4048
1955 4045
1956 4046
1957 4046
1958 4041
1959 4045
1960 4045
1961 4047
1962 4047
1963 4045
1964 4046
1965 4044
1966 4044
1967 4046
1968 4047
1969 4044
1970 4046
1971 4046
1972 4047
1973 4044
1974 4046
1975 4044
1976 4044
1977 4047
1978 4044
1979 4046
1980 4047
1981 4050
1982 4042
1983 4044
1984 4047
1985 4046
1986 4044
1987 4047
1988 4045
1989 4044
1990 4042
1991 4046
1992 4045
1993 4046
1994 4047
1995 4045
1996 4042
1997 4044
1998 4046
1999 4046
2000 4047
2001 4047
2002 4042
2003 4046
2004 4045
2005 4047
2006 4044
2007 4046
2008 4043
2009 4046
2010 4045
2011 4044
2012 4044
2013 4046
2014 4044
2015 4044
2016 4043
2017 4046
2018 4046
2019 4046
2020 4047
2021 4046
2022 4045
2023 4046
2024 4046
2025 4046
2026 4046
2027 4046
2028 4043
2029 4046
2030 4044
2031 4047
2032 4046
2033 4049
2034 4047
2035 4044
2036 4046
2037 4045
2038 4047
2039 4046
2040 4046
2041 4042
2042 4044
2043 4047
2044 4044
2045 4044
2046 4046
2047 4047
2048 4042
2049 4044
2050 4042
2051 4052
2052 4042
2053 4045
2054 4047
2055 4047
2056 4044
2057 4047
2058 4045
2059 4047
2060 4044
2061 4047
2062 4047
2063 4039
2064 4044
2065 4047
2066 4045
2067 4045
2068 4044
2069 4046
2070 4046
2071 4047
2072 4047
2073 4046
2074 4045
2075 4047
2076 4046
2077 4046
2078 4047
2079 4044
2080 4042
2081 4047
2082 4045
2083 4043
2084 4044
2085 4046
2086 4045
2087 4045
2088 4044
2089 4047
2090 4044
2091 4046
2092 4046
2093 4046
2094 4044
2095 4044
2096 4046
2097 4047
2098 4046
2099 4047
2100 4044
2101 4047
2102 4044
2103 4047
2104 4046
2105 4045
2106 4043
2107 4046
2108 4044
2109 4046
2110 4048
2111 4046
2112 4046
2113 4046
2114 4045
2115 4046
2116 4045
2117 4044
2118 4046
2119 4046
2120 4046
2121 4044
2122 4046
2123 4042
2124 4047
2125 4042
2126 4047
2127 4044
2128 4045
2129 4046
2130 4042
2131 4046
2132 4046
2133 4042
2134 4046
2135 4047
2136 4044
2137 4047
2138 4047
2139 4042
2140 4047
2141 4046
2142 4044
2143 4042
2144 4044
2145 4047
2146 4045
2147 4050
2148 4047
2149 4044
2150 4046
2151 4052
2152 4044
2153 4047
2154 4047
2155 4047
2156 4043
2157 4046
2158 4046
2159 4047
2160 4044
2161 4047
2162 4044
2163 4044
2164 4046
2165 4046
2166 4046
2167 4045
2168 4044
2169 4041
2170 4046
2171 4046
2172 4042
2173 4046
2174 4046
2175 4047
2176 4043
2177 4044
2178 4046
2179 4046
2180 4045
2181 4044
2182 4046
2183 4047
2184 4044
2185 4044
2186 4046
2187 4046
2188 4046
2189 4049
2190 4046
2191 4046
2192 4045
2193 4044
2194 4047
2195 4047
2196 4046
2197 4042
2198 4043
2199 4046
2200 4045
2201 4051
2202 4045
2203 4044
2204 4044
2205 4046
2206 4042
2207 4044
2208 4042
2209 4047
2210 4047
2211 4045
2212 4045
2213 4045
2214 4044
2215 4046
2216 4044
2217 4046
2218 4043
2219 4044
2220 4046
2221 4046
2222 4045
2223 4044
2224 4046
2225 4046
2226 4045
2227 4046
2228 4047
2229 4044
2230 4043
2231 4046
2232 4043
2233 4043
2234 4046
2235 4043
2236 4041
2237 4044
2238 4044
2239 4042
2240 4045
2241 4044
2242 4042
2243 4043
2244 4042
2245 4042
2246 4046
2247 4045
2248 4044
2249 4045
2250 4045
2251 4044
2252 4041
2253 4043
2254 4042
2255 4047
2256 4047
2257 4046
2258 4042
2259 4047
2260 4044
2261 4045
2262 4042
2263 4043
2264 4046
2265 4046
2266 4044
2267 4046
2268 4045
2269 4044
2270 4044
2271 4045
2272 4045
2273 4043
2274 4047
2275 4044
2276 4042
2277 4042
2278 4047
2279 4044
2280 4045
2281 4039
2282 4046
2283 4042
2284 4043
2285 4046
2286 4043
2287 4047
2288 4039
2289 4044
2290 4044
2291 4045
2292 4044
2293 4042
2294 4042
2295 4043
2296 4045
2297 4045
2298 4046
2299 4044
2300 4044
2301 4047
2302 4043
2303 4044
2304 4042
2305 4045
2306 4047
2307 4045
2308 4042
2309 4044
2310 4044
2311 4044
2312 4046
2313 4046
2314 4043
2315 4047
2316 4046
2317 4047
2318 4044
2319 4042
2320 4044
2321 4050
2322 4044
2323 4045
2324 4042
2325 4044
2326 4047
2327 4043
2328 4045
2329 4043
2330 4044
2331 4044
2332 4046
2333 4046
2334 4044
2335 4042
2336 4043
2337 4047
2338 4045
2339 4046
2340 4049
2341 4045
2342 4044
2343 4042
2344 4043
2345 4045
2346 4047
2347 4046
2348 4047
2349 4044
2350 4044
2351 4050
2352 4047
2353 4046
2354 4042
2355 4045
2356 4044
2357 4044
2358 4043
2359 4046
2360 4046
2361 4044
2362 4044
2363 4045
2364 4046
2365 4046
2366 4047
2367 4044
2368 4044
2369 4044
2370 4041
2371 4045
2372 4046
2373 4044
2374 4045
2375 4046
2376 4047
2377 4043
2378 4046
2379 4044
2380 4043
2381 4047
2382 4042
2383 4044
2384 4047
2385 4047
2386 4043
2387 4042
2388 4042
2389 4044
2390 4046
2391 4044
2392 4041
2393 4044
2394 4042
2395 4044
2396 4046
2397 4043
2398 4046
2399 4045
2400 4046
2401 4047
2402 4042
2403 4044
2404 4045
2405 4046
2406 4044
2407 4047
2408 4042
2409 4044
2410 4043
2411 4046
2412 4043
2413 4046
2414 4044
2415 4046
2416 4046
2417 4044
2418 4042
2419 4044
2420 4045
2421 4046
2422 4046
2423 4043
2424 4042
2425 4046
2426 4044
2427 4044
2428 4042
2429 4044
2430 4044
2431 4046
2432 4046
2433 4042
2434 4049
2435 4043
2436 4042
2437 4043
2438 4044
2439 4043
2440 4045
2441 4043
2442 4047
2443 4047
2444 4047
2445 4046
2446 4047
2447 4044
2448 4045
2449 4044
2450 4045
2451 4047
2452 4042
2453 4047
2454 4044
2455 4047
2456 4043
2457 4045
2458 4042
2459 4046
2460 4043
2461 4046
2462 4047
2463 4044
2464 4046
2465 4046
2466 4044
2467 4047
2468 4047
2469 4044
2470 4044
2471 4046
2472 4039
2473 4044
2474 4044
2475 4045
2476 4042
2477 4047
2478 4044
2479 4045
2480 4043
2481 4046
2482 4045
2483 4044
2484 4042
2485 4045
2486 4044
2487 4044
2488 4047
2489 4046
2490 4044
2491 4042
2492 4045
2493 4044
2494 4043
2495 4044
2496 4044
2497 4041
2498 4046
2499 4046
2500 4045
2501 4046
2502 4044
2503 4042
2504 4041
2505 4044
2506 4047
2507 4040
2508 4043
2509 4044
2510 4046
2511 4046
2512 4044
2513 4043
2514 4042
2515 4046
2516 4042
2517 4041
2518 4044
2519 4044
2520 4045
2521 4046
2522 4047
2523 4045
2524 4044
2525 4044
2526 4047
2527 4041
2528 4042
2529 4042
2530 4046
2531 4044
2532 4046
2533 4042
2534 4046
2535 4044
2536 4044
2537 4044
2538 4045
2539 4044
2540 4046
2541 4046
2542 4043
2543 4046
2544 4045
2545 4046
2546 4044
2547 4042
2548 4042
2549 4044
2550 4043
2551 4052
2552 4039
2553 4044
2554 4042
2555 4049
2556 4041
2557 4046
2558 4042
2559 4046
2560 4042
2561 4041
2562 4044
2563 4044
2564 4042
2565 4046
2566 4044
2567 4044
2568 4044
2569 4044
2570 4042
2571 4044
2572 4043
2573 4043
2574 4044
2575 4046
2576 4042
2577 4042
2578 4042
2579 4045
2580 4042
2581 4039
2582 4044
2583 4039
2584 4043
2585 4039
2586 4045
2587 4044
2588 4045
2589 4039
2590 4039
2591 4044
2592 4043
2593 4046
2594 4042
2595 4044
2596 4044
2597 4046
2598 4039
2599 4044
2600 4043
2601 4047
2602 4039
2603 4046
2604 4041
2605 4042
2606 4046
2607 4047
2608 4036
2609 4044
2610 4045
2611 4042
2612 4047
2613 4044
2614 4043
2615 4041
2616 4041
2617 4042
2618 4041
2619 4040
2620 4039
2621 4044
2622 4039
2623 4041
2624 4042
2625 4044
2626 4042
2627 4038
2628 4047
2629 4042
2630 4044
2631 4045
2632 4046
2633 4041
2634 4042
2635 4045
2636 4042
2637 4039
2638 4041
2639 4046
2640 4040
2641 4044
2642 4041
2643 4039
2644 4039
2645 4042
2646 4042
2647 4044
2648 4039
2649 4043
2650 4040
2651 4046
2652 4039
2653 4039
2654 4036
2655 4041
2656 4039
2657 4039
2658 4038
2659 4044
2660 4038
2661 4044
2662 4041
2663 4041
2664 4038
2665 4039
2666 4042
2667 4044
2668 4039
2669 4041
2670 4039
2671 4040
2672 4038
2673 4046
2674 4044
2675 4043
2676 4039
2677 4041
2678 4039
2679 4038
2680 4043
2681 4042
2682 4038
2683 4043
2684 4042
2685 4038
2686 4044
2687 4043
2688 4045
2689 4043
2690 4038
2691 4043
2692 4042
2693 4044
2694 4039
2695 4044
2696 4043
2697 4042
2698 4039
2699 4043
2700 4041
2701 4046
2702 4041
2703 4042
2704 4042
2705 4039
2706 4038
2707 4039
2708 4042
2709 4044
2710 4039
2711 4039
2712 4044
2713 4042
2714 4042
2715 4039
2716 4041
2717 4041
2718 4039
2719 4038
2720 4044
2721 4044
2722 4038
2723 4045
2724 4040
2725 4042
2726 4044
2727 4039
2728 4042
2729 4041
2730 4039
2731 4041
2732 4039
2733 4039
2734 4042
2735 4039
2736 4042
2737 4043
2738 4041
2739 4038
2740 4039
2741 4042
2742 4042
2743 4044
2744 4039
2745 4035
2746 4039
2747 4041
2748 4039
2749 4039
2750 4039
2751 4046
2752 4039
2753 4038
2754 4043
2755 4038
2756 4037
2757 4038
2758 4042
2759 4044
2760 4039
2761 4041
2762 4042
2763 4041
2764 4042
2765 4042
2766 4039
2767 4042
2768 4039
2769 4038
2770 4039
2771 4039
2772 4042
2773 4038
2774 4039
2775 4038
2776 4038
2777 4039
2778 4039
2779 4042
2780 4038
2781 4039
2782 4042
2783 4040
2784 4038
2785 4040
2786 4038
2787 4039
2788 4038
2789 4044
2790 4036
2791 4041
2792 4042
2793 4039
2794 4040
2795 4039
2796 4043
2797 4038
2798 4039
2799 4038
2800 4045
2801 4044
2802 4036
2803 4042
2804 4036
2805 4039
2806 4043
2807 4044
2808 4044
2809 4038
2810 4039
2811 4039
2812 4038
2813 4036
2814 4041
2815 4042
2816 4039
2817 4041
2818 4039
2819 4039
2820 4042
2821 4047
2822 4040
2823 4039
2824 4039
2825 4042
2826 4042
2827 4039
2828 4041
2829 4036
2830 4039
2831 4044
2832 4044
2833 4041
2834 4039
2835 4041
2836 4040
2837 4038
2838 4039
2839 4041
2840 4039
2841 4041
2842 4040
2843 4043
2844 4044
2845 4036
2846 4039
2847 4040
2848 4044
2849 4041
2850 4039
2851 4042
2852 4038
2853 4044
2854 4039
2855 4042
2856 4038
2857 4044
2858 4043
2859 4039
2860 4042
2861 4040
2862 4045
2863 4044
2864 4042
2865 4042
2866 4039
2867 4043
2868 4042
2869 4043
2870 4044
2871 4039
2872 4042
2873 4045
2874 4039
2875 4042
2876 4044
2877 4044
2878 4041
2879 4043
2880 4042
2881 4040
2882 4043
2883 4039
2884 4042
2885 4040
2886 4043
2887 4042
2888 4038
2889 4039
2890 4040
2891 4044
2892 4039
2893 4044
2894 4044
2895 4041
2896 4044
2897 4039
2898 4040
2899 4044
2900 4039
2901 4049
2902 4039
2903 4042
2904 4042
2905 4044
2906 4044
2907 4043
2908 4046
2909 4046
2910 4039
2911 4041
2912 4044
2913 4046
2914 4042
2915 4041
2916 4043
2917 4044
2918 4042
2919 4045
2920 4041
2921 4044
2922 4043
2923 4042
2924 4042
2925 4041
2926 4044
2927 4042
2928 4043
2929 4044
2930 4044
2931 4042
2932 4046
2933 4046
2934 4044
2935 4042
2936 4045
2937 4044
2938 4044
2939 4044
2940 4044
2941 4047
2942 4044
2943 4042
2944 4042
2945 4042
2946 4046
2947 4046
2948 4044
2949 4044
2950 4043
2951 4046
2952 4039
2953 4039
2954 4044
2955 4044
2956 4044
2957 4044
2958 4042
2959 4044
2960 4046
2961 4045
2962 4045
2963 4046
2964 4043
2965 4044
2966 4044
2967 4047
2968 4045
2969 4044
2970 4044
2971 4047
2972 4039
2973 4044
2974 4044
2975 4047
2976 4047
2977 4044
2978 4045
2979 4044
2980 4044
2981 4042
2982 4044
2983 4043
2984 4046
2985 4044
2986 4044
2987 4042
2988 4044
2989 4044
2990 4045
2991 4045
2992 4046
2993 4042
2994 4042
2995 4046
2996 4046
2997 4041
2998 4044
2999 4047
3000 4043
3001 4050
3002 4041
3003 4047
3004 4042
3005 4044
3006 4044
3007 4044
3008 4044
3009 4044
3010 4044
3011 4042
3012 4045
3013 4046
3014 4044
3015 4044
3016 4046
3017 4044
3018 4045
3019 4047
3020 4046
3021 4047
3022 4038
3023 4046
3024 4046
3025 4047
3026 4046
3027 4045
3028 4047
3029 4044
3030 4041
3031 4047
3032 4044
3033 4044
3034 4047
3035 4045
3036 4044
3037 4046
3038 4045
3039 4044
3040 4042
3041 4044
3042 4044
3043 4047
3044 4045
3045 4046
3046 4045
3047 4044
3048 4047
3049 4047
3050 4046
3051 4051
3052 4044
3053 4046
3054 4046
3055 4045
3056 4046
3057 4044
3058 4044
3059 4051
3060 4044
3061 4047
3062 4044
3063 4046
3064 4044
3065 4047
3066 4047
3067 4046
3068 4044
3069 4045
3070 4047
3071 4047
3072 4044
3073 4047
3074 4044
3075 4043
3076 4046
3077 4043
3078 4046
3079 4047
3080 4047
3081 4046
3082 4042
3083 4045
3084 4046
3085 4042
3086 4043
3087 4046
3088 4046
3089 4046
3090 4046
3091 4046
3092 4046
3093 4045
3094 4047
3095 4046
3096 4044
3097 4044
3098 4045
3099 4045
3100 4045
3101 4049
3102 4045
3103 4046
3104 4047
3105 4050
3106 4046
3107 4045
3108 4042
3109 4046
3110 4046
3111 4046
3112 4044
3113 4046
3114 4046
3115 4047
3116 4044
3117 4046
3118 4047
3119 4043
3120 4046
3121 4046
3122 4047
3123 4050
3124 4044
3125 4044
3126 4047
3127 4042
3128 4044
3129 4046
3130 4042
3131 4047
3132 4045
3133 4044
3134 4044
3135 4046
3136 4044
3137 4047
3138 4045
3139 4050
3140 4046
3141 4044
3142 4042
3143 4049
3144 4046
3145 4047
3146 4047
3147 4046
3148 4044
3149 4050
3150 4047
3151 4050
3152 4043
3153 4046
3154 4044
3155 4047
3156 4044
3157 4046
3158 4046
3159 4044
3160 4046
3161 4045
3162 4047
3163 4044
3164 4049
3165 4042
3166 4042
3167 4046
3168 4044
3169 4047
3170 4045
3171 4045
3172 4044
3173 4046
3174 4046
3175 4045
3176 4046
3177 4047
3178 4047
3179 4045
3180 4045
3181 4047
3182 4046
3183 4047
3184 4046
3185 4045
3186 4046
3187 4044
3188 4047
3189 4047
3190 4046
3191 4046
3192 4046
3193 4043
3194 4044
3195 4047
3196 4049
3197 4046
3198 4046
3199 4047
3200 4046
3201 4049
3202 4046
3203 4047
3204 4044
3205 4046
3206 4044
3207 4044
3208 4044
3209 4046
3210 4043
3211 4047
3212 4047
3213 4047
3214 4044
3215 4047
3216 4047
3217 4046
3218 4047
3219 4041
3220 4049
3221 4046
3222 4044
3223 4047
3224 4046
3225 4046
3226 4044
3227 4044
3228 4045
3229 4046
3230 4046
3231 4046
3232 4047
3233 4042
3234 4046
3235 4047
3236 4045
3237 4047
3238 4044
3239 4045
3240 4044
3241 4047
3242 4044
3243 4045
3244 4044
3245 4045
3246 4048
3247 4047
3248 4047
3249 4044
3250 4046
3251 4050
3252 4043
3253 4047
3254 4048
3255 4047
3256 4046
3257 4046
3258 4047
3259 4047
3260 4046
3261 4046
3262 4050
3263 4044
3264 4043
3265 4047
3266 4049
3267 4045
3268 4047
3269 4044
3270 4046
3271 4047
3272 4046
3273 4046
3274 4047
3275 4047
3276 4047
3277 4046
3278 4045
3279 4044
3280 4046
3281 4042
3282 4045
3283 4043
3284 4044
3285 4043
3286 4046
3287 4047
3288 4045
3289 4044
3290 4044
3291 4046
3292 4044
3293 4044
3294 4044
3295 4044
3296 4046
3297 4043
3298 4043
3299 4044
3300 4045
3301 4047
3302 4044
3303 4046
3304 4043
3305 4042
3306 4042
3307 4045
3308 4044
3309 4044
3310 4046
3311 4047
3312 4042
3313 4044
3314 4045
3315 4044
3316 4038
3317 4045
3318 4042
3319 4045
3320 4044
3321 4044
3322 4042
3323 4047
3324 4042
3325 4046
3326 4042
3327 4044
3328 4047
3329 4046
3330 4042
3331 4047
3332 4047
3333 4042
3334 4044
3335 4047
3336 4046
3337 4043
3338 4043
3339 4046
3340 4044
3341 4044
3342 4045
3343 4041
3344 4044
3345 4047
3346 4047
3347 4042
3348 4041
3349 4045
3350 4042
3351 4047
3352 4042
3353 4044
3354 4046
3355 4047
3356 4051
3357 4047
3358 4044
3359 4047
3360 4045
3361 4046
3362 4043
3363 4046
3364 4047
3365 4046
3366 4046
3367 4047
3368 4047
3369 4046
3370 4044
3371 4046
3372 4046
3373 4046
3374 4047
3375 4046
3376 4046
3377 4045
3378 4045
3379 4044
3380 4046
3381 4047
3382 4042
3383 4044
3384 4046
3385 4044
3386 4044
3387 4046
3388 4046
3389 4047
3390 4042
3391 4046
3392 4044
3393 4046
3394 4044
3395 4045
3396 4047
3397 4048
3398 4050
3399 4046
3400 4044
3401 4051
3402 4046
3403 4050
3404 4047
3405 4046
3406 4044
3407 4046
3408 4044
3409 4047
3410 4040
3411 4046
3412 4046
3413 4045
3414 4047
3415 4044
3416 4044
3417 4045
3418 4046
3419 4045
3420 4046
3421 4046
3422 4046
3423 4046
3424 4045
3425 4046
3426 4047
3427 4044
3428 4046
3429 4050
3430 4047
3431 4046
3432 4044
3433 4045
3434 4046
3435 4047
3436 4044
3437 4047
3438 4044
3439 4046
3440 4045
3441 4046
3442 4044
3443 4047
3444 4046
3445 4044
3446 4047
3447 4046
3448 4044
3449 4044
3450 4045
3451 4053
3452 4044
3453 4047
3454 4046
3455 4045
3456 4046
3457 4046
3458 4046
3459 4046
3460 4046
3461 4050
3462 4044
3463 4045
3464 4046
3465 4047
3466 4044
3467 4047
3468 4047
3469 4047
3470 4047
3471 4044
3472 4044
3473 4046
3474 4047
3475 4045
3476 4044
3477 4050
3478 4049
3479 4047
3480 4046
3481 4044
3482 4046
3483 4046
3484 4048
3485 4047
3486 4044
3487 4046
3488 4046
3489 4047
3490 4046
3491 4046
3492 4046
3493 4050
3494 4046
3495 4046
3496 4046
3497 4047
3498 4045
3499 4046
3500 4047
3501 4050
3502 4043
3503 4045
3504 4045
3505 4046
3506 4047
3507 4047
3508 4044
3509 4047
3510 4044
3511 4046
3512 4044
3513 4044
3514 4044
3515 4042
3516 4046
3517 4047
3518 4046
3519 4046
3520 4044
3521 4047
3522 4044
3523 4046
3524 4044
3525 4044
3526 4044
3527 4046
3528 4045
3529 4043
3530 4045
3531 4047
3532 4050
3533 4046
3534 4047
3535 4047
3536 4047
3537 4044
3538 4047
3539 4044
3540 4044
3541 4045
3542 4046
3543 4047
3544 4045
3545 4045
3546 4046
3547 4047
3548 4050
3549 4048
3550 4047
3551 4050
3552 4042
3553 4047
3554 4047
3555 4046
3556 4044
3557 4044
3558 4044
3559 4044
3560 4042
3561 4044
3562 4044
3563 4044
3564 4044
3565 4047
3566 4049
3567 4047
3568 4046
3569 4046
3570 4043
3571 4047
3572 4045
3573 4047
3574 4047
3575 4046
3576 4047
3577 4045
3578 4046
3579 4046
3580 4046
3581 4047
3582 4047
3583 4046
3584 4048
3585 4044
3586 4047
3587 4045
3588 4046
3589 4046
3590 4045
3591 4046
3592 4046
3593 4045
3594 4046
3595 4045
3596 4047
3597 4047
3598 4045
3599 4047
3600 4045
3601 4050
3602 4044
3603 4046
3604 4046
3605 4047
3606 4046
3607 4047
3608 4045
3609 4043
3610 4045
3611 4047
3612 4045
3613 4045
3614 4044
3615 4046
3616 4046
3617 4045
3618 4046
3619 4047
3620 4046
3621 4047
3622 4044
3623 4047
3624 4046
3625 4046
3626 4049
3627 4047
3628 4044
3629 4043
3630 4046
3631 4046
3632 4044
3633 4047
3634 4042
3635 4049
3636 4046
3637 4047
3638 4046
3639 4046
3640 4045
3641 4044
3642 4047
3643 4045
3644 4047
3645 4044
3646 4047
3647 4044
3648 4049
3649 4046
3650 4049
3651 4050
3652 4042
3653 4046
3654 4046
3655 4046
3656 4046
3657 4045
3658 4046
3659 4047
3660 4045
3661 4045
3662 4044
3663 4047
3664 4047
3665 4046
3666 4044
3667 4047
3668 4046
3669 4046
3670 4045
3671 4047
3672 4043
3673 4046
3674 4046
3675 4046
3676 4044
3677 4043
3678 4044
3679 4044
3680 4046
3681 4043
3682 4044
3683 4046
3684 4044
3685 4046
3686 4046
3687 4046
3688 4046
3689 4049
3690 4044
3691 4044
3692 4045
3693 4042
3694 4045
