#Data from the TCD1304 linear CCD
#column 1 = pixelnumber , column 2 = pixelvalue
#Pixel 1-32 and 3679-3694 and are dummy pixels
#SH-period: 200    ICG-period: 100000    Integration time: 100.0 us
2 4031
3 4031
4 4058
5 4055
6 4058
7 4058
8 4053
9 4053
10 4057
11 4060
12 4057
13 4057
14 4055
15 4056
16 4055
17 4055
18 4055
19 4061
20 4054
21 4059
22 4056
23 4052
24 4055
25 4058
26 4055
27 4055
28 4059
29 4055
30 4055
31 4059
32 4054
34 4057
35 4059
36 4056
37 4057
38 4058
39 4055
40 4056
41 4058
42 4057
43 4055
44 4058
45 4057
46 4054
47 4056
48 4057
49 4057
50 4055
51 4057
52 4053
53 4059
54 4057
55 4054
56 4059
57 4055
58 4058
59 4058
60 4056
61 4057
62 4055
63 4059
64 4056
65 4057
66 4059
67 4054
68 4056
69 4057
70 4060
71 4055
72 4054
73 4058
74 4055
75 4052
76 4060
77 4059
78 4054
79 4059
80 4055
81 4058
82 4057
83 4057
84 4057
85 4055
86 4054
87 4058
88 4057
89 4055
90 4055
91 4057
92 4055
93 4056
94 4058
95 4055
96 4054
97 4058
98 4055
99 4056
100 4060
101 4061
102 4055
103 4061
104 4055
105 4059
106 4055
107 4055
108 4056
109 4057
110 4055
111 4055
112 4058
113 4058
114 4055
115 4059
116 4059
117 4058
118 4057
119 4057
120 4055
121 4055
122 4056
123 4057
124 4057
125 4056
126 4055
127 4053
128 4056
129 4055
130 4057
131 4061
132 4054
133 4059
134 4057
135 4057
136 4057
137 4053
138 4058
139 4055
140 4059
141 4056
142 4057
143 4057
144 4058
145 4058
146 4058
147 4057
148 4055
149 4054
150 4059
151 4060
152 4056
153 4059
154 4054
155 4058
156 4055
157 4058
158 4056
159 4057
160 4052
161 4059
162 4054
163 4057
164 4057
165 4057
166 4055
167 4054
168 4054
169 4055
170 4057
171 4057
172 4057
173 4057
174 4053
175 4057
176 4057
177 4058
178 4055
179 4059
180 4055
181 4057
182 4055
183 4055
184 4056
185 4059
186 4057
187 4057
188 4055
189 4053
190 4057
191 4058
192 4057
193 4055
194 4056
195 4057
196 4057
197 4057
198 4055
199 4057
200 4057
201 4064
202 4055
203 4059
204 4055
205 4055
206 4058
207 4055
208 4059
209 4054
210 4058
211 4058
212 4055
213 4057
214 4051
215 4057
216 4056
217 4055
218 4059
219 4055
220 4055
221 4058
222 4055
223 4057
224 4059
225 4057
226 4053
227 4056
228 4055
229 4055
230 4057
231 4057
232 4055
233 4057
234 4057
235 4059
236 4053
237 4058
238 4059
239 4055
240 4055
241 4057
242 4054
243 4057
244 4057
245 4056
246 4055
247 4058
248 4059
249 4058
250 4055
251 4059
252 4055
253 4055
254 4055
255 4059
256 4059
257 4057
258 4055
259 4056
260 4061
261 4055
262 4060
263 4056
264 4055
265 4055
266 4055
267 4056
268 4055
269 4057
270 4059
271 4057
272 4055
273 4057
274 4056
275 4056
276 4057
277 4056
278 4058
279 4054
280 4057
281 4059
282 4056
283 4060
284 4056
285 4056
286 4053
287 4057
288 4057
289 4056
290 4057
291 4061
292 4056
293 4059
294 4058
295 4056
296 4057
297 4061
298 4055
299 4057
300 4058
301 4060
302 4056
303 4055
304 4058
305 4055
306 4058
307 4058
308 4055
309 4056
310 4059
311 4057
312 4054
313 4055
314 4055
315 4058
316 4058
317 4058
318 4056
319 4054
320 4056
321 4059
322 4058
323 4057
324 4055
325 4057
326 4055
327 4056
328 4055
329 4057
330 4054
331 4058
332 4057
333 4055
334 4057
335 4058
336 4057
337 4057
338 4055
339 4057
340 4058
341 4059
342 4057
343 4059
344 4055
345 4057
346 4056
347 4061
348 4055
349 4057
350 4055
351 4056
352 4057
353 4053
354 4058
355 4055
356 4056
357 4057
358 4054
359 4059
360 4058
361 4057
362 4057
363 4055
364 4055
365 4056
366 4056
367 4059
368 4057
369 4055
370 4057
371 4061
372 4056
373 4055
374 4056
375 4059
376 4057
377 4056
378 4058
379 4060
380 4055
381 4055
382 4054
383 4056
384 4059
385 4058
386 4055
387 4057
388 4057
389 4059
390 4056
391 4056
392 4058
393 4054
394 4058
395 4059
396 4056
397 4057
398 4058
399 4059
400 4054
401 4058
402 4051
403 4057
404 4055
405 4057
406 4055
407 4057
408 4058
409 4055
410 4054
411 4055
412 4056
413 4056
414 4055
415 4055
416 4057
417 4059
418 4060
419 4056
420 4054
421 4059
422 4057
423 4058
424 4059
425 4059
426 4055
427 4057
428 4055
429 4056
430 4057
431 4060
432 4056
433 4056
434 4059
435 4058
436 4056
437 4059
438 4058
439 4055
440 4058
441 4055
442 4058
443 4056
444 4055
445 4055
446 4055
447 4059
448 4058
449 4058
450 4057
451 4061
452 4055
453 4056
454 4055
455 4057
456 4059
457 4054
458 4055
459 4060
460 4057
461 4056
462 4058
463 4055
464 4055
465 4057
466 4057
467 4057
468 4055
469 4058
470 4055
471 4058
472 4055
473 4058
474 4054
475 4058
476 4058
477 4054
478 4057
479 4060
480 4053
481 4058
482 4058
483 4057
484 4057
485 4059
486 4059
487 4058
488 4055
489 4058
490 4054
491 4057
492 4055
493 4060
494 4056
495 4058
496 4056
497 4058
498 4054
499 4055
500 4054
501 4061
502 4055
503 4059
504 4056
505 4054
506 4058
507 4057
508 4056
509 4059
510 4055
511 4057
512 4057
513 4058
514 4054
515 4056
516 4055
517 4056
518 4057
519 4056
520 4058
521 4055
522 4057
523 4055
524 4054
525 4057
526 4055
527 4054
528 4057
529 4057
530 4055
531 4056
532 4056
533 4055
534 4054
535 4056
536 4057
537 4053
538 4059
539 4057
540 4060
541 4055
542 4056
543 4056
544 4055
545 4060
546 4057
547 4058
548 4058
549 4057
550 4055
551 4058
552 4051
553 4059
554 4056
555 4055
556 4059
557 4059
558 4058
559 4052
560 4055
561 4055
562 4051
563 4058
564 4057
565 4055
566 4055
567 4055
568 4054
569 4059
570 4057
571 4058
572 4056
573 4058
574 4053
575 4055
576 4060
577 4055
578 4057
579 4058
580 4055
581 4058
582 4055
583 4055
584 4056
585 4057
586 4057
587 4057
588 4053
589 4057
590 4055
591 4055
592 4053
593 4057
594 4057
595 4055
596 4054
597 4055
598 4055
599 4056
600 4060
601 4057
602 4055
603 4056
604 4057
605 4056
606 4056
607 4058
608 4056
609 4057
610 4052
611 4055
612 4055
613 4056
614 4059
615 4054
616 4056
617 4057
618 4058
619 4057
620 4054
621 4054
622 4056
623 4058
624 4056
625 4057
626 4055
627 4055
628 4057
629 4057
630 4057
631 4059
632 4057
633 4058
634 4058
635 4055
636 4055
637 4053
638 4057
639 4055
640 4054
641 4058
642 4056
643 4053
644 4056
645 4057
646 4051
647 4055
648 4057
649 4058
650 4055
651 4061
652 4055
653 4054
654 4057
655 4057
656 4055
657 4060
658 4055
659 4058
660 4055
661 4055
662 4056
663 4053
664 4054
665 4054
666 4053
667 4055
668 4056
669 4057
670 4055
671 4055
672 4055
673 4056
674 4057
675 4058
676 4055
677 4056
678 4057
679 4057
680 4056
681 4060
682 4059
683 4056
684 4053
685 4058
686 4057
687 4053
688 4056
689 4055
690 4055
691 4055
692 4054
693 4058
694 4055
695 4054
696 4052
697 4056
698 4055
699 4057
700 4058
701 4060
702 4054
703 4058
704 4052
705 4057
706 4057
707 4057
708 4055
709 4057
710 4053
711 4055
712 4058
713 4056
714 4055
715 4060
716 4054
717 4055
718 4057
719 4057
720 4056
721 4057
722 4055
723 4057
724 4058
725 4056
726 4058
727 4055
728 4057
729 4055
730 4055
731 4060
732 4057
733 4055
734 4055
735 4057
736 4058
737 4055
738 4058
739 4057
740 4059
741 4058
742 4058
743 4053
744 4053
745 4055
746 4055
747 4058
748 4056
749 4055
750 4056
751 4061
752 4051
753 4057
754 4055
755 4058
756 4064
757 4054
758 4055
759 4055
760 4057
761 4054
762 4056
763 4058
764 4058
765 4058
766 4060
767 4058
768 4055
769 4060
770 4059
771 4054
772 4055
773 4058
774 4054
775 4056
776 4055
777 4059
778 4056
779 4057
780 4057
781 4057
782 4057
783 4056
784 4058
785 4055
786 4058
787 4053
788 4059
789 4058
790 4053
791 4057
792 4055
793 4054
794 4055
795 4055
796 4058
797 4056
798 4060
799 4055
800 4058
801 4058
802 4055
803 4059
804 4059
805 4059
806 4061
807 4055
808 4055
809 4058
810 4057
811 4055
812 4059
813 4052
814 4054
815 4059
816 4059
817 4055
818 4055
819 4055
820 4053
821 4055
822 4058
823 4055
824 4060
825 4058
826 4060
827 4058
828 4055
829 4058
830 4054
831 4057
832 4057
833 4055
834 4055
835 4057
836 4055
837 4058
838 4055
839 4057
840 4055
841 4056
842 4055
843 4054
844 4055
845 4055
846 4057
847 4056
848 4058
849 4057
850 4057
851 4064
852 4054
853 4058
854 4057
855 4056
856 4058
857 4055
858 4058
859 4055
860 4055
861 4059
862 4057
863 4056
864 4055
865 4057
866 4054
867 4058
868 4054
869 4055
870 4056
871 4057
872 4055
873 4061
874 4057
875 4057
876 4056
877 4059
878 4056
879 4054
880 4058
881 4055
882 4055
883 4057
884 4053
885 4059
886 4058
887 4058
888 4057
889 4059
890 4053
891 4055
892 4056
893 4054
894 4055
895 4054
896 4057
897 4061
898 4055
899 4057
900 4055
901 4058
902 4053
903 4057
904 4055
905 4054
906 4059
907 4057
908 4054
909 4058
910 4057
911 4058
912 4054
913 4057
914 4056
915 4057
916 4055
917 4055
918 4060
919 4055
920 4056
921 4055
922 4055
923 4057
924 4058
925 4056
926 4055
927 4055
928 4057
929 4058
930 4055
931 4057
932 4058
933 4058
934 4058
935 4054
936 4056
937 4059
938 4055
939 4055
940 4055
941 4057
942 4058
943 4054
944 4059
945 4055
946 4055
947 4057
948 4059
949 4059
950 4057
951 4059
952 4053
953 4055
954 4056
955 4057
956 4055
957 4059
958 4057
959 4057
960 4059
961 4055
962 4057
963 4058
964 4056
965 4058
966 4057
967 4058
968 4054
969 4058
970 4056
971 4057
972 4057
973 4055
974 4057
975 4060
976 4057
977 4055
978 4054
979 4055
980 4057
981 4057
982 4055
983 4058
984 4055
985 4058
986 4057
987 4053
988 4056
989 4055
990 4058
991 4054
992 4055
993 4057
994 4057
995 4055
996 4055
997 4059
998 4054
999 4058
1000 4055
1001 4059
1002 4055
1003 4058
1004 4059
1005 4055
1006 4058
1007 4055
1008 4055
1009 4056
1010 4058
1011 4057
1012 4057
1013 4059
1014 4055
1015 4056
1016 4055
1017 4054
1018 4057
1019 4059
1020 4055
1021 4058
1022 4059
1023 4054
1024 4058
1025 4056
1026 4057
1027 4059
1028 4054
1029 4056
1030 4057
1031 4057
1032 4059
1033 4057
1034 4055
1035 4057
1036 4056
1037 4056
1038 4056
1039 4057
1040 4053
1041 4060
1042 4053
1043 4059
1044 4055
1045 4057
1046 4061
1047 4057
1048 4055
1049 4060
1050 4058
1051 4057
1052 4054
1053 4057
1054 4056
1055 4054
1056 4057
1057 4056
1058 4056
1059 4059
1060 4055
1061 4055
1062 4054
1063 4060
1064 4056
1065 4055
1066 4054
1067 4055
1068 4054
1069 4057
1070 4056
1071 4058
1072 4061
1073 4054
1074 4057
1075 4059
1076 4058
1077 4057
1078 4057
1079 4055
1080 4058
1081 4055
1082 4057
1083 4057
1084 4056
1085 4057
1086 4056
1087 4055
1088 4057
1089 4055
1090 4054
1091 4056
1092 4054
1093 4055
1094 4059
1095 4055
1096 4057
1097 4058
1098 4054
1099 4057
1100 4056
1101 4060
1102 4054
1103 4056
1104 4057
1105 4053
1106 4055
1107 4059
1108 4055
1109 4057
1110 4057
1111 4053
1112 4057
1113 4055
1114 4054
1115 4055
1116 4060
1117 4055
1118 4055
1119 4058
1120 4056
1121 4054
1122 4057
1123 4057
1124 4055
1125 4058
1126 4055
1127 4056
1128 4056
1129 4055
1130 4059
1131 4055
1132 4053
1133 4055
1134 4057
1135 4058
1136 4056
1137 4057
1138 4056
1139 4057
1140 4055
1141 4057
1142 4052
1143 4056
1144 4055
1145 4060
1146 4055
1147 4057
1148 4056
1149 4056
1150 4055
1151 4059
1152 4054
1153 4059
1154 4058
1155 4057
1156 4057
1157 4056
1158 4054
1159 4055
1160 4058
1161 4059
1162 4057
1163 4055
1164 4055
1165 4058
1166 4057
1167 4055
1168 4057
1169 4056
1170 4058
1171 4055
1172 4055
1173 4059
1174 4057
1175 4059
1176 4056
1177 4058
1178 4055
1179 4060
1180 4054
1181 4056
1182 4057
1183 4057
1184 4057
1185 4059
1186 4058
1187 4055
1188 4058
1189 4057
1190 4056
1191 4059
1192 4052
1193 4058
1194 4057
1195 4055
1196 4055
1197 4059
1198 4055
1199 4054
1200 4058
1201 4058
1202 4056
1203 4054
1204 4053
1205 4055
1206 4059
1207 4057
1208 4052
1209 4057
1210 4059
1211 4055
1212 4054
1213 4055
1214 4057
1215 4054
1216 4054
1217 4055
1218 4057
1219 4056
1220 4056
1221 4058
1222 4057
1223 4057
1224 4054
1225 4057
1226 4055
1227 4057
1228 4055
1229 4055
1230 4059
1231 4057
1232 4058
1233 4060
1234 4056
1235 4057
1236 4053
1237 4059
1238 4058
1239 4058
1240 4055
1241 4055
1242 4058
1243 4059
1244 4055
1245 4057
1246 4056
1247 4055
1248 4054
1249 4059
1250 4058
1251 4059
1252 4053
1253 4056
1254 4057
1255 4057
1256 4055
1257 4058
1258 4054
1259 4056
1260 4055
1261 4058
1262 4055
1263 4058
1264 4052
1265 4057
1266 4055
1267 4058
1268 4055
1269 4054
1270 4057
1271 4056
1272 4056
1273 4057
1274 4059
1275 4061
1276 4053
1277 4055
1278 4057
1279 4056
1280 4055
1281 4059
1282 4055
1283 4054
1284 4055
1285 4061
1286 4055
1287 4057
1288 4059
1289 4054
1290 4058
1291 4057
1292 4058
1293 4055
1294 4057
1295 4055
1296 4055
1297 4056
1298 4057
1299 4055
1300 4057
1301 4061
1302 4055
1303 4059
1304 4058
1305 4054
1306 4060
1307 4054
1308 4057
1309 4053
1310 4056
1311 4056
1312 4057
1313 4055
1314 4055
1315 4059
1316 4057
1317 4056
1318 4057
1319 4055
1320 4055
1321 4055
1322 4056
1323 4057
1324 4057
1325 4058
1326 4058
1327 4055
1328 4055
1329 4055
1330 4058
1331 4058
1332 4054
1333 4055
1334 4061
1335 4055
1336 4055
1337 4055
1338 4057
1339 4058
1340 4060
1341 4059
1342 4055
1343 4054
1344 4058
1345 4057
1346 4057
1347 4059
1348 4054
1349 4057
1350 4057
1351 4059
1352 4054
1353 4055
1354 4057
1355 4057
1356 4055
1357 4052
1358 4055
1359 4055
1360 4055
1361 4056
1362 4058
1363 4059
1364 4058
1365 4058
1366 4056
1367 4058
1368 4055
1369 4058
1370 4058
1371 4057
1372 4056
1373 4056
1374 4057
1375 4055
1376 4055
1377 4059
1378 4055
1379 4057
1380 4054
1381 4059
1382 4054
1383 4055
1384 4055
1385 4060
1386 4057
1387 4056
1388 4054
1389 4057
1390 4057
1391 4056
1392 4055
1393 4053
1394 4058
1395 4055
1396 4054
1397 4057
1398 4057
1399 4055
1400 4054
1401 4062
1402 4051
1403 4058
1404 4053
1405 4057
1406 4057
1407 4059
1408 4056
1409 4055
1410 4055
1411 4060
1412 4054
1413 4058
1414 4060
1415 4058
1416 4056
1417 4058
1418 4055
1419 4058
1420 4058
1421 4057
1422 4059
1423 4057
1424 4057
1425 4058
1426 4054
1427 4057
1428 4055
1429 4053
1430 4058
1431 4058
1432 4055
1433 4057
1434 4055
1435 4055
1436 4056
1437 4054
1438 4057
1439 4055
1440 4059
1441 4055
1442 4055
1443 4055
1444 4055
1445 4058
1446 4056
1447 4058
1448 4057
1449 4059
1450 4057
1451 4059
1452 4053
1453 4059
1454 4059
1455 4057
1456 4054
1457 4057
1458 4059
1459 4057
1460 4057
1461 4056
1462 4057
1463 4057
1464 4055
1465 4058
1466 4058
1467 4052
1468 4055
1469 4057
1470 4055
1471 4059
1472 4054
1473 4056
1474 4055
1475 4058
1476 4059
1477 4056
1478 4058
1479 4055
1480 4055
1481 4061
1482 4058
1483 4055
1484 4058
1485 4058
1486 4052
1487 4058
1488 4057
1489 4058
1490 4056
1491 4053
1492 4057
1493 4055
1494 4057
1495 4057
1496 4054
1497 4055
1498 4058
1499 4055
1500 4055
1501 4059
1502 4058
1503 4059
1504 4055
1505 4055
1506 4058
1507 4055
1508 4055
1509 4055
1510 4055
1511 4057
1512 4059
1513 4056
1514 4055
1515 4055
1516 4058
1517 4058
1518 4057
1519 4053
1520 4057
1521 4057
1522 4058
1523 4058
1524 4057
1525 4055
1526 4055
1527 4056
1528 4054
1529 4057
1530 4053
1531 4060
1532 4054
1533 4060
1534 4056
1535 4057
1536 4054
1537 4060
1538 4057
1539 4056
1540 4058
1541 4056
1542 4055
1543 4059
1544 4056
1545 4055
1546 4058
1547 4057
1548 4055
1549 4058
1550 4057
1551 4058
1552 4054
1553 4057
1554 4055
1555 4057
1556 4058
1557 4059
1558 4057
1559 4057
1560 4055
1561 4058
1562 4056
1563 4057
1564 4057
1565 4058
1566 4057
1567 4055
1568 4055
1569 4056
1570 4053
1571 4057
1572 4057
1573 4056
1574 4058
1575 4059
1576 4055
1577 4056
1578 4056
1579 4057
1580 4057
1581 4056
1582 4057
1583 4055
1584 4055
1585 4053
1586 4055
1587 4054
1588 4058
1589 4060
1590 4059
1591 4054
1592 4057
1593 4057
1594 4055
1595 4055
1596 4055
1597 4055
1598 4055
1599 4057
1600 4054
1601 4060
1602 4055
1603 4057
1604 4055
1605 4058
1606 4059
1607 4055
1608 4055
1609 4059
1610 4053
1611 4058
1612 4057
1613 4057
1614 4056
1615 4054
1616 4054
1617 4058
1618 4054
1619 4057
1620 4053
1621 4055
1622 4058
1623 4060
1624 4057
1625 4057
1626 4058
1627 4059
1628 4057
1629 4055
1630 4055
1631 4057
1632 4055
1633 4057
1634 4056
1635 4054
1636 4054
1637 4059
1638 4058
1639 4055
1640 4054
1641 4057
1642 4053
1643 4057
1644 4053
1645 4057
1646 4054
1647 4055
1648 4057
1649 4054
1650 4055
1651 4060
1652 4057
1653 4055
1654 4057
1655 4055
1656 4059
1657 4057
1658 4055
1659 4055
1660 4057
1661 4057
1662 4057
1663 4055
1664 4054
1665 4057
1666 4058
1667 4062
1668 4055
1669 4058
1670 4054
1671 4059
1672 4060
1673 4057
1674 4055
1675 4058
1676 4055
1677 4055
1678 4058
1679 4059
1680 4054
1681 4057
1682 4055
1683 4055
1684 4055
1685 4054
1686 4058
1687 4055
1688 4057
1689 4055
1690 4055
1691 4055
1692 4056
1693 4055
1694 4058
1695 4055
1696 4055
1697 4057
1698 4053
1699 4055
1700 4059
1701 4058
1702 4052
1703 4055
1704 4056
1705 4059
1706 4055
1707 4055
1708 4055
1709 4057
1710 4054
1711 4057
1712 4056
1713 4056
1714 4060
1715 4058
1716 4055
1717 4055
1718 4055
1719 4058
1720 4057
1721 4055
1722 4055
1723 4054
1724 4055
1725 4058
1726 4056
1727 4055
1728 4057
1729 4057
1730 4058
1731 4056
1732 4058
1733 4055
1734 4055
1735 4057
1736 4055
1737 4057
1738 4054
1739 4057
1740 4057
1741 4055
1742 4055
1743 4054
1744 4056
1745 4059
1746 4057
1747 4058
1748 4055
1749 4057
1750 4055
1751 4058
1752 4052
1753 4059
1754 4057
1755 4055
1756 4055
1757 4057
1758 4058
1759 4054
1760 4055
1761 4057
1762 4054
1763 4059
1764 4057
1765 4057
1766 4055
1767 4056
1768 4055
1769 4059
1770 4055
1771 4056
1772 4055
1773 4055
1774 4055
1775 4055
1776 4054
1777 4055
1778 4058
1779 4057
1780 4054
1781 4057
1782 4055
1783 4052
1784 4057
1785 4055
1786 4056
1787 4055
1788 4056
1789 4059
1790 4057
1791 4059
1792 4054
1793 4055
1794 4054
1795 4056
1796 4055
1797 4060
1798 4055
1799 4057
1800 4054
1801 4058
1802 4056
1803 4058
1804 4057
1805 4055
1806 4057
1807 4052
1808 4055
1809 4057
1810 4058
1811 4058
1812 4057
1813 4054
1814 4055
1815 4056
1816 4055
1817 4057
1818 4055
1819 4054
1820 4055
1821 4056
1822 4057
1823 4058
1824 4055
1825 4055
1826 4055
1827 4059
1828 4054
1829 4057
1830 4054
1831 4059
1832 4057
1833 4055
1834 4057
1835 4057
1836 4059
1837 4057
1838 4055
1839 4056
1840 4054
1841 4057
1842 4055
1843 4054
1844 4059
1845 4053
1846 4057
1847 4055
1848 4053
1849 4059
1850 4058
1851 4058
1852 4050
1853 4057
1854 4059
1855 4053
1856 4056
1857 4055
1858 4056
1859 4055
1860 4055
1861 4055
1862 4058
1863 4054
1864 4054
1865 4054
1866 4054
1867 4055
1868 4057
1869 4056
1870 4057
1871 4055
1872 4055
1873 4055
1874 4055
1875 4053
1876 4058
1877 4057
1878 4054
1879 4057
1880 4056
1881 4058
1882 4054
1883 4056
1884 4058
1885 4055
1886 4057
1887 4055
1888 4059
1889 4055
1890 4057
1891 4057
1892 4055
1893 4058
1894 4056
1895 4055
1896 4054
1897 4058
1898 4055
1899 4055
1900 4059
1901 4059
1902 4054
1903 4054
1904 4055
1905 4055
1906 4057
1907 4057
1908 4055
1909 4055
1910 4060
1911 4057
1912 4056
1913 4054
1914 4055
1915 4058
1916 4055
1917 4056
1918 4055
1919 4060
1920 4055
1921 4059
1922 4057
1923 4055
1924 4057
1925 4057
1926 4054
1927 4056
1928 4057
1929 4058
1930 4055
1931 4062
1932 4056
1933 4059
1934 4057
1935 4055
1936 4060
1937 4059
1938 4059
1939 4055
1940 4056
1941 4054
1942 4058
1943 4055
1944 4060
1945 4055
1946 4057
1947 4057
1948 4054
1949 4058
1950 4058
1951 4062
1952 4053
1953 4054
1954 4058
1955 4055
1956 4057
1957 4059
1958 4056
1959 4058
1960 4056
1961 4059
1962 4053
1963 4053
1964 4054
1965 4057
1966 4057
1967 4057
1968 4057
1969 4055
1970 4053
1971 4054
1972 4055
1973 4058
1974 4058
1975 4057
1976 4058
1977 4055
1978 4057
1979 4058
1980 4055
1981 4059
1982 4056
1983 4054
1984 4056
1985 4053
1986 4057
1987 4055
1988 4056
1989 4053
1990 4056
1991 4057
1992 4051
1993 4055
1994 4058
1995 4058
1996 4056
1997 4058
1998 4053
1999 4058
2000 4058
2001 4055
2002 4052
2003 4054
2004 4057
2005 4055
2006 4057
2007 4059
2008 4055
2009 4057
2010 4054
2011 4055
2012 4057
2013 4057
2014 4054
2015 4055
2016 4057
2017 4055
2018 4052
2019 4057
2020 4055
2021 4057
2022 4057
2023 4056
2024 4054
2025 4057
2026 4059
2027 4053
2028 4057
2029 4058
2030 4053
2031 4055
2032 4054
2033 4057
2034 4055
2035 4057
2036 4054
2037 4057
2038 4053
2039 4055
2040 4057
2041 4057
2042 4055
2043 4057
2044 4057
2045 4055
2046 4054
2047 4055
2048 4053
2049 4058
2050 4053
2051 4060
2052 4047
2053 4060
2054 4055
2055 4058
2056 4055
2057 4055
2058 4056
2059 4057
2060 4055
2061 4055
2062 4058
2063 4055
2064 4055
2065 4057
2066 4052
2067 4055
2068 4055
2069 4056
2070 4056
2071 4053
2072 4054
2073 4057
2074 4054
2075 4057
2076 4053
2077 4055
2078 4056
2079 4059
2080 4052
2081 4055
2082 4055
2083 4056
2084 4055
2085 4054
2086 4053
2087 4056
2088 4055
2089 4055
2090 4058
2091 4055
2092 4059
2093 4060
2094 4057
2095 4058
2096 4055
2097 4056
2098 4055
2099 4057
2100 4057
2101 4058
2102 4054
2103 4056
2104 4054
2105 4055
2106 4059
2107 4057
2108 4055
2109 4055
2110 4057
2111 4056
2112 4061
2113 4055
2114 4059
2115 4053
2116 4053
2117 4056
2118 4053
2119 4055
2120 4054
2121 4056
2122 4056
2123 4055
2124 4055
2125 4056
2126 4057
2127 4055
2128 4055
2129 4057
2130 4055
2131 4055
2132 4052
2133 4057
2134 4054
2135 4057
2136 4055
2137 4057
2138 4059
2139 4054
2140 4056
2141 4059
2142 4055
2143 4060
2144 4054
2145 4055
2146 4056
2147 4058
2148 4056
2149 4054
2150 4057
2151 4060
2152 4054
2153 4057
2154 4055
2155 4055
2156 4058
2157 4056
2158 4055
2159 4054
2160 4054
2161 4055
2162 4057
2163 4056
2164 4055
2165 4054
2166 4058
2167 4055
2168 4058
2169 4056
2170 4055
2171 4054
2172 4059
2173 4058
2174 4055
2175 4057
2176 4054
2177 4055
2178 4057
2179 4055
2180 4053
2181 4060
2182 4055
2183 4057
2184 4058
2185 4054
2186 4055
2187 4055
2188 4054
2189 4055
2190 4058
2191 4055
2192 4056
2193 4055
2194 4057
2195 4056
2196 4055
2197 4057
2198 4052
2199 4057
2200 4055
2201 4059
2202 4054
2203 4057
2204 4058
2205 4056
2206 4064
2207 4053
2208 4054
2209 4059
2210 4054
2211 4057
2212 4058
2213 4057
2214 4053
2215 4057
2216 4055
2217 4055
2218 4057
2219 4053
2220 4054
2221 4055
2222 4052
2223 4056
2224 4055
2225 4058
2226 4055
2227 4056
2228 4057
2229 4054
2230 4058
2231 4059
2232 4053
2233 4057
2234 4055
2235 4057
2236 4057
2237 4058
2238 4055
2239 4055
2240 4054
2241 4055
2242 4054
2243 4057
2244 4059
2245 4056
2246 4058
2247 4057
2248 4055
2249 4054
2250 4056
2251 4057
2252 4057
2253 4053
2254 4054
2255 4054
2256 4055
2257 4059
2258 4053
2259 4055
2260 4056
2261 4056
2262 4057
2263 4050
2264 4054
2265 4056
2266 4057
2267 4053
2268 4055
2269 4054
2270 4054
2271 4057
2272 4053
2273 4057
2274 4054
2275 4057
2276 4058
2277 4058
2278 4055
2279 4054
2280 4055
2281 4058
2282 4058
2283 4053
2284 4055
2285 4055
2286 4055
2287 4059
2288 4052
2289 4057
2290 4056
2291 4058
2292 4056
2293 4055
2294 4054
2295 4053
2296 4056
2297 4057
2298 4055
2299 4058
2300 4055
2301 4058
2302 4051
2303 4055
2304 4060
2305 4055
2306 4057
2307 4057
2308 4059
2309 4055
2310 4057
2311 4056
2312 4057
2313 4055
2314 4056
2315 4058
2316 4059
2317 4055
2318 4056
2319 4055
2320 4057
2321 4055
2322 4054
2323 4057
2324 4057
2325 4054
2326 4054
2327 4057
2328 4056
2329 4057
2330 4055
2331 4055
2332 4055
2333 4053
2334 4058
2335 4054
2336 4054
2337 4057
2338 4057
2339 4055
2340 4054
2341 4054
2342 4052
2343 4055
2344 4052
2345 4057
2346 4057
2347 4055
2348 4055
2349 4057
2350 4054
2351 4058
2352 4054
2353 4055
2354 4054
2355 4055
2356 4060
2357 4057
2358 4058
2359 4054
2360 4055
2361 4055
2362 4055
2363 4057
2364 4053
2365 4055
2366 4054
2367 4057
2368 4057
2369 4059
2370 4052
2371 4060
2372 4052
2373 4058
2374 4057
2375 4056
2376 4055
2377 4054
2378 4058
2379 4057
2380 4055
2381 4057
2382 4050
2383 4056
2384 4055
2385 4054
2386 4056
2387 4056
2388 4055
2389 4054
2390 4057
2391 4058
2392 4055
2393 4054
2394 4054
2395 4054
2396 4054
2397 4054
2398 4054
2399 4055
2400 4050
2401 4057
2402 4054
2403 4055
2404 4057
2405 4058
2406 4055
2407 4057
2408 4054
2409 4058
2410 4053
2411 4060
2412 4055
2413 4055
2414 4055
2415 4058
2416 4054
2417 4054
2418 4057
2419 4056
2420 4055
2421 4058
2422 4055
2423 4055
2424 4057
2425 4059
2426 4057
2427 4054
2428 4054
2429 4052
2430 4053
2431 4055
2432 4055
2433 4054
2434 4055
2435 4057
2436 4054
2437 4057
2438 4054
2439 4055
2440 4054
2441 4051
2442 4055
2443 4057
2444 4054
2445 4054
2446 4055
2447 4059
2448 4052
2449 4055
2450 4061
2451 4057
2452 4052
2453 4057
2454 4054
2455 4055
2456 4055
2457 4058
2458 4054
2459 4058
2460 4055
2461 4056
2462 4052
2463 4055
2464 4054
2465 4058
2466 4053
2467 4055
2468 4054
2469 4054
2470 4057
2471 4056
2472 4057
2473 4054
2474 4055
2475 4055
2476 4057
2477 4054
2478 4055
2479 4054
2480 4052
2481 4055
2482 4053
2483 4055
2484 4058
2485 4054
2486 4057
2487 4057
2488 4054
2489 4054
2490 4055
2491 4053
2492 4055
2493 4055
2494 4054
2495 4054
2496 4052
2497 4058
2498 4051
2499 4053
2500 4055
2501 4057
2502 4053
2503 4057
2504 4054
2505 4055
2506 4057
2507 4056
2508 4054
2509 4057
2510 4053
2511 4057
2512 4057
2513 4054
2514 4055
2515 4054
2516 4055
2517 4054
2518 4054
2519 4051
2520 4055
2521 4055
2522 4055
2523 4057
2524 4053
2525 4052
2526 4053
2527 4055
2528 4054
2529 4055
2530 4053
2531 4058
2532 4052
2533 4055
2534 4053
2535 4053
2536 4057
2537 4058
2538 4055
2539 4052
2540 4053
2541 4055
2542 4055
2543 4057
2544 4053
2545 4052
2546 4054
2547 4058
2548 4054
2549 4054
2550 4053
2551 4058
2552 4054
2553 4055
2554 4055
2555 4054
2556 4054
2557 4052
2558 4053
2559 4055
2560 4057
2561 4053
2562 4054
2563 4055
2564 4051
2565 4053
2566 4055
2567 4054
2568 4051
2569 4054
2570 4056
2571 4054
2572 4058
2573 4054
2574 4052
2575 4054
2576 4052
2577 4055
2578 4055
2579 4054
2580 4055
2581 4054
2582 4050
2583 4053
2584 4051
2585 4054
2586 4055
2587 4053
2588 4055
2589 4054
2590 4052
2591 4053
2592 4053
2593 4057
2594 4053
2595 4053
2596 4050
2597 4057
2598 4051
2599 4054
2600 4053
2601 4057
2602 4050
2603 4055
2604 4053
2605 4053
2606 4054
2607 4053
2608 4054
2609 4053
2610 4055
2611 4055
2612 4055
2613 4054
2614 4050
2615 4055
2616 4055
2617 4053
2618 4053
2619 4055
2620 4051
2621 4055
2622 4055
2623 4053
2624 4052
2625 4055
2626 4055
2627 4055
2628 4055
2629 4052
2630 4053
2631 4054
2632 4054
2633 4055
2634 4051
2635 4050
2636 4053
2637 4055
2638 4052
2639 4054
2640 4055
2641 4053
2642 4054
2643 4055
2644 4055
2645 4055
2646 4055
2647 4052
2648 4053
2649 4053
2650 4053
2651 4054
2652 4051
2653 4052
2654 4053
2655 4052
2656 4053
2657 4052
2658 4052
2659 4052
2660 4055
2661 4056
2662 4051
2663 4054
2664 4055
2665 4054
2666 4052
2667 4053
2668 4054
2669 4053
2670 4050
2671 4052
2672 4052
2673 4054
2674 4051
2675 4052
2676 4051
2677 4051
2678 4052
2679 4053
2680 4051
2681 4055
2682 4052
2683 4049
2684 4052
2685 4053
2686 4050
2687 4054
2688 4050
2689 4055
2690 4049
2691 4054
2692 4053
2693 4051
2694 4051
2695 4051
2696 4052
2697 4053
2698 4051
2699 4054
2700 4054
2701 4057
2702 4048
2703 4053
2704 4051
2705 4053
2706 4050
2707 4051
2708 4049
2709 4049
2710 4049
2711 4049
2712 4052
2713 4055
2714 4052
2715 4052
2716 4051
2717 4050
2718 4055
2719 4055
2720 4053
2721 4049
2722 4052
2723 4053
2724 4054
2725 4055
2726 4053
2727 4052
2728 4053
2729 4050
2730 4050
2731 4050
2732 4052
2733 4051
2734 4056
2735 4054
2736 4054
2737 4053
2738 4050
2739 4053
2740 4054
2741 4052
2742 4051
2743 4055
2744 4048
2745 4052
2746 4054
2747 4052
2748 4052
2749 4053
2750 4051
2751 4054
2752 4051
2753 4051
2754 4055
2755 4049
2756 4054
2757 4052
2758 4048
2759 4051
2760 4052
2761 4052
2762 4050
2763 4052
2764 4050
2765 4052
2766 4052
2767 4051
2768 4053
2769 4052
2770 4050
2771 4055
2772 4050
2773 4052
2774 4047
2775 4055
2776 4052
2777 4052
2778 4051
2779 4053
2780 4049
2781 4052
2782 4051
2783 4050
2784 4052
2785 4049
2786 4052
2787 4051
2788 4055
2789 4053
2790 4051
2791 4049
2792 4051
2793 4051
2794 4052
2795 4049
2796 4050
2797 4052
2798 4054
2799 4051
2800 4053
2801 4052
2802 4050
2803 4054
2804 4048
2805 4053
2806 4050
2807 4052
2808 4052
2809 4051
2810 4053
2811 4051
2812 4052
2813 4051
2814 4051
2815 4054
2816 4054
2817 4052
2818 4052
2819 4053
2820 4053
2821 4055
2822 4051
2823 4051
2824 4052
2825 4054
2826 4055
2827 4052
2828 4056
2829 4052
2830 4052
2831 4053
2832 4053
2833 4053
2834 4053
2835 4050
2836 4052
2837 4053
2838 4054
2839 4049
2840 4055
2841 4054
2842 4051
2843 4052
2844 4052
2845 4054
2846 4052
2847 4055
2848 4051
2849 4052
2850 4052
2851 4055
2852 4053
2853 4052
2854 4054
2855 4051
2856 4055
2857 4051
2858 4054
2859 4053
2860 4053
2861 4052
2862 4054
2863 4055
2864 4055
2865 4055
2866 4054
2867 4054
2868 4052
2869 4055
2870 4052
2871 4055
2872 4054
2873 4053
2874 4058
2875 4052
2876 4052
2877 4053
2878 4054
2879 4054
2880 4054
2881 4053
2882 4054
2883 4053
2884 4056
2885 4052
2886 4053
2887 4054
2888 4055
2889 4057
2890 4050
2891 4053
2892 4055
2893 4052
2894 4055
2895 4057
2896 4057
2897 4054
2898 4055
2899 4054
2900 4051
2901 4055
2902 4053
2903 4054
2904 4054
2905 4054
2906 4055
2907 4052
2908 4055
2909 4057
2910 4051
2911 4054
2912 4056
2913 4054
2914 4051
2915 4057
2916 4056
2917 4057
2918 4052
2919 4056
2920 4051
2921 4058
2922 4057
2923 4055
2924 4054
2925 4057
2926 4055
2927 4053
2928 4054
2929 4054
2930 4054
2931 4052
2932 4053
2933 4056
2934 4055
2935 4055
2936 4053
2937 4057
2938 4058
2939 4055
2940 4055
2941 4056
2942 4056
2943 4058
2944 4055
2945 4052
2946 4057
2947 4056
2948 4054
2949 4052
2950 4055
2951 4055
2952 4052
2953 4058
2954 4054
2955 4053
2956 4056
2957 4053
2958 4055
2959 4055
2960 4056
2961 4054
2962 4057
2963 4051
2964 4055
2965 4052
2966 4055
2967 4055
2968 4054
2969 4053
2970 4053
2971 4059
2972 4058
2973 4054
2974 4052
2975 4057
2976 4057
2977 4055
2978 4055
2979 4054
2980 4058
2981 4054
2982 4056
2983 4058
2984 4057
2985 4059
2986 4055
2987 4058
2988 4053
2989 4053
2990 4055
2991 4054
2992 4053
2993 4055
2994 4056
2995 4056
2996 4057
2997 4058
2998 4055
2999 4059
3000 4054
3001 4060
3002 4053
3003 4056
3004 4056
3005 4054
3006 4059
3007 4055
3008 4054
3009 4057
3010 4057
3011 4056
3012 4058
3013 4057
3014 4057
3015 4057
3016 4055
3017 4058
3018 4052
3019 4055
3020 4055
3021 4057
3022 4057
3023 4059
3024 4055
3025 4059
3026 4055
3027 4059
3028 4056
3029 4055
3030 4055
3031 4055
3032 4057
3033 4057
3034 4056
3035 4055
3036 4055
3037 4055
3038 4054
3039 4056
3040 4055
3041 4059
3042 4058
3043 4054
3044 4055
3045 4057
3046 4057
3047 4057
3048 4055
3049 4056
3050 4053
3051 4058
3052 4053
3053 4059
3054 4057
3055 4055
3056 4055
3057 4057
3058 4055
3059 4059
3060 4057
3061 4054
3062 4057
3063 4057
3064 4055
3065 4055
3066 4056
3067 4057
3068 4053
3069 4056
3070 4054
3071 4058
3072 4058
3073 4056
3074 4054
3075 4055
3076 4057
3077 4056
3078 4058
3079 4053
3080 4055
3081 4058
3082 4057
3083 4056
3084 4056
3085 4055
3086 4058
3087 4057
3088 4055
3089 4053
3090 4059
3091 4056
3092 4054
3093 4057
3094 4057
3095 4058
3096 4058
3097 4057
3098 4057
3099 4058
3100 4053
3101 4061
3102 4052
3103 4059
3104 4053
3105 4055
3106 4057
3107 4056
3108 4057
3109 4059
3110 4055
3111 4059
3112 4058
3113 4055
3114 4053
3115 4056
3116 4053
3117 4054
3118 4057
3119 4055
3120 4059
3121 4056
3122 4054
3123 4054
3124 4057
3125 4056
3126 4055
3127 4058
3128 4054
3129 4058
3130 4057
3131 4058
3132 4057
3133 4053
3134 4055
3135 4058
3136 4056
3137 4055
3138 4057
3139 4056
3140 4055
3141 4057
3142 4055
3143 4057
3144 4057
3145 4055
3146 4055
3147 4058
3148 4055
3149 4055
3150 4056
3151 4058
3152 4053
3153 4054
3154 4055
3155 4055
3156 4055
3157 4054
3158 4058
3159 4057
3160 4057
3161 4057
3162 4053
3163 4057
3164 4054
3165 4060
3166 4054
3167 4057
3168 4057
3169 4057
3170 4053
3171 4059
3172 4057
3173 4056
3174 4057
3175 4055
3176 4055
3177 4057
3178 4055
3179 4056
3180 4053
3181 4059
3182 4055
3183 4055
3184 4057
3185 4057
3186 4054
3187 4055
3188 4056
3189 4056
3190 4057
3191 4054
3192 4056
3193 4055
3194 4055
3195 4058
3196 4058
3197 4055
3198 4055
3199 4055
3200 4055
3201 4059
3202 4055
3203 4054
3204 4056
3205 4057
3206 4062
3207 4056
3208 4054
3209 4053
3210 4057
3211 4060
3212 4057
3213 4055
3214 4054
3215 4057
3216 4059
3217 4055
3218 4055
3219 4055
3220 4055
3221 4055
3222 4054
3223 4055
3224 4059
3225 4056
3226 4055
3227 4057
3228 4057
3229 4054
3230 4059
3231 4057
3232 4055
3233 4055
3234 4057
3235 4056
3236 4055
3237 4057
3238 4056
3239 4055
3240 4054
3241 4055
3242 4057
3243 4055
3244 4055
3245 4055
3246 4055
3247 4059
3248 4054
3249 4055
3250 4059
3251 4062
3252 4054
3253 4055
3254 4055
3255 4055
3256 4058
3257 4052
3258 4057
3259 4056
3260 4052
3261 4055
3262 4058
3263 4057
3264 4059
3265 4059
3266 4054
3267 4058
3268 4057
3269 4054
3270 4055
3271 4055
3272 4057
3273 4055
3274 4059
3275 4057
3276 4055
3277 4054
3278 4057
3279 4056
3280 4054
3281 4061
3282 4054
3283 4056
3284 4058
3285 4055
3286 4057
3287 4059
3288 4052
3289 4057
3290 4057
3291 4057
3292 4055
3293 4057
3294 4056
3295 4055
3296 4054
3297 4057
3298 4059
3299 4055
3300 4057
3301 4058
3302 4054
3303 4055
3304 4055
3305 4058
3306 4064
3307 4057
3308 4055
3309 4055
3310 4055
3311 4055
3312 4053
3313 4057
3314 4055
3315 4054
3316 4055
3317 4057
3318 4057
3319 4057
3320 4058
3321 4058
3322 4058
3323 4055
3324 4058
3325 4057
3326 4053
3327 4055
3328 4057
3329 4055
3330 4054
3331 4061
3332 4058
3333 4058
3334 4057
3335 4054
3336 4054
3337 4056
3338 4055
3339 4057
3340 4057
3341 4055
3342 4057
3343 4054
3344 4057
3345 4055
3346 4057
3347 4055
3348 4055
3349 4055
3350 4057
3351 4059
3352 4051
3353 4059
3354 4055
3355 4054
3356 4058
3357 4056
3358 4058
3359 4057
3360 4058
3361 4054
3362 4055
3363 4058
3364 4056
3365 4058
3366 4055
3367 4060
3368 4056
3369 4059
3370 4057
3371 4055
3372 4056
3373 4053
3374 4057
3375 4056
3376 4058
3377 4058
3378 4055
3379 4059
3380 4055
3381 4061
3382 4055
3383 4060
3384 4053
3385 4057
3386 4055
3387 4059
3388 4055
3389 4058
3390 4055
3391 4057
3392 4058
3393 4060
3394 4055
3395 4056
3396 4055
3397 4059
3398 4057
3399 4057
3400 4056
3401 4059
3402 4054
3403 4058
3404 4057
3405 4058
3406 4054
3407 4055
3408 4055
3409 4057
3410 4057
3411 4055
3412 4057
3413 4058
3414 4059
3415 4057
3416 4056
3417 4057
3418 4053
3419 4057
3420 4056
3421 4054
3422 4055
3423 4057
3424 4055
3425 4056
3426 4057
3427 4055
3428 4058
3429 4055
3430 4055
3431 4057
3432 4057
3433 4055
3434 4055
3435 4058
3436 4055
3437 4055
3438 4057
3439 4058
3440 4059
3441 4056
3442 4055
3443 4054
3444 4059
3445 4054
3446 4055
3447 4057
3448 4055
3449 4058
3450 4059
3451 4059
3452 4053
3453 4057
3454 4057
3455 4059
3456 4058
3457 4058
3458 4056
3459 4059
3460 4053
3461 4055
3462 4055
3463 4057
3464 4057
3465 4055
3466 4054
3467 4056
3468 4055
3469 4057
3470 4055
3471 4055
3472 4053
3473 4055
3474 4055
3475 4057
3476 4055
3477 4058
3478 4054
3479 4055
3480 4056
3481 4058
3482 4054
3483 4055
3484 4057
3485 4059
3486 4057
3487 4057
3488 4054
3489 4056
3490 4057
3491 4058
3492 4055
3493 4055
3494 4055
3495 4055
3496 4057
3497 4057
3498 4053
3499 4058
3500 4054
3501 4058
3502 4054
3503 4058
3504 4054
3505 4058
3506 4060
3507 4058
3508 4055
3509 4056
3510 4058
3511 4058
3512 4058
3513 4058
3514 4056
3515 4055
3516 4055
3517 4056
3518 4055
3519 4055
3520 4060
3521 4057
3522 4054
3523 4058
3524 4057
3525 4060
3526 4054
3527 4058
3528 4055
3529 4057
3530 4057
3531 4060
3532 4055
3533 4056
3534 4060
3535 4057
3536 4057
3537 4058
3538 4053
3539 4055
3540 4055
3541 4055
3542 4057
3543 4055
3544 4056
3545 4058
3546 4055
3547 4060
3548 4054
3549 4057
3550 4056
3551 4059
3552 4055
3553 4054
3554 4055
3555 4053
3556 4058
3557 4055
3558 4053
3559 4059
3560 4057
3561 4055
3562 4057
3563 4059
3564 4055
3565 4059
3566 4059
3567 4059
3568 4054
3569 4057
3570 4056
3571 4057
3572 4054
3573 4057
3574 4058
3575 4058
3576 4055
3577 4055
3578 4054
3579 4056
3580 4057
3581 4057
3582 4055
3583 4059
3584 4060
3585 4058
3586 4054
3587 4057
3588 4057
3589 4058
3590 4057
3591 4055
3592 4057
3593 4058
3594 4057
3595 4058
3596 4055
3597 4057
3598 4056
3599 4054
3600 4057
3601 4061
3602 4055
3603 4057
3604 4056
3605 4057
3606 4056
3607 4055
3608 4057
3609 4055
3610 4055
3611 4057
3612 4055
3613 4057
3614 4055
3615 4055
3616 4053
3617 4055
3618 4059
3619 4059
3620 4053
3621 4054
3622 4055
3623 4054
3624 4055
3625 4056
3626 4056
3627 4055
3628 4058
3629 4057
3630 4055
3631 4058
3632 4059
3633 4057
3634 4055
3635 4059
3636 4055
3637 4055
3638 4055
3639 4057
3640 4061
3641 4058
3642 4056
3643 4059
3644 4055
3645 4056
3646 4055
3647 4058
3648 4055
3649 4055
3650 4058
3651 4061
3652 4055
3653 4055
3654 4057
3655 4054
3656 4055
3657 4055
3658 4058
3659 4056
3660 4055
3661 4056
3662 4056
3663 4058
3664 4057
3665 4057
3666 4055
3667 4055
3668 4058
3669 4055
3670 4055
3671 4055
3672 4057
3673 4055
3674 4054
3675 4056
3676 4056
3677 4054
3678 4059
3679 4055
3680 4054
3681 4055
3682 4057
3683 4054
3684 4058
3685 4057
3686 4056
3687 4057
3688 4056
3689 4057
3690 4055
3691 4058
3692 4055
3693 4051
3694 4058
