#Data from the TCD1304 linear CCD
#column 1 = pixelnumber , column 2 = pixelvalue
#Pixel 1-32 and 3679-3694 and are dummy pixels
#SH-period: 200    ICG-period: 100000    Integration time: 100.0 us
2 4028
3 4031
4 4052
5 4052
6 4053
7 4051
8 4054
9 4052
10 4051
11 4055
12 4051
13 4055
14 4055
15 4052
16 4051
17 4054
18 4053
19 4055
20 4050
21 4053
22 4054
23 4051
24 4051
25 4054
26 4055
27 4054
28 4052
29 4054
30 4050
31 4057
32 4053
34 4054
35 4053
36 4054
37 4053
38 4053
39 4053
40 4050
41 4053
42 4051
43 4051
44 4051
45 4050
46 4050
47 4053
48 4055
49 4052
50 4053
51 4055
52 4052
53 4054
54 4053
55 4051
56 4053
57 4049
58 4052
59 4052
60 4052
61 4055
62 4051
63 4054
64 4051
65 4054
66 4053
67 4051
68 4050
69 4053
70 4050
71 4051
72 4050
73 4053
74 4053
75 4059
76 4054
77 4052
78 4053
79 4051
80 4054
81 4054
82 4047
83 4053
84 4055
85 4049
86 4051
87 4052
88 4049
89 4053
90 4051
91 4050
92 4050
93 4053
94 4055
95 4054
96 4051
97 4052
98 4051
99 4054
100 4052
101 4058
102 4050
103 4050
104 4052
105 4054
106 4052
107 4051
108 4052
109 4051
110 4052
111 4052
112 4052
113 4049
114 4051
115 4052
116 4049
117 4052
118 4049
119 4051
120 4049
121 4049
122 4052
123 4053
124 4049
125 4054
126 4051
127 4050
128 4052
129 4049
130 4050
131 4051
132 4051
133 4051
134 4049
135 4051
136 4053
137 4047
138 4051
139 4052
140 4051
141 4051
142 4050
143 4051
144 4052
145 4052
146 4049
147 4051
148 4049
149 4052
150 4051
151 4055
152 4046
153 4051
154 4050
155 4049
156 4052
157 4051
158 4051
159 4050
160 4051
161 4051
162 4047
163 4051
164 4050
165 4048
166 4054
167 4051
168 4051
169 4053
170 4050
171 4050
172 4049
173 4052
174 4050
175 4052
176 4053
177 4049
178 4048
179 4050
180 4047
181 4050
182 4050
183 4048
184 4051
185 4049
186 4050
187 4053
188 4047
189 4050
190 4049
191 4049
192 4049
193 4052
194 4047
195 4049
196 4052
197 4050
198 4049
199 4051
200 4050
201 4053
202 4047
203 4052
204 4053
205 4047
206 4050
207 4053
208 4049
209 4051
210 4052
211 4047
212 4050
213 4051
214 4050
215 4049
216 4048
217 4049
218 4049
219 4048
220 4052
221 4051
222 4047
223 4049
224 4049
225 4050
226 4050
227 4049
228 4049
229 4051
230 4049
231 4053
232 4050
233 4047
234 4051
235 4050
236 4047
237 4046
238 4049
239 4047
240 4050
241 4051
242 4049
243 4049
244 4049
245 4049
246 4050
247 4049
248 4052
249 4052
250 4052
251 4053
252 4049
253 4049
254 4051
255 4047
256 4050
257 4051
258 4050
259 4050
260 4049
261 4052
262 4047
263 4048
264 4055
265 4049
266 4051
267 4049
268 4047
269 4050
270 4050
271 4050
272 4049
273 4054
274 4052
275 4048
276 4051
277 4049
278 4051
279 4051
280 4047
281 4052
282 4051
283 4053
284 4050
285 4051
286 4050
287 4050
288 4049
289 4049
290 4047
291 4054
292 4052
293 4051
294 4047
295 4047
296 4047
297 4049
298 4052
299 4049
300 4047
301 4054
302 4050
303 4051
304 4050
305 4047
306 4053
307 4050
308 4052
309 4048
310 4054
311 4049
312 4050
313 4050
314 4052
315 4051
316 4052
317 4050
318 4051
319 4051
320 4050
321 4051
322 4051
323 4050
324 4049
325 4053
326 4051
327 4049
328 4052
329 4050
330 4051
331 4050
332 4049
333 4048
334 4046
335 4049
336 4053
337 4048
338 4049
339 4049
340 4048
341 4047
342 4049
343 4051
344 4049
345 4050
346 4047
347 4050
348 4051
349 4053
350 4051
351 4055
352 4046
353 4051
354 4050
355 4049
356 4050
357 4051
358 4049
359 4049
360 4047
361 4052
362 4049
363 4051
364 4049
365 4051
366 4047
367 4047
368 4047
369 4049
370 4050
371 4047
372 4047
373 4048
374 4049
375 4052
376 4051
377 4048
378 4051
379 4049
380 4049
381 4052
382 4051
383 4050
384 4050
385 4050
386 4050
387 4052
388 4050
389 4049
390 4050
391 4050
392 4050
393 4051
394 4050
395 4049
396 4051
397 4051
398 4047
399 4051
400 4051
401 4053
402 4049
403 4047
404 4050
405 4049
406 4049
407 4052
408 4045
409 4053
410 4050
411 4051
412 4046
413 4051
414 4049
415 4047
416 4051
417 4053
418 4051
419 4047
420 4047
421 4050
422 4047
423 4052
424 4049
425 4047
426 4052
427 4052
428 4049
429 4049
430 4046
431 4048
432 4052
433 4050
434 4048
435 4052
436 4048
437 4050
438 4050
439 4049
440 4047
441 4049
442 4053
443 4050
444 4050
445 4051
446 4047
447 4051
448 4050
449 4047
450 4050
451 4053
452 4045
453 4054
454 4047
455 4050
456 4051
457 4048
458 4049
459 4050
460 4052
461 4050
462 4051
463 4052
464 4047
465 4053
466 4050
467 4053
468 4047
469 4051
470 4047
471 4051
472 4051
473 4049
474 4050
475 4047
476 4049
477 4052
478 4050
479 4051
480 4049
481 4052
482 4052
483 4051
484 4052
485 4049
486 4049
487 4052
488 4052
489 4048
490 4046
491 4051
492 4051
493 4051
494 4050
495 4047
496 4047
497 4049
498 4051
499 4049
500 4047
501 4055
502 4046
503 4050
504 4052
505 4049
506 4051
507 4047
508 4052
509 4049
510 4049
511 4053
512 4047
513 4049
514 4047
515 4048
516 4047
517 4047
518 4049
519 4052
520 4050
521 4053
522 4048
523 4055
524 4047
525 4049
526 4051
527 4051
528 4051
529 4049
530 4051
531 4050
532 4053
533 4050
534 4050
535 4052
536 4047
537 4050
538 4049
539 4050
540 4046
541 4051
542 4051
543 4049
544 4050
545 4049
546 4047
547 4049
548 4048
549 4047
550 4050
551 4054
552 4047
553 4049
554 4049
555 4049
556 4050
557 4050
558 4047
559 4051
560 4050
561 4050
562 4049
563 4051
564 4049
565 4047
566 4049
567 4051
568 4050
569 4052
570 4051
571 4050
572 4051
573 4051
574 4051
575 4051
576 4047
577 4051
578 4049
579 4052
580 4046
581 4053
582 4050
583 4048
584 4051
585 4052
586 4048
587 4047
588 4050
589 4047
590 4051
591 4049
592 4047
593 4050
594 4050
595 4056
596 4050
597 4049
598 4054
599 4050
600 4050
601 4055
602 4047
603 4051
604 4051
605 4050
606 4050
607 4051
608 4049
609 4050
610 4047
611 4052
612 4050
613 4050
614 4051
615 4047
616 4052
617 4051
618 4050
619 4049
620 4047
621 4052
622 4048
623 4051
624 4049
625 4052
626 4050
627 4047
628 4051
629 4055
630 4047
631 4050
632 4051
633 4045
634 4050
635 4052
636 4049
637 4049
638 4049
639 4047
640 4049
641 4047
642 4047
643 4049
644 4051
645 4051
646 4048
647 4050
648 4051
649 4050
650 4053
651 4053
652 4048
653 4052
654 4049
655 4050
656 4052
657 4050
658 4050
659 4051
660 4050
661 4052
662 4052
663 4051
664 4051
665 4053
666 4047
667 4052
668 4051
669 4051
670 4049
671 4052
672 4049
673 4054
674 4051
675 4049
676 4049
677 4051
678 4051
679 4053
680 4050
681 4049
682 4050
683 4049
684 4049
685 4052
686 4047
687 4047
688 4050
689 4051
690 4051
691 4053
692 4049
693 4050
694 4049
695 4052
696 4047
697 4053
698 4050
699 4047
700 4052
701 4051
702 4049
703 4049
704 4050
705 4047
706 4051
707 4047
708 4049
709 4050
710 4053
711 4050
712 4047
713 4049
714 4053
715 4049
716 4049
717 4052
718 4049
719 4047
720 4051
721 4050
722 4049
723 4049
724 4047
725 4051
726 4051
727 4047
728 4049
729 4052
730 4049
731 4051
732 4049
733 4051
734 4052
735 4052
736 4049
737 4050
738 4053
739 4049
740 4050
741 4051
742 4050
743 4053
744 4049
745 4053
746 4049
747 4050
748 4047
749 4051
750 4051
751 4053
752 4046
753 4051
754 4049
755 4051
756 4051
757 4052
758 4050
759 4050
760 4052
761 4051
762 4049
763 4050
764 4054
765 4050
766 4050
767 4050
768 4052
769 4047
770 4053
771 4047
772 4048
773 4054
774 4047
775 4050
776 4049
777 4047
778 4050
779 4050
780 4047
781 4051
782 4052
783 4047
784 4049
785 4055
786 4053
787 4052
788 4052
789 4047
790 4050
791 4055
792 4049
793 4047
794 4049
795 4051
796 4050
797 4053
798 4047
799 4053
800 4051
801 4051
802 4049
803 4048
804 4051
805 4052
806 4051
807 4049
808 4050
809 4051
810 4050
811 4049
812 4051
813 4050
814 4051
815 4047
816 4050
817 4049
818 4049
819 4052
820 4051
821 4049
822 4052
823 4050
824 4050
825 4051
826 4049
827 4049
828 4049
829 4053
830 4045
831 4051
832 4047
833 4053
834 4047
835 4053
836 4049
837 4047
838 4051
839 4051
840 4051
841 4053
842 4047
843 4054
844 4052
845 4050
846 4053
847 4051
848 4048
849 4051
850 4050
851 4052
852 4052
853 4051
854 4051
855 4048
856 4055
857 4052
858 4051
859 4053
860 4050
861 4052
862 4051
863 4051
864 4051
865 4050
866 4047
867 4054
868 4051
869 4050
870 4053
871 4051
872 4050
873 4047
874 4053
875 4051
876 4050
877 4052
878 4052
879 4049
880 4046
881 4051
882 4049
883 4050
884 4049
885 4050
886 4051
887 4052
888 4049
889 4050
890 4050
891 4051
892 4049
893 4048
894 4050
895 4049
896 4047
897 4051
898 4046
899 4047
900 4047
901 4053
902 4047
903 4052
904 4050
905 4050
906 4053
907 4049
908 4051
909 4050
910 4050
911 4050
912 4050
913 4054
914 4052
915 4047
916 4046
917 4051
918 4047
919 4050
920 4049
921 4047
922 4050
923 4050
924 4049
925 4049
926 4052
927 4053
928 4047
929 4052
930 4050
931 4054
932 4052
933 4046
934 4049
935 4052
936 4052
937 4052
938 4051
939 4050
940 4051
941 4053
942 4050
943 4052
944 4049
945 4053
946 4047
947 4049
948 4052
949 4049
950 4051
951 4055
952 4049
953 4052
954 4047
955 4051
956 4051
957 4053
958 4049
959 4049
960 4050
961 4051
962 4051
963 4047
964 4049
965 4047
966 4052
967 4052
968 4047
969 4051
970 4048
971 4049
972 4050
973 4049
974 4049
975 4050
976 4053
977 4051
978 4053
979 4050
980 4050
981 4051
982 4049
983 4051
984 4050
985 4048
986 4049
987 4049
988 4052
989 4049
990 4049
991 4050
992 4050
993 4049
994 4049
995 4050
996 4047
997 4049
998 4051
999 4050
1000 4051
1001 4054
1002 4047
1003 4051
1004 4052
1005 4047
1006 4050
1007 4051
1008 4049
1009 4048
1010 4052
1011 4053
1012 4049
1013 4047
1014 4049
1015 4048
1016 4052
1017 4052
1018 4050
1019 4051
1020 4051
1021 4051
1022 4051
1023 4049
1024 4045
1025 4052
1026 4049
1027 4052
1028 4051
1029 4050
1030 4052
1031 4049
1032 4047
1033 4051
1034 4047
1035 4050
1036 4047
1037 4049
1038 4049
1039 4052
1040 4049
1041 4049
1042 4051
1043 4046
1044 4050
1045 4051
1046 4051
1047 4049
1048 4050
1049 4045
1050 4049
1051 4053
1052 4049
1053 4050
1054 4052
1055 4047
1056 4047
1057 4052
1058 4049
1059 4049
1060 4050
1061 4049
1062 4050
1063 4051
1064 4047
1065 4049
1066 4053
1067 4049
1068 4047
1069 4051
1070 4052
1071 4051
1072 4050
1073 4049
1074 4047
1075 4049
1076 4050
1077 4049
1078 4047
1079 4047
1080 4049
1081 4053
1082 4049
1083 4050
1084 4052
1085 4050
1086 4049
1087 4050
1088 4052
1089 4049
1090 4048
1091 4051
1092 4053
1093 4047
1094 4050
1095 4051
1096 4047
1097 4048
1098 4048
1099 4051
1100 4050
1101 4053
1102 4049
1103 4046
1104 4051
1105 4047
1106 4050
1107 4051
1108 4049
1109 4053
1110 4053
1111 4051
1112 4051
1113 4050
1114 4051
1115 4047
1116 4054
1117 4051
1118 4047
1119 4052
1120 4047
1121 4050
1122 4052
1123 4048
1124 4049
1125 4053
1126 4050
1127 4047
1128 4048
1129 4050
1130 4050
1131 4048
1132 4050
1133 4047
1134 4050
1135 4050
1136 4052
1137 4053
1138 4047
1139 4051
1140 4050
1141 4050
1142 4049
1143 4050
1144 4051
1145 4052
1146 4049
1147 4049
1148 4051
1149 4049
1150 4046
1151 4053
1152 4045
1153 4051
1154 4047
1155 4047
1156 4052
1157 4049
1158 4049
1159 4050
1160 4052
1161 4052
1162 4050
1163 4049
1164 4048
1165 4052
1166 4051
1167 4051
1168 4049
1169 4050
1170 4050
1171 4049
1172 4049
1173 4049
1174 4049
1175 4052
1176 4050
1177 4048
1178 4048
1179 4052
1180 4049
1181 4049
1182 4049
1183 4047
1184 4050
1185 4052
1186 4047
1187 4048
1188 4050
1189 4047
1190 4050
1191 4051
1192 4051
1193 4051
1194 4052
1195 4047
1196 4052
1197 4049
1198 4052
1199 4050
1200 4047
1201 4054
1202 4050
1203 4049
1204 4052
1205 4049
1206 4052
1207 4049
1208 4048
1209 4049
1210 4050
1211 4052
1212 4047
1213 4050
1214 4047
1215 4050
1216 4047
1217 4050
1218 4050
1219 4047
1220 4047
1221 4048
1222 4050
1223 4050
1224 4051
1225 4049
1226 4047
1227 4045
1228 4055
1229 4051
1230 4047
1231 4050
1232 4051
1233 4047
1234 4047
1235 4050
1236 4049
1237 4050
1238 4050
1239 4051
1240 4050
1241 4051
1242 4047
1243 4049
1244 4049
1245 4052
1246 4049
1247 4045
1248 4047
1249 4051
1250 4047
1251 4051
1252 4049
1253 4049
1254 4050
1255 4049
1256 4049
1257 4052
1258 4047
1259 4047
1260 4051
1261 4050
1262 4049
1263 4049
1264 4047
1265 4049
1266 4049
1267 4051
1268 4049
1269 4046
1270 4047
1271 4046
1272 4049
1273 4051
1274 4050
1275 4050
1276 4045
1277 4049
1278 4050
1279 4047
1280 4047
1281 4049
1282 4051
1283 4047
1284 4049
1285 4049
1286 4047
1287 4047
1288 4051
1289 4047
1290 4047
1291 4049
1292 4050
1293 4049
1294 4050
1295 4050
1296 4047
1297 4048
1298 4049
1299 4050
1300 4049
1301 4053
1302 4047
1303 4049
1304 4049
1305 4050
1306 4047
1307 4053
1308 4047
1309 4049
1310 4051
1311 4046
1312 4049
1313 4050
1314 4047
1315 4047
1316 4051
1317 4052
1318 4047
1319 4049
1320 4051
1321 4049
1322 4050
1323 4048
1324 4049
1325 4049
1326 4049
1327 4048
1328 4046
1329 4050
1330 4044
1331 4052
1332 4047
1333 4048
1334 4047
1335 4049
1336 4047
1337 4046
1338 4043
1339 4047
1340 4044
1341 4045
1342 4044
1343 4044
1344 4046
1345 4043
1346 4044
1347 4046
1348 4044
1349 4043
1350 4043
1351 4051
1352 4039
1353 4045
1354 4045
1355 4040
1356 4041
1357 4040
1358 4041
1359 4042
1360 4044
1361 4039
1362 4038
1363 4042
1364 4039
1365 4041
1366 4043
1367 4039
1368 4042
1369 4041
1370 4040
1371 4041
1372 4043
1373 4041
1374 4042
1375 4039
1376 4043
1377 4041
1378 4038
1379 4042
1380 4038
1381 4039
1382 4040
1383 4039
1384 4041
1385 4042
1386 4039
1387 4040
1388 4043
1389 4045
1390 4039
1391 4039
1392 4039
1393 4039
1394 4040
1395 4042
1396 4042
1397 4040
1398 4045
1399 4043
1400 4043
1401 4049
1402 4039
1403 4045
1404 4042
1405 4044
1406 4043
1407 4041
1408 4043
1409 4041
1410 4044
1411 4045
1412 4044
1413 4044
1414 4044
1415 4043
1416 4042
1417 4045
1418 4041
1419 4042
1420 4043
1421 4042
1422 4043
1423 4044
1424 4046
1425 4041
1426 4045
1427 4042
1428 4044
1429 4042
1430 4039
1431 4045
1432 4041
1433 4042
1434 4044
1435 4047
1436 4044
1437 4042
1438 4043
1439 4044
1440 4043
1441 4045
1442 4045
1443 4047
1444 4042
1445 4044
1446 4041
1447 4045
1448 4043
1449 4042
1450 4044
1451 4046
1452 4045
1453 4047
1454 4044
1455 4046
1456 4046
1457 4044
1458 4043
1459 4044
1460 4044
1461 4046
1462 4046
1463 4047
1464 4048
1465 4046
1466 4048
1467 4045
1468 4044
1469 4047
1470 4047
1471 4044
1472 4046
1473 4049
1474 4046
1475 4047
1476 4047
1477 4049
1478 4047
1479 4050
1480 4047
1481 4052
1482 4048
1483 4049
1484 4047
1485 4052
1486 4052
1487 4051
1488 4047
1489 4049
1490 4047
1491 4050
1492 4047
1493 4050
1494 4050
1495 4047
1496 4048
1497 4047
1498 4048
1499 4051
1500 4050
1501 4054
1502 4047
1503 4047
1504 4046
1505 4049
1506 4052
1507 4051
1508 4050
1509 4051
1510 4050
1511 4052
1512 4050
1513 4053
1514 4047
1515 4049
1516 4049
1517 4050
1518 4050
1519 4050
1520 4053
1521 4049
1522 4049
1523 4048
1524 4047
1525 4052
1526 4049
1527 4047
1528 4049
1529 4052
1530 4051
1531 4052
1532 4053
1533 4050
1534 4047
1535 4050
1536 4048
1537 4051
1538 4052
1539 4047
1540 4047
1541 4054
1542 4049
1543 4051
1544 4050
1545 4051
1546 4049
1547 4052
1548 4045
1549 4052
1550 4050
1551 4053
1552 4049
1553 4052
1554 4053
1555 4052
1556 4052
1557 4051
1558 4050
1559 4050
1560 4050
1561 4051
1562 4052
1563 4052
1564 4051
1565 4052
1566 4050
1567 4052
1568 4052
1569 4048
1570 4047
1571 4049
1572 4050
1573 4052
1574 4049
1575 4049
1576 4051
1577 4052
1578 4052
1579 4054
1580 4049
1581 4055
1582 4052
1583 4051
1584 4052
1585 4051
1586 4047
1587 4051
1588 4051
1589 4054
1590 4049
1591 4051
1592 4050
1593 4052
1594 4051
1595 4049
1596 4052
1597 4047
1598 4050
1599 4052
1600 4051
1601 4054
1602 4051
1603 4051
1604 4054
1605 4050
1606 4055
1607 4052
1608 4052
1609 4050
1610 4050
1611 4052
1612 4053
1613 4052
1614 4049
1615 4049
1616 4052
1617 4055
1618 4049
1619 4051
1620 4047
1621 4047
1622 4050
1623 4053
1624 4053
1625 4050
1626 4053
1627 4050
1628 4052
1629 4051
1630 4049
1631 4055
1632 4050
1633 4049
1634 4052
1635 4051
1636 4051
1637 4047
1638 4054
1639 4047
1640 4049
1641 4049
1642 4049
1643 4051
1644 4049
1645 4047
1646 4046
1647 4053
1648 4050
1649 4050
1650 4050
1651 4053
1652 4049
1653 4050
1654 4049
1655 4052
1656 4050
1657 4052
1658 4049
1659 4051
1660 4051
1661 4051
1662 4051
1663 4050
1664 4051
1665 4051
1666 4050
1667 4053
1668 4050
1669 4052
1670 4051
1671 4054
1672 4052
1673 4053
1674 4050
1675 4051
1676 4053
1677 4050
1678 4052
1679 4052
1680 4050
1681 4052
1682 4052
1683 4051
1684 4052
1685 4052
1686 4047
1687 4051
1688 4052
1689 4051
1690 4049
1691 4051
1692 4049
1693 4053
1694 4051
1695 4053
1696 4054
1697 4051
1698 4047
1699 4047
1700 4052
1701 4055
1702 4049
1703 4048
1704 4054
1705 4050
1706 4052
1707 4049
1708 4052
1709 4052
1710 4049
1711 4051
1712 4050
1713 4052
1714 4051
1715 4051
1716 4050
1717 4050
1718 4053
1719 4049
1720 4049
1721 4049
1722 4052
1723 4052
1724 4047
1725 4049
1726 4050
1727 4049
1728 4047
1729 4052
1730 4050
1731 4050
1732 4051
1733 4051
1734 4052
1735 4049
1736 4052
1737 4050
1738 4046
1739 4050
1740 4051
1741 4052
1742 4051
1743 4051
1744 4050
1745 4047
1746 4049
1747 4051
1748 4051
1749 4052
1750 4049
1751 4053
1752 4047
1753 4049
1754 4052
1755 4047
1756 4047
1757 4049
1758 4047
1759 4049
1760 4050
1761 4049
1762 4047
1763 4051
1764 4050
1765 4050
1766 4049
1767 4051
1768 4051
1769 4053
1770 4047
1771 4052
1772 4052
1773 4049
1774 4052
1775 4051
1776 4051
1777 4052
1778 4055
1779 4050
1780 4049
1781 4052
1782 4049
1783 4052
1784 4051
1785 4050
1786 4049
1787 4053
1788 4048
1789 4049
1790 4049
1791 4047
1792 4048
1793 4053
1794 4049
1795 4049
1796 4047
1797 4050
1798 4051
1799 4051
1800 4049
1801 4051
1802 4047
1803 4050
1804 4053
1805 4049
1806 4049
1807 4050
1808 4049
1809 4051
1810 4051
1811 4047
1812 4051
1813 4050
1814 4050
1815 4046
1816 4050
1817 4051
1818 4047
1819 4047
1820 4052
1821 4046
1822 4051
1823 4051
1824 4047
1825 4051
1826 4047
1827 4050
1828 4049
1829 4052
1830 4049
1831 4054
1832 4047
1833 4049
1834 4049
1835 4047
1836 4052
1837 4053
1838 4050
1839 4050
1840 4051
1841 4051
1842 4046
1843 4053
1844 4051
1845 4049
1846 4050
1847 4051
1848 4049
1849 4050
1850 4051
1851 4054
1852 4047
1853 4049
1854 4052
1855 4050
1856 4051
1857 4048
1858 4049
1859 4050
1860 4051
1861 4052
1862 4049
1863 4049
1864 4052
1865 4053
1866 4050
1867 4052
1868 4051
1869 4049
1870 4052
1871 4049
1872 4048
1873 4051
1874 4050
1875 4052
1876 4050
1877 4051
1878 4052
1879 4049
1880 4047
1881 4048
1882 4050
1883 4051
1884 4052
1885 4052
1886 4048
1887 4050
1888 4051
1889 4049
1890 4050
1891 4049
1892 4051
1893 4049
1894 4049
1895 4049
1896 4049
1897 4051
1898 4050
1899 4049
1900 4049
1901 4055
1902 4047
1903 4049
1904 4049
1905 4051
1906 4053
1907 4052
1908 4049
1909 4047
1910 4051
1911 4050
1912 4049
1913 4051
1914 4049
1915 4050
1916 4050
1917 4051
1918 4050
1919 4051
1920 4051
1921 4050
1922 4051
1923 4051
1924 4047
1925 4051
1926 4050
1927 4052
1928 4052
1929 4052
1930 4047
1931 4051
1932 4053
1933 4047
1934 4048
1935 4050
1936 4052
1937 4050
1938 4051
1939 4052
1940 4047
1941 4047
1942 4050
1943 4049
1944 4049
1945 4049
1946 4052
1947 4050
1948 4051
1949 4051
1950 4048
1951 4054
1952 4047
1953 4050
1954 4050
1955 4047
1956 4049
1957 4050
1958 4050
1959 4051
1960 4051
1961 4050
1962 4051
1963 4052
1964 4047
1965 4052
1966 4051
1967 4049
1968 4049
1969 4052
1970 4050
1971 4050
1972 4047
1973 4052
1974 4050
1975 4050
1976 4048
1977 4049
1978 4049
1979 4049
1980 4048
1981 4051
1982 4050
1983 4050
1984 4049
1985 4050
1986 4051
1987 4048
1988 4049
1989 4045
1990 4047
1991 4051
1992 4047
1993 4049
1994 4049
1995 4049
1996 4049
1997 4051
1998 4051
1999 4049
2000 4052
2001 4055
2002 4047
2003 4053
2004 4047
2005 4049
2006 4049
2007 4049
2008 4051
2009 4048
2010 4048
2011 4052
2012 4051
2013 4050
2014 4050
2015 4054
2016 4051
2017 4052
2018 4052
2019 4050
2020 4051
2021 4047
2022 4051
2023 4052
2024 4051
2025 4047
2026 4051
2027 4048
2028 4049
2029 4049
2030 4050
2031 4050
2032 4048
2033 4051
2034 4049
2035 4053
2036 4047
2037 4052
2038 4049
2039 4050
2040 4050
2041 4052
2042 4051
2043 4054
2044 4047
2045 4046
2046 4050
2047 4051
2048 4050
2049 4049
2050 4047
2051 4050
2052 4050
2053 4049
2054 4053
2055 4050
2056 4050
2057 4051
2058 4049
2059 4052
2060 4049
2061 4051
2062 4051
2063 4049
2064 4051
2065 4054
2066 4051
2067 4049
2068 4053
2069 4051
2070 4048
2071 4051
2072 4050
2073 4051
2074 4049
2075 4052
2076 4049
2077 4051
2078 4054
2079 4049
2080 4049
2081 4052
2082 4049
2083 4047
2084 4050
2085 4046
2086 4049
2087 4049
2088 4050
2089 4047
2090 4055
2091 4050
2092 4047
2093 4053
2094 4047
2095 4049
2096 4053
2097 4049
2098 4049
2099 4051
2100 4049
2101 4053
2102 4049
2103 4047
2104 4053
2105 4051
2106 4050
2107 4049
2108 4051
2109 4049
2110 4050
2111 4050
2112 4050
2113 4049
2114 4050
2115 4049
2116 4047
2117 4047
2118 4050
2119 4047
2120 4047
2121 4052
2122 4049
2123 4051
2124 4049
2125 4050
2126 4046
2127 4047
2128 4052
2129 4051
2130 4051
2131 4051
2132 4051
2133 4052
2134 4051
2135 4050
2136 4047
2137 4047
2138 4050
2139 4051
2140 4047
2141 4051
2142 4050
2143 4051
2144 4048
2145 4052
2146 4047
2147 4049
2148 4049
2149 4052
2150 4047
2151 4051
2152 4046
2153 4050
2154 4049
2155 4050
2156 4051
2157 4047
2158 4047
2159 4051
2160 4048
2161 4052
2162 4049
2163 4051
2164 4046
2165 4050
2166 4049
2167 4047
2168 4050
2169 4049
2170 4047
2171 4049
2172 4054
2173 4052
2174 4047
2175 4049
2176 4051
2177 4049
2178 4050
2179 4050
2180 4049
2181 4050
2182 4047
2183 4051
2184 4051
2185 4052
2186 4052
2187 4051
2188 4052
2189 4048
2190 4049
2191 4049
2192 4047
2193 4047
2194 4049
2195 4047
2196 4045
2197 4051
2198 4046
2199 4047
2200 4049
2201 4055
2202 4046
2203 4049
2204 4050
2205 4051
2206 4051
2207 4046
2208 4051
2209 4048
2210 4050
2211 4050
2212 4047
2213 4047
2214 4045
2215 4049
2216 4052
2217 4051
2218 4050
2219 4049
2220 4046
2221 4050
2222 4049
2223 4050
2224 4046
2225 4047
2226 4051
2227 4046
2228 4049
2229 4053
2230 4046
2231 4049
2232 4051
2233 4051
2234 4050
2235 4052
2236 4050
2237 4047
2238 4051
2239 4047
2240 4049
2241 4053
2242 4047
2243 4047
2244 4047
2245 4050
2246 4049
2247 4052
2248 4046
2249 4050
2250 4049
2251 4051
2252 4049
2253 4053
2254 4048
2255 4049
2256 4044
2257 4049
2258 4047
2259 4047
2260 4044
2261 4050
2262 4049
2263 4047
2264 4050
2265 4049
2266 4049
2267 4050
2268 4049
2269 4051
2270 4048
2271 4051
2272 4047
2273 4048
2274 4047
2275 4048
2276 4053
2277 4047
2278 4052
2279 4050
2280 4047
2281 4051
2282 4046
2283 4050
2284 4047
2285 4049
2286 4051
2287 4047
2288 4047
2289 4049
2290 4049
2291 4047
2292 4052
2293 4052
2294 4050
2295 4047
2296 4051
2297 4049
2298 4049
2299 4052
2300 4050
2301 4054
2302 4049
2303 4051
2304 4049
2305 4048
2306 4047
2307 4049
2308 4050
2309 4050
2310 4049
2311 4050
2312 4050
2313 4053
2314 4046
2315 4047
2316 4047
2317 4050
2318 4047
2319 4049
2320 4050
2321 4049
2322 4047
2323 4050
2324 4046
2325 4054
2326 4047
2327 4051
2328 4046
2329 4049
2330 4047
2331 4051
2332 4047
2333 4053
2334 4050
2335 4053
2336 4047
2337 4047
2338 4049
2339 4049
2340 4047
2341 4051
2342 4051
2343 4049
2344 4048
2345 4048
2346 4047
2347 4046
2348 4048
2349 4047
2350 4048
2351 4053
2352 4047
2353 4054
2354 4047
2355 4051
2356 4048
2357 4050
2358 4047
2359 4049
2360 4049
2361 4051
2362 4046
2363 4050
2364 4049
2365 4049
2366 4049
2367 4052
2368 4049
2369 4049
2370 4047
2371 4047
2372 4050
2373 4049
2374 4046
2375 4048
2376 4049
2377 4047
2378 4051
2379 4047
2380 4047
2381 4050
2382 4046
2383 4051
2384 4048
2385 4050
2386 4050
2387 4051
2388 4047
2389 4050
2390 4047
2391 4049
2392 4047
2393 4051
2394 4047
2395 4047
2396 4047
2397 4050
2398 4050
2399 4047
2400 4047
2401 4054
2402 4047
2403 4047
2404 4052
2405 4045
2406 4051
2407 4050
2408 4049
2409 4049
2410 4051
2411 4051
2412 4047
2413 4049
2414 4049
2415 4053
2416 4047
2417 4046
2418 4049
2419 4049
2420 4051
2421 4050
2422 4049
2423 4049
2424 4046
2425 4051
2426 4044
2427 4049
2428 4050
2429 4046
2430 4047
2431 4049
2432 4049
2433 4049
2434 4049
2435 4047
2436 4050
2437 4050
2438 4047
2439 4053
2440 4045
2441 4047
2442 4047
2443 4050
2444 4049
2445 4051
2446 4049
2447 4049
2448 4049
2449 4050
2450 4046
2451 4054
2452 4046
2453 4049
2454 4047
2455 4048
2456 4049
2457 4051
2458 4049
2459 4046
2460 4049
2461 4047
2462 4047
2463 4050
2464 4045
2465 4049
2466 4047
2467 4049
2468 4047
2469 4050
2470 4047
2471 4049
2472 4047
2473 4050
2474 4049
2475 4048
2476 4047
2477 4047
2478 4047
2479 4050
2480 4046
2481 4052
2482 4047
2483 4049
2484 4045
2485 4047
2486 4047
2487 4047
2488 4049
2489 4047
2490 4046
2491 4050
2492 4046
2493 4050
2494 4047
2495 4047
2496 4047
2497 4048
2498 4047
2499 4047
2500 4047
2501 4049
2502 4045
2503 4046
2504 4051
2505 4047
2506 4049
2507 4046
2508 4047
2509 4047
2510 4047
2511 4046
2512 4046
2513 4049
2514 4045
2515 4048
2516 4045
2517 4051
2518 4047
2519 4047
2520 4045
2521 4047
2522 4046
2523 4049
2524 4046
2525 4047
2526 4047
2527 4047
2528 4047
2529 4051
2530 4047
2531 4050
2532 4047
2533 4047
2534 4046
2535 4047
2536 4049
2537 4046
2538 4047
2539 4047
2540 4047
2541 4051
2542 4046
2543 4052
2544 4051
2545 4046
2546 4047
2547 4047
2548 4047
2549 4044
2550 4048
2551 4052
2552 4041
2553 4047
2554 4044
2555 4047
2556 4049
2557 4045
2558 4045
2559 4046
2560 4044
2561 4046
2562 4043
2563 4044
2564 4042
2565 4043
2566 4047
2567 4046
2568 4045
2569 4044
2570 4046
2571 4042
2572 4047
2573 4044
2574 4044
2575 4044
2576 4044
2577 4045
2578 4047
2579 4047
2580 4045
2581 4045
2582 4047
2583 4046
2584 4045
2585 4044
2586 4044
2587 4044
2588 4046
2589 4046
2590 4044
2591 4046
2592 4043
2593 4046
2594 4044
2595 4043
2596 4045
2597 4043
2598 4044
2599 4047
2600 4043
2601 4046
2602 4045
2603 4044
2604 4045
2605 4040
2606 4040
2607 4046
2608 4043
2609 4043
2610 4045
2611 4045
2612 4042
2613 4041
2614 4041
2615 4043
2616 4043
2617 4040
2618 4046
2619 4041
2620 4040
2621 4039
2622 4042
2623 4039
2624 4041
2625 4043
2626 4041
2627 4039
2628 4041
2629 4044
2630 4043
2631 4042
2632 4039
2633 4042
2634 4039
2635 4037
2636 4040
2637 4038
2638 4037
2639 4044
2640 4039
2641 4038
2642 4036
2643 4036
2644 4039
2645 4042
2646 4040
2647 4037
2648 4034
2649 4038
2650 4042
2651 4041
2652 4031
2653 4037
2654 4039
2655 4039
2656 4037
2657 4041
2658 4037
2659 4041
2660 4039
2661 4039
2662 4036
2663 4040
2664 4036
2665 4039
2666 4036
2667 4037
2668 4039
2669 4037
2670 4036
2671 4037
2672 4037
2673 4034
2674 4035
2675 4037
2676 4036
2677 4035
2678 4035
2679 4031
2680 4031
2681 4039
2682 4036
2683 4035
2684 4035
2685 4031
2686 4035
2687 4031
2688 4031
2689 4031
2690 4031
2691 4031
2692 4031
2693 4031
2694 4031
2695 4030
2696 4031
2697 4031
2698 4029
2699 4029
2700 4028
2701 4031
2702 4027
2703 4030
2704 4030
2705 4029
2706 4025
2707 4030
2708 4027
2709 4027
2710 4027
2711 4025
2712 4022
2713 4021
2714 4021
2715 4023
2716 4023
2717 4021
2718 4022
2719 4020
2720 4020
2721 4015
2722 4020
2723 4018
2724 4018
2725 4017
2726 4021
2727 4014
2728 4021
2729 4019
2730 4009
2731 4019
2732 4014
2733 4014
2734 4013
2735 4010
2736 4012
2737 4005
2738 4009
2739 4005
2740 4009
2741 4003
2742 4006
2743 4004
2744 4003
2745 4002
2746 4001
2747 4000
2748 3996
2749 3992
2750 3994
2751 3993
2752 3988
2753 3991
2754 3989
2755 3989
2756 3986
2757 3985
2758 3983
2759 3981
2760 3977
2761 3981
2762 3972
2763 3973
2764 3973
2765 3972
2766 3966
2767 3966
2768 3958
2769 3959
2770 3954
2771 3953
2772 3953
2773 3939
2774 3936
2775 3939
2776 3933
2777 3936
2778 3927
2779 3925
2780 3918
2781 3908
2782 3901
2783 3910
2784 3892
2785 3881
2786 3859
2787 3835
2788 3787
2789 3737
2790 3685
2791 3543
2792 3339
2793 3025
2794 2400
2795 1844
2796 1667
2797 1636
2798 1617
2799 1601
2800 1594
2801 1585
2802 1580
2803 1574
2804 1574
2805 1568
2806 1568
2807 1564
2808 1564
2809 1560
2810 1562
2811 1557
2812 1557
2813 1557
2814 1556
2815 1554
2816 1555
2817 1554
2818 1555
2819 1551
2820 1552
2821 1550
2822 1550
2823 1548
2824 1551
2825 1548
2826 1549
2827 1547
2828 1547
2829 1547
2830 1546
2831 1547
2832 1547
2833 1545
2834 1546
2835 1545
2836 1545
2837 1543
2838 1546
2839 1542
2840 1544
2841 1543
2842 1543
2843 1542
2844 1544
2845 1541
2846 1542
2847 1541
2848 1541
2849 1540
2850 1542
2851 1540
2852 1542
2853 1540
2854 1541
2855 1538
2856 1542
2857 1540
2858 1540
2859 1538
2860 1540
2861 1538
2862 1539
2863 1539
2864 1539
2865 1536
2866 1539
2867 1536
2868 1538
2869 1538
2870 1539
2871 1536
2872 1538
2873 1537
2874 1537
2875 1537
2876 1537
2877 1536
2878 1537
2879 1534
2880 1536
2881 1536
2882 1536
2883 1535
2884 1536
2885 1534
2886 1535
2887 1534
2888 1535
2889 1534
2890 1535
2891 1534
2892 1535
2893 1533
2894 1536
2895 1534
2896 1535
2897 1535
2898 1535
2899 1533
2900 1534
2901 1533
2902 1534
2903 1533
2904 1533
2905 1531
2906 1534
2907 1531
2908 1533
2909 1533
2910 1533
2911 1531
2912 1533
2913 1531
2914 1533
2915 1531
2916 1532
2917 1531
2918 1533
2919 1530
2920 1532
2921 1530
2922 1532
2923 1530
2924 1532
2925 1530
2926 1533
2927 1530
2928 1530
2929 1531
2930 1530
2931 1530
2932 1532
2933 1530
2934 1531
2935 1530
2936 1531
2937 1529
2938 1531
2939 1529
2940 1530
2941 1529
2942 1530
2943 1530
2944 1530
2945 1525
2946 1530
2947 1530
2948 1529
2949 1528
2950 1532
2951 1528
2952 1530
2953 1529
2954 1530
2955 1527
2956 1530
2957 1529
2958 1526
2959 1530
2960 1529
2961 1528
2962 1530
2963 1527
2964 1529
2965 1528
2966 1529
2967 1527
2968 1530
2969 1528
2970 1530
2971 1527
2972 1528
2973 1527
2974 1528
2975 1527
2976 1529
2977 1526
2978 1528
2979 1527
2980 1527
2981 1527
2982 1529
2983 1526
2984 1527
2985 1527
2986 1527
2987 1527
2988 1529
2989 1527
2990 1527
2991 1527
2992 1527
2993 1526
2994 1529
2995 1526
2996 1527
2997 1527
2998 1526
2999 1526
3000 1527
3001 1526
3002 1527
3003 1527
3004 1527
3005 1524
3006 1528
3007 1525
3008 1526
3009 1526
3010 1527
3011 1526
3012 1527
3013 1525
3014 1526
3015 1525
3016 1527
3017 1526
3018 1527
3019 1524
3020 1527
3021 1525
3022 1525
3023 1525
3024 1528
3025 1525
3026 1524
3027 1524
3028 1526
3029 1524
3030 1524
3031 1526
3032 1525
3033 2924
3034 1606
3035 3941
3036 3965
3037 3991
3038 3989
3039 4004
3040 3997
3041 4009
3042 4004
3043 4013
3044 4009
3045 4018
3046 4015
3047 4021
3048 4017
3049 4019
3050 4018
3051 4029
3052 4017
3053 4025
3054 4023
3055 4025
3056 4025
3057 4028
3058 4025
3059 4027
3060 4026
3061 4031
3062 4030
3063 4030
3064 4031
3065 4031
3066 4031
3067 4031
3068 4029
3069 4031
3070 4031
3071 4031
3072 4037
3073 4034
3074 4031
3075 4036
3076 4031
3077 4031
3078 4038
3079 4037
3080 4031
3081 4035
3082 4035
3083 4035
3084 4031
3085 4036
3086 4039
3087 4038
3088 4036
3089 4041
3090 4037
3091 4036
3092 4038
3093 4035
3094 4041
3095 4039
3096 4036
3097 4039
3098 4037
3099 4038
3100 4039
3101 4044
3102 4036
3103 4039
3104 4040
3105 4038
3106 4039
3107 4038
3108 4038
3109 4038
3110 4037
3111 4039
3112 4042
3113 4041
3114 4043
3115 4043
3116 4038
3117 4040
3118 4042
3119 4037
3120 4042
3121 4043
3122 4043
3123 4038
3124 4040
3125 4038
3126 4041
3127 4039
3128 4041
3129 4041
3130 4038
3131 4042
3132 4045
3133 4040
3134 4044
3135 4045
3136 4042
3137 4041
3138 4045
3139 4045
3140 4040
3141 4044
3142 4044
3143 4043
3144 4044
3145 4042
3146 4041
3147 4041
3148 4041
3149 4042
3150 4045
3151 4046
3152 4041
3153 4041
3154 4040
3155 4043
3156 4043
3157 4041
3158 4041
3159 4041
3160 4043
3161 4043
3162 4042
3163 4046
3164 4047
3165 4042
3166 4044
3167 4045
3168 4044
3169 4043
3170 4043
3171 4047
3172 4042
3173 4042
3174 4043
3175 4046
3176 4042
3177 4043
3178 4041
3179 4044
3180 4042
3181 4044
3182 4041
3183 4042
3184 4043
3185 4046
3186 4040
3187 4043
3188 4048
3189 4042
3190 4045
3191 4043
3192 4046
3193 4045
3194 4046
3195 4041
3196 4042
3197 4046
3198 4044
3199 4044
3200 4046
3201 4048
3202 4043
3203 4047
3204 4045
3205 4045
3206 4047
3207 4046
3208 4043
3209 4045
3210 4048
3211 4044
3212 4045
3213 4045
3214 4043
3215 4045
3216 4047
3217 4045
3218 4046
3219 4046
3220 4045
3221 4044
3222 4046
3223 4047
3224 4046
3225 4047
3226 4045
3227 4046
3228 4045
3229 4046
3230 4043
3231 4047
3232 4047
3233 4044
3234 4046
3235 4047
3236 4045
3237 4045
3238 4046
3239 4046
3240 4046
3241 4049
3242 4047
3243 4046
3244 4046
3245 4049
3246 4046
3247 4043
3248 4047
3249 4049
3250 4044
3251 4047
3252 4042
3253 4047
3254 4047
3255 4044
3256 4047
3257 4045
3258 4043
3259 4047
3260 4047
3261 4046
3262 4045
3263 4043
3264 4047
3265 4045
3266 4045
3267 4046
3268 4045
3269 4047
3270 4044
3271 4047
3272 4045
3273 4046
3274 4046
3275 4047
3276 4049
3277 4047
3278 4046
3279 4049
3280 4046
3281 4046
3282 4046
3283 4047
3284 4047
3285 4047
3286 4049
3287 4044
3288 4045
3289 4047
3290 4045
3291 4046
3292 4047
3293 4045
3294 4045
3295 4048
3296 4047
3297 4046
3298 4043
3299 4046
3300 4047
3301 4050
3302 4044
3303 4046
3304 4047
3305 4047
3306 4049
3307 4050
3308 4048
3309 4050
3310 4047
3311 4049
3312 4046
3313 4044
3314 4047
3315 4045
3316 4044
3317 4047
3318 4048
3319 4047
3320 4045
3321 4047
3322 4047
3323 4047
3324 4047
3325 4047
3326 4047
3327 4050
3328 4047
3329 4044
3330 4046
3331 4046
3332 4047
3333 4047
3334 4047
3335 4046
3336 4047
3337 4047
3338 4044
3339 4049
3340 4046
3341 4049
3342 4049
3343 4049
3344 4045
3345 4044
3346 4048
3347 4047
3348 4047
3349 4045
3350 4048
3351 4050
3352 4045
3353 4047
3354 4045
3355 4046
3356 4049
3357 4045
3358 4049
3359 4047
3360 4046
3361 4047
3362 4047
3363 4046
3364 4045
3365 4050
3366 4046
3367 4047
3368 4043
3369 4045
3370 4046
3371 4049
3372 4045
3373 4049
3374 4046
3375 4047
3376 4047
3377 4048
3378 4048
3379 4050
3380 4045
3381 4049
3382 4044
3383 4047
3384 4049
3385 4047
3386 4048
3387 4049
3388 4049
3389 4047
3390 4049
3391 4047
3392 4047
3393 4046
3394 4050
3395 4049
3396 4046
3397 4046
3398 4047
3399 4050
3400 4050
3401 4053
3402 4046
3403 4047
3404 4049
3405 4047
3406 4048
3407 4046
3408 4047
3409 4047
3410 4045
3411 4047
3412 4047
3413 4047
3414 4048
3415 4047
3416 4050
3417 4050
3418 4049
3419 4046
3420 4048
3421 4049
3422 4049
3423 4049
3424 4047
3425 4046
3426 4049
3427 4049
3428 4046
3429 4052
3430 4047
3431 4052
3432 4047
3433 4050
3434 4047
3435 4049
3436 4047
3437 4052
3438 4050
3439 4044
3440 4051
3441 4051
3442 4047
3443 4049
3444 4047
3445 4047
3446 4049
3447 4050
3448 4047
3449 4046
3450 4046
3451 4052
3452 4047
3453 4047
3454 4047
3455 4045
3456 4050
3457 4050
3458 4047
3459 4050
3460 4046
3461 4051
3462 4047
3463 4047
3464 4047
3465 4046
3466 4046
3467 4047
3468 4047
3469 4049
3470 4049
3471 4049
3472 4045
3473 4047
3474 4051
3475 4049
3476 4047
3477 4051
3478 4047
3479 4055
3480 4048
3481 4050
3482 4050
3483 4049
3484 4048
3485 4049
3486 4049
3487 4050
3488 4047
3489 4049
3490 4049
3491 4049
3492 4046
3493 4049
3494 4050
3495 4047
3496 4051
3497 4049
3498 4051
3499 4047
3500 4050
3501 4051
3502 4045
3503 4047
3504 4047
3505 4047
3506 4051
3507 4049
3508 4048
3509 4049
3510 4052
3511 4050
3512 4047
3513 4051
3514 4049
3515 4050
3516 4048
3517 4049
3518 4052
3519 4048
3520 4047
3521 4047
3522 4049
3523 4052
3524 4050
3525 4047
3526 4050
3527 4050
3528 4050
3529 4047
3530 4048
3531 4049
3532 4047
3533 4050
3534 4047
3535 4052
3536 4049
3537 4051
3538 4050
3539 4047
3540 4047
3541 4050
3542 4050
3543 4054
3544 4047
3545 4047
3546 4047
3547 4046
3548 4048
3549 4047
3550 4046
3551 4054
3552 4045
3553 4050
3554 4051
3555 4047
3556 4049
3557 4049
3558 4047
3559 4049
3560 4047
3561 4047
3562 4046
3563 4046
3564 4049
3565 4051
3566 4049
3567 4052
3568 4050
3569 4047
3570 4049
3571 4047
3572 4047
3573 4051
3574 4046
3575 4048
3576 4047
3577 4049
3578 4047
3579 4049
3580 4047
3581 4048
3582 4047
3583 4046
3584 4051
3585 4047
3586 4050
3587 4047
3588 4047
3589 4051
3590 4049
3591 4048
3592 4048
3593 4049
3594 4048
3595 4047
3596 4046
3597 4049
3598 4049
3599 4048
3600 4047
3601 4055
3602 4047
3603 4046
3604 4049
3605 4045
3606 4047
3607 4046
3608 4047
3609 4049
3610 4048
3611 4047
3612 4049
3613 4047
3614 4047
3615 4053
3616 4049
3617 4050
3618 4045
3619 4048
3620 4049
3621 4047
3622 4047
3623 4049
3624 4049
3625 4047
3626 4053
3627 4049
3628 4049
3629 4050
3630 4047
3631 4049
3632 4047
3633 4047
3634 4044
3635 4045
3636 4051
3637 4045
3638 4047
3639 4049
3640 4045
3641 4046
3642 4045
3643 4051
3644 4048
3645 4049
3646 4048
3647 4048
3648 4046
3649 4044
3650 4050
3651 4055
3652 4047
3653 4049
3654 4048
3655 4046
3656 4049
3657 4047
3658 4047
3659 4046
3660 4049
3661 4051
3662 4047
3663 4047
3664 4049
3665 4050
3666 4048
3667 4050
3668 4048
3669 4047
3670 4047
3671 4049
3672 4050
3673 4052
3674 4047
3675 4050
3676 4050
3677 4046
3678 4053
3679 4049
3680 4047
3681 4050
3682 4051
3683 4045
3684 4047
3685 4049
3686 4048
3687 4051
3688 4048
3689 4049
3690 4047
3691 4046
3692 4047
3693 4047
3694 4046
