#Data from the TCD1304 linear CCD
#column 1 = pixelnumber , column 2 = pixelvalue
#Pixel 1-32 and 3679-3694 and are dummy pixels
#SH-period: 200    ICG-period: 100000    Integration time: 100.0 us
2 4031
3 4034
4 4054
5 4047
6 4050
7 4047
8 4050
9 4047
10 4050
11 4050
12 4047
13 4051
14 4051
15 4049
16 4050
17 4047
18 4049
19 4047
20 4052
21 4047
22 4048
23 4047
24 4050
25 4050
26 4047
27 4047
28 4047
29 4050
30 4047
31 4050
32 4050
34 4047
35 4044
36 4051
37 4047
38 4047
39 4049
40 4053
41 4047
42 4050
43 4050
44 4047
45 4050
46 4052
47 4052
48 4047
49 4047
50 4047
51 4053
52 4046
53 4047
54 4047
55 4047
56 4049
57 4049
58 4047
59 4047
60 4052
61 4047
62 4047
63 4052
64 4052
65 4052
66 4047
67 4052
68 4047
69 4055
70 4049
71 4050
72 4047
73 4047
74 4052
75 4053
76 4047
77 4050
78 4049
79 4051
80 4047
81 4047
82 4047
83 4047
84 4052
85 4050
86 4047
87 4047
88 4050
89 4052
90 4052
91 4047
92 4050
93 4047
94 4052
95 4053
96 4049
97 4047
98 4047
99 4049
100 4047
101 4047
102 4047
103 4047
104 4052
105 4047
106 4047
107 4052
108 4049
109 4049
110 4052
111 4051
112 4047
113 4049
114 4052
115 4047
116 4050
117 4052
118 4050
119 4053
120 4047
121 4050
122 4047
123 4049
124 4050
125 4047
126 4049
127 4049
128 4052
129 4051
130 4050
131 4053
132 4050
133 4052
134 4050
135 4052
136 4049
137 4052
138 4052
139 4052
140 4047
141 4052
142 4052
143 4047
144 4052
145 4047
146 4047
147 4052
148 4047
149 4050
150 4047
151 4055
152 4046
153 4051
154 4051
155 4052
156 4051
157 4047
158 4049
159 4050
160 4050
161 4052
162 4052
163 4047
164 4049
165 4053
166 4049
167 4049
168 4047
169 4052
170 4050
171 4049
172 4046
173 4047
174 4047
175 4050
176 4050
177 4050
178 4049
179 4050
180 4050
181 4050
182 4050
183 4052
184 4047
185 4049
186 4047
187 4050
188 4047
189 4047
190 4047
191 4049
192 4052
193 4047
194 4050
195 4047
196 4049
197 4046
198 4052
199 4050
200 4053
201 4053
202 4044
203 4049
204 4052
205 4047
206 4050
207 4052
208 4047
209 4049
210 4047
211 4050
212 4050
213 4050
214 4050
215 4047
216 4051
217 4049
218 4047
219 4046
220 4049
221 4047
222 4050
223 4047
224 4047
225 4050
226 4049
227 4052
228 4047
229 4050
230 4049
231 4047
232 4052
233 4050
234 4047
235 4050
236 4050
237 4050
238 4051
239 4052
240 4047
241 4050
242 4053
243 4052
244 4050
245 4050
246 4052
247 4046
248 4047
249 4047
250 4050
251 4050
252 4046
253 4046
254 4052
255 4053
256 4049
257 4050
258 4047
259 4049
260 4050
261 4052
262 4049
263 4047
264 4050
265 4049
266 4049
267 4050
268 4047
269 4049
270 4047
271 4047
272 4047
273 4047
274 4049
275 4047
276 4055
277 4050
278 4047
279 4047
280 4047
281 4047
282 4050
283 4050
284 4047
285 4047
286 4050
287 4049
288 4050
289 4050
290 4047
291 4050
292 4049
293 4047
294 4050
295 4053
296 4047
297 4049
298 4047
299 4046
300 4047
301 4052
302 4046
303 4052
304 4053
305 4047
306 4046
307 4052
308 4049
309 4052
310 4047
311 4049
312 4050
313 4047
314 4047
315 4046
316 4052
317 4050
318 4047
319 4052
320 4051
321 4050
322 4049
323 4052
324 4052
325 4052
326 4047
327 4050
328 4047
329 4050
330 4050
331 4052
332 4052
333 4050
334 4050
335 4047
336 4050
337 4052
338 4046
339 4049
340 4050
341 4052
342 4049
343 4047
344 4053
345 4047
346 4052
347 4050
348 4049
349 4047
350 4050
351 4047
352 4047
353 4049
354 4047
355 4049
356 4052
357 4052
358 4050
359 4052
360 4047
361 4052
362 4049
363 4047
364 4051
365 4052
366 4047
367 4049
368 4050
369 4047
370 4049
371 4049
372 4047
373 4052
374 4049
375 4050
376 4050
377 4050
378 4052
379 4052
380 4047
381 4050
382 4052
383 4050
384 4047
385 4047
386 4049
387 4047
388 4047
389 4047
390 4047
391 4055
392 4049
393 4053
394 4049
395 4049
396 4047
397 4052
398 4049
399 4053
400 4049
401 4054
402 4047
403 4052
404 4049
405 4050
406 4047
407 4052
408 4047
409 4047
410 4047
411 4052
412 4047
413 4052
414 4053
415 4050
416 4047
417 4052
418 4050
419 4052
420 4046
421 4049
422 4047
423 4047
424 4047
425 4050
426 4050
427 4047
428 4047
429 4050
430 4047
431 4049
432 4050
433 4052
434 4047
435 4047
436 4050
437 4047
438 4050
439 4047
440 4050
441 4052
442 4050
443 4050
444 4051
445 4050
446 4047
447 4053
448 4046
449 4050
450 4047
451 4053
452 4047
453 4050
454 4052
455 4050
456 4047
457 4047
458 4051
459 4050
460 4052
461 4047
462 4051
463 4047
464 4050
465 4047
466 4050
467 4047
468 4045
469 4052
470 4050
471 4052
472 4050
473 4047
474 4053
475 4051
476 4047
477 4052
478 4047
479 4052
480 4045
481 4049
482 4050
483 4049
484 4047
485 4047
486 4047
487 4047
488 4047
489 4053
490 4047
491 4047
492 4046
493 4049
494 4049
495 4046
496 4047
497 4052
498 4052
499 4046
500 4049
501 4054
502 4047
503 4052
504 4047
505 4047
506 4047
507 4047
508 4049
509 4047
510 4050
511 4052
512 4047
513 4050
514 4049
515 4049
516 4049
517 4047
518 4046
519 4053
520 4050
521 4047
522 4047
523 4047
524 4046
525 4047
526 4052
527 4047
528 4047
529 4051
530 4047
531 4051
532 4049
533 4050
534 4046
535 4047
536 4049
537 4050
538 4047
539 4052
540 4050
541 4049
542 4047
543 4049
544 4047
545 4050
546 4047
547 4050
548 4052
549 4050
550 4047
551 4052
552 4047
553 4050
554 4052
555 4049
556 4049
557 4049
558 4053
559 4052
560 4050
561 4047
562 4049
563 4049
564 4051
565 4047
566 4049
567 4051
568 4047
569 4050
570 4047
571 4047
572 4047
573 4049
574 4049
575 4050
576 4050
577 4051
578 4052
579 4052
580 4045
581 4052
582 4049
583 4053
584 4047
585 4047
586 4047
587 4047
588 4050
589 4050
590 4047
591 4049
592 4047
593 4051
594 4047
595 4047
596 4049
597 4052
598 4050
599 4047
600 4047
601 4052
602 4045
603 4047
604 4047
605 4047
606 4047
607 4050
608 4053
609 4047
610 4052
611 4050
612 4049
613 4047
614 4050
615 4047
616 4047
617 4047
618 4045
619 4047
620 4047
621 4047
622 4047
623 4050
624 4047
625 4047
626 4050
627 4052
628 4047
629 4049
630 4049
631 4047
632 4049
633 4050
634 4047
635 4047
636 4047
637 4050
638 4052
639 4052
640 4051
641 4047
642 4049
643 4050
644 4047
645 4052
646 4050
647 4052
648 4052
649 4050
650 4047
651 4052
652 4046
653 4051
654 4050
655 4050
656 4052
657 4049
658 4049
659 4047
660 4050
661 4050
662 4047
663 4051
664 4047
665 4047
666 4049
667 4052
668 4047
669 4049
670 4049
671 4047
672 4050
673 4052
674 4047
675 4051
676 4045
677 4050
678 4047
679 4053
680 4044
681 4049
682 4047
683 4049
684 4050
685 4050
686 4051
687 4050
688 4052
689 4046
690 4047
691 4047
692 4050
693 4052
694 4052
695 4052
696 4050
697 4050
698 4049
699 4051
700 4050
701 4050
702 4049
703 4050
704 4049
705 4047
706 4050
707 4047
708 4047
709 4052
710 4050
711 4047
712 4046
713 4047
714 4047
715 4047
716 4047
717 4049
718 4052
719 4049
720 4047
721 4047
722 4046
723 4052
724 4047
725 4049
726 4047
727 4049
728 4047
729 4049
730 4047
731 4045
732 4047
733 4047
734 4047
735 4051
736 4047
737 4044
738 4047
739 4047
740 4046
741 4046
742 4045
743 4047
744 4046
745 4044
746 4047
747 4045
748 4046
749 4046
750 4045
751 4046
752 4042
753 4045
754 4044
755 4045
756 4044
757 4044
758 4044
759 4041
760 4042
761 4045
762 4042
763 4041
764 4044
765 4041
766 4044
767 4043
768 4039
769 4042
770 4042
771 4041
772 4044
773 4044
774 4042
775 4041
776 4042
777 4042
778 4038
779 4042
780 4041
781 4042
782 4044
783 4042
784 4039
785 4041
786 4044
787 4043
788 4041
789 4042
790 4041
791 4044
792 4043
793 4044
794 4042
795 4042
796 4039
797 4042
798 4042
799 4039
800 4041
801 4047
802 4038
803 4039
804 4044
805 4044
806 4040
807 4042
808 4042
809 4044
810 4042
811 4044
812 4041
813 4041
814 4044
815 4041
816 4042
817 4044
818 4042
819 4038
820 4040
821 4039
822 4038
823 4044
824 4042
825 4039
826 4039
827 4040
828 4040
829 4039
830 4037
831 4039
832 4039
833 4039
834 4037
835 4038
836 4039
837 4039
838 4040
839 4039
840 4031
841 4039
842 4038
843 4039
844 4039
845 4040
846 4038
847 4037
848 4040
849 4037
850 4031
851 4039
852 4031
853 4039
854 4039
855 4039
856 4036
857 4038
858 4039
859 4036
860 4039
861 4039
862 4038
863 4040
864 4038
865 4037
866 4037
867 4038
868 4039
869 4042
870 4036
871 4038
872 4039
873 4039
874 4036
875 4037
876 4040
877 4037
878 4036
879 4039
880 4036
881 4042
882 4038
883 4039
884 4036
885 4039
886 4042
887 4041
888 4039
889 4040
890 4036
891 4039
892 4037
893 4039
894 4037
895 4036
896 4037
897 4039
898 4037
899 4038
900 4040
901 4039
902 4039
903 4036
904 4039
905 4039
906 4037
907 4041
908 4036
909 4036
910 4039
911 4042
912 4038
913 4041
914 4037
915 4037
916 4041
917 4039
918 4039
919 4038
920 4041
921 4039
922 4040
923 4039
924 4041
925 4040
926 4038
927 4040
928 4041
929 4038
930 4040
931 4044
932 4039
933 4041
934 4039
935 4039
936 4040
937 4042
938 4042
939 4042
940 4039
941 4039
942 4040
943 4040
944 4043
945 4045
946 4041
947 4044
948 4043
949 4044
950 4046
951 4047
952 4041
953 4044
954 4046
955 4045
956 4047
957 4043
958 4042
959 4044
960 4046
961 4044
962 4042
963 4046
964 4041
965 4046
966 4044
967 4044
968 4047
969 4046
970 4045
971 4044
972 4045
973 4047
974 4046
975 4047
976 4047
977 4047
978 4045
979 4047
980 4049
981 4047
982 4046
983 4047
984 4052
985 4047
986 4050
987 4047
988 4047
989 4047
990 4045
991 4047
992 4047
993 4047
994 4047
995 4050
996 4047
997 4047
998 4051
999 4047
1000 4050
1001 4051
1002 4047
1003 4047
1004 4052
1005 4053
1006 4047
1007 4049
1008 4047
1009 4047
1010 4047
1011 4050
1012 4047
1013 4051
1014 4050
1015 4047
1016 4052
1017 4047
1018 4046
1019 4047
1020 4047
1021 4047
1022 4047
1023 4050
1024 4047
1025 4047
1026 4049
1027 4049
1028 4046
1029 4047
1030 4046
1031 4047
1032 4051
1033 4046
1034 4050
1035 4050
1036 4051
1037 4047
1038 4047
1039 4047
1040 4047
1041 4047
1042 4047
1043 4047
1044 4047
1045 4047
1046 4045
1047 4050
1048 4047
1049 4047
1050 4046
1051 4052
1052 4042
1053 4047
1054 4047
1055 4046
1056 4045
1057 4049
1058 4047
1059 4047
1060 4050
1061 4049
1062 4050
1063 4047
1064 4049
1065 4047
1066 4052
1067 4047
1068 4047
1069 4049
1070 4047
1071 4049
1072 4052
1073 4047
1074 4047
1075 4052
1076 4050
1077 4047
1078 4047
1079 4050
1080 4047
1081 4047
1082 4047
1083 4047
1084 4048
1085 4047
1086 4050
1087 4047
1088 4047
1089 4049
1090 4047
1091 4047
1092 4047
1093 4046
1094 4049
1095 4049
1096 4050
1097 4051
1098 4047
1099 4052
1100 4050
1101 4052
1102 4045
1103 4049
1104 4050
1105 4047
1106 4047
1107 4053
1108 4050
1109 4047
1110 4050
1111 4047
1112 4050
1113 4047
1114 4049
1115 4046
1116 4049
1117 4049
1118 4047
1119 4050
1120 4045
1121 4051
1122 4050
1123 4047
1124 4047
1125 4053
1126 4047
1127 4047
1128 4045
1129 4047
1130 4047
1131 4046
1132 4051
1133 4050
1134 4046
1135 4052
1136 4047
1137 4049
1138 4046
1139 4050
1140 4051
1141 4049
1142 4047
1143 4047
1144 4047
1145 4050
1146 4047
1147 4047
1148 4047
1149 4047
1150 4050
1151 4053
1152 4044
1153 4052
1154 4051
1155 4047
1156 4047
1157 4052
1158 4047
1159 4047
1160 4047
1161 4052
1162 4047
1163 4050
1164 4047
1165 4047
1166 4053
1167 4050
1168 4050
1169 4047
1170 4050
1171 4047
1172 4047
1173 4052
1174 4047
1175 4051
1176 4049
1177 4047
1178 4046
1179 4047
1180 4049
1181 4049
1182 4047
1183 4049
1184 4047
1185 4047
1186 4047
1187 4050
1188 4050
1189 4050
1190 4049
1191 4047
1192 4047
1193 4047
1194 4053
1195 4047
1196 4047
1197 4050
1198 4052
1199 4050
1200 4047
1201 4053
1202 4044
1203 4052
1204 4047
1205 4050
1206 4050
1207 4047
1208 4047
1209 4047
1210 4047
1211 4047
1212 4047
1213 4049
1214 4050
1215 4047
1216 4049
1217 4052
1218 4049
1219 4050
1220 4047
1221 4050
1222 4046
1223 4047
1224 4047
1225 4046
1226 4047
1227 4047
1228 4047
1229 4050
1230 4047
1231 4052
1232 4047
1233 4049
1234 4047
1235 4047
1236 4047
1237 4052
1238 4050
1239 4052
1240 4046
1241 4047
1242 4049
1243 4047
1244 4050
1245 4047
1246 4047
1247 4052
1248 4047
1249 4050
1250 4047
1251 4052
1252 4045
1253 4049
1254 4047
1255 4050
1256 4047
1257 4052
1258 4047
1259 4047
1260 4052
1261 4049
1262 4047
1263 4054
1264 4050
1265 4047
1266 4050
1267 4052
1268 4047
1269 4049
1270 4047
1271 4052
1272 4047
1273 4049
1274 4049
1275 4047
1276 4045
1277 4047
1278 4047
1279 4047
1280 4050
1281 4047
1282 4047
1283 4046
1284 4049
1285 4047
1286 4047
1287 4047
1288 4047
1289 4053
1290 4046
1291 4050
1292 4052
1293 4052
1294 4049
1295 4049
1296 4050
1297 4050
1298 4047
1299 4047
1300 4052
1301 4054
1302 4046
1303 4049
1304 4049
1305 4050
1306 4047
1307 4051
1308 4047
1309 4049
1310 4049
1311 4047
1312 4047
1313 4047
1314 4053
1315 4047
1316 4047
1317 4047
1318 4046
1319 4052
1320 4052
1321 4050
1322 4047
1323 4052
1324 4049
1325 4045
1326 4050
1327 4050
1328 4050
1329 4050
1330 4047
1331 4050
1332 4049
1333 4050
1334 4050
1335 4046
1336 4051
1337 4047
1338 4052
1339 4047
1340 4047
1341 4052
1342 4050
1343 4052
1344 4052
1345 4052
1346 4047
1347 4049
1348 4052
1349 4050
1350 4052
1351 4049
1352 4050
1353 4049
1354 4047
1355 4047
1356 4047
1357 4047
1358 4047
1359 4049
1360 4047
1361 4052
1362 4047
1363 4047
1364 4049
1365 4050
1366 4047
1367 4052
1368 4052
1369 4050
1370 4052
1371 4052
1372 4049
1373 4047
1374 4052
1375 4047
1376 4050
1377 4049
1378 4047
1379 4052
1380 4047
1381 4050
1382 4052
1383 4050
1384 4047
1385 4047
1386 4052
1387 4047
1388 4050
1389 4050
1390 4047
1391 4047
1392 4050
1393 4049
1394 4047
1395 4047
1396 4047
1397 4047
1398 4052
1399 4050
1400 4049
1401 4053
1402 4047
1403 4051
1404 4049
1405 4050
1406 4047
1407 4052
1408 4049
1409 4052
1410 4047
1411 4052
1412 4052
1413 4051
1414 4052
1415 4050
1416 4049
1417 4050
1418 4047
1419 4050
1420 4049
1421 4047
1422 4050
1423 4053
1424 4047
1425 4047
1426 4049
1427 4047
1428 4047
1429 4047
1430 4047
1431 4047
1432 4047
1433 4049
1434 4050
1435 4041
1436 4052
1437 4052
1438 4047
1439 4050
1440 4049
1441 4050
1442 4047
1443 4052
1444 4049
1445 4049
1446 4046
1447 4052
1448 4052
1449 4050
1450 4050
1451 4053
1452 4047
1453 4049
1454 4050
1455 4050
1456 4050
1457 4049
1458 4045
1459 4051
1460 4051
1461 4050
1462 4047
1463 4052
1464 4050
1465 4047
1466 4049
1467 4051
1468 4047
1469 4050
1470 4049
1471 4050
1472 4051
1473 4050
1474 4051
1475 4052
1476 4051
1477 4047
1478 4047
1479 4050
1480 4050
1481 4047
1482 4049
1483 4047
1484 4047
1485 4050
1486 4052
1487 4049
1488 4047
1489 4047
1490 4050
1491 4051
1492 4051
1493 4047
1494 4052
1495 4050
1496 4052
1497 4052
1498 4046
1499 4046
1500 4051
1501 4052
1502 4042
1503 4050
1504 4047
1505 4049
1506 4050
1507 4052
1508 4047
1509 4052
1510 4047
1511 4050
1512 4047
1513 4049
1514 4049
1515 4051
1516 4050
1517 4050
1518 4047
1519 4047
1520 4047
1521 4047
1522 4047
1523 4051
1524 4052
1525 4049
1526 4049
1527 4052
1528 4052
1529 4052
1530 4052
1531 4047
1532 4050
1533 4047
1534 4049
1535 4052
1536 4052
1537 4050
1538 4047
1539 4047
1540 4047
1541 4047
1542 4050
1543 4051
1544 4046
1545 4050
1546 4049
1547 4055
1548 4047
1549 4050
1550 4047
1551 4052
1552 4046
1553 4047
1554 4048
1555 4047
1556 4046
1557 4050
1558 4047
1559 4050
1560 4050
1561 4047
1562 4049
1563 4050
1564 4049
1565 4052
1566 4049
1567 4049
1568 4049
1569 4051
1570 4049
1571 4047
1572 4052
1573 4052
1574 4047
1575 4046
1576 4047
1577 4047
1578 4047
1579 4047
1580 4050
1581 4047
1582 4051
1583 4049
1584 4047
1585 4047
1586 4049
1587 4049
1588 4047
1589 4047
1590 4052
1591 4052
1592 4047
1593 4045
1594 4050
1595 4051
1596 4047
1597 4050
1598 4049
1599 4053
1600 4052
1601 4052
1602 4047
1603 4054
1604 4047
1605 4047
1606 4050
1607 4050
1608 4047
1609 4050
1610 4047
1611 4049
1612 4046
1613 4047
1614 4049
1615 4047
1616 4047
1617 4046
1618 4047
1619 4050
1620 4047
1621 4047
1622 4051
1623 4049
1624 4047
1625 4049
1626 4047
1627 4049
1628 4047
1629 4052
1630 4050
1631 4049
1632 4050
1633 4052
1634 4047
1635 4053
1636 4047
1637 4051
1638 4047
1639 4052
1640 4047
1641 4052
1642 4050
1643 4049
1644 4050
1645 4053
1646 4047
1647 4049
1648 4047
1649 4052
1650 4047
1651 4052
1652 4044
1653 4050
1654 4047
1655 4049
1656 4047
1657 4047
1658 4047
1659 4047
1660 4050
1661 4050
1662 4045
1663 4052
1664 4047
1665 4047
1666 4047
1667 4047
1668 4046
1669 4050
1670 4047
1671 4049
1672 4053
1673 4047
1674 4047
1675 4050
1676 4047
1677 4047
1678 4047
1679 4051
1680 4047
1681 4047
1682 4047
1683 4050
1684 4050
1685 4047
1686 4052
1687 4047
1688 4049
1689 4047
1690 4047
1691 4047
1692 4046
1693 4052
1694 4047
1695 4050
1696 4047
1697 4052
1698 4047
1699 4047
1700 4050
1701 4052
1702 4047
1703 4047
1704 4049
1705 4047
1706 4051
1707 4047
1708 4047
1709 4050
1710 4047
1711 4047
1712 4052
1713 4047
1714 4047
1715 4047
1716 4050
1717 4050
1718 4047
1719 4054
1720 4047
1721 4047
1722 4047
1723 4050
1724 4049
1725 4047
1726 4049
1727 4045
1728 4045
1729 4052
1730 4047
1731 4047
1732 4047
1733 4050
1734 4050
1735 4047
1736 4045
1737 4052
1738 4047
1739 4051
1740 4047
1741 4052
1742 4045
1743 4047
1744 4047
1745 4047
1746 4047
1747 4047
1748 4047
1749 4050
1750 4049
1751 4050
1752 4047
1753 4052
1754 4050
1755 4050
1756 4052
1757 4049
1758 4046
1759 4052
1760 4047
1761 4052
1762 4047
1763 4052
1764 4047
1765 4050
1766 4047
1767 4052
1768 4050
1769 4050
1770 4051
1771 4047
1772 4047
1773 4050
1774 4051
1775 4047
1776 4047
1777 4047
1778 4049
1779 4047
1780 4050
1781 4047
1782 4047
1783 4052
1784 4047
1785 4052
1786 4052
1787 4047
1788 4049
1789 4047
1790 4047
1791 4046
1792 4049
1793 4051
1794 4046
1795 4052
1796 4047
1797 4047
1798 4047
1799 4055
1800 4047
1801 4052
1802 4047
1803 4047
1804 4049
1805 4047
1806 4047
1807 4049
1808 4047
1809 4047
1810 4052
1811 4050
1812 4047
1813 4050
1814 4050
1815 4049
1816 4052
1817 4047
1818 4047
1819 4052
1820 4047
1821 4047
1822 4050
1823 4055
1824 4047
1825 4049
1826 4045
1827 4047
1828 4050
1829 4047
1830 4047
1831 4052
1832 4046
1833 4047
1834 4049
1835 4047
1836 4047
1837 4046
1838 4049
1839 4050
1840 4047
1841 4047
1842 4047
1843 4047
1844 4052
1845 4050
1846 4046
1847 4050
1848 4047
1849 4052
1850 4047
1851 4052
1852 4046
1853 4047
1854 4045
1855 4047
1856 4047
1857 4047
1858 4047
1859 4047
1860 4046
1861 4051
1862 4047
1863 4046
1864 4047
1865 4047
1866 4046
1867 4050
1868 4044
1869 4046
1870 4045
1871 4047
1872 4045
1873 4046
1874 4046
1875 4045
1876 4045
1877 4045
1878 4047
1879 4042
1880 4044
1881 4045
1882 4044
1883 4044
1884 4044
1885 4044
1886 4045
1887 4043
1888 4044
1889 4043
1890 4040
1891 4044
1892 4045
1893 4044
1894 4041
1895 4042
1896 4041
1897 4043
1898 4040
1899 4044
1900 4042
1901 4047
1902 4038
1903 4039
1904 4045
1905 4042
1906 4040
1907 4045
1908 4041
1909 4040
1910 4043
1911 4041
1912 4037
1913 4044
1914 4040
1915 4044
1916 4042
1917 4041
1918 4041
1919 4041
1920 4039
1921 4041
1922 4038
1923 4041
1924 4045
1925 4039
1926 4044
1927 4044
1928 4039
1929 4044
1930 4042
1931 4042
1932 4044
1933 4042
1934 4044
1935 4044
1936 4042
1937 4044
1938 4039
1939 4041
1940 4042
1941 4042
1942 4044
1943 4041
1944 4041
1945 4043
1946 4045
1947 4041
1948 4045
1949 4042
1950 4042
1951 4045
1952 4041
1953 4045
1954 4044
1955 4042
1956 4045
1957 4044
1958 4044
1959 4044
1960 4044
1961 4043
1962 4042
1963 4044
1964 4040
1965 4042
1966 4041
1967 4044
1968 4042
1969 4042
1970 4040
1971 4040
1972 4037
1973 4041
1974 4040
1975 4041
1976 4039
1977 4039
1978 4039
1979 4042
1980 4045
1981 4038
1982 4041
1983 4041
1984 4039
1985 4040
1986 4044
1987 4044
1988 4039
1989 4044
1990 4041
1991 4039
1992 4042
1993 4037
1994 4039
1995 4045
1996 4038
1997 4042
1998 4039
1999 4044
2000 4041
2001 4045
2002 4041
2003 4041
2004 4043
2005 4040
2006 4041
2007 4044
2008 4042
2009 4043
2010 4039
2011 4039
2012 4041
2013 4040
2014 4042
2015 4041
2016 4041
2017 4041
2018 4040
2019 4044
2020 4042
2021 4040
2022 4040
2023 4038
2024 4044
2025 4042
2026 4041
2027 4041
2028 4040
2029 4039
2030 4038
2031 4044
2032 4042
2033 4040
2034 4038
2035 4041
2036 4040
2037 4041
2038 4039
2039 4039
2040 4040
2041 4044
2042 4040
2043 4039
2044 4041
2045 4038
2046 4039
2047 4041
2048 4037
2049 4042
2050 4041
2051 4045
2052 4036
2053 4037
2054 4041
2055 4040
2056 4038
2057 4041
2058 4040
2059 4041
2060 4038
2061 4041
2062 4037
2063 4041
2064 4040
2065 4041
2066 4041
2067 4040
2068 4039
2069 4041
2070 4041
2071 4042
2072 4037
2073 4040
2074 4039
2075 4039
2076 4039
2077 4042
2078 4039
2079 4042
2080 4041
2081 4039
2082 4039
2083 4040
2084 4038
2085 4041
2086 4041
2087 4040
2088 4042
2089 4039
2090 4038
2091 4042
2092 4041
2093 4039
2094 4041
2095 4039
2096 4038
2097 4038
2098 4039
2099 4038
2100 4040
2101 4045
2102 4039
2103 4041
2104 4038
2105 4039
2106 4038
2107 4039
2108 4042
2109 4041
2110 4040
2111 4041
2112 4041
2113 4042
2114 4039
2115 4037
2116 4040
2117 4039
2118 4039
2119 4038
2120 4042
2121 4038
2122 4040
2123 4040
2124 4039
2125 4040
2126 4039
2127 4040
2128 4041
2129 4041
2130 4041
2131 4044
2132 4042
2133 4044
2134 4039
2135 4044
2136 4044
2137 4041
2138 4043
2139 4041
2140 4044
2141 4042
2142 4044
2143 4041
2144 4042
2145 4044
2146 4041
2147 4044
2148 4040
2149 4044
2150 4044
2151 4045
2152 4042
2153 4044
2154 4042
2155 4045
2156 4045
2157 4045
2158 4042
2159 4044
2160 4041
2161 4044
2162 4040
2163 4044
2164 4045
2165 4044
2166 4043
2167 4044
2168 4044
2169 4044
2170 4041
2171 4044
2172 4045
2173 4046
2174 4041
2175 4042
2176 4046
2177 4044
2178 4045
2179 4041
2180 4044
2181 4044
2182 4044
2183 4042
2184 4046
2185 4041
2186 4046
2187 4044
2188 4044
2189 4044
2190 4040
2191 4046
2192 4046
2193 4042
2194 4042
2195 4044
2196 4044
2197 4042
2198 4042
2199 4043
2200 4042
2201 4044
2202 4040
2203 4039
2204 4047
2205 4040
2206 4044
2207 4041
2208 4040
2209 4044
2210 4045
2211 4046
2212 4039
2213 4044
2214 4043
2215 4041
2216 4041
2217 4041
2218 4042
2219 4041
2220 4044
2221 4041
2222 4042
2223 4040
2224 4039
2225 4042
2226 4041
2227 4042
2228 4041
2229 4039
2230 4044
2231 4041
2232 4045
2233 4040
2234 4042
2235 4039
2236 4044
2237 4042
2238 4039
2239 4044
2240 4041
2241 4040
2242 4041
2243 4041
2244 4044
2245 4041
2246 4041
2247 4041
2248 4042
2249 4044
2250 4044
2251 4044
2252 4041
2253 4042
2254 4042
2255 4042
2256 4044
2257 4045
2258 4042
2259 4039
2260 4040
2261 4045
2262 4040
2263 4041
2264 4044
2265 4041
2266 4044
2267 4041
2268 4039
2269 4040
2270 4040
2271 4043
2272 4041
2273 4038
2274 4039
2275 4040
2276 4037
2277 4038
2278 4039
2279 4042
2280 4038
2281 4041
2282 4041
2283 4040
2284 4039
2285 4041
2286 4044
2287 4041
2288 4039
2289 4039
2290 4040
2291 4043
2292 4040
2293 4046
2294 4044
2295 4043
2296 4044
2297 4045
2298 4041
2299 4041
2300 4044
2301 4047
2302 4039
2303 4045
2304 4047
2305 4045
2306 4044
2307 4047
2308 4047
2309 4047
2310 4047
2311 4049
2312 4044
2313 4051
2314 4047
2315 4049
2316 4047
2317 4046
2318 4044
2319 4047
2320 4046
2321 4047
2322 4046
2323 4047
2324 4047
2325 4047
2326 4045
2327 4047
2328 4047
2329 4047
2330 4047
2331 4049
2332 4049
2333 4046
2334 4047
2335 4046
2336 4045
2337 4047
2338 4047
2339 4047
2340 4045
2341 4046
2342 4047
2343 4046
2344 4046
2345 4047
2346 4049
2347 4047
2348 4045
2349 4050
2350 4046
2351 4052
2352 4044
2353 4049
2354 4049
2355 4047
2356 4047
2357 4045
2358 4046
2359 4047
2360 4046
2361 4047
2362 4046
2363 4051
2364 4051
2365 4047
2366 4047
2367 4050
2368 4046
2369 4052
2370 4047
2371 4049
2372 4047
2373 4050
2374 4047
2375 4047
2376 4049
2377 4047
2378 4047
2379 4047
2380 4047
2381 4047
2382 4047
2383 4047
2384 4047
2385 4045
2386 4047
2387 4047
2388 4047
2389 4047
2390 4047
2391 4047
2392 4047
2393 4047
2394 4050
2395 4047
2396 4047
2397 4047
2398 4050
2399 4047
2400 4047
2401 4051
2402 4044
2403 4047
2404 4045
2405 4046
2406 4047
2407 4047
2408 4046
2409 4047
2410 4045
2411 4047
2412 4046
2413 4051
2414 4047
2415 4047
2416 4047
2417 4047
2418 4047
2419 4047
2420 4047
2421 4046
2422 4044
2423 4046
2424 4045
2425 4044
2426 4043
2427 4044
2428 4043
2429 4040
2430 4040
2431 4041
2432 4044
2433 4042
2434 4044
2435 4042
2436 4041
2437 4039
2438 4044
2439 4040
2440 4041
2441 4031
2442 4038
2443 4043
2444 4045
2445 4041
2446 4041
2447 4040
2448 4040
2449 4045
2450 4040
2451 4044
2452 4040
2453 4041
2454 4044
2455 4044
2456 4044
2457 4042
2458 4041
2459 4044
2460 4044
2461 4045
2462 4044
2463 4046
2464 4045
2465 4041
2466 4046
2467 4047
2468 4047
2469 4045
2470 4045
2471 4046
2472 4044
2473 4046
2474 4047
2475 4044
2476 4046
2477 4046
2478 4047
2479 4047
2480 4044
2481 4045
2482 4046
2483 4046
2484 4047
2485 4045
2486 4046
2487 4044
2488 4047
2489 4047
2490 4044
2491 4045
2492 4045
2493 4047
2494 4044
2495 4046
2496 4044
2497 4047
2498 4045
2499 4047
2500 4047
2501 4046
2502 4044
2503 4047
2504 4046
2505 4045
2506 4047
2507 4047
2508 4045
2509 4046
2510 4044
2511 4044
2512 4047
2513 4046
2514 4044
2515 4045
2516 4049
2517 4044
2518 4047
2519 4047
2520 4045
2521 4044
2522 4044
2523 4045
2524 4047
2525 4044
2526 4047
2527 4044
2528 4044
2529 4046
2530 4047
2531 4044
2532 4045
2533 4047
2534 4047
2535 4046
2536 4045
2537 4045
2538 4049
2539 4045
2540 4041
2541 4044
2542 4044
2543 4046
2544 4045
2545 4046
2546 4042
2547 4045
2548 4044
2549 4047
2550 4042
2551 4047
2552 4041
2553 4045
2554 4047
2555 4044
2556 4044
2557 4052
2558 4045
2559 4045
2560 4043
2561 4045
2562 4044
2563 4046
2564 4044
2565 4043
2566 4044
2567 4044
2568 4041
2569 4044
2570 4044
2571 4045
2572 4044
2573 4044
2574 4044
2575 4049
2576 4045
2577 4044
2578 4042
2579 4045
2580 4041
2581 4044
2582 4044
2583 4042
2584 4044
2585 4041
2586 4045
2587 4046
2588 4044
2589 4045
2590 4044
2591 4044
2592 4044
2593 4041
2594 4046
2595 4042
2596 4041
2597 4043
2598 4044
2599 4040
2600 4044
2601 4050
2602 4041
2603 4041
2604 4044
2605 4038
2606 4044
2607 4043
2608 4041
2609 4039
2610 4044
2611 4042
2612 4044
2613 4039
2614 4042
2615 4039
2616 4041
2617 4042
2618 4041
2619 4039
2620 4038
2621 4042
2622 4040
2623 4040
2624 4037
2625 4040
2626 4039
2627 4037
2628 4036
2629 4040
2630 4039
2631 4039
2632 4037
2633 4039
2634 4041
2635 4036
2636 4040
2637 4040
2638 4037
2639 4039
2640 4038
2641 4037
2642 4037
2643 4037
2644 4040
2645 4042
2646 4036
2647 4037
2648 4031
2649 4037
2650 4039
2651 4044
2652 4031
2653 4036
2654 4038
2655 4036
2656 4038
2657 4039
2658 4035
2659 4037
2660 4037
2661 4036
2662 4031
2663 4036
2664 4037
2665 4036
2666 4037
2667 4031
2668 4031
2669 4037
2670 4036
2671 4036
2672 4034
2673 4037
2674 4034
2675 4036
2676 4030
2677 4036
2678 4034
2679 4031
2680 4031
2681 4031
2682 4031
2683 4031
2684 4031
2685 4031
2686 4036
2687 4031
2688 4031
2689 4026
2690 4026
2691 4029
2692 4030
2693 4028
2694 4025
2695 4025
2696 4026
2697 4026
2698 4025
2699 4023
2700 4020
2701 4022
2702 4017
2703 4019
2704 4021
2705 4019
2706 4017
2707 4015
2708 4014
2709 4020
2710 4017
2711 4015
2712 4013
2713 4012
2714 4013
2715 4015
2716 4012
2717 4015
2718 4013
2719 4013
2720 4009
2721 4008
2722 4009
2723 4013
2724 4004
2725 4008
2726 4011
2727 4004
2728 4009
2729 4012
2730 4005
2731 4005
2732 4004
2733 4002
2734 4001
2735 4002
2736 4001
2737 4000
2738 3997
2739 3997
2740 3992
2741 3996
2742 4000
2743 3991
2744 3995
2745 3990
2746 3993
2747 3988
2748 3988
2749 3988
2750 3981
2751 3982
2752 3983
2753 3982
2754 3980
2755 3981
2756 3981
2757 3977
2758 3975
2759 3971
2760 3970
2761 3967
2762 3964
2763 3967
2764 3961
2765 3956
2766 3957
2767 3948
2768 3948
2769 3948
2770 3940
2771 3940
2772 3931
2773 3933
2774 3924
2775 3919
2776 3919
2777 3912
2778 3912
2779 3908
2780 3908
2781 3897
2782 3892
2783 3887
2784 3884
2785 3863
2786 3847
2787 3830
2788 3767
2789 3732
2790 3658
2791 3501
2792 3305
2793 3004
2794 2388
2795 1885
2796 1693
2797 1644
2798 1628
2799 1610
2800 1601
2801 1591
2802 1586
2803 1581
2804 1579
2805 1572
2806 1570
2807 1568
2808 1568
2809 1564
2810 1564
2811 1564
2812 1562
2813 1559
2814 1560
2815 1558
2816 1559
2817 1556
2818 1556
2819 1556
2820 1556
2821 1554
2822 1555
2823 1552
2824 1553
2825 1552
2826 1552
2827 1549
2828 1552
2829 1550
2830 1551
2831 1548
2832 1550
2833 1548
2834 1549
2835 1548
2836 1550
2837 1546
2838 1548
2839 1547
2840 1547
2841 1546
2842 1548
2843 1545
2844 1546
2845 1545
2846 1546
2847 1544
2848 1545
2849 1545
2850 1545
2851 1542
2852 1544
2853 1542
2854 1544
2855 1542
2856 1543
2857 1542
2858 1542
2859 1542
2860 1544
2861 1542
2862 1542
2863 1541
2864 1543
2865 1540
2866 1541
2867 1541
2868 1540
2869 1540
2870 1541
2871 1540
2872 1540
2873 1539
2874 1541
2875 1540
2876 1541
2877 1540
2878 1541
2879 1538
2880 1540
2881 1538
2882 1545
2883 1538
2884 1540
2885 1538
2886 1540
2887 1538
2888 1539
2889 1538
2890 1538
2891 1538
2892 1538
2893 1536
2894 1538
2895 1537
2896 1538
2897 1538
2898 1537
2899 1537
2900 1537
2901 1536
2902 1537
2903 1536
2904 1538
2905 1535
2906 1536
2907 1535
2908 1537
2909 1535
2910 1537
2911 1535
2912 1536
2913 1536
2914 1536
2915 1533
2916 1537
2917 1534
2918 1535
2919 1534
2920 1536
2921 1533
2922 1536
2923 1533
2924 1534
2925 1534
2926 1535
2927 1533
2928 1534
2929 1534
2930 1533
2931 1533
2932 1534
2933 1534
2934 1534
2935 1532
2936 1534
2937 1532
2938 1534
2939 1533
2940 1532
2941 1533
2942 1534
2943 1533
2944 1534
2945 1532
2946 1533
2947 1532
2948 1533
2949 1532
2950 1533
2951 1531
2952 1532
2953 1532
2954 1533
2955 1531
2956 1532
2957 1532
2958 1532
2959 1531
2960 1532
2961 1530
2962 1532
2963 1531
2964 1532
2965 1531
2966 1532
2967 1530
2968 1532
2969 1530
2970 1532
2971 1530
2972 1532
2973 1530
2974 1531
2975 1530
2976 1532
2977 1529
2978 1531
2979 1530
2980 1530
2981 1531
2982 1532
2983 1530
2984 1530
2985 1530
2986 1532
2987 1529
2988 1531
2989 1529
2990 1530
2991 1530
2992 1529
2993 1529
2994 1531
2995 1528
2996 1530
2997 1530
2998 1529
2999 1529
3000 1530
3001 1528
3002 1529
3003 1528
3004 1530
3005 1528
3006 1530
3007 1528
3008 1530
3009 1527
3010 1529
3011 1529
3012 1529
3013 1527
3014 1529
3015 1527
3016 1529
3017 1528
3018 1529
3019 1528
3020 1529
3021 1527
3022 1530
3023 1527
3024 1528
3025 1528
3026 1528
3027 1527
3028 1529
3029 1528
3030 1528
3031 1528
3032 1529
3033 1526
3034 1528
3035 2754
3036 1521
3037 3879
3038 3865
3039 3990
3040 3972
3041 3995
3042 3987
3043 3996
3044 3995
3045 4000
3046 3997
3047 4004
3048 4001
3049 4006
3050 4009
3051 4012
3052 4004
3053 4013
3054 4012
3055 4012
3056 4012
3057 4019
3058 4015
3059 4018
3060 4015
3061 4022
3062 4015
3063 4025
3064 4015
3065 4020
3066 4020
3067 4022
3068 4022
3069 4023
3070 4022
3071 4023
3072 4022
3073 4025
3074 4022
3075 4022
3076 4023
3077 4022
3078 4026
3079 4024
3080 4025
3081 4022
3082 4028
3083 4025
3084 4026
3085 4026
3086 4028
3087 4024
3088 4029
3089 4029
3090 4027
3091 4031
3092 4026
3093 4028
3094 4029
3095 4025
3096 4028
3097 4028
3098 4029
3099 4030
3100 4029
3101 4031
3102 4029
3103 4028
3104 4029
3105 4029
3106 4028
3107 4027
3108 4029
3109 4031
3110 4028
3111 4031
3112 4031
3113 4031
3114 4030
3115 4036
3116 4028
3117 4028
3118 4031
3119 4029
3120 4036
3121 4031
3122 4030
3123 4030
3124 4031
3125 4035
3126 4031
3127 4031
3128 4034
3129 4031
3130 4031
3131 4029
3132 4031
3133 4029
3134 4031
3135 4031
3136 4031
3137 4029
3138 4030
3139 4031
3140 4027
3141 4031
3142 4036
3143 4031
3144 4031
3145 4031
3146 4031
3147 4031
3148 4031
3149 4031
3150 4031
3151 4038
3152 4031
3153 4031
3154 4038
3155 4036
3156 4035
3157 4031
3158 4031
3159 4031
3160 4031
3161 4037
3162 4031
3163 4031
3164 4036
3165 4036
3166 4036
3167 4031
3168 4036
3169 4031
3170 4034
3171 4031
3172 4037
3173 4037
3174 4031
3175 4036
3176 4031
3177 4031
3178 4031
3179 4034
3180 4031
3181 4034
3182 4031
3183 4031
3184 4031
3185 4035
3186 4031
3187 4036
3188 4035
3189 4034
3190 4031
3191 4036
3192 4036
3193 4037
3194 4031
3195 4035
3196 4036
3197 4038
3198 4031
3199 4036
3200 4034
3201 4039
3202 4031
3203 4036
3204 4037
3205 4038
3206 4031
3207 4036
3208 4031
3209 4036
3210 4037
3211 4036
3212 4031
3213 4037
3214 4036
3215 4031
3216 4037
3217 4036
3218 4031
3219 4037
3220 4035
3221 4038
3222 4036
3223 4031
3224 4036
3225 4036
3226 4036
3227 4036
3228 4036
3229 4036
3230 4036
3231 4034
3232 4036
3233 4036
3234 4031
3235 4034
3236 4038
3237 4034
3238 4036
3239 4037
3240 4036
3241 4038
3242 4038
3243 4037
3244 4037
3245 4037
3246 4040
3247 4040
3248 4037
3249 4035
3250 4037
3251 4039
3252 4031
3253 4031
3254 4036
3255 4037
3256 4036
3257 4038
3258 4038
3259 4036
3260 4036
3261 4037
3262 4031
3263 4036
3264 4037
3265 4037
3266 4039
3267 4038
3268 4039
3269 4040
3270 4037
3271 4038
3272 4036
3273 4037
3274 4039
3275 4041
3276 4038
3277 4039
3278 4037
3279 4039
3280 4040
3281 4036
3282 4037
3283 4035
3284 4039
3285 4038
3286 4040
3287 4037
3288 4038
3289 4037
3290 4031
3291 4036
3292 4037
3293 4036
3294 4037
3295 4037
3296 4039
3297 4039
3298 4038
3299 4036
3300 4036
3301 4037
3302 4036
3303 4037
3304 4036
3305 4037
3306 4039
3307 4036
3308 4034
3309 4037
3310 4038
3311 4039
3312 4039
3313 4039
3314 4039
3315 4042
3316 4038
3317 4039
3318 4038
3319 4038
3320 4034
3321 4039
3322 4037
3323 4038
3324 4039
3325 4036
3326 4036
3327 4037
3328 4036
3329 4039
3330 4035
3331 4038
3332 4037
3333 4037
3334 4036
3335 4037
3336 4037
3337 4038
3338 4038
3339 4038
3340 4037
3341 4037
3342 4039
3343 4039
3344 4038
3345 4038
3346 4036
3347 4040
3348 4037
3349 4039
3350 4040
3351 4039
3352 4031
3353 4036
3354 4037
3355 4038
3356 4037
3357 4038
3358 4039
3359 4039
3360 4036
3361 4040
3362 4037
3363 4039
3364 4036
3365 4038
3366 4039
3367 4037
3368 4037
3369 4036
3370 4036
3371 4041
3372 4037
3373 4037
3374 4037
3375 4040
3376 4036
3377 4038
3378 4041
3379 4040
3380 4039
3381 4036
3382 4039
3383 4039
3384 4037
3385 4038
3386 4039
3387 4041
3388 4042
3389 4037
3390 4038
3391 4038
3392 4038
3393 4038
3394 4039
3395 4037
3396 4038
3397 4040
3398 4039
3399 4037
3400 4038
3401 4043
3402 4037
3403 4040
3404 4039
3405 4038
3406 4037
3407 4038
3408 4038
3409 4038
3410 4042
3411 4037
3412 4038
3413 4039
3414 4037
3415 4038
3416 4038
3417 4041
3418 4036
3419 4040
3420 4037
3421 4039
3422 4039
3423 4038
3424 4038
3425 4040
3426 4036
3427 4037
3428 4039
3429 4039
3430 4037
3431 4041
3432 4040
3433 4039
3434 4038
3435 4041
3436 4039
3437 4040
3438 4037
3439 4038
3440 4038
3441 4037
3442 4038
3443 4041
3444 4038
3445 4037
3446 4039
3447 4038
3448 4037
3449 4038
3450 4039
3451 4040
3452 4039
3453 4039
3454 4040
3455 4038
3456 4039
3457 4040
3458 4040
3459 4040
3460 4039
3461 4037
3462 4038
3463 4037
3464 4039
3465 4039
3466 4041
3467 4038
3468 4037
3469 4038
3470 4037
3471 4036
3472 4041
3473 4039
3474 4039
3475 4041
3476 4040
3477 4039
3478 4038
3479 4041
3480 4037
3481 4040
3482 4040
3483 4039
3484 4036
3485 4039
3486 4041
3487 4038
3488 4041
3489 4039
3490 4041
3491 4038
3492 4039
3493 4039
3494 4039
3495 4039
3496 4038
3497 4040
3498 4037
3499 4037
3500 4038
3501 4042
3502 4038
3503 4040
3504 4038
3505 4042
3506 4041
3507 4042
3508 4037
3509 4039
3510 4036
3511 4041
3512 4038
3513 4041
3514 4039
3515 4040
3516 4037
3517 4037
3518 4037
3519 4039
3520 4040
3521 4037
3522 4039
3523 4037
3524 4039
3525 4041
3526 4040
3527 4037
3528 4036
3529 4040
3530 4040
3531 4041
3532 4039
3533 4040
3534 4036
3535 4039
3536 4040
3537 4039
3538 4039
3539 4041
3540 4038
3541 4040
3542 4042
3543 4040
3544 4042
3545 4039
3546 4040
3547 4038
3548 4036
3549 4041
3550 4039
3551 4039
3552 4039
3553 4038
3554 4040
3555 4041
3556 4037
3557 4038
3558 4036
3559 4044
3560 4037
3561 4042
3562 4038
3563 4036
3564 4038
3565 4039
3566 4040
3567 4043
3568 4039
3569 4038
3570 4039
3571 4036
3572 4038
3573 4039
3574 4040
3575 4037
3576 4036
3577 4036
3578 4040
3579 4038
3580 4039
3581 4038
3582 4040
3583 4039
3584 4038
3585 4038
3586 4039
3587 4041
3588 4038
3589 4039
3590 4037
3591 4041
3592 4038
3593 4038
3594 4039
3595 4037
3596 4039
3597 4041
3598 4039
3599 4039
3600 4038
3601 4041
3602 4036
3603 4039
3604 4036
3605 4031
3606 4040
3607 4039
3608 4039
3609 4041
3610 4036
3611 4039
3612 4039
3613 4045
3614 4037
3615 4040
3616 4037
3617 4040
3618 4038
3619 4043
3620 4042
3621 4039
3622 4039
3623 4037
3624 4038
3625 4044
3626 4041
3627 4037
3628 4039
3629 4039
3630 4041
3631 4040
3632 4037
3633 4039
3634 4040
3635 4040
3636 4037
3637 4039
3638 4038
3639 4042
3640 4037
3641 4040
3642 4038
3643 4043
3644 4041
3645 4038
3646 4039
3647 4037
3648 4037
3649 4040
3650 4044
3651 4041
3652 4039
3653 4041
3654 4039
3655 4038
3656 4037
3657 4041
3658 4041
3659 4040
3660 4039
3661 4042
3662 4039
3663 4037
3664 4039
3665 4039
3666 4039
3667 4044
3668 4038
3669 4040
3670 4040
3671 4040
3672 4039
3673 4039
3674 4042
3675 4039
3676 4038
3677 4038
3678 4042
3679 4040
3680 4037
3681 4038
3682 4042
3683 4038
3684 4041
3685 4039
3686 4039
3687 4038
3688 4036
3689 4039
3690 4036
3691 4039
3692 4038
3693 4036
3694 4039
