#Data from the TCD1304 linear CCD
#column 1 = pixelnumber , column 2 = pixelvalue
#Pixel 1-32 and 3679-3694 and are dummy pixels
#SH-period: 200    ICG-period: 100000    Integration time: 100.0 us
2 4049
3 4047
4 4064
5 4064
6 4064
7 4065
8 4061
9 4064
10 4064
11 4061
12 4064
13 4064
14 4058
15 4061
16 4060
17 4064
18 4061
19 4060
20 4064
21 4061
22 4064
23 4065
24 4064
25 4065
26 4064
27 4061
28 4059
29 4064
30 4064
31 4064
32 4061
34 4064
35 4064
36 4058
37 4064
38 4061
39 4064
40 4058
41 4064
42 4064
43 4059
44 4064
45 4064
46 4060
47 4066
48 4064
49 4061
50 4058
51 4068
52 4058
53 4064
54 4064
55 4058
56 4060
57 4064
58 4061
59 4061
60 4064
61 4060
62 4064
63 4059
64 4064
65 4064
66 4061
67 4061
68 4060
69 4064
70 4061
71 4060
72 4059
73 4064
74 4059
75 4064
76 4060
77 4064
78 4061
79 4061
80 4061
81 4064
82 4060
83 4060
84 4064
85 4064
86 4061
87 4064
88 4064
89 4064
90 4065
91 4064
92 4058
93 4064
94 4064
95 4061
96 4060
97 4061
98 4061
99 4059
100 4059
101 4065
102 4060
103 4064
104 4059
105 4060
106 4064
107 4064
108 4059
109 4064
110 4061
111 4064
112 4057
113 4061
114 4061
115 4064
116 4065
117 4064
118 4064
119 4060
120 4060
121 4064
122 4061
123 4061
124 4064
125 4061
126 4061
127 4064
128 4060
129 4061
130 4060
131 4064
132 4059
133 4064
134 4064
135 4064
136 4059
137 4065
138 4059
139 4060
140 4064
141 4060
142 4064
143 4064
144 4059
145 4059
146 4061
147 4064
148 4060
149 4064
150 4059
151 4065
152 4057
153 4064
154 4059
155 4061
156 4064
157 4064
158 4060
159 4064
160 4059
161 4060
162 4060
163 4064
164 4064
165 4061
166 4065
167 4064
168 4060
169 4064
170 4064
171 4061
172 4064
173 4064
174 4064
175 4060
176 4059
177 4060
178 4061
179 4064
180 4064
181 4065
182 4057
183 4060
184 4064
185 4064
186 4064
187 4061
188 4064
189 4064
190 4064
191 4064
192 4064
193 4060
194 4064
195 4061
196 4064
197 4064
198 4058
199 4064
200 4064
201 4064
202 4061
203 4060
204 4064
205 4061
206 4060
207 4064
208 4064
209 4060
210 4065
211 4064
212 4059
213 4064
214 4060
215 4060
216 4064
217 4060
218 4064
219 4061
220 4059
221 4064
222 4064
223 4064
224 4064
225 4064
226 4064
227 4064
228 4060
229 4061
230 4064
231 4064
232 4061
233 4060
234 4064
235 4061
236 4064
237 4064
238 4059
239 4064
240 4064
241 4064
242 4064
243 4064
244 4060
245 4064
246 4060
247 4065
248 4059
249 4061
250 4064
251 4065
252 4058
253 4060
254 4064
255 4061
256 4061
257 4059
258 4061
259 4061
260 4061
261 4061
262 4064
263 4064
264 4060
265 4064
266 4058
267 4064
268 4059
269 4059
270 4061
271 4061
272 4060
273 4061
274 4064
275 4064
276 4060
277 4064
278 4064
279 4065
280 4064
281 4064
282 4064
283 4060
284 4060
285 4064
286 4061
287 4065
288 4061
289 4064
290 4065
291 4065
292 4060
293 4064
294 4061
295 4064
296 4061
297 4065
298 4061
299 4061
300 4061
301 4064
302 4057
303 4064
304 4064
305 4061
306 4064
307 4059
308 4065
309 4064
310 4058
311 4064
312 4064
313 4060
314 4060
315 4061
316 4064
317 4061
318 4064
319 4060
320 4064
321 4059
322 4061
323 4061
324 4064
325 4064
326 4064
327 4064
328 4060
329 4061
330 4059
331 4059
332 4061
333 4061
334 4061
335 4064
336 4059
337 4064
338 4065
339 4064
340 4061
341 4058
342 4060
343 4064
344 4060
345 4064
346 4064
347 4060
348 4059
349 4061
350 4064
351 4064
352 4056
353 4064
354 4059
355 4064
356 4064
357 4061
358 4060
359 4059
360 4061
361 4059
362 4059
363 4064
364 4060
365 4066
366 4060
367 4060
368 4064
369 4060
370 4065
371 4060
372 4064
373 4061
374 4059
375 4064
376 4060
377 4064
378 4061
379 4059
380 4064
381 4065
382 4058
383 4064
384 4059
385 4061
386 4057
387 4064
388 4060
389 4064
390 4064
391 4061
392 4059
393 4064
394 4057
395 4061
396 4060
397 4060
398 4064
399 4064
400 4055
401 4060
402 4061
403 4064
404 4060
405 4064
406 4064
407 4061
408 4060
409 4065
410 4061
411 4064
412 4061
413 4064
414 4064
415 4060
416 4064
417 4061
418 4061
419 4064
420 4064
421 4064
422 4059
423 4060
424 4061
425 4060
426 4064
427 4058
428 4064
429 4060
430 4060
431 4064
432 4060
433 4064
434 4061
435 4064
436 4060
437 4064
438 4064
439 4057
440 4064
441 4060
442 4060
443 4064
444 4064
445 4064
446 4064
447 4065
448 4064
449 4061
450 4060
451 4064
452 4058
453 4060
454 4064
455 4059
456 4065
457 4061
458 4061
459 4064
460 4058
461 4064
462 4061
463 4061
464 4064
465 4060
466 4059
467 4059
468 4064
469 4065
470 4064
471 4060
472 4065
473 4064
474 4064
475 4064
476 4064
477 4061
478 4060
479 4065
480 4064
481 4064
482 4064
483 4064
484 4064
485 4060
486 4060
487 4064
488 4059
489 4064
490 4061
491 4064
492 4057
493 4061
494 4064
495 4061
496 4061
497 4064
498 4061
499 4064
500 4061
501 4065
502 4064
503 4064
504 4061
505 4061
506 4060
507 4064
508 4060
509 4060
510 4064
511 4064
512 4060
513 4060
514 4061
515 4064
516 4061
517 4062
518 4058
519 4064
520 4064
521 4060
522 4064
523 4064
524 4064
525 4061
526 4061
527 4061
528 4061
529 4064
530 4064
531 4061
532 4060
533 4061
534 4060
535 4064
536 4064
537 4060
538 4060
539 4064
540 4064
541 4067
542 4059
543 4061
544 4061
545 4060
546 4060
547 4064
548 4058
549 4064
550 4064
551 4066
552 4056
553 4064
554 4064
555 4061
556 4064
557 4061
558 4059
559 4064
560 4058
561 4064
562 4061
563 4064
564 4064
565 4061
566 4061
567 4060
568 4064
569 4061
570 4058
571 4058
572 4064
573 4064
574 4064
575 4064
576 4061
577 4064
578 4061
579 4065
580 4064
581 4064
582 4062
583 4064
584 4061
585 4061
586 4060
587 4061
588 4064
589 4061
590 4059
591 4064
592 4064
593 4064
594 4059
595 4061
596 4061
597 4064
598 4059
599 4060
600 4064
601 4064
602 4061
603 4065
604 4064
605 4064
606 4064
607 4059
608 4061
609 4061
610 4060
611 4064
612 4064
613 4064
614 4064
615 4059
616 4060
617 4061
618 4058
619 4064
620 4064
621 4064
622 4064
623 4061
624 4060
625 4059
626 4061
627 4064
628 4059
629 4064
630 4061
631 4064
632 4064
633 4060
634 4064
635 4064
636 4057
637 4064
638 4064
639 4061
640 4064
641 4064
642 4064
643 4064
644 4064
645 4064
646 4060
647 4064
648 4064
649 4060
650 4064
651 4064
652 4058
653 4064
654 4060
655 4064
656 4059
657 4064
658 4065
659 4064
660 4064
661 4059
662 4064
663 4060
664 4060
665 4061
666 4059
667 4064
668 4064
669 4067
670 4064
671 4061
672 4061
673 4064
674 4060
675 4058
676 4060
677 4061
678 4064
679 4064
680 4061
681 4061
682 4061
683 4060
684 4064
685 4061
686 4064
687 4059
688 4064
689 4064
690 4064
691 4062
692 4061
693 4060
694 4059
695 4061
696 4061
697 4064
698 4061
699 4064
700 4061
701 4065
702 4064
703 4064
704 4061
705 4059
706 4064
707 4064
708 4064
709 4064
710 4061
711 4064
712 4064
713 4064
714 4060
715 4059
716 4061
717 4065
718 4066
719 4061
720 4061
721 4064
722 4060
723 4061
724 4064
725 4058
726 4064
727 4064
728 4061
729 4064
730 4060
731 4064
732 4057
733 4065
734 4064
735 4059
736 4060
737 4059
738 4059
739 4060
740 4060
741 4064
742 4061
743 4064
744 4064
745 4064
746 4059
747 4064
748 4061
749 4060
750 4064
751 4064
752 4059
753 4064
754 4064
755 4064
756 4064
757 4064
758 4064
759 4064
760 4064
761 4061
762 4059
763 4064
764 4061
765 4058
766 4061
767 4061
768 4065
769 4064
770 4060
771 4064
772 4064
773 4064
774 4058
775 4058
776 4064
777 4061
778 4060
779 4058
780 4061
781 4065
782 4064
783 4064
784 4061
785 4064
786 4061
787 4061
788 4064
789 4065
790 4060
791 4064
792 4061
793 4060
794 4064
795 4064
796 4061
797 4064
798 4059
799 4060
800 4061
801 4068
802 4060
803 4065
804 4060
805 4060
806 4064
807 4065
808 4061
809 4064
810 4064
811 4064
812 4064
813 4064
814 4061
815 4064
816 4060
817 4061
818 4059
819 4064
820 4059
821 4061
822 4064
823 4060
824 4064
825 4064
826 4061
827 4060
828 4059
829 4064
830 4058
831 4064
832 4064
833 4064
834 4061
835 4067
836 4061
837 4064
838 4062
839 4061
840 4061
841 4066
842 4064
843 4064
844 4060
845 4064
846 4057
847 4064
848 4064
849 4059
850 4064
851 4066
852 4060
853 4064
854 4060
855 4060
856 4064
857 4064
858 4058
859 4061
860 4064
861 4060
862 4064
863 4061
864 4060
865 4064
866 4060
867 4059
868 4060
869 4064
870 4060
871 4060
872 4064
873 4064
874 4064
875 4061
876 4064
877 4064
878 4058
879 4064
880 4060
881 4061
882 4064
883 4064
884 4060
885 4064
886 4061
887 4064
888 4059
889 4061
890 4064
891 4064
892 4060
893 4064
894 4064
895 4064
896 4059
897 4061
898 4064
899 4064
900 4060
901 4066
902 4059
903 4064
904 4064
905 4060
906 4061
907 4064
908 4064
909 4064
910 4059
911 4064
912 4061
913 4064
914 4061
915 4064
916 4064
917 4061
918 4061
919 4059
920 4057
921 4059
922 4060
923 4064
924 4064
925 4064
926 4064
927 4061
928 4064
929 4061
930 4064
931 4064
932 4061
933 4061
934 4061
935 4060
936 4061
937 4061
938 4059
939 4064
940 4064
941 4064
942 4060
943 4064
944 4061
945 4065
946 4060
947 4060
948 4060
949 4064
950 4064
951 4064
952 4060
953 4060
954 4060
955 4061
956 4060
957 4059
958 4064
959 4061
960 4059
961 4064
962 4061
963 4060
964 4064
965 4061
966 4061
967 4064
968 4061
969 4065
970 4064
971 4064
972 4059
973 4064
974 4064
975 4061
976 4064
977 4064
978 4061
979 4064
980 4064
981 4057
982 4060
983 4059
984 4064
985 4064
986 4065
987 4061
988 4065
989 4061
990 4059
991 4064
992 4061
993 4064
994 4061
995 4064
996 4061
997 4061
998 4064
999 4061
1000 4059
1001 4064
1002 4058
1003 4060
1004 4061
1005 4065
1006 4061
1007 4061
1008 4064
1009 4064
1010 4059
1011 4064
1012 4065
1013 4064
1014 4064
1015 4064
1016 4060
1017 4064
1018 4057
1019 4064
1020 4064
1021 4061
1022 4065
1023 4064
1024 4064
1025 4061
1026 4061
1027 4064
1028 4059
1029 4061
1030 4061
1031 4061
1032 4060
1033 4064
1034 4060
1035 4064
1036 4064
1037 4061
1038 4059
1039 4061
1040 4060
1041 4061
1042 4064
1043 4061
1044 4060
1045 4059
1046 4061
1047 4064
1048 4058
1049 4064
1050 4060
1051 4066
1052 4059
1053 4061
1054 4059
1055 4064
1056 4064
1057 4064
1058 4057
1059 4064
1060 4061
1061 4060
1062 4064
1063 4065
1064 4061
1065 4064
1066 4060
1067 4065
1068 4064
1069 4064
1070 4057
1071 4064
1072 4064
1073 4060
1074 4064
1075 4061
1076 4060
1077 4064
1078 4061
1079 4064
1080 4061
1081 4064
1082 4061
1083 4064
1084 4064
1085 4064
1086 4060
1087 4064
1088 4064
1089 4064
1090 4064
1091 4059
1092 4061
1093 4061
1094 4061
1095 4061
1096 4064
1097 4064
1098 4060
1099 4064
1100 4064
1101 4064
1102 4064
1103 4064
1104 4064
1105 4064
1106 4064
1107 4064
1108 4065
1109 4061
1110 4061
1111 4061
1112 4058
1113 4064
1114 4064
1115 4060
1116 4061
1117 4064
1118 4064
1119 4064
1120 4059
1121 4061
1122 4064
1123 4061
1124 4060
1125 4061
1126 4061
1127 4064
1128 4061
1129 4060
1130 4064
1131 4064
1132 4064
1133 4061
1134 4064
1135 4064
1136 4064
1137 4064
1138 4061
1139 4064
1140 4064
1141 4060
1142 4064
1143 4057
1144 4059
1145 4064
1146 4058
1147 4058
1148 4061
1149 4064
1150 4061
1151 4064
1152 4058
1153 4064
1154 4064
1155 4061
1156 4064
1157 4061
1158 4061
1159 4064
1160 4064
1161 4064
1162 4064
1163 4064
1164 4064
1165 4064
1166 4064
1167 4064
1168 4060
1169 4065
1170 4059
1171 4064
1172 4064
1173 4065
1174 4061
1175 4064
1176 4061
1177 4064
1178 4060
1179 4059
1180 4061
1181 4060
1182 4064
1183 4064
1184 4061
1185 4061
1186 4059
1187 4064
1188 4061
1189 4060
1190 4064
1191 4064
1192 4064
1193 4061
1194 4064
1195 4061
1196 4064
1197 4064
1198 4060
1199 4064
1200 4064
1201 4065
1202 4064
1203 4064
1204 4060
1205 4064
1206 4060
1207 4064
1208 4064
1209 4061
1210 4060
1211 4064
1212 4064
1213 4060
1214 4064
1215 4064
1216 4064
1217 4064
1218 4064
1219 4064
1220 4064
1221 4064
1222 4064
1223 4064
1224 4062
1225 4065
1226 4060
1227 4064
1228 4060
1229 4064
1230 4061
1231 4064
1232 4064
1233 4058
1234 4061
1235 4060
1236 4064
1237 4060
1238 4058
1239 4064
1240 4061
1241 4060
1242 4061
1243 4060
1244 4064
1245 4065
1246 4059
1247 4064
1248 4064
1249 4064
1250 4064
1251 4060
1252 4059
1253 4064
1254 4061
1255 4064
1256 4064
1257 4064
1258 4064
1259 4064
1260 4065
1261 4064
1262 4060
1263 4064
1264 4061
1265 4064
1266 4059
1267 4064
1268 4059
1269 4059
1270 4061
1271 4059
1272 4064
1273 4064
1274 4064
1275 4060
1276 4059
1277 4064
1278 4060
1279 4061
1280 4064
1281 4061
1282 4061
1283 4061
1284 4064
1285 4059
1286 4060
1287 4066
1288 4058
1289 4061
1290 4061
1291 4065
1292 4060
1293 4064
1294 4064
1295 4060
1296 4064
1297 4064
1298 4064
1299 4064
1300 4059
1301 4065
1302 4060
1303 4064
1304 4059
1305 4059
1306 4064
1307 4060
1308 4064
1309 4064
1310 4059
1311 4064
1312 4064
1313 4061
1314 4059
1315 4064
1316 4061
1317 4061
1318 4059
1319 4059
1320 4064
1321 4061
1322 4064
1323 4060
1324 4064
1325 4064
1326 4064
1327 4064
1328 4059
1329 4060
1330 4065
1331 4061
1332 4064
1333 4064
1334 4064
1335 4060
1336 4061
1337 4064
1338 4064
1339 4064
1340 4064
1341 4060
1342 4058
1343 4064
1344 4061
1345 4064
1346 4065
1347 4061
1348 4057
1349 4064
1350 4065
1351 4064
1352 4064
1353 4064
1354 4060
1355 4061
1356 4064
1357 4064
1358 4060
1359 4066
1360 4061
1361 4067
1362 4064
1363 4061
1364 4064
1365 4060
1366 4062
1367 4064
1368 4064
1369 4065
1370 4064
1371 4060
1372 4064
1373 4064
1374 4064
1375 4061
1376 4056
1377 4064
1378 4060
1379 4060
1380 4060
1381 4061
1382 4059
1383 4059
1384 4061
1385 4059
1386 4064
1387 4061
1388 4060
1389 4064
1390 4064
1391 4064
1392 4059
1393 4061
1394 4061
1395 4061
1396 4061
1397 4061
1398 4060
1399 4065
1400 4064
1401 4064
1402 4057
1403 4061
1404 4060
1405 4061
1406 4059
1407 4064
1408 4065
1409 4057
1410 4064
1411 4061
1412 4065
1413 4061
1414 4061
1415 4064
1416 4060
1417 4064
1418 4064
1419 4065
1420 4061
1421 4061
1422 4061
1423 4064
1424 4064
1425 4070
1426 4065
1427 4060
1428 4064
1429 4064
1430 4061
1431 4059
1432 4059
1433 4064
1434 4061
1435 4064
1436 4064
1437 4061
1438 4057
1439 4061
1440 4060
1441 4061
1442 4059
1443 4064
1444 4061
1445 4064
1446 4064
1447 4064
1448 4061
1449 4065
1450 4064
1451 4064
1452 4061
1453 4061
1454 4064
1455 4064
1456 4064
1457 4061
1458 4064
1459 4064
1460 4064
1461 4060
1462 4064
1463 4064
1464 4065
1465 4061
1466 4061
1467 4065
1468 4059
1469 4061
1470 4060
1471 4064
1472 4061
1473 4060
1474 4064
1475 4064
1476 4060
1477 4064
1478 4065
1479 4064
1480 4064
1481 4064
1482 4064
1483 4064
1484 4061
1485 4064
1486 4061
1487 4061
1488 4059
1489 4064
1490 4064
1491 4061
1492 4061
1493 4064
1494 4060
1495 4064
1496 4064
1497 4064
1498 4064
1499 4061
1500 4060
1501 4067
1502 4058
1503 4064
1504 4060
1505 4064
1506 4061
1507 4064
1508 4064
1509 4064
1510 4064
1511 4064
1512 4064
1513 4060
1514 4064
1515 4065
1516 4064
1517 4061
1518 4064
1519 4061
1520 4064
1521 4060
1522 4064
1523 4064
1524 4064
1525 4058
1526 4059
1527 4061
1528 4064
1529 4059
1530 4061
1531 4064
1532 4061
1533 4064
1534 4061
1535 4064
1536 4065
1537 4064
1538 4064
1539 4061
1540 4060
1541 4064
1542 4064
1543 4061
1544 4064
1545 4064
1546 4060
1547 4064
1548 4060
1549 4064
1550 4061
1551 4065
1552 4061
1553 4066
1554 4064
1555 4064
1556 4064
1557 4064
1558 4060
1559 4064
1560 4064
1561 4064
1562 4064
1563 4064
1564 4060
1565 4064
1566 4064
1567 4061
1568 4060
1569 4064
1570 4064
1571 4061
1572 4064
1573 4064
1574 4061
1575 4064
1576 4061
1577 4060
1578 4059
1579 4061
1580 4060
1581 4061
1582 4060
1583 4064
1584 4060
1585 4064
1586 4064
1587 4060
1588 4062
1589 4064
1590 4061
1591 4061
1592 4064
1593 4064
1594 4059
1595 4061
1596 4064
1597 4061
1598 4060
1599 4064
1600 4061
1601 4066
1602 4064
1603 4064
1604 4059
1605 4061
1606 4064
1607 4060
1608 4061
1609 4064
1610 4060
1611 4060
1612 4065
1613 4064
1614 4058
1615 4060
1616 4064
1617 4061
1618 4060
1619 4064
1620 4061
1621 4064
1622 4064
1623 4060
1624 4064
1625 4060
1626 4059
1627 4064
1628 4061
1629 4060
1630 4064
1631 4058
1632 4061
1633 4064
1634 4064
1635 4064
1636 4061
1637 4064
1638 4061
1639 4064
1640 4061
1641 4064
1642 4061
1643 4061
1644 4064
1645 4061
1646 4060
1647 4061
1648 4064
1649 4064
1650 4064
1651 4066
1652 4065
1653 4060
1654 4064
1655 4064
1656 4061
1657 4061
1658 4060
1659 4064
1660 4059
1661 4060
1662 4064
1663 4064
1664 4064
1665 4061
1666 4064
1667 4064
1668 4064
1669 4062
1670 4064
1671 4060
1672 4061
1673 4064
1674 4061
1675 4064
1676 4064
1677 4061
1678 4064
1679 4060
1680 4064
1681 4065
1682 4065
1683 4065
1684 4064
1685 4064
1686 4061
1687 4059
1688 4060
1689 4064
1690 4061
1691 4061
1692 4061
1693 4061
1694 4059
1695 4061
1696 4064
1697 4061
1698 4064
1699 4064
1700 4064
1701 4065
1702 4060
1703 4061
1704 4061
1705 4064
1706 4061
1707 4061
1708 4064
1709 4064
1710 4060
1711 4061
1712 4060
1713 4064
1714 4064
1715 4068
1716 4060
1717 4061
1718 4064
1719 4064
1720 4064
1721 4061
1722 4060
1723 4064
1724 4065
1725 4061
1726 4061
1727 4064
1728 4064
1729 4064
1730 4064
1731 4064
1732 4061
1733 4064
1734 4064
1735 4064
1736 4064
1737 4064
1738 4061
1739 4059
1740 4061
1741 4064
1742 4061
1743 4064
1744 4065
1745 4064
1746 4064
1747 4064
1748 4058
1749 4059
1750 4064
1751 4064
1752 4060
1753 4061
1754 4061
1755 4064
1756 4060
1757 4065
1758 4064
1759 4061
1760 4059
1761 4057
1762 4064
1763 4064
1764 4061
1765 4061
1766 4065
1767 4064
1768 4064
1769 4064
1770 4059
1771 4057
1772 4064
1773 4060
1774 4064
1775 4065
1776 4061
1777 4060
1778 4064
1779 4064
1780 4061
1781 4061
1782 4061
1783 4064
1784 4061
1785 4065
1786 4064
1787 4064
1788 4064
1789 4060
1790 4060
1791 4064
1792 4061
1793 4062
1794 4061
1795 4061
1796 4060
1797 4064
1798 4061
1799 4064
1800 4064
1801 4065
1802 4059
1803 4060
1804 4060
1805 4064
1806 4061
1807 4060
1808 4064
1809 4064
1810 4064
1811 4061
1812 4060
1813 4060
1814 4064
1815 4065
1816 4064
1817 4064
1818 4061
1819 4064
1820 4064
1821 4060
1822 4064
1823 4064
1824 4061
1825 4060
1826 4061
1827 4064
1828 4061
1829 4064
1830 4061
1831 4060
1832 4061
1833 4059
1834 4064
1835 4059
1836 4064
1837 4064
1838 4060
1839 4061
1840 4064
1841 4061
1842 4064
1843 4061
1844 4064
1845 4065
1846 4064
1847 4064
1848 4060
1849 4064
1850 4064
1851 4064
1852 4064
1853 4061
1854 4059
1855 4064
1856 4064
1857 4060
1858 4064
1859 4065
1860 4058
1861 4060
1862 4064
1863 4061
1864 4057
1865 4064
1866 4065
1867 4061
1868 4060
1869 4064
1870 4064
1871 4064
1872 4060
1873 4060
1874 4064
1875 4061
1876 4059
1877 4061
1878 4064
1879 4064
1880 4061
1881 4064
1882 4061
1883 4064
1884 4064
1885 4060
1886 4064
1887 4061
1888 4060
1889 4064
1890 4064
1891 4064
1892 4060
1893 4057
1894 4060
1895 4060
1896 4060
1897 4064
1898 4060
1899 4064
1900 4064
1901 4065
1902 4060
1903 4064
1904 4061
1905 4059
1906 4064
1907 4060
1908 4064
1909 4064
1910 4059
1911 4058
1912 4061
1913 4061
1914 4061
1915 4066
1916 4056
1917 4061
1918 4064
1919 4065
1920 4064
1921 4060
1922 4064
1923 4061
1924 4061
1925 4064
1926 4060
1927 4064
1928 4061
1929 4064
1930 4060
1931 4061
1932 4060
1933 4061
1934 4059
1935 4061
1936 4064
1937 4064
1938 4059
1939 4061
1940 4061
1941 4064
1942 4061
1943 4064
1944 4064
1945 4061
1946 4059
1947 4065
1948 4060
1949 4064
1950 4064
1951 4065
1952 4056
1953 4060
1954 4060
1955 4061
1956 4058
1957 4060
1958 4060
1959 4064
1960 4059
1961 4061
1962 4058
1963 4060
1964 4064
1965 4061
1966 4061
1967 4061
1968 4061
1969 4064
1970 4064
1971 4064
1972 4061
1973 4064
1974 4060
1975 4064
1976 4064
1977 4064
1978 4064
1979 4059
1980 4059
1981 4064
1982 4059
1983 4060
1984 4064
1985 4064
1986 4064
1987 4064
1988 4060
1989 4058
1990 4061
1991 4059
1992 4058
1993 4064
1994 4061
1995 4064
1996 4060
1997 4060
1998 4061
1999 4064
2000 4064
2001 4065
2002 4056
2003 4064
2004 4061
2005 4064
2006 4061
2007 4060
2008 4061
2009 4064
2010 4061
2011 4060
2012 4061
2013 4058
2014 4064
2015 4066
2016 4064
2017 4064
2018 4064
2019 4064
2020 4059
2021 4058
2022 4064
2023 4059
2024 4060
2025 4064
2026 4059
2027 4064
2028 4065
2029 4057
2030 4064
2031 4064
2032 4060
2033 4064
2034 4064
2035 4061
2036 4060
2037 4060
2038 4059
2039 4060
2040 4064
2041 4060
2042 4064
2043 4061
2044 4061
2045 4064
2046 4058
2047 4064
2048 4060
2049 4062
2050 4060
2051 4064
2052 4058
2053 4060
2054 4064
2055 4064
2056 4061
2057 4064
2058 4057
2059 4060
2060 4064
2061 4061
2062 4060
2063 4066
2064 4064
2065 4059
2066 4065
2067 4064
2068 4064
2069 4061
2070 4060
2071 4064
2072 4064
2073 4064
2074 4060
2075 4064
2076 4064
2077 4061
2078 4064
2079 4061
2080 4061
2081 4061
2082 4061
2083 4064
2084 4064
2085 4061
2086 4065
2087 4060
2088 4058
2089 4064
2090 4061
2091 4060
2092 4064
2093 4064
2094 4064
2095 4060
2096 4061
2097 4066
2098 4061
2099 4062
2100 4061
2101 4068
2102 4058
2103 4058
2104 4064
2105 4064
2106 4061
2107 4064
2108 4064
2109 4064
2110 4061
2111 4061
2112 4060
2113 4061
2114 4060
2115 4064
2116 4059
2117 4064
2118 4065
2119 4061
2120 4064
2121 4064
2122 4064
2123 4064
2124 4059
2125 4064
2126 4061
2127 4064
2128 4066
2129 4059
2130 4061
2131 4059
2132 4060
2133 4058
2134 4059
2135 4064
2136 4058
2137 4064
2138 4064
2139 4060
2140 4060
2141 4064
2142 4061
2143 4061
2144 4061
2145 4059
2146 4058
2147 4064
2148 4060
2149 4060
2150 4059
2151 4064
2152 4056
2153 4060
2154 4060
2155 4061
2156 4059
2157 4064
2158 4059
2159 4064
2160 4060
2161 4064
2162 4064
2163 4059
2164 4064
2165 4059
2166 4064
2167 4061
2168 4061
2169 4061
2170 4058
2171 4060
2172 4064
2173 4064
2174 4058
2175 4065
2176 4059
2177 4060
2178 4064
2179 4060
2180 4061
2181 4059
2182 4064
2183 4064
2184 4064
2185 4061
2186 4061
2187 4059
2188 4061
2189 4061
2190 4060
2191 4060
2192 4060
2193 4061
2194 4061
2195 4061
2196 4059
2197 4061
2198 4060
2199 4064
2200 4061
2201 4069
2202 4059
2203 4060
2204 4060
2205 4061
2206 4061
2207 4064
2208 4064
2209 4065
2210 4061
2211 4061
2212 4061
2213 4058
2214 4060
2215 4060
2216 4065
2217 4061
2218 4059
2219 4059
2220 4060
2221 4064
2222 4060
2223 4060
2224 4064
2225 4061
2226 4065
2227 4060
2228 4060
2229 4064
2230 4060
2231 4059
2232 4064
2233 4061
2234 4064
2235 4061
2236 4059
2237 4061
2238 4061
2239 4058
2240 4057
2241 4064
2242 4058
2243 4059
2244 4061
2245 4060
2246 4062
2247 4064
2248 4064
2249 4058
2250 4061
2251 4064
2252 4059
2253 4061
2254 4061
2255 4064
2256 4060
2257 4064
2258 4064
2259 4060
2260 4064
2261 4060
2262 4060
2263 4064
2264 4060
2265 4065
2266 4060
2267 4064
2268 4061
2269 4060
2270 4064
2271 4061
2272 4059
2273 4064
2274 4061
2275 4060
2276 4064
2277 4061
2278 4064
2279 4060
2280 4060
2281 4061
2282 4064
2283 4058
2284 4058
2285 4064
2286 4064
2287 4061
2288 4064
2289 4061
2290 4064
2291 4064
2292 4059
2293 4061
2294 4064
2295 4064
2296 4061
2297 4061
2298 4064
2299 4061
2300 4061
2301 4064
2302 4057
2303 4064
2304 4061
2305 4064
2306 4064
2307 4060
2308 4061
2309 4059
2310 4061
2311 4061
2312 4058
2313 4061
2314 4064
2315 4060
2316 4064
2317 4059
2318 4060
2319 4059
2320 4062
2321 4064
2322 4064
2323 4061
2324 4061
2325 4064
2326 4064
2327 4059
2328 4064
2329 4064
2330 4064
2331 4057
2332 4064
2333 4061
2334 4064
2335 4064
2336 4064
2337 4060
2338 4061
2339 4061
2340 4060
2341 4064
2342 4064
2343 4064
2344 4064
2345 4064
2346 4059
2347 4064
2348 4060
2349 4061
2350 4060
2351 4068
2352 4061
2353 4064
2354 4064
2355 4061
2356 4060
2357 4064
2358 4059
2359 4064
2360 4064
2361 4064
2362 4056
2363 4064
2364 4065
2365 4059
2366 4060
2367 4056
2368 4064
2369 4064
2370 4058
2371 4064
2372 4062
2373 4064
2374 4060
2375 4060
2376 4058
2377 4066
2378 4058
2379 4062
2380 4060
2381 4060
2382 4059
2383 4058
2384 4060
2385 4061
2386 4058
2387 4060
2388 4060
2389 4058
2390 4061
2391 4064
2392 4064
2393 4058
2394 4061
2395 4064
2396 4060
2397 4064
2398 4064
2399 4064
2400 4064
2401 4064
2402 4064
2403 4060
2404 4064
2405 4061
2406 4062
2407 4059
2408 4064
2409 4059
2410 4059
2411 4061
2412 4064
2413 4064
2414 4064
2415 4064
2416 4059
2417 4061
2418 4061
2419 4064
2420 4061
2421 4060
2422 4059
2423 4058
2424 4059
2425 4061
2426 4060
2427 4059
2428 4058
2429 4064
2430 4058
2431 4057
2432 4061
2433 4059
2434 4058
2435 4060
2436 4061
2437 4058
2438 4060
2439 4058
2440 4064
2441 4057
2442 4056
2443 4057
2444 4058
2445 4060
2446 4059
2447 4064
2448 4064
2449 4058
2450 4061
2451 4066
2452 4057
2453 4061
2454 4060
2455 4058
2456 4060
2457 4064
2458 4058
2459 4064
2460 4064
2461 4060
2462 4061
2463 4061
2464 4059
2465 4061
2466 4060
2467 4064
2468 4061
2469 4057
2470 4064
2471 4064
2472 4061
2473 4059
2474 4064
2475 4061
2476 4060
2477 4061
2478 4064
2479 4064
2480 4061
2481 4064
2482 4064
2483 4059
2484 4060
2485 4060
2486 4060
2487 4060
2488 4061
2489 4064
2490 4059
2491 4064
2492 4064
2493 4061
2494 4059
2495 4065
2496 4061
2497 4064
2498 4060
2499 4064
2500 4060
2501 4064
2502 4055
2503 4065
2504 4057
2505 4061
2506 4061
2507 4060
2508 4060
2509 4065
2510 4059
2511 4060
2512 4064
2513 4064
2514 4060
2515 4064
2516 4060
2517 4060
2518 4064
2519 4060
2520 4060
2521 4059
2522 4061
2523 4059
2524 4064
2525 4058
2526 4059
2527 4064
2528 4060
2529 4064
2530 4059
2531 4061
2532 4060
2533 4060
2534 4059
2535 4064
2536 4064
2537 4061
2538 4061
2539 4060
2540 4059
2541 4057
2542 4057
2543 4060
2544 4061
2545 4060
2546 4060
2547 4064
2548 4064
2549 4064
2550 4059
2551 4066
2552 4060
2553 4060
2554 4065
2555 4064
2556 4059
2557 4064
2558 4061
2559 4060
2560 4060
2561 4061
2562 4060
2563 4064
2564 4064
2565 4064
2566 4060
2567 4061
2568 4060
2569 4061
2570 4060
2571 4064
2572 4064
2573 4060
2574 4060
2575 4060
2576 4060
2577 4060
2578 4060
2579 4064
2580 4061
2581 4059
2582 4061
2583 4060
2584 4058
2585 4064
2586 4059
2587 4059
2588 4064
2589 4064
2590 4061
2591 4064
2592 4060
2593 4065
2594 4064
2595 4061
2596 4064
2597 4060
2598 4060
2599 4061
2600 4061
2601 4065
2602 4059
2603 4064
2604 4060
2605 4061
2606 4057
2607 4064
2608 4064
2609 4064
2610 4064
2611 4061
2612 4064
2613 4064
2614 4061
2615 4065
2616 4059
2617 4061
2618 4064
2619 4060
2620 4064
2621 4060
2622 4060
2623 4064
2624 4059
2625 4064
2626 4061
2627 4064
2628 4064
2629 4064
2630 4064
2631 4059
2632 4060
2633 4064
2634 4064
2635 4064
2636 4058
2637 4064
2638 4061
2639 4061
2640 4059
2641 4060
2642 4061
2643 4064
2644 4064
2645 4065
2646 4059
2647 4064
2648 4059
2649 4064
2650 4060
2651 4064
2652 4061
2653 4060
2654 4060
2655 4061
2656 4060
2657 4064
2658 4059
2659 4059
2660 4059
2661 4064
2662 4060
2663 4064
2664 4061
2665 4058
2666 4060
2667 4061
2668 4058
2669 4060
2670 4057
2671 4060
2672 4061
2673 4060
2674 4061
2675 4061
2676 4059
2677 4062
2678 4064
2679 4068
2680 4059
2681 4060
2682 4058
2683 4060
2684 4060
2685 4064
2686 4064
2687 4061
2688 4059
2689 4060
2690 4061
2691 4064
2692 4060
2693 4060
2694 4059
2695 4060
2696 4059
2697 4064
2698 4059
2699 4061
2700 4060
2701 4064
2702 4057
2703 4061
2704 4061
2705 4059
2706 4059
2707 4060
2708 4059
2709 4061
2710 4057
2711 4056
2712 4061
2713 4061
2714 4060
2715 4062
2716 4064
2717 4061
2718 4060
2719 4065
2720 4064
2721 4061
2722 4061
2723 4059
2724 4064
2725 4061
2726 4061
2727 4060
2728 4056
2729 4061
2730 4058
2731 4060
2732 4061
2733 4061
2734 4059
2735 4058
2736 4064
2737 4061
2738 4064
2739 4064
2740 4064
2741 4061
2742 4061
2743 4064
2744 4059
2745 4060
2746 4057
2747 4061
2748 4060
2749 4060
2750 4058
2751 4065
2752 4059
2753 4058
2754 4059
2755 4064
2756 4060
2757 4059
2758 4064
2759 4061
2760 4060
2761 4061
2762 4059
2763 4061
2764 4058
2765 4060
2766 4058
2767 4060
2768 4061
2769 4057
2770 4057
2771 4059
2772 4061
2773 4059
2774 4061
2775 4064
2776 4060
2777 4061
2778 4059
2779 4064
2780 4060
2781 4064
2782 4061
2783 4065
2784 4058
2785 4061
2786 4065
2787 4057
2788 4058
2789 4064
2790 4060
2791 4058
2792 4059
2793 4064
2794 4064
2795 4061
2796 4059
2797 4064
2798 4061
2799 4059
2800 4064
2801 4065
2802 4057
2803 4064
2804 4064
2805 4058
2806 4060
2807 4064
2808 4061
2809 4061
2810 4061
2811 4060
2812 4061
2813 4064
2814 4060
2815 4061
2816 4064
2817 4064
2818 4064
2819 4064
2820 4060
2821 4061
2822 4059
2823 4060
2824 4061
2825 4060
2826 4061
2827 4064
2828 4059
2829 4064
2830 4061
2831 4064
2832 4061
2833 4064
2834 4064
2835 4058
2836 4061
2837 4058
2838 4061
2839 4057
2840 4057
2841 4055
2842 4060
2843 4064
2844 4061
2845 4061
2846 4064
2847 4064
2848 4064
2849 4061
2850 4061
2851 4065
2852 4059
2853 4064
2854 4060
2855 4064
2856 4061
2857 4061
2858 4060
2859 4059
2860 4058
2861 4059
2862 4061
2863 4058
2864 4060
2865 4061
2866 4061
2867 4064
2868 4064
2869 4059
2870 4064
2871 4064
2872 4061
2873 4059
2874 4060
2875 4059
2876 4061
2877 4057
2878 4064
2879 4064
2880 4064
2881 4060
2882 4059
2883 4060
2884 4064
2885 4060
2886 4061
2887 4061
2888 4061
2889 4059
2890 4061
2891 4061
2892 4061
2893 4064
2894 4060
2895 4064
2896 4059
2897 4065
2898 4060
2899 4060
2900 4064
2901 4064
2902 4057
2903 4064
2904 4064
2905 4064
2906 4060
2907 4060
2908 4064
2909 4064
2910 4064
2911 4064
2912 4060
2913 4064
2914 4064
2915 4064
2916 4064
2917 4061
2918 4061
2919 4061
2920 4059
2921 4058
2922 4060
2923 4061
2924 4062
2925 4064
2926 4059
2927 4064
2928 4064
2929 4058
2930 4060
2931 4061
2932 4064
2933 4064
2934 4064
2935 4060
2936 4061
2937 4065
2938 4062
2939 4064
2940 4065
2941 4061
2942 4064
2943 4064
2944 4064
2945 4064
2946 4060
2947 4064
2948 4064
2949 4064
2950 4061
2951 4064
2952 4060
2953 4064
2954 4061
2955 4061
2956 4064
2957 4064
2958 4061
2959 4064
2960 4059
2961 4064
2962 4061
2963 4064
2964 4060
2965 4060
2966 4064
2967 4059
2968 4060
2969 4064
2970 4060
2971 4061
2972 4061
2973 4058
2974 4061
2975 4060
2976 4064
2977 4060
2978 4060
2979 4064
2980 4058
2981 4064
2982 4064
2983 4061
2984 4058
2985 4060
2986 4064
2987 4064
2988 4059
2989 4061
2990 4061
2991 4064
2992 4064
2993 4064
2994 4061
2995 4059
2996 4064
2997 4065
2998 4057
2999 4064
3000 4057
3001 4065
3002 4060
3003 4064
3004 4059
3005 4064
3006 4059
3007 4064
3008 4060
3009 4064
3010 4057
3011 4060
3012 4064
3013 4064
3014 4064
3015 4059
3016 4061
3017 4061
3018 4061
3019 4064
3020 4064
3021 4057
3022 4065
3023 4064
3024 4064
3025 4064
3026 4064
3027 4061
3028 4064
3029 4060
3030 4061
3031 4059
3032 4059
3033 4064
3034 4061
3035 4061
3036 4064
3037 4064
3038 4059
3039 4061
3040 4059
3041 4064
3042 4064
3043 4061
3044 4059
3045 4061
3046 4060
3047 4058
3048 4059
3049 4061
3050 4057
3051 4065
3052 4057
3053 4064
3054 4061
3055 4059
3056 4061
3057 4061
3058 4059
3059 4061
3060 4060
3061 4058
3062 4060
3063 4064
3064 4060
3065 4061
3066 4064
3067 4065
3068 4061
3069 4064
3070 4060
3071 4060
3072 4064
3073 4064
3074 4060
3075 4060
3076 4065
3077 4064
3078 4064
3079 4064
3080 4060
3081 4066
3082 4061
3083 4058
3084 4064
3085 4064
3086 4061
3087 4064
3088 4059
3089 4060
3090 4064
3091 4059
3092 4061
3093 4064
3094 4064
3095 4064
3096 4064
3097 4060
3098 4064
3099 4060
3100 4061
3101 4065
3102 4064
3103 4060
3104 4061
3105 4065
3106 4060
3107 4066
3108 4061
3109 4060
3110 4064
3111 4064
3112 4064
3113 4060
3114 4061
3115 4064
3116 4061
3117 4064
3118 4059
3119 4061
3120 4064
3121 4064
3122 4064
3123 4059
3124 4064
3125 4064
3126 4061
3127 4061
3128 4060
3129 4064
3130 4060
3131 4058
3132 4061
3133 4064
3134 4065
3135 4060
3136 4064
3137 4061
3138 4061
3139 4064
3140 4057
3141 4059
3142 4064
3143 4060
3144 4060
3145 4064
3146 4057
3147 4064
3148 4061
3149 4064
3150 4061
3151 4064
3152 4059
3153 4064
3154 4061
3155 4061
3156 4061
3157 4064
3158 4061
3159 4065
3160 4060
3161 4061
3162 4061
3163 4065
3164 4064
3165 4065
3166 4060
3167 4059
3168 4064
3169 4060
3170 4064
3171 4064
3172 4064
3173 4064
3174 4064
3175 4064
3176 4064
3177 4064
3178 4060
3179 4064
3180 4061
3181 4060
3182 4060
3183 4065
3184 4060
3185 4064
3186 4060
3187 4064
3188 4059
3189 4060
3190 4059
3191 4059
3192 4064
3193 4064
3194 4061
3195 4065
3196 4064
3197 4064
3198 4061
3199 4060
3200 4064
3201 4064
3202 4057
3203 4064
3204 4064
3205 4060
3206 4064
3207 4064
3208 4064
3209 4061
3210 4064
3211 4064
3212 4059
3213 4061
3214 4061
3215 4060
3216 4061
3217 4064
3218 4060
3219 4064
3220 4060
3221 4062
3222 4064
3223 4064
3224 4065
3225 4064
3226 4058
3227 4064
3228 4065
3229 4064
3230 4060
3231 4064
3232 4060
3233 4061
3234 4064
3235 4059
3236 4064
3237 4064
3238 4061
3239 4060
3240 4064
3241 4060
3242 4064
3243 4064
3244 4061
3245 4064
3246 4060
3247 4061
3248 4060
3249 4064
3250 4061
3251 4067
3252 4060
3253 4059
3254 4064
3255 4066
3256 4061
3257 4060
3258 4064
3259 4064
3260 4057
3261 4060
3262 4061
3263 4064
3264 4059
3265 4061
3266 4064
3267 4060
3268 4064
3269 4064
3270 4061
3271 4059
3272 4064
3273 4059
3274 4064
3275 4067
3276 4061
3277 4059
3278 4061
3279 4064
3280 4061
3281 4065
3282 4061
3283 4064
3284 4061
3285 4064
3286 4064
3287 4064
3288 4064
3289 4064
3290 4065
3291 4060
3292 4064
3293 4065
3294 4060
3295 4064
3296 4065
3297 4060
3298 4064
3299 4065
3300 4060
3301 4068
3302 4059
3303 4064
3304 4064
3305 4064
3306 4064
3307 4064
3308 4060
3309 4061
3310 4064
3311 4061
3312 4060
3313 4064
3314 4064
3315 4064
3316 4064
3317 4064
3318 4060
3319 4061
3320 4060
3321 4061
3322 4060
3323 4061
3324 4060
3325 4064
3326 4064
3327 4064
3328 4061
3329 4064
3330 4064
3331 4065
3332 4059
3333 4061
3334 4059
3335 4064
3336 4064
3337 4064
3338 4059
3339 4064
3340 4067
3341 4064
3342 4064
3343 4064
3344 4061
3345 4061
3346 4061
3347 4061
3348 4060
3349 4064
3350 4061
3351 4064
3352 4057
3353 4061
3354 4064
3355 4064
3356 4064
3357 4064
3358 4064
3359 4059
3360 4056
3361 4061
3362 4061
3363 4064
3364 4064
3365 4060
3366 4059
3367 4061
3368 4064
3369 4061
3370 4064
3371 4059
3372 4059
3373 4064
3374 4064
3375 4064
3376 4064
3377 4061
3378 4065
3379 4060
3380 4064
3381 4064
3382 4064
3383 4060
3384 4064
3385 4064
3386 4064
3387 4064
3388 4061
3389 4064
3390 4064
3391 4064
3392 4064
3393 4064
3394 4064
3395 4064
3396 4064
3397 4060
3398 4061
3399 4064
3400 4059
3401 4064
3402 4059
3403 4064
3404 4064
3405 4064
3406 4064
3407 4064
3408 4060
3409 4060
3410 4061
3411 4061
3412 4064
3413 4064
3414 4064
3415 4061
3416 4060
3417 4061
3418 4061
3419 4064
3420 4061
3421 4059
3422 4064
3423 4064
3424 4064
3425 4064
3426 4060
3427 4064
3428 4064
3429 4064
3430 4058
3431 4064
3432 4064
3433 4064
3434 4061
3435 4064
3436 4060
3437 4061
3438 4060
3439 4060
3440 4064
3441 4059
3442 4064
3443 4061
3444 4065
3445 4064
3446 4059
3447 4066
3448 4058
3449 4064
3450 4061
3451 4064
3452 4059
3453 4064
3454 4064
3455 4064
3456 4064
3457 4064
3458 4065
3459 4059
3460 4064
3461 4064
3462 4060
3463 4064
3464 4060
3465 4059
3466 4065
3467 4060
3468 4064
3469 4060
3470 4060
3471 4061
3472 4065
3473 4060
3474 4059
3475 4059
3476 4060
3477 4061
3478 4064
3479 4064
3480 4058
3481 4061
3482 4065
3483 4061
3484 4064
3485 4064
3486 4060
3487 4059
3488 4060
3489 4064
3490 4060
3491 4060
3492 4060
3493 4064
3494 4064
3495 4064
3496 4059
3497 4061
3498 4061
3499 4061
3500 4064
3501 4064
3502 4060
3503 4061
3504 4064
3505 4061
3506 4061
3507 4064
3508 4060
3509 4060
3510 4059
3511 4058
3512 4064
3513 4064
3514 4061
3515 4061
3516 4064
3517 4064
3518 4064
3519 4064
3520 4064
3521 4064
3522 4061
3523 4064
3524 4061
3525 4065
3526 4064
3527 4064
3528 4060
3529 4060
3530 4059
3531 4064
3532 4061
3533 4061
3534 4059
3535 4061
3536 4057
3537 4064
3538 4061
3539 4064
3540 4064
3541 4061
3542 4061
3543 4060
3544 4064
3545 4064
3546 4060
3547 4061
3548 4060
3549 4061
3550 4057
3551 4064
3552 4058
3553 4064
3554 4064
3555 4061
3556 4065
3557 4061
3558 4059
3559 4058
3560 4059
3561 4064
3562 4064
3563 4064
3564 4061
3565 4064
3566 4064
3567 4064
3568 4060
3569 4062
3570 4060
3571 4061
3572 4061
3573 4060
3574 4058
3575 4064
3576 4060
3577 4064
3578 4064
3579 4061
3580 4064
3581 4061
3582 4064
3583 4058
3584 4060
3585 4064
3586 4058
3587 4059
3588 4060
3589 4064
3590 4061
3591 4064
3592 4066
3593 4060
3594 4064
3595 4061
3596 4064
3597 4065
3598 4064
3599 4059
3600 4058
3601 4064
3602 4056
3603 4061
3604 4058
3605 4060
3606 4060
3607 4064
3608 4064
3609 4064
3610 4064
3611 4064
3612 4064
3613 4064
3614 4060
3615 4065
3616 4064
3617 4061
3618 4064
3619 4064
3620 4060
3621 4059
3622 4065
3623 4064
3624 4060
3625 4061
3626 4060
3627 4061
3628 4064
3629 4064
3630 4058
3631 4057
3632 4060
3633 4064
3634 4064
3635 4064
3636 4058
3637 4061
3638 4058
3639 4061
3640 4060
3641 4061
3642 4061
3643 4064
3644 4060
3645 4064
3646 4059
3647 4064
3648 4061
3649 4058
3650 4064
3651 4064
3652 4057
3653 4061
3654 4061
3655 4061
3656 4064
3657 4059
3658 4064
3659 4064
3660 4057
3661 4059
3662 4060
3663 4060
3664 4064
3665 4064
3666 4061
3667 4060
3668 4064
3669 4059
3670 4058
3671 4060
3672 4064
3673 4064
3674 4064
3675 4064
3676 4060
3677 4060
3678 4061
3679 4064
3680 4060
3681 4064
3682 4064
3683 4060
3684 4064
3685 4064
3686 4064
3687 4064
3688 4058
3689 4065
3690 4064
3691 4064
3692 4064
3693 4064
3694 4064
