#Data from the TCD1304 linear CCD
#column 1 = pixelnumber , column 2 = pixelvalue
#Pixel 1-32 and 3679-3694 and are dummy pixels
#SH-period: 200    ICG-period: 100000    Integration time: 100.0 us
2 4038
3 4041
4 4061
5 4055
6 4058
7 4053
8 4057
9 4058
10 4060
11 4056
12 4057
13 4054
14 4055
15 4055
16 4058
17 4057
18 4054
19 4056
20 4058
21 4055
22 4054
23 4057
24 4054
25 4056
26 4058
27 4056
28 4057
29 4057
30 4055
31 4055
32 4057
34 4057
35 4057
36 4057
37 4061
38 4059
39 4059
40 4056
41 4058
42 4057
43 4057
44 4055
45 4056
46 4058
47 4058
48 4057
49 4056
50 4055
51 4064
52 4052
53 4058
54 4057
55 4057
56 4057
57 4058
58 4057
59 4057
60 4058
61 4056
62 4056
63 4059
64 4057
65 4057
66 4056
67 4057
68 4053
69 4059
70 4058
71 4056
72 4055
73 4057
74 4055
75 4054
76 4056
77 4055
78 4056
79 4053
80 4057
81 4054
82 4057
83 4052
84 4053
85 4058
86 4060
87 4053
88 4055
89 4056
90 4057
91 4060
92 4061
93 4057
94 4054
95 4059
96 4055
97 4054
98 4057
99 4058
100 4057
101 4057
102 4049
103 4058
104 4057
105 4056
106 4054
107 4055
108 4056
109 4058
110 4055
111 4058
112 4055
113 4055
114 4053
115 4060
116 4057
117 4054
118 4055
119 4056
120 4059
121 4057
122 4055
123 4057
124 4055
125 4053
126 4055
127 4055
128 4058
129 4057
130 4052
131 4059
132 4057
133 4056
134 4055
135 4058
136 4058
137 4058
138 4055
139 4056
140 4056
141 4054
142 4054
143 4057
144 4055
145 4053
146 4054
147 4053
148 4059
149 4055
150 4057
151 4058
152 4054
153 4058
154 4055
155 4059
156 4055
157 4056
158 4056
159 4057
160 4057
161 4055
162 4054
163 4057
164 4056
165 4057
166 4056
167 4058
168 4059
169 4059
170 4057
171 4057
172 4053
173 4054
174 4053
175 4056
176 4060
177 4055
178 4059
179 4057
180 4054
181 4059
182 4057
183 4055
184 4056
185 4055
186 4054
187 4059
188 4055
189 4057
190 4055
191 4054
192 4059
193 4057
194 4056
195 4059
196 4053
197 4054
198 4058
199 4057
200 4060
201 4059
202 4051
203 4058
204 4056
205 4053
206 4057
207 4059
208 4053
209 4055
210 4056
211 4055
212 4057
213 4057
214 4057
215 4057
216 4054
217 4057
218 4053
219 4058
220 4055
221 4059
222 4056
223 4057
224 4056
225 4058
226 4055
227 4055
228 4054
229 4058
230 4057
231 4056
232 4057
233 4056
234 4057
235 4059
236 4060
237 4054
238 4057
239 4054
240 4061
241 4061
242 4055
243 4056
244 4059
245 4056
246 4056
247 4053
248 4053
249 4055
250 4055
251 4059
252 4055
253 4056
254 4055
255 4058
256 4057
257 4057
258 4057
259 4056
260 4057
261 4053
262 4055
263 4054
264 4054
265 4053
266 4057
267 4057
268 4059
269 4056
270 4056
271 4057
272 4056
273 4056
274 4055
275 4059
276 4054
277 4057
278 4053
279 4057
280 4055
281 4056
282 4056
283 4053
284 4057
285 4058
286 4053
287 4057
288 4054
289 4057
290 4053
291 4057
292 4055
293 4057
294 4054
295 4054
296 4055
297 4055
298 4052
299 4058
300 4057
301 4061
302 4053
303 4056
304 4055
305 4057
306 4057
307 4056
308 4057
309 4057
310 4055
311 4054
312 4057
313 4057
314 4053
315 4056
316 4053
317 4055
318 4053
319 4053
320 4059
321 4053
322 4057
323 4056
324 4051
325 4056
326 4058
327 4054
328 4054
329 4054
330 4055
331 4058
332 4057
333 4055
334 4056
335 4057
336 4055
337 4055
338 4056
339 4057
340 4057
341 4053
342 4055
343 4059
344 4055
345 4053
346 4056
347 4052
348 4054
349 4057
350 4055
351 4061
352 4054
353 4056
354 4056
355 4057
356 4057
357 4053
358 4057
359 4058
360 4053
361 4058
362 4051
363 4057
364 4055
365 4057
366 4053
367 4053
368 4056
369 4055
370 4057
371 4057
372 4052
373 4056
374 4057
375 4060
376 4055
377 4054
378 4055
379 4056
380 4057
381 4056
382 4055
383 4057
384 4055
385 4053
386 4057
387 4056
388 4057
389 4053
390 4055
391 4051
392 4053
393 4057
394 4057
395 4057
396 4055
397 4061
398 4053
399 4054
400 4056
401 4058
402 4049
403 4057
404 4057
405 4054
406 4056
407 4056
408 4054
409 4056
410 4056
411 4054
412 4056
413 4055
414 4055
415 4056
416 4055
417 4055
418 4055
419 4053
420 4053
421 4058
422 4054
423 4057
424 4057
425 4057
426 4054
427 4058
428 4055
429 4056
430 4059
431 4055
432 4055
433 4057
434 4053
435 4057
436 4056
437 4058
438 4056
439 4053
440 4056
441 4056
442 4057
443 4057
444 4058
445 4057
446 4054
447 4059
448 4059
449 4057
450 4051
451 4059
452 4052
453 4058
454 4053
455 4053
456 4056
457 4053
458 4059
459 4056
460 4055
461 4056
462 4056
463 4059
464 4057
465 4057
466 4053
467 4053
468 4051
469 4057
470 4056
471 4055
472 4057
473 4056
474 4054
475 4057
476 4056
477 4053
478 4055
479 4055
480 4054
481 4057
482 4053
483 4056
484 4060
485 4055
486 4056
487 4064
488 4053
489 4059
490 4057
491 4055
492 4054
493 4059
494 4053
495 4056
496 4055
497 4054
498 4055
499 4056
500 4057
501 4060
502 4055
503 4053
504 4057
505 4059
506 4056
507 4056
508 4055
509 4061
510 4053
511 4057
512 4057
513 4057
514 4055
515 4059
516 4056
517 4052
518 4057
519 4058
520 4054
521 4059
522 4058
523 4056
524 4056
525 4056
526 4060
527 4059
528 4055
529 4057
530 4055
531 4060
532 4055
533 4058
534 4053
535 4056
536 4058
537 4055
538 4056
539 4054
540 4058
541 4056
542 4059
543 4059
544 4055
545 4057
546 4057
547 4060
548 4055
549 4058
550 4056
551 4064
552 4053
553 4056
554 4057
555 4056
556 4057
557 4058
558 4055
559 4054
560 4056
561 4056
562 4056
563 4055
564 4057
565 4057
566 4058
567 4057
568 4056
569 4055
570 4060
571 4055
572 4056
573 4055
574 4058
575 4057
576 4053
577 4057
578 4057
579 4058
580 4057
581 4059
582 4060
583 4057
584 4057
585 4058
586 4055
587 4058
588 4056
589 4057
590 4057
591 4054
592 4053
593 4058
594 4058
595 4055
596 4056
597 4054
598 4057
599 4053
600 4057
601 4057
602 4052
603 4060
604 4055
605 4054
606 4053
607 4057
608 4057
609 4055
610 4057
611 4057
612 4058
613 4054
614 4056
615 4056
616 4054
617 4058
618 4055
619 4057
620 4059
621 4057
622 4057
623 4057
624 4055
625 4055
626 4057
627 4056
628 4057
629 4053
630 4054
631 4060
632 4057
633 4055
634 4059
635 4057
636 4057
637 4056
638 4056
639 4055
640 4060
641 4056
642 4057
643 4059
644 4055
645 4057
646 4055
647 4057
648 4059
649 4057
650 4057
651 4058
652 4053
653 4059
654 4059
655 4057
656 4057
657 4058
658 4055
659 4058
660 4059
661 4055
662 4059
663 4055
664 4055
665 4058
666 4057
667 4057
668 4056
669 4060
670 4057
671 4061
672 4057
673 4056
674 4056
675 4057
676 4057
677 4059
678 4057
679 4057
680 4054
681 4058
682 4056
683 4056
684 4057
685 4056
686 4055
687 4058
688 4054
689 4054
690 4054
691 4054
692 4059
693 4056
694 4056
695 4054
696 4055
697 4056
698 4057
699 4057
700 4053
701 4058
702 4052
703 4060
704 4057
705 4056
706 4055
707 4057
708 4055
709 4055
710 4056
711 4058
712 4055
713 4056
714 4055
715 4055
716 4055
717 4057
718 4056
719 4055
720 4059
721 4057
722 4056
723 4055
724 4056
725 4061
726 4055
727 4056
728 4057
729 4056
730 4056
731 4056
732 4059
733 4056
734 4056
735 4056
736 4058
737 4059
738 4055
739 4058
740 4059
741 4055
742 4056
743 4055
744 4057
745 4057
746 4059
747 4055
748 4057
749 4055
750 4057
751 4064
752 4054
753 4056
754 4057
755 4057
756 4055
757 4054
758 4056
759 4061
760 4055
761 4054
762 4055
763 4056
764 4056
765 4060
766 4055
767 4056
768 4055
769 4059
770 4057
771 4056
772 4056
773 4058
774 4056
775 4060
776 4056
777 4055
778 4056
779 4054
780 4055
781 4056
782 4057
783 4055
784 4055
785 4057
786 4057
787 4053
788 4057
789 4054
790 4059
791 4054
792 4056
793 4056
794 4055
795 4058
796 4056
797 4058
798 4055
799 4055
800 4053
801 4059
802 4054
803 4057
804 4057
805 4059
806 4055
807 4055
808 4057
809 4057
810 4054
811 4057
812 4054
813 4055
814 4053
815 4058
816 4055
817 4057
818 4055
819 4054
820 4052
821 4056
822 4058
823 4056
824 4056
825 4055
826 4056
827 4057
828 4055
829 4056
830 4055
831 4054
832 4056
833 4058
834 4053
835 4056
836 4055
837 4057
838 4053
839 4052
840 4059
841 4057
842 4058
843 4059
844 4057
845 4058
846 4059
847 4058
848 4053
849 4057
850 4055
851 4060
852 4051
853 4059
854 4053
855 4056
856 4059
857 4059
858 4056
859 4057
860 4055
861 4055
862 4057
863 4057
864 4055
865 4059
866 4056
867 4056
868 4056
869 4059
870 4057
871 4057
872 4060
873 4057
874 4056
875 4053
876 4056
877 4057
878 4056
879 4056
880 4056
881 4057
882 4056
883 4056
884 4056
885 4056
886 4059
887 4056
888 4053
889 4055
890 4057
891 4057
892 4055
893 4064
894 4057
895 4057
896 4057
897 4059
898 4055
899 4057
900 4056
901 4058
902 4055
903 4058
904 4056
905 4055
906 4055
907 4058
908 4055
909 4057
910 4059
911 4056
912 4055
913 4056
914 4055
915 4057
916 4056
917 4057
918 4056
919 4057
920 4058
921 4055
922 4058
923 4059
924 4053
925 4055
926 4055
927 4055
928 4057
929 4055
930 4055
931 4053
932 4056
933 4055
934 4056
935 4057
936 4056
937 4053
938 4057
939 4058
940 4057
941 4057
942 4057
943 4059
944 4055
945 4055
946 4057
947 4055
948 4053
949 4058
950 4054
951 4060
952 4053
953 4058
954 4055
955 4057
956 4056
957 4058
958 4057
959 4054
960 4060
961 4057
962 4055
963 4058
964 4057
965 4056
966 4055
967 4056
968 4052
969 4058
970 4056
971 4054
972 4055
973 4054
974 4056
975 4059
976 4056
977 4055
978 4053
979 4056
980 4057
981 4053
982 4057
983 4056
984 4055
985 4057
986 4057
987 4055
988 4057
989 4051
990 4056
991 4057
992 4057
993 4057
994 4054
995 4056
996 4056
997 4059
998 4055
999 4052
1000 4059
1001 4058
1002 4054
1003 4059
1004 4059
1005 4058
1006 4056
1007 4057
1008 4051
1009 4057
1010 4054
1011 4057
1012 4056
1013 4058
1014 4053
1015 4056
1016 4054
1017 4056
1018 4055
1019 4054
1020 4055
1021 4056
1022 4056
1023 4056
1024 4057
1025 4058
1026 4056
1027 4054
1028 4057
1029 4055
1030 4056
1031 4055
1032 4055
1033 4056
1034 4053
1035 4057
1036 4054
1037 4058
1038 4057
1039 4058
1040 4055
1041 4057
1042 4054
1043 4057
1044 4058
1045 4056
1046 4054
1047 4057
1048 4053
1049 4057
1050 4054
1051 4061
1052 4050
1053 4058
1054 4054
1055 4056
1056 4056
1057 4057
1058 4058
1059 4056
1060 4059
1061 4055
1062 4055
1063 4059
1064 4055
1065 4054
1066 4057
1067 4055
1068 4054
1069 4058
1070 4057
1071 4058
1072 4053
1073 4057
1074 4054
1075 4057
1076 4055
1077 4055
1078 4057
1079 4059
1080 4055
1081 4056
1082 4052
1083 4054
1084 4057
1085 4055
1086 4053
1087 4057
1088 4056
1089 4057
1090 4060
1091 4053
1092 4057
1093 4055
1094 4055
1095 4059
1096 4058
1097 4057
1098 4057
1099 4056
1100 4056
1101 4057
1102 4051
1103 4060
1104 4056
1105 4057
1106 4055
1107 4057
1108 4053
1109 4051
1110 4059
1111 4054
1112 4055
1113 4055
1114 4057
1115 4055
1116 4057
1117 4057
1118 4055
1119 4056
1120 4058
1121 4057
1122 4056
1123 4059
1124 4056
1125 4056
1126 4057
1127 4057
1128 4058
1129 4054
1130 4057
1131 4060
1132 4056
1133 4059
1134 4057
1135 4055
1136 4056
1137 4056
1138 4056
1139 4057
1140 4055
1141 4059
1142 4056
1143 4057
1144 4056
1145 4055
1146 4058
1147 4057
1148 4053
1149 4058
1150 4055
1151 4060
1152 4054
1153 4059
1154 4056
1155 4057
1156 4058
1157 4058
1158 4059
1159 4057
1160 4057
1161 4057
1162 4057
1163 4056
1164 4057
1165 4055
1166 4056
1167 4057
1168 4057
1169 4057
1170 4059
1171 4054
1172 4058
1173 4057
1174 4053
1175 4056
1176 4056
1177 4058
1178 4057
1179 4057
1180 4056
1181 4057
1182 4055
1183 4057
1184 4057
1185 4060
1186 4057
1187 4056
1188 4058
1189 4054
1190 4057
1191 4054
1192 4055
1193 4059
1194 4055
1195 4058
1196 4058
1197 4061
1198 4055
1199 4059
1200 4055
1201 4064
1202 4052
1203 4057
1204 4057
1205 4055
1206 4057
1207 4056
1208 4056
1209 4056
1210 4060
1211 4057
1212 4058
1213 4058
1214 4056
1215 4057
1216 4058
1217 4057
1218 4056
1219 4057
1220 4057
1221 4055
1222 4056
1223 4057
1224 4054
1225 4057
1226 4055
1227 4057
1228 4058
1229 4055
1230 4057
1231 4055
1232 4056
1233 4057
1234 4056
1235 4056
1236 4057
1237 4054
1238 4059
1239 4056
1240 4056
1241 4055
1242 4053
1243 4058
1244 4054
1245 4057
1246 4053
1247 4055
1248 4055
1249 4056
1250 4057
1251 4058
1252 4057
1253 4058
1254 4056
1255 4057
1256 4057
1257 4058
1258 4057
1259 4057
1260 4057
1261 4054
1262 4055
1263 4057
1264 4058
1265 4059
1266 4055
1267 4056
1268 4054
1269 4057
1270 4056
1271 4056
1272 4058
1273 4057
1274 4057
1275 4059
1276 4058
1277 4057
1278 4060
1279 4056
1280 4055
1281 4058
1282 4058
1283 4054
1284 4054
1285 4056
1286 4061
1287 4057
1288 4058
1289 4056
1290 4056
1291 4059
1292 4054
1293 4058
1294 4054
1295 4055
1296 4055
1297 4057
1298 4055
1299 4055
1300 4055
1301 4060
1302 4054
1303 4058
1304 4055
1305 4053
1306 4056
1307 4054
1308 4056
1309 4056
1310 4056
1311 4055
1312 4059
1313 4059
1314 4054
1315 4056
1316 4056
1317 4056
1318 4056
1319 4055
1320 4058
1321 4056
1322 4056
1323 4057
1324 4058
1325 4057
1326 4057
1327 4057
1328 4057
1329 4053
1330 4056
1331 4057
1332 4054
1333 4057
1334 4055
1335 4059
1336 4059
1337 4055
1338 4054
1339 4055
1340 4057
1341 4057
1342 4053
1343 4058
1344 4056
1345 4056
1346 4056
1347 4056
1348 4058
1349 4058
1350 4058
1351 4059
1352 4056
1353 4054
1354 4057
1355 4057
1356 4054
1357 4058
1358 4060
1359 4059
1360 4054
1361 4058
1362 4053
1363 4058
1364 4056
1365 4055
1366 4059
1367 4057
1368 4057
1369 4058
1370 4053
1371 4055
1372 4057
1373 4055
1374 4055
1375 4057
1376 4056
1377 4056
1378 4053
1379 4057
1380 4057
1381 4056
1382 4055
1383 4057
1384 4058
1385 4057
1386 4056
1387 4055
1388 4055
1389 4056
1390 4055
1391 4055
1392 4058
1393 4057
1394 4055
1395 4056
1396 4056
1397 4056
1398 4057
1399 4055
1400 4057
1401 4059
1402 4054
1403 4055
1404 4055
1405 4058
1406 4057
1407 4056
1408 4054
1409 4057
1410 4058
1411 4056
1412 4058
1413 4057
1414 4056
1415 4058
1416 4055
1417 4058
1418 4054
1419 4056
1420 4056
1421 4055
1422 4055
1423 4056
1424 4057
1425 4057
1426 4053
1427 4056
1428 4056
1429 4057
1430 4054
1431 4053
1432 4058
1433 4057
1434 4054
1435 4057
1436 4054
1437 4056
1438 4057
1439 4055
1440 4056
1441 4055
1442 4056
1443 4054
1444 4059
1445 4053
1446 4057
1447 4057
1448 4056
1449 4058
1450 4058
1451 4056
1452 4053
1453 4059
1454 4056
1455 4057
1456 4056
1457 4055
1458 4056
1459 4057
1460 4058
1461 4057
1462 4053
1463 4061
1464 4056
1465 4058
1466 4057
1467 4059
1468 4056
1469 4057
1470 4054
1471 4056
1472 4057
1473 4056
1474 4057
1475 4053
1476 4059
1477 4055
1478 4056
1479 4064
1480 4055
1481 4057
1482 4057
1483 4055
1484 4056
1485 4056
1486 4056
1487 4058
1488 4056
1489 4059
1490 4055
1491 4058
1492 4060
1493 4059
1494 4057
1495 4057
1496 4054
1497 4056
1498 4057
1499 4057
1500 4055
1501 4060
1502 4054
1503 4055
1504 4053
1505 4055
1506 4056
1507 4060
1508 4056
1509 4058
1510 4059
1511 4056
1512 4053
1513 4060
1514 4056
1515 4059
1516 4057
1517 4055
1518 4057
1519 4056
1520 4056
1521 4056
1522 4057
1523 4058
1524 4056
1525 4054
1526 4059
1527 4056
1528 4054
1529 4056
1530 4057
1531 4056
1532 4057
1533 4057
1534 4056
1535 4057
1536 4057
1537 4056
1538 4060
1539 4055
1540 4060
1541 4054
1542 4056
1543 4057
1544 4064
1545 4058
1546 4059
1547 4057
1548 4055
1549 4057
1550 4053
1551 4057
1552 4051
1553 4058
1554 4057
1555 4058
1556 4055
1557 4059
1558 4057
1559 4059
1560 4059
1561 4057
1562 4058
1563 4059
1564 4056
1565 4056
1566 4055
1567 4056
1568 4057
1569 4058
1570 4057
1571 4056
1572 4057
1573 4060
1574 4057
1575 4058
1576 4056
1577 4054
1578 4058
1579 4057
1580 4053
1581 4057
1582 4057
1583 4056
1584 4054
1585 4059
1586 4055
1587 4055
1588 4056
1589 4057
1590 4057
1591 4056
1592 4055
1593 4058
1594 4057
1595 4055
1596 4058
1597 4057
1598 4057
1599 4054
1600 4056
1601 4064
1602 4053
1603 4059
1604 4057
1605 4057
1606 4056
1607 4057
1608 4056
1609 4056
1610 4059
1611 4057
1612 4055
1613 4056
1614 4057
1615 4054
1616 4055
1617 4056
1618 4056
1619 4057
1620 4056
1621 4056
1622 4057
1623 4057
1624 4054
1625 4057
1626 4055
1627 4057
1628 4060
1629 4054
1630 4054
1631 4056
1632 4057
1633 4053
1634 4059
1635 4054
1636 4056
1637 4057
1638 4056
1639 4057
1640 4059
1641 4057
1642 4054
1643 4055
1644 4055
1645 4056
1646 4057
1647 4054
1648 4055
1649 4058
1650 4059
1651 4059
1652 4051
1653 4057
1654 4055
1655 4059
1656 4057
1657 4058
1658 4054
1659 4057
1660 4056
1661 4058
1662 4056
1663 4056
1664 4061
1665 4057
1666 4057
1667 4055
1668 4059
1669 4056
1670 4057
1671 4056
1672 4061
1673 4059
1674 4055
1675 4056
1676 4056
1677 4053
1678 4056
1679 4057
1680 4057
1681 4056
1682 4055
1683 4055
1684 4057
1685 4056
1686 4059
1687 4057
1688 4058
1689 4058
1690 4057
1691 4053
1692 4056
1693 4058
1694 4055
1695 4058
1696 4055
1697 4058
1698 4055
1699 4060
1700 4054
1701 4064
1702 4051
1703 4057
1704 4055
1705 4058
1706 4056
1707 4057
1708 4056
1709 4055
1710 4056
1711 4057
1712 4058
1713 4059
1714 4056
1715 4059
1716 4056
1717 4054
1718 4055
1719 4057
1720 4058
1721 4056
1722 4055
1723 4058
1724 4055
1725 4056
1726 4058
1727 4057
1728 4053
1729 4056
1730 4051
1731 4054
1732 4055
1733 4057
1734 4057
1735 4055
1736 4056
1737 4060
1738 4056
1739 4056
1740 4057
1741 4054
1742 4056
1743 4056
1744 4058
1745 4057
1746 4059
1747 4055
1748 4056
1749 4056
1750 4056
1751 4061
1752 4053
1753 4055
1754 4057
1755 4055
1756 4055
1757 4058
1758 4054
1759 4055
1760 4056
1761 4055
1762 4055
1763 4056
1764 4057
1765 4057
1766 4056
1767 4057
1768 4055
1769 4056
1770 4058
1771 4055
1772 4060
1773 4055
1774 4054
1775 4056
1776 4055
1777 4057
1778 4055
1779 4056
1780 4054
1781 4057
1782 4056
1783 4056
1784 4058
1785 4056
1786 4058
1787 4056
1788 4053
1789 4057
1790 4054
1791 4057
1792 4055
1793 4056
1794 4053
1795 4055
1796 4056
1797 4058
1798 4055
1799 4061
1800 4056
1801 4061
1802 4054
1803 4057
1804 4061
1805 4052
1806 4056
1807 4056
1808 4055
1809 4058
1810 4056
1811 4057
1812 4055
1813 4055
1814 4057
1815 4052
1816 4057
1817 4060
1818 4054
1819 4057
1820 4055
1821 4057
1822 4060
1823 4057
1824 4056
1825 4056
1826 4057
1827 4056
1828 4055
1829 4056
1830 4060
1831 4059
1832 4055
1833 4061
1834 4056
1835 4056
1836 4055
1837 4056
1838 4058
1839 4057
1840 4056
1841 4057
1842 4057
1843 4052
1844 4057
1845 4057
1846 4055
1847 4057
1848 4055
1849 4054
1850 4059
1851 4060
1852 4054
1853 4057
1854 4057
1855 4057
1856 4057
1857 4053
1858 4058
1859 4053
1860 4058
1861 4054
1862 4052
1863 4058
1864 4054
1865 4055
1866 4056
1867 4055
1868 4054
1869 4060
1870 4058
1871 4057
1872 4056
1873 4059
1874 4056
1875 4057
1876 4056
1877 4054
1878 4056
1879 4055
1880 4056
1881 4054
1882 4055
1883 4055
1884 4057
1885 4056
1886 4056
1887 4058
1888 4057
1889 4055
1890 4061
1891 4055
1892 4057
1893 4057
1894 4055
1895 4057
1896 4055
1897 4058
1898 4057
1899 4056
1900 4059
1901 4059
1902 4051
1903 4057
1904 4056
1905 4057
1906 4053
1907 4055
1908 4056
1909 4056
1910 4055
1911 4057
1912 4053
1913 4056
1914 4058
1915 4057
1916 4057
1917 4060
1918 4058
1919 4056
1920 4057
1921 4055
1922 4060
1923 4057
1924 4058
1925 4057
1926 4057
1927 4057
1928 4059
1929 4057
1930 4056
1931 4060
1932 4055
1933 4059
1934 4059
1935 4055
1936 4055
1937 4056
1938 4057
1939 4057
1940 4055
1941 4057
1942 4059
1943 4056
1944 4059
1945 4056
1946 4054
1947 4058
1948 4060
1949 4055
1950 4056
1951 4059
1952 4051
1953 4056
1954 4057
1955 4055
1956 4053
1957 4056
1958 4057
1959 4057
1960 4055
1961 4055
1962 4053
1963 4054
1964 4055
1965 4059
1966 4053
1967 4056
1968 4059
1969 4055
1970 4059
1971 4058
1972 4055
1973 4055
1974 4057
1975 4054
1976 4057
1977 4053
1978 4058
1979 4058
1980 4058
1981 4057
1982 4056
1983 4056
1984 4057
1985 4057
1986 4055
1987 4056
1988 4057
1989 4057
1990 4057
1991 4056
1992 4057
1993 4056
1994 4057
1995 4056
1996 4056
1997 4055
1998 4058
1999 4055
2000 4056
2001 4059
2002 4049
2003 4056
2004 4055
2005 4058
2006 4057
2007 4056
2008 4056
2009 4054
2010 4053
2011 4054
2012 4056
2013 4059
2014 4055
2015 4059
2016 4053
2017 4055
2018 4055
2019 4055
2020 4059
2021 4056
2022 4056
2023 4056
2024 4055
2025 4059
2026 4054
2027 4053
2028 4055
2029 4057
2030 4055
2031 4059
2032 4058
2033 4058
2034 4059
2035 4056
2036 4057
2037 4056
2038 4055
2039 4055
2040 4053
2041 4056
2042 4056
2043 4055
2044 4054
2045 4054
2046 4058
2047 4057
2048 4059
2049 4058
2050 4052
2051 4060
2052 4053
2053 4055
2054 4056
2055 4056
2056 4056
2057 4056
2058 4056
2059 4058
2060 4056
2061 4055
2062 4060
2063 4053
2064 4057
2065 4056
2066 4056
2067 4053
2068 4053
2069 4057
2070 4057
2071 4058
2072 4059
2073 4056
2074 4059
2075 4058
2076 4056
2077 4057
2078 4060
2079 4055
2080 4057
2081 4056
2082 4054
2083 4054
2084 4056
2085 4059
2086 4055
2087 4056
2088 4059
2089 4057
2090 4058
2091 4056
2092 4055
2093 4060
2094 4053
2095 4057
2096 4057
2097 4057
2098 4058
2099 4056
2100 4057
2101 4060
2102 4054
2103 4057
2104 4055
2105 4055
2106 4056
2107 4057
2108 4056
2109 4059
2110 4057
2111 4056
2112 4053
2113 4056
2114 4054
2115 4057
2116 4057
2117 4057
2118 4057
2119 4059
2120 4058
2121 4053
2122 4057
2123 4056
2124 4054
2125 4056
2126 4058
2127 4055
2128 4054
2129 4057
2130 4059
2131 4055
2132 4059
2133 4056
2134 4054
2135 4057
2136 4055
2137 4055
2138 4053
2139 4058
2140 4059
2141 4056
2142 4055
2143 4055
2144 4055
2145 4057
2146 4055
2147 4055
2148 4055
2149 4058
2150 4053
2151 4057
2152 4052
2153 4058
2154 4056
2155 4055
2156 4057
2157 4057
2158 4054
2159 4053
2160 4057
2161 4058
2162 4054
2163 4057
2164 4056
2165 4058
2166 4055
2167 4055
2168 4056
2169 4055
2170 4054
2171 4056
2172 4055
2173 4057
2174 4055
2175 4056
2176 4054
2177 4055
2178 4058
2179 4055
2180 4057
2181 4056
2182 4058
2183 4058
2184 4057
2185 4057
2186 4058
2187 4057
2188 4055
2189 4053
2190 4055
2191 4057
2192 4054
2193 4055
2194 4057
2195 4055
2196 4055
2197 4055
2198 4055
2199 4056
2200 4057
2201 4057
2202 4056
2203 4057
2204 4057
2205 4058
2206 4057
2207 4058
2208 4056
2209 4057
2210 4055
2211 4056
2212 4060
2213 4056
2214 4059
2215 4057
2216 4057
2217 4056
2218 4056
2219 4055
2220 4057
2221 4055
2222 4053
2223 4057
2224 4056
2225 4057
2226 4056
2227 4056
2228 4057
2229 4056
2230 4057
2231 4055
2232 4058
2233 4055
2234 4056
2235 4055
2236 4055
2237 4055
2238 4052
2239 4055
2240 4055
2241 4057
2242 4054
2243 4056
2244 4060
2245 4058
2246 4060
2247 4054
2248 4058
2249 4058
2250 4056
2251 4059
2252 4054
2253 4059
2254 4058
2255 4053
2256 4055
2257 4056
2258 4055
2259 4057
2260 4057
2261 4055
2262 4056
2263 4056
2264 4057
2265 4060
2266 4054
2267 4056
2268 4053
2269 4054
2270 4054
2271 4055
2272 4054
2273 4052
2274 4055
2275 4056
2276 4055
2277 4057
2278 4057
2279 4054
2280 4054
2281 4055
2282 4053
2283 4056
2284 4056
2285 4057
2286 4060
2287 4057
2288 4056
2289 4053
2290 4054
2291 4054
2292 4054
2293 4056
2294 4054
2295 4056
2296 4051
2297 4058
2298 4055
2299 4056
2300 4057
2301 4058
2302 4048
2303 4060
2304 4054
2305 4055
2306 4058
2307 4050
2308 4053
2309 4057
2310 4054
2311 4057
2312 4051
2313 4052
2314 4055
2315 4057
2316 4054
2317 4056
2318 4055
2319 4056
2320 4054
2321 4055
2322 4057
2323 4054
2324 4054
2325 4053
2326 4054
2327 4054
2328 4056
2329 4055
2330 4055
2331 4057
2332 4056
2333 4057
2334 4055
2335 4053
2336 4053
2337 4055
2338 4053
2339 4056
2340 4057
2341 4057
2342 4056
2343 4056
2344 4057
2345 4057
2346 4056
2347 4054
2348 4058
2349 4054
2350 4056
2351 4060
2352 4050
2353 4057
2354 4055
2355 4052
2356 4057
2357 4055
2358 4056
2359 4055
2360 4056
2361 4054
2362 4055
2363 4055
2364 4054
2365 4056
2366 4053
2367 4056
2368 4052
2369 4058
2370 4053
2371 4054
2372 4056
2373 4055
2374 4056
2375 4055
2376 4055
2377 4054
2378 4051
2379 4053
2380 4055
2381 4054
2382 4054
2383 4053
2384 4053
2385 4057
2386 4055
2387 4056
2388 4053
2389 4055
2390 4055
2391 4056
2392 4055
2393 4056
2394 4056
2395 4055
2396 4053
2397 4056
2398 4056
2399 4054
2400 4052
2401 4060
2402 4053
2403 4057
2404 4053
2405 4055
2406 4055
2407 4053
2408 4056
2409 4053
2410 4056
2411 4056
2412 4057
2413 4057
2414 4052
2415 4056
2416 4054
2417 4053
2418 4058
2419 4057
2420 4056
2421 4055
2422 4057
2423 4056
2424 4054
2425 4056
2426 4058
2427 4052
2428 4059
2429 4060
2430 4056
2431 4054
2432 4057
2433 4057
2434 4055
2435 4053
2436 4057
2437 4055
2438 4057
2439 4059
2440 4058
2441 4053
2442 4057
2443 4054
2444 4057
2445 4057
2446 4059
2447 4058
2448 4055
2449 4056
2450 4056
2451 4057
2452 4053
2453 4055
2454 4054
2455 4057
2456 4055
2457 4057
2458 4055
2459 4055
2460 4059
2461 4054
2462 4053
2463 4057
2464 4052
2465 4058
2466 4054
2467 4055
2468 4057
2469 4055
2470 4053
2471 4057
2472 4054
2473 4056
2474 4057
2475 4057
2476 4056
2477 4055
2478 4055
2479 4053
2480 4054
2481 4056
2482 4056
2483 4056
2484 4056
2485 4055
2486 4055
2487 4055
2488 4057
2489 4055
2490 4058
2491 4058
2492 4053
2493 4052
2494 4057
2495 4057
2496 4057
2497 4060
2498 4057
2499 4056
2500 4057
2501 4058
2502 4052
2503 4055
2504 4052
2505 4054
2506 4058
2507 4054
2508 4055
2509 4055
2510 4055
2511 4056
2512 4054
2513 4056
2514 4057
2515 4056
2516 4054
2517 4060
2518 4055
2519 4056
2520 4057
2521 4058
2522 4057
2523 4059
2524 4058
2525 4055
2526 4057
2527 4056
2528 4055
2529 4054
2530 4054
2531 4056
2532 4057
2533 4058
2534 4056
2535 4059
2536 4054
2537 4056
2538 4055
2539 4057
2540 4057
2541 4054
2542 4054
2543 4057
2544 4057
2545 4055
2546 4056
2547 4055
2548 4056
2549 4058
2550 4055
2551 4058
2552 4052
2553 4054
2554 4057
2555 4057
2556 4055
2557 4056
2558 4057
2559 4056
2560 4056
2561 4057
2562 4053
2563 4054
2564 4055
2565 4056
2566 4058
2567 4051
2568 4056
2569 4058
2570 4054
2571 4058
2572 4057
2573 4056
2574 4057
2575 4057
2576 4054
2577 4056
2578 4057
2579 4053
2580 4054
2581 4057
2582 4056
2583 4053
2584 4059
2585 4055
2586 4056
2587 4057
2588 4055
2589 4052
2590 4055
2591 4059
2592 4057
2593 4057
2594 4055
2595 4058
2596 4059
2597 4059
2598 4053
2599 4056
2600 4057
2601 4057
2602 4052
2603 4053
2604 4057
2605 4058
2606 4055
2607 4055
2608 4053
2609 4057
2610 4057
2611 4053
2612 4058
2613 4054
2614 4057
2615 4056
2616 4054
2617 4057
2618 4054
2619 4058
2620 4055
2621 4054
2622 4058
2623 4058
2624 4053
2625 4060
2626 4059
2627 4054
2628 4057
2629 4054
2630 4054
2631 4055
2632 4055
2633 4055
2634 4055
2635 4057
2636 4055
2637 4055
2638 4051
2639 4057
2640 4058
2641 4053
2642 4055
2643 4054
2644 4057
2645 4054
2646 4056
2647 4052
2648 4052
2649 4055
2650 4056
2651 4060
2652 4052
2653 4058
2654 4054
2655 4057
2656 4056
2657 4059
2658 4054
2659 4058
2660 4058
2661 4054
2662 4056
2663 4057
2664 4055
2665 4054
2666 4054
2667 4052
2668 4056
2669 4056
2670 4055
2671 4056
2672 4054
2673 4056
2674 4057
2675 4053
2676 4056
2677 4057
2678 4055
2679 4055
2680 4057
2681 4056
2682 4056
2683 4055
2684 4055
2685 4055
2686 4055
2687 4053
2688 4052
2689 4054
2690 4057
2691 4060
2692 4053
2693 4053
2694 4057
2695 4057
2696 4056
2697 4056
2698 4055
2699 4057
2700 4053
2701 4059
2702 4052
2703 4058
2704 4056
2705 4053
2706 4054
2707 4055
2708 4059
2709 4054
2710 4055
2711 4057
2712 4055
2713 4056
2714 4055
2715 4055
2716 4054
2717 4057
2718 4052
2719 4055
2720 4056
2721 4056
2722 4055
2723 4057
2724 4055
2725 4057
2726 4054
2727 4056
2728 4057
2729 4054
2730 4056
2731 4053
2732 4053
2733 4053
2734 4056
2735 4052
2736 4053
2737 4057
2738 4054
2739 4053
2740 4053
2741 4052
2742 4059
2743 4059
2744 4055
2745 4059
2746 4055
2747 4059
2748 4055
2749 4054
2750 4053
2751 4059
2752 4052
2753 4055
2754 4055
2755 4052
2756 4055
2757 4054
2758 4055
2759 4054
2760 4058
2761 4054
2762 4056
2763 4056
2764 4051
2765 4056
2766 4054
2767 4053
2768 4055
2769 4052
2770 4056
2771 4051
2772 4057
2773 4055
2774 4055
2775 4057
2776 4051
2777 4057
2778 4055
2779 4054
2780 4055
2781 4057
2782 4059
2783 4055
2784 4055
2785 4053
2786 4056
2787 4054
2788 4055
2789 4057
2790 4053
2791 4056
2792 4051
2793 4055
2794 4056
2795 4054
2796 4057
2797 4052
2798 4056
2799 4055
2800 4056
2801 4059
2802 4051
2803 4055
2804 4051
2805 4054
2806 4055
2807 4055
2808 4055
2809 4053
2810 4059
2811 4056
2812 4054
2813 4054
2814 4052
2815 4056
2816 4056
2817 4053
2818 4052
2819 4058
2820 4054
2821 4060
2822 4055
2823 4059
2824 4057
2825 4056
2826 4055
2827 4056
2828 4055
2829 4055
2830 4055
2831 4056
2832 4053
2833 4054
2834 4055
2835 4057
2836 4056
2837 4054
2838 4056
2839 4057
2840 4056
2841 4055
2842 4055
2843 4056
2844 4054
2845 4058
2846 4053
2847 4054
2848 4057
2849 4053
2850 4054
2851 4056
2852 4051
2853 4060
2854 4053
2855 4055
2856 4050
2857 4060
2858 4050
2859 4053
2860 4054
2861 4058
2862 4055
2863 4057
2864 4056
2865 4057
2866 4055
2867 4056
2868 4055
2869 4053
2870 4058
2871 4057
2872 4055
2873 4058
2874 4054
2875 4058
2876 4056
2877 4057
2878 4055
2879 4054
2880 4057
2881 4057
2882 4053
2883 4058
2884 4056
2885 4056
2886 4054
2887 4059
2888 4054
2889 4057
2890 4056
2891 4057
2892 4054
2893 4057
2894 4055
2895 4061
2896 4053
2897 4054
2898 4059
2899 4056
2900 4054
2901 4064
2902 4053
2903 4059
2904 4058
2905 4060
2906 4055
2907 4058
2908 4057
2909 4056
2910 4054
2911 4053
2912 4055
2913 4060
2914 4055
2915 4059
2916 4056
2917 4055
2918 4053
2919 4055
2920 4059
2921 4056
2922 4056
2923 4058
2924 4053
2925 4057
2926 4056
2927 4055
2928 4055
2929 4057
2930 4057
2931 4057
2932 4055
2933 4058
2934 4058
2935 4055
2936 4056
2937 4053
2938 4056
2939 4055
2940 4057
2941 4057
2942 4053
2943 4058
2944 4057
2945 4056
2946 4057
2947 4057
2948 4056
2949 4055
2950 4055
2951 4057
2952 4049
2953 4055
2954 4054
2955 4056
2956 4056
2957 4053
2958 4055
2959 4054
2960 4054
2961 4053
2962 4056
2963 4053
2964 4059
2965 4058
2966 4057
2967 4061
2968 4055
2969 4058
2970 4054
2971 4059
2972 4058
2973 4056
2974 4055
2975 4055
2976 4057
2977 4056
2978 4057
2979 4056
2980 4057
2981 4057
2982 4059
2983 4057
2984 4057
2985 4056
2986 4055
2987 4056
2988 4056
2989 4057
2990 4057
2991 4058
2992 4056
2993 4058
2994 4055
2995 4057
2996 4056
2997 4056
2998 4056
2999 4056
3000 4056
3001 4059
3002 4050
3003 4054
3004 4057
3005 4057
3006 4055
3007 4055
3008 4055
3009 4051
3010 4057
3011 4058
3012 4055
3013 4055
3014 4057
3015 4054
3016 4056
3017 4058
3018 4052
3019 4056
3020 4053
3021 4058
3022 4057
3023 4057
3024 4057
3025 4055
3026 4053
3027 4057
3028 4056
3029 4057
3030 4057
3031 4056
3032 4057
3033 4056
3034 4057
3035 4059
3036 4054
3037 4057
3038 4055
3039 4056
3040 4057
3041 4057
3042 4060
3043 4057
3044 4056
3045 4054
3046 4058
3047 4055
3048 4057
3049 4058
3050 4054
3051 4060
3052 4051
3053 4060
3054 4059
3055 4055
3056 4057
3057 4057
3058 4055
3059 4057
3060 4056
3061 4053
3062 4057
3063 4058
3064 4053
3065 4057
3066 4058
3067 4056
3068 4055
3069 4059
3070 4056
3071 4056
3072 4059
3073 4058
3074 4058
3075 4053
3076 4057
3077 4055
3078 4056
3079 4057
3080 4056
3081 4056
3082 4059
3083 4059
3084 4058
3085 4058
3086 4057
3087 4055
3088 4056
3089 4057
3090 4057
3091 4057
3092 4056
3093 4055
3094 4056
3095 4058
3096 4057
3097 4057
3098 4055
3099 4057
3100 4052
3101 4061
3102 4055
3103 4055
3104 4059
3105 4057
3106 4059
3107 4057
3108 4057
3109 4058
3110 4051
3111 4061
3112 4057
3113 4054
3114 4057
3115 4057
3116 4053
3117 4057
3118 4057
3119 4058
3120 4059
3121 4057
3122 4055
3123 4056
3124 4059
3125 4057
3126 4056
3127 4056
3128 4056
3129 4057
3130 4056
3131 4054
3132 4057
3133 4054
3134 4056
3135 4054
3136 4052
3137 4057
3138 4055
3139 4055
3140 4057
3141 4054
3142 4056
3143 4055
3144 4056
3145 4059
3146 4056
3147 4059
3148 4056
3149 4055
3150 4059
3151 4064
3152 4052
3153 4059
3154 4057
3155 4055
3156 4060
3157 4059
3158 4055
3159 4054
3160 4055
3161 4056
3162 4057
3163 4057
3164 4057
3165 4058
3166 4057
3167 4057
3168 4057
3169 4055
3170 4056
3171 4054
3172 4056
3173 4053
3174 4055
3175 4056
3176 4057
3177 4051
3178 4055
3179 4059
3180 4055
3181 4055
3182 4056
3183 4058
3184 4059
3185 4057
3186 4055
3187 4059
3188 4059
3189 4055
3190 4056
3191 4057
3192 4057
3193 4057
3194 4057
3195 4057
3196 4057
3197 4056
3198 4057
3199 4057
3200 4056
3201 4060
3202 4055
3203 4060
3204 4056
3205 4057
3206 4060
3207 4059
3208 4056
3209 4054
3210 4056
3211 4056
3212 4057
3213 4056
3214 4055
3215 4055
3216 4056
3217 4056
3218 4052
3219 4056
3220 4057
3221 4056
3222 4059
3223 4055
3224 4059
3225 4056
3226 4051
3227 4057
3228 4056
3229 4057
3230 4055
3231 4054
3232 4056
3233 4059
3234 4057
3235 4054
3236 4053
3237 4055
3238 4057
3239 4055
3240 4061
3241 4057
3242 4060
3243 4056
3244 4055
3245 4058
3246 4055
3247 4056
3248 4058
3249 4057
3250 4052
3251 4057
3252 4053
3253 4056
3254 4056
3255 4055
3256 4056
3257 4055
3258 4057
3259 4055
3260 4055
3261 4059
3262 4057
3263 4056
3264 4057
3265 4058
3266 4057
3267 4055
3268 4055
3269 4058
3270 4056
3271 4057
3272 4054
3273 4060
3274 4055
3275 4057
3276 4060
3277 4053
3278 4057
3279 4059
3280 4056
3281 4056
3282 4059
3283 4057
3284 4055
3285 4054
3286 4056
3287 4055
3288 4053
3289 4056
3290 4058
3291 4056
3292 4055
3293 4053
3294 4057
3295 4057
3296 4054
3297 4056
3298 4057
3299 4056
3300 4053
3301 4057
3302 4051
3303 4059
3304 4053
3305 4057
3306 4052
3307 4056
3308 4059
3309 4057
3310 4055
3311 4054
3312 4056
3313 4054
3314 4056
3315 4056
3316 4055
3317 4056
3318 4056
3319 4057
3320 4057
3321 4057
3322 4055
3323 4057
3324 4053
3325 4057
3326 4057
3327 4053
3328 4060
3329 4058
3330 4059
3331 4055
3332 4055
3333 4058
3334 4059
3335 4057
3336 4057
3337 4058
3338 4055
3339 4056
3340 4055
3341 4055
3342 4056
3343 4055
3344 4058
3345 4057
3346 4056
3347 4056
3348 4057
3349 4057
3350 4057
3351 4058
3352 4049
3353 4055
3354 4057
3355 4057
3356 4057
3357 4056
3358 4057
3359 4055
3360 4053
3361 4056
3362 4055
3363 4057
3364 4056
3365 4056
3366 4054
3367 4055
3368 4060
3369 4054
3370 4054
3371 4058
3372 4054
3373 4057
3374 4053
3375 4058
3376 4056
3377 4052
3378 4057
3379 4057
3380 4055
3381 4054
3382 4057
3383 4056
3384 4056
3385 4055
3386 4055
3387 4055
3388 4057
3389 4059
3390 4056
3391 4055
3392 4059
3393 4060
3394 4056
3395 4056
3396 4056
3397 4056
3398 4057
3399 4056
3400 4056
3401 4061
3402 4051
3403 4056
3404 4056
3405 4061
3406 4059
3407 4057
3408 4057
3409 4056
3410 4057
3411 4060
3412 4055
3413 4056
3414 4055
3415 4057
3416 4056
3417 4056
3418 4054
3419 4055
3420 4056
3421 4059
3422 4056
3423 4059
3424 4053
3425 4054
3426 4056
3427 4057
3428 4058
3429 4054
3430 4057
3431 4056
3432 4056
3433 4054
3434 4059
3435 4056
3436 4056
3437 4058
3438 4055
3439 4060
3440 4057
3441 4056
3442 4057
3443 4056
3444 4057
3445 4058
3446 4055
3447 4059
3448 4055
3449 4058
3450 4053
3451 4059
3452 4053
3453 4055
3454 4054
3455 4057
3456 4054
3457 4056
3458 4056
3459 4056
3460 4055
3461 4057
3462 4056
3463 4055
3464 4053
3465 4057
3466 4057
3467 4055
3468 4057
3469 4057
3470 4056
3471 4056
3472 4057
3473 4057
3474 4055
3475 4056
3476 4054
3477 4056
3478 4057
3479 4057
3480 4054
3481 4058
3482 4057
3483 4058
3484 4054
3485 4057
3486 4054
3487 4058
3488 4052
3489 4057
3490 4055
3491 4053
3492 4055
3493 4057
3494 4061
3495 4056
3496 4055
3497 4057
3498 4054
3499 4055
3500 4055
3501 4061
3502 4052
3503 4057
3504 4057
3505 4053
3506 4054
3507 4056
3508 4055
3509 4057
3510 4056
3511 4056
3512 4061
3513 4057
3514 4055
3515 4057
3516 4056
3517 4056
3518 4056
3519 4055
3520 4055
3521 4056
3522 4055
3523 4059
3524 4049
3525 4057
3526 4056
3527 4056
3528 4057
3529 4055
3530 4056
3531 4057
3532 4058
3533 4054
3534 4055
3535 4056
3536 4057
3537 4055
3538 4057
3539 4057
3540 4061
3541 4056
3542 4055
3543 4055
3544 4054
3545 4057
3546 4053
3547 4055
3548 4056
3549 4054
3550 4059
3551 4061
3552 4055
3553 4057
3554 4057
3555 4057
3556 4058
3557 4055
3558 4054
3559 4059
3560 4055
3561 4057
3562 4056
3563 4056
3564 4056
3565 4059
3566 4056
3567 4058
3568 4055
3569 4055
3570 4057
3571 4059
3572 4056
3573 4054
3574 4056
3575 4058
3576 4057
3577 4058
3578 4057
3579 4055
3580 4057
3581 4060
3582 4052
3583 4056
3584 4059
3585 4060
3586 4058
3587 4057
3588 4057
3589 4058
3590 4056
3591 4059
3592 4056
3593 4058
3594 4057
3595 4056
3596 4057
3597 4056
3598 4056
3599 4056
3600 4057
3601 4059
3602 4054
3603 4056
3604 4057
3605 4057
3606 4055
3607 4057
3608 4057
3609 4058
3610 4057
3611 4057
3612 4056
3613 4057
3614 4057
3615 4057
3616 4055
3617 4053
3618 4056
3619 4052
3620 4059
3621 4058
3622 4055
3623 4055
3624 4057
3625 4056
3626 4056
3627 4057
3628 4056
3629 4055
3630 4054
3631 4059
3632 4054
3633 4053
3634 4056
3635 4057
3636 4057
3637 4057
3638 4057
3639 4055
3640 4056
3641 4055
3642 4057
3643 4056
3644 4057
3645 4059
3646 4060
3647 4056
3648 4055
3649 4054
3650 4056
3651 4060
3652 4055
3653 4058
3654 4054
3655 4057
3656 4057
3657 4057
3658 4053
3659 4053
3660 4057
3661 4055
3662 4056
3663 4055
3664 4056
3665 4056
3666 4058
3667 4058
3668 4057
3669 4059
3670 4057
3671 4061
3672 4056
3673 4055
3674 4057
3675 4057
3676 4056
3677 4057
3678 4055
3679 4054
3680 4057
3681 4055
3682 4056
3683 4056
3684 4052
3685 4059
3686 4056
3687 4057
3688 4055
3689 4056
3690 4058
3691 4054
3692 4058
3693 4057
3694 4055
