#Data from the TCD1304 linear CCD
#column 1 = pixelnumber , column 2 = pixelvalue
#Pixel 1-32 and 3679-3694 and are dummy pixels
#SH-period: 200    ICG-period: 100000    Integration time: 100.0 us
2 4041
3 4041
4 4065
5 4057
6 4059
7 4059
8 4057
9 4064
10 4058
11 4064
12 4058
13 4064
14 4060
15 4059
16 4060
17 4061
18 4060
19 4064
20 4059
21 4061
22 4064
23 4060
24 4058
25 4057
26 4057
27 4061
28 4061
29 4059
30 4057
31 4057
32 4058
34 4059
35 4059
36 4057
37 4059
38 4061
39 4057
40 4058
41 4061
42 4059
43 4060
44 4057
45 4061
46 4059
47 4060
48 4064
49 4055
50 4059
51 4064
52 4056
53 4057
54 4064
55 4060
56 4058
57 4061
58 4061
59 4059
60 4059
61 4059
62 4061
63 4058
64 4061
65 4060
66 4057
67 4060
68 4057
69 4059
70 4061
71 4058
72 4059
73 4064
74 4058
75 4060
76 4061
77 4060
78 4060
79 4057
80 4059
81 4064
82 4059
83 4064
84 4059
85 4059
86 4057
87 4059
88 4061
89 4057
90 4059
91 4059
92 4060
93 4058
94 4059
95 4061
96 4057
97 4058
98 4060
99 4059
100 4057
101 4057
102 4056
103 4059
104 4059
105 4059
106 4060
107 4064
108 4059
109 4060
110 4055
111 4059
112 4058
113 4057
114 4057
115 4060
116 4064
117 4058
118 4056
119 4061
120 4057
121 4061
122 4061
123 4060
124 4060
125 4059
126 4060
127 4061
128 4052
129 4064
130 4058
131 4057
132 4060
133 4056
134 4058
135 4059
136 4064
137 4060
138 4059
139 4056
140 4059
141 4061
142 4057
143 4061
144 4059
145 4064
146 4057
147 4061
148 4058
149 4056
150 4059
151 4060
152 4058
153 4060
154 4058
155 4061
156 4057
157 4061
158 4060
159 4059
160 4059
161 4059
162 4057
163 4059
164 4059
165 4059
166 4060
167 4059
168 4057
169 4059
170 4060
171 4060
172 4060
173 4060
174 4060
175 4059
176 4061
177 4057
178 4059
179 4061
180 4060
181 4059
182 4060
183 4060
184 4059
185 4064
186 4064
187 4061
188 4064
189 4059
190 4059
191 4061
192 4059
193 4060
194 4058
195 4061
196 4056
197 4058
198 4060
199 4060
200 4057
201 4057
202 4057
203 4061
204 4060
205 4059
206 4059
207 4060
208 4058
209 4059
210 4059
211 4057
212 4057
213 4056
214 4064
215 4057
216 4057
217 4058
218 4061
219 4059
220 4059
221 4058
222 4060
223 4061
224 4060
225 4061
226 4058
227 4061
228 4060
229 4060
230 4059
231 4058
232 4064
233 4058
234 4065
235 4060
236 4060
237 4058
238 4056
239 4061
240 4064
241 4060
242 4061
243 4058
244 4059
245 4057
246 4060
247 4064
248 4060
249 4058
250 4060
251 4061
252 4055
253 4061
254 4059
255 4064
256 4058
257 4061
258 4061
259 4061
260 4060
261 4064
262 4061
263 4064
264 4061
265 4058
266 4061
267 4060
268 4058
269 4060
270 4059
271 4059
272 4057
273 4059
274 4060
275 4057
276 4058
277 4060
278 4064
279 4059
280 4058
281 4060
282 4057
283 4061
284 4059
285 4058
286 4058
287 4059
288 4057
289 4059
290 4060
291 4061
292 4064
293 4059
294 4061
295 4061
296 4059
297 4059
298 4060
299 4060
300 4061
301 4060
302 4057
303 4064
304 4061
305 4058
306 4061
307 4059
308 4060
309 4059
310 4059
311 4059
312 4061
313 4064
314 4059
315 4059
316 4059
317 4060
318 4058
319 4060
320 4058
321 4058
322 4058
323 4061
324 4061
325 4059
326 4057
327 4061
328 4059
329 4059
330 4059
331 4059
332 4059
333 4064
334 4059
335 4064
336 4059
337 4060
338 4060
339 4058
340 4061
341 4060
342 4060
343 4064
344 4059
345 4059
346 4059
347 4058
348 4055
349 4058
350 4060
351 4064
352 4056
353 4056
354 4059
355 4058
356 4064
357 4060
358 4057
359 4052
360 4057
361 4058
362 4056
363 4058
364 4058
365 4060
366 4060
367 4060
368 4060
369 4064
370 4059
371 4064
372 4060
373 4055
374 4059
375 4060
376 4061
377 4057
378 4057
379 4060
380 4058
381 4059
382 4057
383 4060
384 4060
385 4059
386 4061
387 4059
388 4056
389 4064
390 4056
391 4060
392 4060
393 4060
394 4057
395 4064
396 4055
397 4061
398 4059
399 4060
400 4057
401 4059
402 4058
403 4058
404 4056
405 4059
406 4058
407 4057
408 4060
409 4058
410 4061
411 4060
412 4058
413 4060
414 4057
415 4059
416 4057
417 4064
418 4059
419 4061
420 4058
421 4061
422 4060
423 4059
424 4059
425 4057
426 4060
427 4059
428 4058
429 4059
430 4059
431 4061
432 4057
433 4058
434 4059
435 4060
436 4056
437 4061
438 4058
439 4059
440 4059
441 4064
442 4055
443 4058
444 4059
445 4061
446 4058
447 4055
448 4058
449 4060
450 4059
451 4060
452 4057
453 4059
454 4059
455 4059
456 4058
457 4058
458 4058
459 4064
460 4056
461 4064
462 4059
463 4058
464 4060
465 4059
466 4060
467 4061
468 4060
469 4060
470 4056
471 4060
472 4061
473 4061
474 4059
475 4060
476 4059
477 4059
478 4057
479 4060
480 4060
481 4058
482 4057
483 4059
484 4060
485 4060
486 4057
487 4058
488 4060
489 4059
490 4058
491 4064
492 4058
493 4059
494 4059
495 4058
496 4059
497 4060
498 4059
499 4058
500 4060
501 4064
502 4055
503 4061
504 4061
505 4058
506 4059
507 4059
508 4061
509 4060
510 4056
511 4059
512 4060
513 4061
514 4057
515 4060
516 4059
517 4058
518 4057
519 4057
520 4059
521 4058
522 4060
523 4060
524 4057
525 4060
526 4060
527 4057
528 4061
529 4060
530 4057
531 4061
532 4059
533 4057
534 4058
535 4057
536 4055
537 4057
538 4058
539 4060
540 4061
541 4059
542 4057
543 4061
544 4059
545 4058
546 4061
547 4060
548 4059
549 4061
550 4057
551 4064
552 4058
553 4057
554 4059
555 4060
556 4057
557 4061
558 4059
559 4058
560 4053
561 4061
562 4057
563 4055
564 4061
565 4056
566 4056
567 4060
568 4056
569 4058
570 4058
571 4061
572 4060
573 4061
574 4060
575 4059
576 4059
577 4059
578 4058
579 4058
580 4055
581 4058
582 4057
583 4057
584 4059
585 4057
586 4059
587 4055
588 4061
589 4057
590 4058
591 4057
592 4055
593 4060
594 4057
595 4058
596 4059
597 4059
598 4059
599 4058
600 4056
601 4061
602 4057
603 4055
604 4058
605 4061
606 4061
607 4055
608 4057
609 4060
610 4057
611 4058
612 4060
613 4058
614 4061
615 4059
616 4060
617 4061
618 4056
619 4059
620 4061
621 4058
622 4061
623 4062
624 4055
625 4060
626 4059
627 4059
628 4057
629 4061
630 4061
631 4057
632 4058
633 4064
634 4059
635 4059
636 4060
637 4064
638 4059
639 4057
640 4064
641 4059
642 4059
643 4058
644 4061
645 4061
646 4059
647 4059
648 4057
649 4060
650 4057
651 4059
652 4058
653 4058
654 4057
655 4057
656 4059
657 4058
658 4060
659 4064
660 4059
661 4060
662 4061
663 4059
664 4057
665 4059
666 4059
667 4057
668 4064
669 4058
670 4057
671 4059
672 4058
673 4058
674 4057
675 4060
676 4060
677 4065
678 4060
679 4059
680 4061
681 4060
682 4057
683 4061
684 4058
685 4061
686 4059
687 4060
688 4057
689 4059
690 4059
691 4058
692 4057
693 4058
694 4059
695 4060
696 4060
697 4058
698 4059
699 4061
700 4060
701 4064
702 4059
703 4061
704 4059
705 4058
706 4059
707 4061
708 4057
709 4061
710 4058
711 4060
712 4059
713 4058
714 4058
715 4057
716 4064
717 4064
718 4057
719 4060
720 4060
721 4059
722 4060
723 4059
724 4059
725 4061
726 4061
727 4060
728 4058
729 4055
730 4064
731 4058
732 4057
733 4058
734 4057
735 4060
736 4060
737 4057
738 4059
739 4064
740 4058
741 4064
742 4061
743 4059
744 4059
745 4059
746 4061
747 4060
748 4061
749 4060
750 4058
751 4064
752 4055
753 4060
754 4060
755 4057
756 4060
757 4060
758 4057
759 4057
760 4057
761 4058
762 4061
763 4060
764 4055
765 4058
766 4060
767 4064
768 4064
769 4059
770 4064
771 4059
772 4060
773 4059
774 4060
775 4061
776 4058
777 4060
778 4057
779 4055
780 4059
781 4060
782 4059
783 4059
784 4058
785 4061
786 4060
787 4058
788 4060
789 4061
790 4055
791 4062
792 4057
793 4061
794 4057
795 4061
796 4057
797 4057
798 4059
799 4057
800 4057
801 4061
802 4057
803 4056
804 4061
805 4064
806 4057
807 4057
808 4057
809 4058
810 4059
811 4059
812 4057
813 4059
814 4059
815 4058
816 4057
817 4061
818 4064
819 4057
820 4060
821 4059
822 4060
823 4061
824 4059
825 4058
826 4056
827 4059
828 4056
829 4061
830 4059
831 4058
832 4058
833 4061
834 4057
835 4062
836 4059
837 4061
838 4059
839 4059
840 4057
841 4061
842 4057
843 4061
844 4056
845 4061
846 4060
847 4060
848 4058
849 4061
850 4057
851 4064
852 4060
853 4058
854 4060
855 4059
856 4059
857 4057
858 4059
859 4059
860 4060
861 4061
862 4057
863 4058
864 4059
865 4061
866 4058
867 4058
868 4057
869 4060
870 4060
871 4059
872 4059
873 4060
874 4058
875 4057
876 4058
877 4064
878 4059
879 4060
880 4061
881 4058
882 4058
883 4057
884 4060
885 4057
886 4057
887 4060
888 4060
889 4064
890 4059
891 4061
892 4057
893 4056
894 4059
895 4057
896 4057
897 4064
898 4055
899 4061
900 4057
901 4059
902 4058
903 4055
904 4059
905 4058
906 4061
907 4060
908 4059
909 4057
910 4057
911 4060
912 4055
913 4061
914 4060
915 4061
916 4060
917 4059
918 4058
919 4056
920 4057
921 4061
922 4059
923 4059
924 4060
925 4064
926 4058
927 4061
928 4060
929 4060
930 4064
931 4059
932 4064
933 4057
934 4059
935 4064
936 4056
937 4059
938 4055
939 4061
940 4057
941 4061
942 4060
943 4058
944 4059
945 4057
946 4060
947 4057
948 4058
949 4057
950 4057
951 4064
952 4056
953 4058
954 4060
955 4057
956 4059
957 4058
958 4057
959 4059
960 4060
961 4058
962 4057
963 4064
964 4057
965 4059
966 4064
967 4058
968 4058
969 4059
970 4056
971 4061
972 4059
973 4058
974 4057
975 4061
976 4059
977 4060
978 4057
979 4059
980 4057
981 4061
982 4058
983 4060
984 4056
985 4061
986 4058
987 4058
988 4057
989 4061
990 4059
991 4061
992 4057
993 4059
994 4059
995 4058
996 4060
997 4058
998 4058
999 4059
1000 4057
1001 4064
1002 4059
1003 4057
1004 4060
1005 4057
1006 4060
1007 4060
1008 4056
1009 4057
1010 4057
1011 4061
1012 4064
1013 4059
1014 4058
1015 4060
1016 4056
1017 4058
1018 4057
1019 4061
1020 4058
1021 4060
1022 4064
1023 4057
1024 4056
1025 4056
1026 4060
1027 4056
1028 4061
1029 4056
1030 4059
1031 4064
1032 4061
1033 4059
1034 4058
1035 4061
1036 4057
1037 4060
1038 4064
1039 4059
1040 4060
1041 4061
1042 4055
1043 4059
1044 4059
1045 4058
1046 4059
1047 4065
1048 4056
1049 4060
1050 4053
1051 4061
1052 4059
1053 4061
1054 4058
1055 4060
1056 4056
1057 4057
1058 4058
1059 4057
1060 4061
1061 4060
1062 4055
1063 4059
1064 4060
1065 4061
1066 4058
1067 4059
1068 4059
1069 4060
1070 4057
1071 4055
1072 4061
1073 4060
1074 4061
1075 4057
1076 4059
1077 4064
1078 4055
1079 4060
1080 4058
1081 4059
1082 4060
1083 4058
1084 4059
1085 4057
1086 4059
1087 4059
1088 4060
1089 4060
1090 4058
1091 4059
1092 4060
1093 4058
1094 4060
1095 4060
1096 4057
1097 4060
1098 4059
1099 4058
1100 4060
1101 4064
1102 4056
1103 4059
1104 4059
1105 4059
1106 4058
1107 4060
1108 4056
1109 4060
1110 4064
1111 4055
1112 4057
1113 4057
1114 4057
1115 4056
1116 4058
1117 4058
1118 4055
1119 4061
1120 4057
1121 4064
1122 4058
1123 4059
1124 4061
1125 4060
1126 4059
1127 4059
1128 4056
1129 4060
1130 4059
1131 4059
1132 4060
1133 4059
1134 4057
1135 4061
1136 4059
1137 4056
1138 4064
1139 4060
1140 4057
1141 4059
1142 4055
1143 4059
1144 4056
1145 4064
1146 4059
1147 4057
1148 4059
1149 4059
1150 4061
1151 4060
1152 4061
1153 4059
1154 4060
1155 4060
1156 4060
1157 4057
1158 4058
1159 4059
1160 4064
1161 4061
1162 4060
1163 4061
1164 4061
1165 4059
1166 4057
1167 4061
1168 4057
1169 4060
1170 4064
1171 4060
1172 4058
1173 4061
1174 4059
1175 4064
1176 4057
1177 4058
1178 4057
1179 4060
1180 4057
1181 4064
1182 4064
1183 4061
1184 4064
1185 4059
1186 4057
1187 4061
1188 4056
1189 4058
1190 4056
1191 4061
1192 4057
1193 4059
1194 4060
1195 4058
1196 4057
1197 4060
1198 4055
1199 4061
1200 4057
1201 4058
1202 4056
1203 4059
1204 4064
1205 4059
1206 4059
1207 4060
1208 4057
1209 4059
1210 4059
1211 4059
1212 4057
1213 4060
1214 4059
1215 4060
1216 4060
1217 4058
1218 4059
1219 4064
1220 4057
1221 4061
1222 4059
1223 4060
1224 4058
1225 4060
1226 4064
1227 4057
1228 4059
1229 4060
1230 4056
1231 4064
1232 4058
1233 4059
1234 4058
1235 4060
1236 4060
1237 4058
1238 4061
1239 4058
1240 4058
1241 4062
1242 4057
1243 4059
1244 4059
1245 4056
1246 4057
1247 4061
1248 4064
1249 4064
1250 4057
1251 4065
1252 4057
1253 4056
1254 4060
1255 4057
1256 4059
1257 4058
1258 4060
1259 4060
1260 4061
1261 4057
1262 4059
1263 4057
1264 4056
1265 4060
1266 4060
1267 4060
1268 4057
1269 4060
1270 4057
1271 4060
1272 4057
1273 4061
1274 4057
1275 4058
1276 4058
1277 4060
1278 4060
1279 4057
1280 4060
1281 4059
1282 4058
1283 4059
1284 4064
1285 4060
1286 4059
1287 4064
1288 4059
1289 4057
1290 4058
1291 4064
1292 4058
1293 4060
1294 4058
1295 4064
1296 4060
1297 4060
1298 4057
1299 4059
1300 4062
1301 4064
1302 4055
1303 4064
1304 4059
1305 4055
1306 4061
1307 4060
1308 4057
1309 4060
1310 4058
1311 4059
1312 4059
1313 4059
1314 4056
1315 4056
1316 4060
1317 4061
1318 4057
1319 4060
1320 4057
1321 4057
1322 4060
1323 4059
1324 4056
1325 4064
1326 4059
1327 4060
1328 4057
1329 4060
1330 4058
1331 4061
1332 4057
1333 4061
1334 4060
1335 4058
1336 4061
1337 4057
1338 4058
1339 4060
1340 4059
1341 4061
1342 4058
1343 4059
1344 4060
1345 4059
1346 4057
1347 4061
1348 4059
1349 4056
1350 4058
1351 4061
1352 4057
1353 4057
1354 4060
1355 4058
1356 4064
1357 4059
1358 4060
1359 4058
1360 4058
1361 4059
1362 4058
1363 4059
1364 4061
1365 4056
1366 4058
1367 4060
1368 4059
1369 4060
1370 4058
1371 4059
1372 4064
1373 4057
1374 4060
1375 4058
1376 4064
1377 4060
1378 4060
1379 4061
1380 4057
1381 4055
1382 4057
1383 4059
1384 4060
1385 4060
1386 4058
1387 4064
1388 4058
1389 4060
1390 4059
1391 4064
1392 4059
1393 4060
1394 4060
1395 4060
1396 4064
1397 4059
1398 4061
1399 4057
1400 4057
1401 4064
1402 4055
1403 4059
1404 4056
1405 4061
1406 4057
1407 4059
1408 4056
1409 4059
1410 4056
1411 4056
1412 4060
1413 4060
1414 4059
1415 4060
1416 4056
1417 4059
1418 4059
1419 4061
1420 4059
1421 4059
1422 4061
1423 4059
1424 4058
1425 4058
1426 4058
1427 4061
1428 4056
1429 4060
1430 4055
1431 4061
1432 4060
1433 4057
1434 4057
1435 4057
1436 4057
1437 4059
1438 4059
1439 4056
1440 4057
1441 4061
1442 4054
1443 4059
1444 4059
1445 4060
1446 4061
1447 4059
1448 4054
1449 4064
1450 4060
1451 4064
1452 4056
1453 4058
1454 4056
1455 4059
1456 4057
1457 4064
1458 4059
1459 4061
1460 4058
1461 4060
1462 4059
1463 4057
1464 4058
1465 4059
1466 4057
1467 4061
1468 4060
1469 4059
1470 4064
1471 4061
1472 4057
1473 4057
1474 4054
1475 4057
1476 4061
1477 4056
1478 4058
1479 4061
1480 4059
1481 4061
1482 4064
1483 4057
1484 4060
1485 4061
1486 4057
1487 4059
1488 4061
1489 4059
1490 4056
1491 4061
1492 4058
1493 4061
1494 4060
1495 4061
1496 4061
1497 4062
1498 4060
1499 4057
1500 4059
1501 4067
1502 4057
1503 4056
1504 4059
1505 4057
1506 4056
1507 4059
1508 4058
1509 4061
1510 4056
1511 4060
1512 4059
1513 4061
1514 4058
1515 4059
1516 4064
1517 4060
1518 4059
1519 4060
1520 4057
1521 4060
1522 4060
1523 4059
1524 4061
1525 4059
1526 4064
1527 4059
1528 4062
1529 4058
1530 4061
1531 4061
1532 4059
1533 4060
1534 4058
1535 4059
1536 4060
1537 4061
1538 4057
1539 4059
1540 4058
1541 4060
1542 4060
1543 4061
1544 4064
1545 4061
1546 4057
1547 4060
1548 4060
1549 4058
1550 4058
1551 4064
1552 4056
1553 4056
1554 4061
1555 4064
1556 4060
1557 4060
1558 4058
1559 4059
1560 4059
1561 4057
1562 4060
1563 4060
1564 4064
1565 4058
1566 4064
1567 4060
1568 4058
1569 4060
1570 4057
1571 4064
1572 4064
1573 4061
1574 4059
1575 4061
1576 4061
1577 4058
1578 4057
1579 4060
1580 4058
1581 4060
1582 4057
1583 4060
1584 4057
1585 4061
1586 4056
1587 4059
1588 4060
1589 4064
1590 4060
1591 4064
1592 4057
1593 4061
1594 4060
1595 4064
1596 4060
1597 4058
1598 4061
1599 4058
1600 4060
1601 4064
1602 4059
1603 4055
1604 4061
1605 4058
1606 4059
1607 4057
1608 4059
1609 4060
1610 4061
1611 4059
1612 4057
1613 4061
1614 4059
1615 4060
1616 4059
1617 4058
1618 4059
1619 4058
1620 4064
1621 4058
1622 4059
1623 4061
1624 4058
1625 4059
1626 4059
1627 4059
1628 4056
1629 4060
1630 4060
1631 4060
1632 4060
1633 4060
1634 4061
1635 4064
1636 4060
1637 4060
1638 4057
1639 4062
1640 4060
1641 4059
1642 4058
1643 4060
1644 4057
1645 4060
1646 4059
1647 4064
1648 4059
1649 4059
1650 4064
1651 4064
1652 4055
1653 4061
1654 4060
1655 4059
1656 4060
1657 4059
1658 4064
1659 4057
1660 4058
1661 4058
1662 4059
1663 4057
1664 4056
1665 4057
1666 4061
1667 4061
1668 4057
1669 4057
1670 4059
1671 4057
1672 4061
1673 4057
1674 4064
1675 4059
1676 4056
1677 4059
1678 4058
1679 4059
1680 4057
1681 4059
1682 4061
1683 4060
1684 4059
1685 4064
1686 4061
1687 4059
1688 4057
1689 4059
1690 4059
1691 4061
1692 4055
1693 4059
1694 4059
1695 4057
1696 4059
1697 4058
1698 4061
1699 4060
1700 4059
1701 4064
1702 4048
1703 4055
1704 4058
1705 4061
1706 4058
1707 4060
1708 4057
1709 4056
1710 4060
1711 4058
1712 4057
1713 4061
1714 4058
1715 4060
1716 4059
1717 4064
1718 4057
1719 4060
1720 4060
1721 4057
1722 4056
1723 4061
1724 4056
1725 4061
1726 4057
1727 4059
1728 4058
1729 4061
1730 4058
1731 4059
1732 4056
1733 4054
1734 4058
1735 4059
1736 4059
1737 4060
1738 4060
1739 4059
1740 4060
1741 4060
1742 4057
1743 4059
1744 4058
1745 4060
1746 4059
1747 4060
1748 4060
1749 4059
1750 4061
1751 4061
1752 4057
1753 4056
1754 4058
1755 4059
1756 4059
1757 4064
1758 4058
1759 4059
1760 4060
1761 4060
1762 4056
1763 4056
1764 4058
1765 4059
1766 4061
1767 4058
1768 4058
1769 4061
1770 4059
1771 4059
1772 4060
1773 4061
1774 4057
1775 4064
1776 4059
1777 4059
1778 4056
1779 4065
1780 4060
1781 4058
1782 4059
1783 4061
1784 4059
1785 4059
1786 4064
1787 4057
1788 4060
1789 4058
1790 4059
1791 4059
1792 4058
1793 4059
1794 4057
1795 4061
1796 4060
1797 4061
1798 4061
1799 4057
1800 4058
1801 4066
1802 4056
1803 4061
1804 4064
1805 4057
1806 4059
1807 4058
1808 4059
1809 4057
1810 4059
1811 4061
1812 4059
1813 4061
1814 4058
1815 4055
1816 4059
1817 4057
1818 4061
1819 4060
1820 4060
1821 4061
1822 4058
1823 4057
1824 4061
1825 4056
1826 4056
1827 4059
1828 4059
1829 4059
1830 4059
1831 4057
1832 4058
1833 4059
1834 4055
1835 4061
1836 4059
1837 4064
1838 4058
1839 4059
1840 4058
1841 4061
1842 4057
1843 4058
1844 4060
1845 4059
1846 4058
1847 4058
1848 4057
1849 4058
1850 4058
1851 4064
1852 4058
1853 4061
1854 4059
1855 4060
1856 4060
1857 4060
1858 4060
1859 4060
1860 4057
1861 4058
1862 4060
1863 4058
1864 4059
1865 4057
1866 4060
1867 4061
1868 4056
1869 4058
1870 4057
1871 4061
1872 4056
1873 4060
1874 4061
1875 4059
1876 4061
1877 4060
1878 4059
1879 4058
1880 4064
1881 4057
1882 4054
1883 4064
1884 4059
1885 4056
1886 4059
1887 4058
1888 4059
1889 4059
1890 4058
1891 4061
1892 4059
1893 4061
1894 4059
1895 4064
1896 4060
1897 4064
1898 4060
1899 4064
1900 4057
1901 4064
1902 4055
1903 4054
1904 4060
1905 4059
1906 4059
1907 4059
1908 4059
1909 4060
1910 4058
1911 4060
1912 4056
1913 4060
1914 4059
1915 4059
1916 4060
1917 4057
1918 4057
1919 4059
1920 4061
1921 4057
1922 4059
1923 4060
1924 4058
1925 4059
1926 4061
1927 4057
1928 4059
1929 4059
1930 4061
1931 4056
1932 4059
1933 4060
1934 4060
1935 4060
1936 4060
1937 4057
1938 4057
1939 4064
1940 4060
1941 4059
1942 4061
1943 4060
1944 4056
1945 4060
1946 4057
1947 4061
1948 4059
1949 4059
1950 4061
1951 4064
1952 4056
1953 4058
1954 4060
1955 4058
1956 4059
1957 4060
1958 4060
1959 4059
1960 4059
1961 4058
1962 4060
1963 4059
1964 4060
1965 4059
1966 4061
1967 4059
1968 4056
1969 4059
1970 4059
1971 4059
1972 4057
1973 4060
1974 4059
1975 4059
1976 4059
1977 4061
1978 4060
1979 4058
1980 4061
1981 4056
1982 4060
1983 4060
1984 4059
1985 4057
1986 4059
1987 4061
1988 4061
1989 4060
1990 4055
1991 4061
1992 4059
1993 4059
1994 4058
1995 4059
1996 4058
1997 4059
1998 4060
1999 4064
2000 4056
2001 4064
2002 4059
2003 4057
2004 4060
2005 4059
2006 4061
2007 4061
2008 4057
2009 4055
2010 4059
2011 4057
2012 4059
2013 4060
2014 4058
2015 4064
2016 4060
2017 4057
2018 4061
2019 4058
2020 4058
2021 4060
2022 4054
2023 4060
2024 4059
2025 4060
2026 4059
2027 4053
2028 4061
2029 4057
2030 4059
2031 4060
2032 4059
2033 4061
2034 4056
2035 4055
2036 4061
2037 4061
2038 4059
2039 4057
2040 4056
2041 4059
2042 4059
2043 4064
2044 4061
2045 4061
2046 4057
2047 4059
2048 4060
2049 4060
2050 4058
2051 4064
2052 4057
2053 4059
2054 4056
2055 4061
2056 4060
2057 4058
2058 4064
2059 4059
2060 4061
2061 4057
2062 4061
2063 4055
2064 4056
2065 4060
2066 4059
2067 4059
2068 4064
2069 4055
2070 4056
2071 4058
2072 4061
2073 4058
2074 4058
2075 4060
2076 4060
2077 4059
2078 4059
2079 4060
2080 4057
2081 4061
2082 4057
2083 4058
2084 4058
2085 4056
2086 4056
2087 4058
2088 4059
2089 4061
2090 4058
2091 4058
2092 4056
2093 4060
2094 4056
2095 4057
2096 4061
2097 4057
2098 4059
2099 4059
2100 4057
2101 4064
2102 4056
2103 4059
2104 4064
2105 4058
2106 4064
2107 4060
2108 4056
2109 4058
2110 4059
2111 4060
2112 4061
2113 4057
2114 4059
2115 4064
2116 4060
2117 4060
2118 4061
2119 4060
2120 4061
2121 4059
2122 4060
2123 4057
2124 4060
2125 4059
2126 4060
2127 4060
2128 4064
2129 4059
2130 4059
2131 4061
2132 4061
2133 4061
2134 4056
2135 4060
2136 4058
2137 4057
2138 4058
2139 4058
2140 4059
2141 4064
2142 4064
2143 4057
2144 4064
2145 4060
2146 4060
2147 4059
2148 4058
2149 4060
2150 4059
2151 4059
2152 4057
2153 4060
2154 4058
2155 4060
2156 4060
2157 4059
2158 4060
2159 4064
2160 4064
2161 4057
2162 4058
2163 4058
2164 4057
2165 4060
2166 4061
2167 4056
2168 4058
2169 4058
2170 4061
2171 4060
2172 4057
2173 4057
2174 4064
2175 4058
2176 4059
2177 4059
2178 4057
2179 4061
2180 4057
2181 4055
2182 4060
2183 4061
2184 4061
2185 4060
2186 4057
2187 4057
2188 4064
2189 4058
2190 4056
2191 4061
2192 4061
2193 4059
2194 4057
2195 4059
2196 4058
2197 4059
2198 4057
2199 4064
2200 4058
2201 4065
2202 4060
2203 4059
2204 4058
2205 4064
2206 4056
2207 4060
2208 4059
2209 4059
2210 4057
2211 4058
2212 4056
2213 4061
2214 4058
2215 4057
2216 4059
2217 4057
2218 4060
2219 4057
2220 4060
2221 4058
2222 4057
2223 4060
2224 4061
2225 4057
2226 4057
2227 4060
2228 4057
2229 4059
2230 4057
2231 4057
2232 4057
2233 4053
2234 4064
2235 4058
2236 4057
2237 4064
2238 4055
2239 4062
2240 4061
2241 4060
2242 4055
2243 4061
2244 4058
2245 4060
2246 4059
2247 4059
2248 4059
2249 4057
2250 4059
2251 4064
2252 4057
2253 4061
2254 4056
2255 4060
2256 4064
2257 4059
2258 4064
2259 4058
2260 4061
2261 4057
2262 4058
2263 4059
2264 4059
2265 4059
2266 4061
2267 4058
2268 4059
2269 4055
2270 4061
2271 4060
2272 4058
2273 4064
2274 4059
2275 4060
2276 4059
2277 4058
2278 4058
2279 4059
2280 4056
2281 4058
2282 4056
2283 4061
2284 4059
2285 4060
2286 4060
2287 4057
2288 4056
2289 4061
2290 4059
2291 4058
2292 4059
2293 4058
2294 4060
2295 4060
2296 4061
2297 4061
2298 4056
2299 4059
2300 4060
2301 4064
2302 4057
2303 4059
2304 4058
2305 4054
2306 4056
2307 4060
2308 4058
2309 4058
2310 4059
2311 4059
2312 4064
2313 4058
2314 4061
2315 4059
2316 4061
2317 4060
2318 4059
2319 4058
2320 4060
2321 4057
2322 4058
2323 4058
2324 4059
2325 4059
2326 4057
2327 4057
2328 4057
2329 4060
2330 4057
2331 4061
2332 4057
2333 4057
2334 4061
2335 4061
2336 4060
2337 4059
2338 4058
2339 4061
2340 4057
2341 4060
2342 4055
2343 4055
2344 4059
2345 4058
2346 4060
2347 4057
2348 4056
2349 4060
2350 4055
2351 4059
2352 4056
2353 4061
2354 4057
2355 4057
2356 4060
2357 4057
2358 4058
2359 4058
2360 4060
2361 4055
2362 4059
2363 4059
2364 4057
2365 4060
2366 4060
2367 4059
2368 4057
2369 4059
2370 4060
2371 4057
2372 4064
2373 4061
2374 4060
2375 4056
2376 4056
2377 4058
2378 4057
2379 4057
2380 4058
2381 4061
2382 4060
2383 4064
2384 4057
2385 4057
2386 4061
2387 4060
2388 4056
2389 4058
2390 4060
2391 4059
2392 4058
2393 4059
2394 4064
2395 4057
2396 4057
2397 4059
2398 4057
2399 4058
2400 4061
2401 4060
2402 4058
2403 4058
2404 4061
2405 4057
2406 4061
2407 4061
2408 4058
2409 4060
2410 4059
2411 4060
2412 4058
2413 4059
2414 4057
2415 4059
2416 4064
2417 4058
2418 4060
2419 4057
2420 4057
2421 4061
2422 4059
2423 4058
2424 4057
2425 4057
2426 4060
2427 4060
2428 4060
2429 4060
2430 4056
2431 4060
2432 4060
2433 4060
2434 4055
2435 4059
2436 4064
2437 4059
2438 4059
2439 4059
2440 4058
2441 4059
2442 4057
2443 4057
2444 4060
2445 4056
2446 4064
2447 4061
2448 4059
2449 4057
2450 4053
2451 4058
2452 4057
2453 4059
2454 4058
2455 4064
2456 4059
2457 4061
2458 4060
2459 4058
2460 4060
2461 4061
2462 4059
2463 4058
2464 4059
2465 4059
2466 4061
2467 4059
2468 4060
2469 4057
2470 4059
2471 4059
2472 4060
2473 4059
2474 4057
2475 4059
2476 4058
2477 4061
2478 4064
2479 4058
2480 4055
2481 4061
2482 4059
2483 4061
2484 4057
2485 4057
2486 4061
2487 4058
2488 4060
2489 4059
2490 4057
2491 4065
2492 4058
2493 4058
2494 4057
2495 4064
2496 4060
2497 4058
2498 4059
2499 4061
2500 4060
2501 4064
2502 4057
2503 4060
2504 4064
2505 4061
2506 4060
2507 4058
2508 4056
2509 4059
2510 4059
2511 4057
2512 4060
2513 4059
2514 4059
2515 4058
2516 4061
2517 4059
2518 4056
2519 4061
2520 4059
2521 4058
2522 4059
2523 4059
2524 4057
2525 4059
2526 4056
2527 4061
2528 4058
2529 4059
2530 4058
2531 4064
2532 4058
2533 4060
2534 4059
2535 4059
2536 4060
2537 4056
2538 4061
2539 4059
2540 4057
2541 4059
2542 4059
2543 4059
2544 4059
2545 4059
2546 4057
2547 4061
2548 4060
2549 4058
2550 4060
2551 4061
2552 4057
2553 4057
2554 4057
2555 4058
2556 4057
2557 4064
2558 4057
2559 4057
2560 4059
2561 4058
2562 4057
2563 4059
2564 4057
2565 4059
2566 4057
2567 4058
2568 4058
2569 4055
2570 4058
2571 4058
2572 4056
2573 4057
2574 4058
2575 4055
2576 4057
2577 4056
2578 4055
2579 4059
2580 4057
2581 4057
2582 4059
2583 4059
2584 4056
2585 4058
2586 4057
2587 4056
2588 4053
2589 4059
2590 4056
2591 4060
2592 4054
2593 4059
2594 4064
2595 4056
2596 4055
2597 4059
2598 4058
2599 4055
2600 4060
2601 4058
2602 4052
2603 4059
2604 4058
2605 4054
2606 4057
2607 4055
2608 4059
2609 4059
2610 4059
2611 4058
2612 4057
2613 4057
2614 4055
2615 4060
2616 4058
2617 4055
2618 4059
2619 4058
2620 4056
2621 4054
2622 4059
2623 4060
2624 4057
2625 4056
2626 4058
2627 4059
2628 4060
2629 4060
2630 4058
2631 4058
2632 4056
2633 4057
2634 4054
2635 4059
2636 4058
2637 4060
2638 4059
2639 4058
2640 4064
2641 4058
2642 4059
2643 4057
2644 4060
2645 4056
2646 4059
2647 4059
2648 4056
2649 4060
2650 4058
2651 4060
2652 4057
2653 4060
2654 4060
2655 4057
2656 4059
2657 4059
2658 4059
2659 4056
2660 4060
2661 4056
2662 4058
2663 4060
2664 4058
2665 4064
2666 4057
2667 4057
2668 4058
2669 4057
2670 4064
2671 4058
2672 4055
2673 4061
2674 4055
2675 4057
2676 4059
2677 4061
2678 4058
2679 4060
2680 4059
2681 4064
2682 4058
2683 4057
2684 4061
2685 4056
2686 4057
2687 4060
2688 4059
2689 4057
2690 4060
2691 4061
2692 4059
2693 4061
2694 4057
2695 4057
2696 4059
2697 4061
2698 4059
2699 4060
2700 4057
2701 4061
2702 4057
2703 4059
2704 4057
2705 4057
2706 4055
2707 4061
2708 4057
2709 4057
2710 4064
2711 4057
2712 4058
2713 4059
2714 4058
2715 4057
2716 4061
2717 4057
2718 4056
2719 4060
2720 4055
2721 4057
2722 4059
2723 4061
2724 4057
2725 4057
2726 4058
2727 4057
2728 4055
2729 4057
2730 4055
2731 4060
2732 4058
2733 4056
2734 4057
2735 4059
2736 4059
2737 4057
2738 4060
2739 4056
2740 4059
2741 4059
2742 4056
2743 4058
2744 4057
2745 4056
2746 4060
2747 4061
2748 4057
2749 4059
2750 4057
2751 4060
2752 4052
2753 4058
2754 4060
2755 4057
2756 4056
2757 4055
2758 4057
2759 4057
2760 4061
2761 4057
2762 4056
2763 4064
2764 4057
2765 4058
2766 4057
2767 4059
2768 4056
2769 4060
2770 4057
2771 4056
2772 4057
2773 4057
2774 4057
2775 4057
2776 4056
2777 4054
2778 4058
2779 4057
2780 4058
2781 4058
2782 4059
2783 4060
2784 4056
2785 4059
2786 4060
2787 4060
2788 4054
2789 4060
2790 4060
2791 4064
2792 4057
2793 4058
2794 4059
2795 4057
2796 4057
2797 4056
2798 4056
2799 4058
2800 4056
2801 4064
2802 4058
2803 4058
2804 4060
2805 4057
2806 4058
2807 4056
2808 4058
2809 4060
2810 4059
2811 4060
2812 4057
2813 4060
2814 4052
2815 4057
2816 4061
2817 4058
2818 4057
2819 4061
2820 4057
2821 4057
2822 4057
2823 4061
2824 4064
2825 4057
2826 4059
2827 4058
2828 4057
2829 4058
2830 4058
2831 4058
2832 4058
2833 4059
2834 4055
2835 4056
2836 4055
2837 4060
2838 4059
2839 4060
2840 4057
2841 4057
2842 4059
2843 4056
2844 4056
2845 4059
2846 4058
2847 4058
2848 4059
2849 4059
2850 4056
2851 4060
2852 4059
2853 4060
2854 4058
2855 4060
2856 4057
2857 4057
2858 4057
2859 4057
2860 4059
2861 4057
2862 4058
2863 4055
2864 4056
2865 4061
2866 4054
2867 4060
2868 4059
2869 4057
2870 4057
2871 4060
2872 4060
2873 4059
2874 4057
2875 4058
2876 4059
2877 4061
2878 4058
2879 4057
2880 4058
2881 4058
2882 4058
2883 4057
2884 4059
2885 4059
2886 4057
2887 4060
2888 4059
2889 4058
2890 4059
2891 4057
2892 4058
2893 4058
2894 4059
2895 4059
2896 4059
2897 4059
2898 4058
2899 4057
2900 4060
2901 4061
2902 4057
2903 4064
2904 4059
2905 4060
2906 4059
2907 4058
2908 4061
2909 4057
2910 4060
2911 4056
2912 4059
2913 4061
2914 4057
2915 4058
2916 4060
2917 4057
2918 4058
2919 4059
2920 4064
2921 4058
2922 4059
2923 4061
2924 4058
2925 4059
2926 4058
2927 4058
2928 4061
2929 4060
2930 4059
2931 4059
2932 4058
2933 4056
2934 4060
2935 4058
2936 4060
2937 4058
2938 4059
2939 4059
2940 4060
2941 4064
2942 4056
2943 4060
2944 4061
2945 4058
2946 4060
2947 4059
2948 4064
2949 4059
2950 4061
2951 4064
2952 4058
2953 4059
2954 4064
2955 4060
2956 4060
2957 4059
2958 4057
2959 4060
2960 4058
2961 4060
2962 4059
2963 4057
2964 4059
2965 4061
2966 4061
2967 4057
2968 4054
2969 4059
2970 4057
2971 4061
2972 4059
2973 4057
2974 4064
2975 4061
2976 4059
2977 4057
2978 4057
2979 4059
2980 4058
2981 4058
2982 4059
2983 4060
2984 4059
2985 4061
2986 4058
2987 4059
2988 4057
2989 4061
2990 4057
2991 4059
2992 4059
2993 4060
2994 4060
2995 4058
2996 4059
2997 4059
2998 4058
2999 4061
3000 4061
3001 4060
3002 4058
3003 4056
3004 4057
3005 4056
3006 4059
3007 4061
3008 4057
3009 4059
3010 4059
3011 4060
3012 4064
3013 4059
3014 4060
3015 4056
3016 4061
3017 4057
3018 4064
3019 4058
3020 4057
3021 4059
3022 4060
3023 4056
3024 4059
3025 4061
3026 4061
3027 4060
3028 4058
3029 4059
3030 4057
3031 4057
3032 4061
3033 4058
3034 4061
3035 4064
3036 4062
3037 4059
3038 4056
3039 4064
3040 4059
3041 4061
3042 4061
3043 4060
3044 4064
3045 4058
3046 4058
3047 4058
3048 4061
3049 4059
3050 4058
3051 4064
3052 4054
3053 4059
3054 4057
3055 4060
3056 4059
3057 4058
3058 4061
3059 4061
3060 4059
3061 4060
3062 4060
3063 4061
3064 4058
3065 4058
3066 4061
3067 4057
3068 4061
3069 4057
3070 4058
3071 4060
3072 4061
3073 4064
3074 4064
3075 4060
3076 4060
3077 4061
3078 4059
3079 4064
3080 4061
3081 4056
3082 4059
3083 4064
3084 4059
3085 4057
3086 4061
3087 4059
3088 4058
3089 4061
3090 4059
3091 4064
3092 4056
3093 4057
3094 4058
3095 4061
3096 4064
3097 4064
3098 4058
3099 4061
3100 4057
3101 4060
3102 4056
3103 4054
3104 4057
3105 4058
3106 4056
3107 4059
3108 4056
3109 4059
3110 4061
3111 4061
3112 4057
3113 4061
3114 4056
3115 4059
3116 4057
3117 4058
3118 4057
3119 4055
3120 4058
3121 4056
3122 4057
3123 4060
3124 4058
3125 4061
3126 4060
3127 4064
3128 4059
3129 4057
3130 4064
3131 4057
3132 4059
3133 4064
3134 4056
3135 4058
3136 4060
3137 4060
3138 4059
3139 4056
3140 4060
3141 4064
3142 4059
3143 4061
3144 4060
3145 4058
3146 4060
3147 4060
3148 4060
3149 4058
3150 4059
3151 4064
3152 4061
3153 4056
3154 4058
3155 4057
3156 4054
3157 4057
3158 4061
3159 4060
3160 4059
3161 4060
3162 4058
3163 4061
3164 4059
3165 4059
3166 4060
3167 4058
3168 4059
3169 4059
3170 4059
3171 4056
3172 4058
3173 4061
3174 4059
3175 4060
3176 4058
3177 4059
3178 4060
3179 4064
3180 4056
3181 4060
3182 4056
3183 4064
3184 4055
3185 4056
3186 4060
3187 4057
3188 4056
3189 4061
3190 4058
3191 4064
3192 4058
3193 4058
3194 4057
3195 4057
3196 4060
3197 4057
3198 4060
3199 4058
3200 4057
3201 4064
3202 4057
3203 4055
3204 4058
3205 4059
3206 4058
3207 4060
3208 4060
3209 4059
3210 4059
3211 4057
3212 4061
3213 4060
3214 4064
3215 4057
3216 4059
3217 4059
3218 4059
3219 4061
3220 4061
3221 4058
3222 4060
3223 4059
3224 4057
3225 4057
3226 4061
3227 4057
3228 4061
3229 4057
3230 4060
3231 4059
3232 4058
3233 4064
3234 4057
3235 4060
3236 4061
3237 4059
3238 4060
3239 4058
3240 4059
3241 4061
3242 4060
3243 4059
3244 4059
3245 4060
3246 4058
3247 4064
3248 4058
3249 4056
3250 4061
3251 4059
3252 4058
3253 4057
3254 4060
3255 4064
3256 4059
3257 4059
3258 4059
3259 4059
3260 4061
3261 4064
3262 4060
3263 4059
3264 4058
3265 4059
3266 4060
3267 4061
3268 4058
3269 4057
3270 4064
3271 4064
3272 4057
3273 4060
3274 4058
3275 4060
3276 4057
3277 4060
3278 4060
3279 4061
3280 4060
3281 4059
3282 4060
3283 4060
3284 4059
3285 4059
3286 4061
3287 4060
3288 4064
3289 4060
3290 4061
3291 4064
3292 4057
3293 4060
3294 4058
3295 4057
3296 4057
3297 4061
3298 4061
3299 4056
3300 4057
3301 4061
3302 4056
3303 4056
3304 4060
3305 4059
3306 4057
3307 4061
3308 4059
3309 4056
3310 4057
3311 4061
3312 4061
3313 4056
3314 4061
3315 4058
3316 4059
3317 4061
3318 4060
3319 4065
3320 4057
3321 4060
3322 4064
3323 4056
3324 4057
3325 4055
3326 4059
3327 4055
3328 4059
3329 4061
3330 4057
3331 4058
3332 4061
3333 4064
3334 4061
3335 4061
3336 4059
3337 4059
3338 4060
3339 4058
3340 4059
3341 4064
3342 4059
3343 4056
3344 4057
3345 4055
3346 4060
3347 4060
3348 4058
3349 4057
3350 4058
3351 4061
3352 4057
3353 4060
3354 4058
3355 4058
3356 4061
3357 4057
3358 4059
3359 4057
3360 4059
3361 4058
3362 4055
3363 4057
3364 4061
3365 4057
3366 4060
3367 4059
3368 4058
3369 4064
3370 4061
3371 4058
3372 4058
3373 4059
3374 4060
3375 4064
3376 4058
3377 4059
3378 4059
3379 4057
3380 4060
3381 4060
3382 4058
3383 4059
3384 4060
3385 4058
3386 4060
3387 4055
3388 4055
3389 4057
3390 4056
3391 4057
3392 4060
3393 4058
3394 4057
3395 4061
3396 4054
3397 4059
3398 4057
3399 4060
3400 4058
3401 4064
3402 4057
3403 4058
3404 4056
3405 4060
3406 4057
3407 4060
3408 4059
3409 4055
3410 4057
3411 4059
3412 4059
3413 4057
3414 4057
3415 4059
3416 4057
3417 4061
3418 4057
3419 4057
3420 4059
3421 4057
3422 4057
3423 4061
3424 4060
3425 4059
3426 4061
3427 4060
3428 4056
3429 4058
3430 4058
3431 4057
3432 4060
3433 4064
3434 4059
3435 4057
3436 4058
3437 4061
3438 4061
3439 4059
3440 4059
3441 4059
3442 4059
3443 4057
3444 4061
3445 4058
3446 4057
3447 4061
3448 4057
3449 4058
3450 4058
3451 4064
3452 4052
3453 4056
3454 4064
3455 4057
3456 4057
3457 4059
3458 4057
3459 4059
3460 4054
3461 4059
3462 4058
3463 4058
3464 4056
3465 4059
3466 4056
3467 4055
3468 4057
3469 4056
3470 4054
3471 4060
3472 4059
3473 4060
3474 4054
3475 4058
3476 4057
3477 4059
3478 4059
3479 4055
3480 4058
3481 4061
3482 4057
3483 4060
3484 4058
3485 4059
3486 4055
3487 4058
3488 4053
3489 4059
3490 4055
3491 4060
3492 4056
3493 4061
3494 4057
3495 4056
3496 4056
3497 4059
3498 4057
3499 4057
3500 4060
3501 4060
3502 4055
3503 4059
3504 4056
3505 4057
3506 4053
3507 4058
3508 4059
3509 4053
3510 4057
3511 4058
3512 4058
3513 4058
3514 4059
3515 4057
3516 4059
3517 4061
3518 4059
3519 4061
3520 4057
3521 4060
3522 4057
3523 4061
3524 4061
3525 4059
3526 4058
3527 4059
3528 4058
3529 4059
3530 4061
3531 4057
3532 4060
3533 4059
3534 4058
3535 4060
3536 4060
3537 4060
3538 4057
3539 4064
3540 4055
3541 4064
3542 4056
3543 4060
3544 4055
3545 4059
3546 4064
3547 4057
3548 4058
3549 4061
3550 4056
3551 4061
3552 4059
3553 4057
3554 4059
3555 4060
3556 4064
3557 4058
3558 4061
3559 4057
3560 4057
3561 4057
3562 4058
3563 4057
3564 4058
3565 4059
3566 4060
3567 4059
3568 4062
3569 4060
3570 4061
3571 4064
3572 4057
3573 4059
3574 4058
3575 4057
3576 4059
3577 4061
3578 4057
3579 4061
3580 4057
3581 4059
3582 4060
3583 4057
3584 4060
3585 4057
3586 4059
3587 4060
3588 4058
3589 4061
3590 4060
3591 4059
3592 4060
3593 4060
3594 4058
3595 4059
3596 4061
3597 4055
3598 4061
3599 4058
3600 4059
3601 4061
3602 4058
3603 4057
3604 4059
3605 4057
3606 4060
3607 4061
3608 4059
3609 4060
3610 4058
3611 4055
3612 4058
3613 4057
3614 4058
3615 4064
3616 4059
3617 4058
3618 4061
3619 4057
3620 4061
3621 4061
3622 4059
3623 4059
3624 4060
3625 4060
3626 4060
3627 4064
3628 4060
3629 4060
3630 4060
3631 4058
3632 4058
3633 4059
3634 4058
3635 4057
3636 4059
3637 4057
3638 4060
3639 4062
3640 4057
3641 4061
3642 4055
3643 4059
3644 4059
3645 4059
3646 4064
3647 4060
3648 4059
3649 4059
3650 4065
3651 4064
3652 4057
3653 4060
3654 4058
3655 4056
3656 4059
3657 4061
3658 4060
3659 4061
3660 4058
3661 4057
3662 4059
3663 4061
3664 4064
3665 4064
3666 4060
3667 4058
3668 4058
3669 4061
3670 4058
3671 4060
3672 4057
3673 4058
3674 4057
3675 4064
3676 4060
3677 4059
3678 4055
3679 4058
3680 4060
3681 4061
3682 4057
3683 4060
3684 4061
3685 4057
3686 4060
3687 4062
3688 4058
3689 4058
3690 4059
3691 4059
3692 4057
3693 4061
3694 4056
