#Data from the TCD1304 linear CCD
#column 1 = pixelnumber , column 2 = pixelvalue
#Pixel 1-32 and 3679-3694 and are dummy pixels
#SH-period: 200    ICG-period: 100000    Integration time: 100.0 us
2 4039
3 4041
4 4058
5 4058
6 4057
7 4057
8 4060
9 4056
10 4055
11 4057
12 4060
13 4058
14 4055
15 4059
16 4057
17 4057
18 4058
19 4059
20 4057
21 4059
22 4058
23 4055
24 4056
25 4057
26 4056
27 4057
28 4060
29 4054
30 4056
31 4059
32 4060
34 4057
35 4053
36 4054
37 4054
38 4056
39 4058
40 4056
41 4056
42 4057
43 4058
44 4057
45 4055
46 4055
47 4057
48 4059
49 4057
50 4059
51 4060
52 4055
53 4059
54 4057
55 4057
56 4059
57 4057
58 4056
59 4056
60 4057
61 4057
62 4057
63 4058
64 4058
65 4055
66 4056
67 4058
68 4054
69 4056
70 4059
71 4057
72 4055
73 4059
74 4057
75 4056
76 4056
77 4060
78 4055
79 4057
80 4058
81 4060
82 4064
83 4056
84 4056
85 4057
86 4056
87 4057
88 4059
89 4052
90 4053
91 4056
92 4058
93 4057
94 4059
95 4059
96 4057
97 4058
98 4057
99 4056
100 4054
101 4059
102 4055
103 4059
104 4057
105 4055
106 4060
107 4058
108 4057
109 4057
110 4058
111 4057
112 4056
113 4055
114 4057
115 4055
116 4058
117 4056
118 4059
119 4057
120 4057
121 4056
122 4057
123 4058
124 4059
125 4053
126 4058
127 4058
128 4056
129 4059
130 4054
131 4057
132 4057
133 4057
134 4058
135 4057
136 4057
137 4057
138 4054
139 4056
140 4055
141 4056
142 4053
143 4058
144 4055
145 4059
146 4057
147 4057
148 4056
149 4056
150 4055
151 4064
152 4055
153 4059
154 4056
155 4054
156 4059
157 4061
158 4055
159 4058
160 4056
161 4060
162 4057
163 4054
164 4059
165 4059
166 4057
167 4057
168 4061
169 4054
170 4057
171 4058
172 4056
173 4057
174 4057
175 4056
176 4057
177 4058
178 4057
179 4056
180 4057
181 4057
182 4057
183 4057
184 4055
185 4055
186 4061
187 4057
188 4058
189 4057
190 4058
191 4057
192 4057
193 4055
194 4056
195 4060
196 4057
197 4058
198 4055
199 4059
200 4057
201 4059
202 4055
203 4058
204 4058
205 4057
206 4057
207 4057
208 4057
209 4058
210 4055
211 4055
212 4055
213 4057
214 4056
215 4055
216 4060
217 4057
218 4060
219 4058
220 4057
221 4055
222 4058
223 4057
224 4057
225 4057
226 4058
227 4055
228 4058
229 4057
230 4057
231 4055
232 4056
233 4058
234 4055
235 4057
236 4058
237 4058
238 4055
239 4055
240 4057
241 4057
242 4057
243 4056
244 4054
245 4053
246 4056
247 4060
248 4059
249 4056
250 4055
251 4064
252 4055
253 4057
254 4055
255 4057
256 4060
257 4059
258 4059
259 4055
260 4055
261 4057
262 4056
263 4056
264 4056
265 4059
266 4057
267 4060
268 4056
269 4058
270 4058
271 4055
272 4055
273 4059
274 4057
275 4058
276 4057
277 4058
278 4056
279 4057
280 4059
281 4059
282 4059
283 4057
284 4055
285 4056
286 4055
287 4057
288 4057
289 4057
290 4057
291 4059
292 4058
293 4057
294 4055
295 4058
296 4057
297 4057
298 4056
299 4056
300 4057
301 4061
302 4053
303 4057
304 4057
305 4056
306 4059
307 4055
308 4052
309 4056
310 4058
311 4057
312 4057
313 4057
314 4056
315 4055
316 4054
317 4057
318 4055
319 4057
320 4061
321 4056
322 4057
323 4057
324 4055
325 4058
326 4056
327 4057
328 4056
329 4059
330 4059
331 4054
332 4056
333 4059
334 4055
335 4056
336 4057
337 4056
338 4057
339 4057
340 4058
341 4054
342 4059
343 4056
344 4053
345 4060
346 4057
347 4058
348 4055
349 4059
350 4056
351 4064
352 4054
353 4054
354 4059
355 4055
356 4054
357 4059
358 4058
359 4057
360 4055
361 4058
362 4059
363 4059
364 4059
365 4064
366 4056
367 4058
368 4059
369 4055
370 4059
371 4055
372 4056
373 4056
374 4057
375 4060
376 4055
377 4057
378 4055
379 4058
380 4058
381 4055
382 4056
383 4058
384 4053
385 4056
386 4056
387 4059
388 4057
389 4055
390 4053
391 4057
392 4056
393 4054
394 4056
395 4061
396 4057
397 4057
398 4057
399 4057
400 4055
401 4060
402 4056
403 4057
404 4059
405 4056
406 4056
407 4058
408 4059
409 4056
410 4058
411 4057
412 4057
413 4055
414 4057
415 4056
416 4057
417 4057
418 4056
419 4057
420 4057
421 4058
422 4057
423 4057
424 4059
425 4057
426 4056
427 4060
428 4057
429 4056
430 4057
431 4055
432 4057
433 4056
434 4055
435 4057
436 4057
437 4057
438 4059
439 4053
440 4056
441 4057
442 4059
443 4059
444 4059
445 4057
446 4056
447 4057
448 4055
449 4057
450 4058
451 4061
452 4055
453 4056
454 4057
455 4057
456 4056
457 4056
458 4057
459 4058
460 4057
461 4059
462 4059
463 4057
464 4056
465 4057
466 4058
467 4056
468 4055
469 4057
470 4061
471 4057
472 4056
473 4055
474 4057
475 4057
476 4055
477 4057
478 4057
479 4059
480 4054
481 4057
482 4057
483 4057
484 4057
485 4057
486 4057
487 4056
488 4059
489 4057
490 4057
491 4059
492 4056
493 4059
494 4059
495 4060
496 4057
497 4055
498 4058
499 4061
500 4055
501 4064
502 4053
503 4057
504 4057
505 4056
506 4059
507 4059
508 4057
509 4058
510 4057
511 4055
512 4056
513 4055
514 4055
515 4060
516 4055
517 4057
518 4058
519 4058
520 4056
521 4055
522 4058
523 4056
524 4058
525 4059
526 4057
527 4055
528 4057
529 4058
530 4054
531 4057
532 4057
533 4055
534 4055
535 4057
536 4056
537 4055
538 4059
539 4056
540 4054
541 4055
542 4057
543 4054
544 4055
545 4056
546 4053
547 4055
548 4055
549 4055
550 4054
551 4058
552 4055
553 4055
554 4055
555 4057
556 4053
557 4056
558 4056
559 4055
560 4057
561 4058
562 4054
563 4057
564 4058
565 4054
566 4058
567 4057
568 4053
569 4054
570 4061
571 4057
572 4057
573 4057
574 4057
575 4057
576 4056
577 4056
578 4055
579 4060
580 4057
581 4060
582 4058
583 4055
584 4053
585 4058
586 4057
587 4059
588 4053
589 4058
590 4056
591 4057
592 4056
593 4055
594 4054
595 4059
596 4057
597 4057
598 4056
599 4059
600 4057
601 4061
602 4052
603 4057
604 4057
605 4057
606 4054
607 4057
608 4056
609 4060
610 4056
611 4054
612 4055
613 4060
614 4056
615 4057
616 4057
617 4057
618 4059
619 4060
620 4057
621 4055
622 4057
623 4057
624 4060
625 4055
626 4055
627 4058
628 4055
629 4059
630 4057
631 4058
632 4059
633 4056
634 4056
635 4055
636 4057
637 4059
638 4056
639 4058
640 4055
641 4057
642 4057
643 4058
644 4056
645 4056
646 4058
647 4057
648 4058
649 4060
650 4057
651 4059
652 4054
653 4056
654 4057
655 4057
656 4057
657 4054
658 4057
659 4056
660 4057
661 4057
662 4057
663 4059
664 4057
665 4057
666 4058
667 4057
668 4059
669 4056
670 4058
671 4060
672 4056
673 4054
674 4056
675 4055
676 4055
677 4058
678 4058
679 4057
680 4057
681 4056
682 4057
683 4055
684 4055
685 4057
686 4056
687 4057
688 4058
689 4059
690 4059
691 4055
692 4055
693 4056
694 4059
695 4061
696 4059
697 4057
698 4057
699 4058
700 4058
701 4058
702 4053
703 4055
704 4060
705 4061
706 4056
707 4061
708 4056
709 4059
710 4059
711 4058
712 4057
713 4056
714 4059
715 4056
716 4058
717 4057
718 4056
719 4057
720 4059
721 4056
722 4058
723 4059
724 4053
725 4060
726 4057
727 4057
728 4056
729 4054
730 4055
731 4059
732 4057
733 4061
734 4057
735 4056
736 4057
737 4058
738 4056
739 4060
740 4056
741 4055
742 4053
743 4061
744 4054
745 4057
746 4054
747 4058
748 4055
749 4056
750 4058
751 4061
752 4053
753 4057
754 4058
755 4058
756 4058
757 4056
758 4055
759 4058
760 4056
761 4060
762 4058
763 4057
764 4061
765 4055
766 4056
767 4057
768 4059
769 4057
770 4057
771 4057
772 4057
773 4056
774 4057
775 4057
776 4057
777 4055
778 4057
779 4056
780 4056
781 4057
782 4057
783 4057
784 4057
785 4057
786 4057
787 4057
788 4054
789 4059
790 4057
791 4057
792 4057
793 4060
794 4057
795 4057
796 4057
797 4055
798 4057
799 4056
800 4058
801 4057
802 4053
803 4057
804 4056
805 4057
806 4059
807 4060
808 4059
809 4057
810 4058
811 4055
812 4057
813 4055
814 4057
815 4057
816 4056
817 4057
818 4056
819 4056
820 4060
821 4059
822 4057
823 4057
824 4057
825 4058
826 4055
827 4057
828 4056
829 4059
830 4056
831 4057
832 4057
833 4056
834 4055
835 4058
836 4056
837 4058
838 4057
839 4056
840 4056
841 4057
842 4054
843 4057
844 4053
845 4059
846 4058
847 4057
848 4057
849 4058
850 4058
851 4058
852 4057
853 4057
854 4056
855 4057
856 4058
857 4059
858 4059
859 4057
860 4055
861 4057
862 4059
863 4053
864 4055
865 4057
866 4054
867 4058
868 4059
869 4055
870 4057
871 4059
872 4056
873 4055
874 4055
875 4059
876 4055
877 4057
878 4059
879 4057
880 4056
881 4057
882 4059
883 4056
884 4057
885 4059
886 4057
887 4060
888 4057
889 4061
890 4058
891 4057
892 4057
893 4059
894 4056
895 4059
896 4055
897 4059
898 4057
899 4057
900 4056
901 4058
902 4056
903 4057
904 4058
905 4055
906 4057
907 4058
908 4060
909 4056
910 4056
911 4057
912 4057
913 4053
914 4058
915 4059
916 4055
917 4057
918 4057
919 4056
920 4057
921 4059
922 4057
923 4055
924 4058
925 4059
926 4057
927 4056
928 4057
929 4055
930 4055
931 4055
932 4056
933 4057
934 4058
935 4060
936 4057
937 4056
938 4059
939 4057
940 4056
941 4057
942 4057
943 4057
944 4055
945 4061
946 4056
947 4057
948 4060
949 4056
950 4058
951 4058
952 4057
953 4060
954 4055
955 4059
956 4058
957 4058
958 4055
959 4056
960 4056
961 4061
962 4056
963 4059
964 4058
965 4059
966 4056
967 4057
968 4058
969 4056
970 4060
971 4059
972 4056
973 4055
974 4059
975 4059
976 4055
977 4057
978 4058
979 4059
980 4055
981 4058
982 4058
983 4059
984 4057
985 4055
986 4057
987 4057
988 4055
989 4057
990 4057
991 4054
992 4057
993 4060
994 4055
995 4057
996 4060
997 4054
998 4056
999 4050
1000 4055
1001 4060
1002 4057
1003 4055
1004 4056
1005 4058
1006 4057
1007 4056
1008 4059
1009 4059
1010 4060
1011 4059
1012 4055
1013 4061
1014 4058
1015 4058
1016 4057
1017 4057
1018 4057
1019 4056
1020 4060
1021 4059
1022 4057
1023 4057
1024 4055
1025 4056
1026 4057
1027 4058
1028 4054
1029 4059
1030 4055
1031 4059
1032 4058
1033 4057
1034 4055
1035 4056
1036 4056
1037 4057
1038 4054
1039 4056
1040 4055
1041 4058
1042 4055
1043 4059
1044 4054
1045 4058
1046 4053
1047 4056
1048 4058
1049 4055
1050 4060
1051 4064
1052 4054
1053 4059
1054 4057
1055 4058
1056 4056
1057 4059
1058 4057
1059 4055
1060 4057
1061 4064
1062 4058
1063 4057
1064 4055
1065 4054
1066 4058
1067 4058
1068 4055
1069 4055
1070 4054
1071 4059
1072 4057
1073 4060
1074 4055
1075 4055
1076 4056
1077 4060
1078 4059
1079 4053
1080 4056
1081 4056
1082 4059
1083 4054
1084 4056
1085 4055
1086 4055
1087 4055
1088 4058
1089 4057
1090 4057
1091 4060
1092 4055
1093 4058
1094 4055
1095 4059
1096 4055
1097 4055
1098 4054
1099 4058
1100 4056
1101 4061
1102 4057
1103 4057
1104 4055
1105 4054
1106 4055
1107 4056
1108 4057
1109 4057
1110 4057
1111 4054
1112 4055
1113 4058
1114 4055
1115 4058
1116 4057
1117 4055
1118 4054
1119 4055
1120 4055
1121 4057
1122 4055
1123 4056
1124 4057
1125 4056
1126 4057
1127 4057
1128 4055
1129 4056
1130 4057
1131 4056
1132 4055
1133 4057
1134 4053
1135 4056
1136 4055
1137 4059
1138 4057
1139 4055
1140 4055
1141 4053
1142 4055
1143 4055
1144 4055
1145 4057
1146 4054
1147 4055
1148 4055
1149 4055
1150 4055
1151 4058
1152 4054
1153 4056
1154 4057
1155 4054
1156 4059
1157 4057
1158 4055
1159 4058
1160 4056
1161 4059
1162 4059
1163 4053
1164 4055
1165 4059
1166 4058
1167 4057
1168 4057
1169 4057
1170 4059
1171 4056
1172 4057
1173 4057
1174 4056
1175 4056
1176 4056
1177 4058
1178 4057
1179 4055
1180 4057
1181 4057
1182 4058
1183 4059
1184 4056
1185 4057
1186 4055
1187 4057
1188 4056
1189 4057
1190 4058
1191 4052
1192 4057
1193 4055
1194 4056
1195 4057
1196 4053
1197 4058
1198 4056
1199 4055
1200 4056
1201 4064
1202 4055
1203 4054
1204 4055
1205 4055
1206 4057
1207 4055
1208 4056
1209 4060
1210 4055
1211 4055
1212 4059
1213 4058
1214 4057
1215 4059
1216 4056
1217 4059
1218 4057
1219 4055
1220 4057
1221 4058
1222 4058
1223 4056
1224 4058
1225 4058
1226 4057
1227 4057
1228 4059
1229 4054
1230 4057
1231 4059
1232 4057
1233 4058
1234 4054
1235 4059
1236 4059
1237 4058
1238 4057
1239 4058
1240 4060
1241 4054
1242 4055
1243 4059
1244 4058
1245 4055
1246 4057
1247 4057
1248 4056
1249 4057
1250 4059
1251 4059
1252 4054
1253 4056
1254 4059
1255 4055
1256 4057
1257 4058
1258 4057
1259 4055
1260 4059
1261 4055
1262 4055
1263 4058
1264 4055
1265 4055
1266 4055
1267 4053
1268 4060
1269 4053
1270 4057
1271 4057
1272 4055
1273 4057
1274 4055
1275 4058
1276 4057
1277 4052
1278 4055
1279 4055
1280 4056
1281 4055
1282 4057
1283 4057
1284 4055
1285 4059
1286 4057
1287 4058
1288 4057
1289 4055
1290 4057
1291 4059
1292 4059
1293 4056
1294 4057
1295 4056
1296 4056
1297 4061
1298 4057
1299 4053
1300 4056
1301 4058
1302 4057
1303 4059
1304 4055
1305 4055
1306 4057
1307 4060
1308 4057
1309 4059
1310 4055
1311 4055
1312 4056
1313 4056
1314 4054
1315 4053
1316 4058
1317 4058
1318 4056
1319 4060
1320 4057
1321 4054
1322 4055
1323 4055
1324 4056
1325 4059
1326 4056
1327 4059
1328 4057
1329 4055
1330 4057
1331 4057
1332 4058
1333 4058
1334 4058
1335 4056
1336 4056
1337 4056
1338 4057
1339 4057
1340 4057
1341 4058
1342 4058
1343 4057
1344 4054
1345 4056
1346 4057
1347 4057
1348 4057
1349 4055
1350 4056
1351 4059
1352 4056
1353 4056
1354 4057
1355 4056
1356 4056
1357 4059
1358 4056
1359 4057
1360 4055
1361 4058
1362 4057
1363 4057
1364 4055
1365 4057
1366 4058
1367 4057
1368 4056
1369 4059
1370 4059
1371 4053
1372 4056
1373 4056
1374 4054
1375 4057
1376 4059
1377 4057
1378 4055
1379 4059
1380 4058
1381 4060
1382 4053
1383 4056
1384 4060
1385 4058
1386 4057
1387 4057
1388 4059
1389 4055
1390 4059
1391 4056
1392 4058
1393 4058
1394 4057
1395 4054
1396 4055
1397 4059
1398 4055
1399 4059
1400 4059
1401 4059
1402 4057
1403 4055
1404 4060
1405 4058
1406 4056
1407 4058
1408 4057
1409 4058
1410 4057
1411 4059
1412 4055
1413 4057
1414 4059
1415 4060
1416 4053
1417 4056
1418 4057
1419 4055
1420 4060
1421 4058
1422 4055
1423 4056
1424 4055
1425 4057
1426 4057
1427 4055
1428 4057
1429 4058
1430 4057
1431 4059
1432 4056
1433 4062
1434 4059
1435 4061
1436 4056
1437 4055
1438 4058
1439 4059
1440 4055
1441 4056
1442 4056
1443 4059
1444 4055
1445 4059
1446 4057
1447 4058
1448 4059
1449 4060
1450 4055
1451 4059
1452 4054
1453 4057
1454 4060
1455 4058
1456 4057
1457 4059
1458 4053
1459 4058
1460 4057
1461 4060
1462 4053
1463 4057
1464 4058
1465 4057
1466 4057
1467 4057
1468 4056
1469 4055
1470 4053
1471 4057
1472 4056
1473 4057
1474 4057
1475 4058
1476 4057
1477 4056
1478 4055
1479 4057
1480 4059
1481 4057
1482 4058
1483 4055
1484 4056
1485 4058
1486 4056
1487 4055
1488 4056
1489 4055
1490 4061
1491 4056
1492 4061
1493 4055
1494 4057
1495 4060
1496 4055
1497 4058
1498 4057
1499 4058
1500 4056
1501 4062
1502 4055
1503 4055
1504 4058
1505 4061
1506 4058
1507 4055
1508 4054
1509 4056
1510 4058
1511 4058
1512 4059
1513 4056
1514 4053
1515 4059
1516 4057
1517 4054
1518 4058
1519 4058
1520 4057
1521 4054
1522 4059
1523 4058
1524 4055
1525 4057
1526 4059
1527 4059
1528 4056
1529 4059
1530 4056
1531 4055
1532 4056
1533 4057
1534 4056
1535 4056
1536 4057
1537 4059
1538 4055
1539 4057
1540 4056
1541 4056
1542 4056
1543 4055
1544 4058
1545 4057
1546 4056
1547 4057
1548 4056
1549 4056
1550 4059
1551 4061
1552 4057
1553 4057
1554 4057
1555 4058
1556 4060
1557 4059
1558 4057
1559 4058
1560 4058
1561 4057
1562 4060
1563 4056
1564 4058
1565 4060
1566 4058
1567 4056
1568 4056
1569 4056
1570 4058
1571 4057
1572 4058
1573 4058
1574 4055
1575 4057
1576 4058
1577 4057
1578 4059
1579 4059
1580 4056
1581 4055
1582 4060
1583 4057
1584 4056
1585 4059
1586 4059
1587 4059
1588 4057
1589 4057
1590 4054
1591 4056
1592 4059
1593 4059
1594 4055
1595 4060
1596 4057
1597 4059
1598 4055
1599 4056
1600 4057
1601 4058
1602 4053
1603 4058
1604 4057
1605 4057
1606 4059
1607 4057
1608 4054
1609 4057
1610 4055
1611 4056
1612 4055
1613 4058
1614 4058
1615 4057
1616 4056
1617 4058
1618 4057
1619 4058
1620 4061
1621 4057
1622 4057
1623 4057
1624 4058
1625 4057
1626 4057
1627 4055
1628 4055
1629 4059
1630 4057
1631 4058
1632 4057
1633 4055
1634 4055
1635 4057
1636 4058
1637 4055
1638 4058
1639 4058
1640 4056
1641 4057
1642 4056
1643 4057
1644 4055
1645 4059
1646 4055
1647 4058
1648 4055
1649 4058
1650 4057
1651 4059
1652 4051
1653 4055
1654 4055
1655 4058
1656 4055
1657 4057
1658 4055
1659 4054
1660 4055
1661 4059
1662 4059
1663 4056
1664 4055
1665 4060
1666 4059
1667 4056
1668 4057
1669 4053
1670 4057
1671 4058
1672 4060
1673 4056
1674 4056
1675 4055
1676 4059
1677 4058
1678 4057
1679 4057
1680 4056
1681 4059
1682 4057
1683 4057
1684 4058
1685 4058
1686 4057
1687 4057
1688 4057
1689 4056
1690 4059
1691 4057
1692 4055
1693 4055
1694 4059
1695 4056
1696 4058
1697 4055
1698 4056
1699 4055
1700 4055
1701 4060
1702 4053
1703 4060
1704 4056
1705 4059
1706 4054
1707 4057
1708 4054
1709 4056
1710 4059
1711 4057
1712 4059
1713 4059
1714 4057
1715 4055
1716 4059
1717 4055
1718 4056
1719 4058
1720 4056
1721 4057
1722 4057
1723 4053
1724 4054
1725 4056
1726 4057
1727 4055
1728 4059
1729 4057
1730 4057
1731 4055
1732 4054
1733 4056
1734 4058
1735 4059
1736 4057
1737 4058
1738 4059
1739 4056
1740 4058
1741 4052
1742 4059
1743 4058
1744 4055
1745 4060
1746 4055
1747 4057
1748 4056
1749 4055
1750 4054
1751 4064
1752 4055
1753 4057
1754 4057
1755 4056
1756 4058
1757 4059
1758 4054
1759 4056
1760 4056
1761 4057
1762 4056
1763 4058
1764 4057
1765 4057
1766 4056
1767 4058
1768 4059
1769 4054
1770 4056
1771 4057
1772 4055
1773 4057
1774 4057
1775 4057
1776 4057
1777 4056
1778 4057
1779 4058
1780 4057
1781 4058
1782 4057
1783 4057
1784 4057
1785 4057
1786 4056
1787 4057
1788 4055
1789 4058
1790 4055
1791 4061
1792 4054
1793 4060
1794 4057
1795 4057
1796 4056
1797 4058
1798 4057
1799 4055
1800 4055
1801 4056
1802 4053
1803 4059
1804 4055
1805 4058
1806 4057
1807 4060
1808 4059
1809 4056
1810 4053
1811 4055
1812 4056
1813 4057
1814 4056
1815 4058
1816 4059
1817 4056
1818 4055
1819 4057
1820 4060
1821 4055
1822 4057
1823 4056
1824 4054
1825 4057
1826 4057
1827 4057
1828 4057
1829 4057
1830 4056
1831 4057
1832 4054
1833 4061
1834 4055
1835 4055
1836 4060
1837 4061
1838 4057
1839 4056
1840 4056
1841 4055
1842 4058
1843 4054
1844 4059
1845 4064
1846 4053
1847 4057
1848 4056
1849 4060
1850 4059
1851 4057
1852 4053
1853 4055
1854 4056
1855 4059
1856 4057
1857 4057
1858 4057
1859 4058
1860 4055
1861 4055
1862 4059
1863 4061
1864 4056
1865 4056
1866 4057
1867 4055
1868 4054
1869 4059
1870 4058
1871 4056
1872 4056
1873 4056
1874 4055
1875 4056
1876 4057
1877 4055
1878 4056
1879 4060
1880 4059
1881 4056
1882 4055
1883 4057
1884 4055
1885 4058
1886 4053
1887 4057
1888 4057
1889 4057
1890 4057
1891 4056
1892 4055
1893 4056
1894 4056
1895 4059
1896 4056
1897 4058
1898 4053
1899 4056
1900 4057
1901 4064
1902 4056
1903 4059
1904 4055
1905 4054
1906 4053
1907 4057
1908 4055
1909 4058
1910 4059
1911 4057
1912 4057
1913 4056
1914 4055
1915 4059
1916 4058
1917 4057
1918 4057
1919 4057
1920 4056
1921 4054
1922 4053
1923 4058
1924 4056
1925 4053
1926 4054
1927 4058
1928 4053
1929 4060
1930 4059
1931 4059
1932 4059
1933 4056
1934 4056
1935 4057
1936 4055
1937 4058
1938 4057
1939 4058
1940 4055
1941 4055
1942 4053
1943 4056
1944 4059
1945 4057
1946 4056
1947 4059
1948 4055
1949 4058
1950 4056
1951 4061
1952 4052
1953 4055
1954 4056
1955 4056
1956 4057
1957 4056
1958 4058
1959 4057
1960 4057
1961 4057
1962 4058
1963 4052
1964 4058
1965 4056
1966 4059
1967 4057
1968 4057
1969 4055
1970 4054
1971 4055
1972 4055
1973 4059
1974 4057
1975 4057
1976 4057
1977 4057
1978 4057
1979 4057
1980 4059
1981 4057
1982 4056
1983 4055
1984 4057
1985 4057
1986 4056
1987 4057
1988 4057
1989 4057
1990 4054
1991 4057
1992 4057
1993 4056
1994 4056
1995 4059
1996 4054
1997 4055
1998 4057
1999 4058
2000 4055
2001 4059
2002 4057
2003 4057
2004 4055
2005 4058
2006 4057
2007 4058
2008 4055
2009 4057
2010 4057
2011 4058
2012 4058
2013 4054
2014 4058
2015 4057
2016 4057
2017 4060
2018 4057
2019 4058
2020 4059
2021 4055
2022 4057
2023 4059
2024 4057
2025 4057
2026 4058
2027 4057
2028 4057
2029 4058
2030 4059
2031 4057
2032 4053
2033 4059
2034 4056
2035 4057
2036 4057
2037 4059
2038 4059
2039 4057
2040 4056
2041 4057
2042 4056
2043 4058
2044 4055
2045 4059
2046 4054
2047 4057
2048 4056
2049 4057
2050 4057
2051 4061
2052 4055
2053 4058
2054 4055
2055 4057
2056 4056
2057 4057
2058 4056
2059 4056
2060 4057
2061 4058
2062 4057
2063 4057
2064 4059
2065 4059
2066 4053
2067 4054
2068 4056
2069 4058
2070 4057
2071 4056
2072 4058
2073 4056
2074 4055
2075 4055
2076 4056
2077 4059
2078 4057
2079 4057
2080 4058
2081 4058
2082 4056
2083 4055
2084 4056
2085 4057
2086 4056
2087 4057
2088 4061
2089 4057
2090 4059
2091 4055
2092 4056
2093 4056
2094 4055
2095 4058
2096 4055
2097 4057
2098 4057
2099 4057
2100 4056
2101 4064
2102 4055
2103 4057
2104 4057
2105 4058
2106 4056
2107 4059
2108 4055
2109 4057
2110 4055
2111 4056
2112 4056
2113 4056
2114 4060
2115 4056
2116 4059
2117 4055
2118 4057
2119 4056
2120 4055
2121 4057
2122 4059
2123 4059
2124 4057
2125 4060
2126 4058
2127 4059
2128 4059
2129 4057
2130 4055
2131 4057
2132 4059
2133 4057
2134 4059
2135 4055
2136 4057
2137 4057
2138 4059
2139 4055
2140 4054
2141 4057
2142 4061
2143 4060
2144 4053
2145 4057
2146 4054
2147 4057
2148 4056
2149 4056
2150 4054
2151 4064
2152 4055
2153 4059
2154 4058
2155 4056
2156 4056
2157 4055
2158 4059
2159 4059
2160 4059
2161 4056
2162 4055
2163 4055
2164 4058
2165 4054
2166 4058
2167 4057
2168 4055
2169 4054
2170 4056
2171 4057
2172 4058
2173 4059
2174 4055
2175 4054
2176 4053
2177 4056
2178 4056
2179 4053
2180 4057
2181 4053
2182 4057
2183 4055
2184 4058
2185 4057
2186 4055
2187 4056
2188 4058
2189 4055
2190 4059
2191 4059
2192 4056
2193 4056
2194 4053
2195 4057
2196 4056
2197 4057
2198 4056
2199 4058
2200 4057
2201 4057
2202 4052
2203 4058
2204 4058
2205 4055
2206 4059
2207 4056
2208 4055
2209 4058
2210 4058
2211 4053
2212 4059
2213 4056
2214 4055
2215 4058
2216 4057
2217 4055
2218 4058
2219 4057
2220 4060
2221 4060
2222 4058
2223 4057
2224 4056
2225 4057
2226 4057
2227 4059
2228 4053
2229 4057
2230 4058
2231 4056
2232 4057
2233 4057
2234 4057
2235 4055
2236 4055
2237 4056
2238 4058
2239 4057
2240 4054
2241 4056
2242 4055
2243 4057
2244 4054
2245 4057
2246 4057
2247 4057
2248 4056
2249 4057
2250 4055
2251 4059
2252 4055
2253 4057
2254 4057
2255 4057
2256 4055
2257 4059
2258 4057
2259 4058
2260 4059
2261 4057
2262 4060
2263 4057
2264 4060
2265 4057
2266 4057
2267 4056
2268 4057
2269 4054
2270 4057
2271 4055
2272 4056
2273 4058
2274 4056
2275 4057
2276 4059
2277 4055
2278 4055
2279 4058
2280 4059
2281 4060
2282 4057
2283 4057
2284 4059
2285 4059
2286 4058
2287 4059
2288 4058
2289 4059
2290 4057
2291 4059
2292 4057
2293 4058
2294 4056
2295 4057
2296 4060
2297 4057
2298 4055
2299 4061
2300 4056
2301 4061
2302 4055
2303 4056
2304 4057
2305 4055
2306 4055
2307 4057
2308 4057
2309 4054
2310 4056
2311 4059
2312 4055
2313 4058
2314 4058
2315 4061
2316 4057
2317 4059
2318 4057
2319 4055
2320 4057
2321 4058
2322 4058
2323 4058
2324 4054
2325 4059
2326 4057
2327 4055
2328 4055
2329 4058
2330 4056
2331 4057
2332 4054
2333 4061
2334 4057
2335 4056
2336 4055
2337 4055
2338 4057
2339 4059
2340 4054
2341 4057
2342 4055
2343 4056
2344 4057
2345 4057
2346 4056
2347 4058
2348 4057
2349 4058
2350 4057
2351 4058
2352 4056
2353 4058
2354 4059
2355 4061
2356 4056
2357 4059
2358 4059
2359 4056
2360 4059
2361 4055
2362 4058
2363 4059
2364 4057
2365 4057
2366 4056
2367 4054
2368 4057
2369 4057
2370 4056
2371 4057
2372 4058
2373 4055
2374 4056
2375 4054
2376 4056
2377 4056
2378 4057
2379 4058
2380 4059
2381 4057
2382 4057
2383 4056
2384 4057
2385 4057
2386 4057
2387 4055
2388 4058
2389 4055
2390 4056
2391 4059
2392 4055
2393 4055
2394 4056
2395 4057
2396 4059
2397 4056
2398 4057
2399 4055
2400 4055
2401 4059
2402 4056
2403 4055
2404 4057
2405 4058
2406 4058
2407 4057
2408 4057
2409 4056
2410 4054
2411 4057
2412 4058
2413 4057
2414 4055
2415 4058
2416 4056
2417 4057
2418 4057
2419 4057
2420 4059
2421 4058
2422 4057
2423 4055
2424 4056
2425 4057
2426 4055
2427 4058
2428 4055
2429 4058
2430 4056
2431 4056
2432 4057
2433 4056
2434 4056
2435 4056
2436 4058
2437 4057
2438 4055
2439 4057
2440 4058
2441 4053
2442 4055
2443 4061
2444 4054
2445 4057
2446 4056
2447 4057
2448 4054
2449 4057
2450 4055
2451 4061
2452 4055
2453 4056
2454 4058
2455 4056
2456 4057
2457 4061
2458 4058
2459 4055
2460 4054
2461 4053
2462 4058
2463 4057
2464 4054
2465 4057
2466 4055
2467 4058
2468 4057
2469 4055
2470 4057
2471 4057
2472 4055
2473 4056
2474 4058
2475 4057
2476 4058
2477 4057
2478 4056
2479 4054
2480 4057
2481 4057
2482 4056
2483 4057
2484 4055
2485 4056
2486 4064
2487 4058
2488 4056
2489 4057
2490 4060
2491 4053
2492 4057
2493 4060
2494 4055
2495 4057
2496 4053
2497 4056
2498 4057
2499 4056
2500 4056
2501 4060
2502 4057
2503 4058
2504 4056
2505 4059
2506 4056
2507 4057
2508 4051
2509 4058
2510 4057
2511 4059
2512 4057
2513 4058
2514 4055
2515 4059
2516 4056
2517 4055
2518 4057
2519 4055
2520 4058
2521 4057
2522 4055
2523 4053
2524 4064
2525 4052
2526 4059
2527 4057
2528 4054
2529 4054
2530 4056
2531 4059
2532 4056
2533 4057
2534 4053
2535 4057
2536 4056
2537 4058
2538 4055
2539 4054
2540 4056
2541 4055
2542 4055
2543 4060
2544 4056
2545 4059
2546 4056
2547 4053
2548 4056
2549 4060
2550 4059
2551 4059
2552 4054
2553 4055
2554 4054
2555 4057
2556 4055
2557 4050
2558 4053
2559 4054
2560 4055
2561 4055
2562 4053
2563 4056
2564 4054
2565 4055
2566 4056
2567 4054
2568 4054
2569 4053
2570 4056
2571 4058
2572 4055
2573 4052
2574 4053
2575 4056
2576 4054
2577 4055
2578 4057
2579 4055
2580 4055
2581 4057
2582 4053
2583 4053
2584 4056
2585 4053
2586 4056
2587 4058
2588 4055
2589 4055
2590 4056
2591 4055
2592 4055
2593 4057
2594 4056
2595 4059
2596 4054
2597 4051
2598 4058
2599 4057
2600 4056
2601 4059
2602 4057
2603 4056
2604 4056
2605 4057
2606 4056
2607 4059
2608 4056
2609 4057
2610 4056
2611 4056
2612 4057
2613 4057
2614 4057
2615 4056
2616 4058
2617 4057
2618 4057
2619 4054
2620 4054
2621 4061
2622 4056
2623 4059
2624 4056
2625 4054
2626 4056
2627 4055
2628 4058
2629 4056
2630 4056
2631 4058
2632 4055
2633 4055
2634 4055
2635 4058
2636 4056
2637 4057
2638 4059
2639 4053
2640 4058
2641 4057
2642 4059
2643 4057
2644 4055
2645 4055
2646 4055
2647 4060
2648 4054
2649 4058
2650 4055
2651 4060
2652 4051
2653 4059
2654 4057
2655 4059
2656 4055
2657 4058
2658 4057
2659 4052
2660 4054
2661 4057
2662 4055
2663 4058
2664 4059
2665 4059
2666 4055
2667 4057
2668 4053
2669 4052
2670 4060
2671 4053
2672 4055
2673 4057
2674 4054
2675 4051
2676 4053
2677 4057
2678 4055
2679 4055
2680 4057
2681 4057
2682 4055
2683 4055
2684 4056
2685 4057
2686 4055
2687 4057
2688 4056
2689 4059
2690 4055
2691 4056
2692 4055
2693 4059
2694 4057
2695 4055
2696 4058
2697 4053
2698 4056
2699 4057
2700 4057
2701 4056
2702 4056
2703 4054
2704 4057
2705 4057
2706 4055
2707 4055
2708 4054
2709 4055
2710 4057
2711 4057
2712 4054
2713 4056
2714 4053
2715 4056
2716 4054
2717 4057
2718 4057
2719 4057
2720 4057
2721 4055
2722 4053
2723 4057
2724 4056
2725 4059
2726 4056
2727 4058
2728 4055
2729 4056
2730 4055
2731 4058
2732 4056
2733 4056
2734 4055
2735 4053
2736 4055
2737 4054
2738 4056
2739 4055
2740 4055
2741 4055
2742 4055
2743 4057
2744 4055
2745 4060
2746 4054
2747 4056
2748 4056
2749 4056
2750 4055
2751 4059
2752 4053
2753 4058
2754 4056
2755 4059
2756 4055
2757 4054
2758 4056
2759 4053
2760 4053
2761 4055
2762 4055
2763 4055
2764 4056
2765 4057
2766 4056
2767 4055
2768 4055
2769 4056
2770 4056
2771 4057
2772 4055
2773 4054
2774 4054
2775 4058
2776 4059
2777 4053
2778 4054
2779 4055
2780 4057
2781 4058
2782 4053
2783 4056
2784 4057
2785 4058
2786 4056
2787 4057
2788 4054
2789 4057
2790 4060
2791 4054
2792 4054
2793 4057
2794 4057
2795 4055
2796 4057
2797 4054
2798 4055
2799 4058
2800 4055
2801 4058
2802 4055
2803 4059
2804 4054
2805 4055
2806 4055
2807 4058
2808 4055
2809 4055
2810 4057
2811 4057
2812 4055
2813 4051
2814 4057
2815 4056
2816 4053
2817 4055
2818 4054
2819 4055
2820 4057
2821 4056
2822 4057
2823 4057
2824 4057
2825 4059
2826 4057
2827 4057
2828 4057
2829 4055
2830 4057
2831 4057
2832 4057
2833 4057
2834 4056
2835 4059
2836 4058
2837 4056
2838 4055
2839 4056
2840 4056
2841 4056
2842 4053
2843 4056
2844 4057
2845 4060
2846 4056
2847 4057
2848 4056
2849 4061
2850 4058
2851 4057
2852 4052
2853 4057
2854 4055
2855 4055
2856 4056
2857 4056
2858 4057
2859 4056
2860 4058
2861 4056
2862 4058
2863 4057
2864 4055
2865 4057
2866 4055
2867 4058
2868 4056
2869 4059
2870 4059
2871 4058
2872 4059
2873 4059
2874 4055
2875 4054
2876 4059
2877 4058
2878 4057
2879 4055
2880 4054
2881 4057
2882 4056
2883 4056
2884 4058
2885 4054
2886 4054
2887 4057
2888 4059
2889 4054
2890 4057
2891 4059
2892 4056
2893 4055
2894 4057
2895 4057
2896 4055
2897 4059
2898 4054
2899 4057
2900 4057
2901 4059
2902 4056
2903 4059
2904 4057
2905 4057
2906 4056
2907 4057
2908 4058
2909 4056
2910 4058
2911 4053
2912 4058
2913 4058
2914 4053
2915 4057
2916 4054
2917 4057
2918 4056
2919 4057
2920 4057
2921 4054
2922 4056
2923 4057
2924 4056
2925 4059
2926 4054
2927 4059
2928 4055
2929 4055
2930 4056
2931 4055
2932 4056
2933 4055
2934 4059
2935 4054
2936 4059
2937 4055
2938 4059
2939 4059
2940 4055
2941 4057
2942 4057
2943 4056
2944 4057
2945 4055
2946 4054
2947 4057
2948 4055
2949 4056
2950 4058
2951 4060
2952 4054
2953 4057
2954 4057
2955 4057
2956 4057
2957 4055
2958 4060
2959 4058
2960 4057
2961 4055
2962 4055
2963 4053
2964 4057
2965 4057
2966 4057
2967 4055
2968 4055
2969 4059
2970 4055
2971 4056
2972 4057
2973 4055
2974 4057
2975 4057
2976 4060
2977 4058
2978 4055
2979 4056
2980 4057
2981 4055
2982 4058
2983 4054
2984 4056
2985 4059
2986 4057
2987 4056
2988 4057
2989 4057
2990 4056
2991 4059
2992 4053
2993 4059
2994 4055
2995 4059
2996 4058
2997 4055
2998 4055
2999 4059
3000 4057
3001 4060
3002 4054
3003 4059
3004 4059
3005 4056
3006 4059
3007 4058
3008 4055
3009 4058
3010 4054
3011 4057
3012 4055
3013 4059
3014 4057
3015 4057
3016 4056
3017 4057
3018 4058
3019 4054
3020 4058
3021 4058
3022 4056
3023 4056
3024 4055
3025 4056
3026 4053
3027 4057
3028 4057
3029 4059
3030 4057
3031 4057
3032 4057
3033 4057
3034 4055
3035 4056
3036 4056
3037 4057
3038 4059
3039 4056
3040 4055
3041 4064
3042 4057
3043 4056
3044 4059
3045 4057
3046 4056
3047 4056
3048 4057
3049 4056
3050 4056
3051 4059
3052 4054
3053 4057
3054 4055
3055 4056
3056 4059
3057 4057
3058 4057
3059 4059
3060 4057
3061 4059
3062 4057
3063 4055
3064 4058
3065 4058
3066 4058
3067 4059
3068 4058
3069 4057
3070 4057
3071 4057
3072 4057
3073 4057
3074 4055
3075 4055
3076 4059
3077 4057
3078 4059
3079 4058
3080 4056
3081 4057
3082 4059
3083 4059
3084 4057
3085 4055
3086 4057
3087 4059
3088 4058
3089 4056
3090 4056
3091 4058
3092 4056
3093 4056
3094 4056
3095 4060
3096 4057
3097 4059
3098 4055
3099 4059
3100 4055
3101 4056
3102 4053
3103 4058
3104 4056
3105 4055
3106 4057
3107 4058
3108 4055
3109 4056
3110 4056
3111 4056
3112 4056
3113 4058
3114 4057
3115 4059
3116 4056
3117 4057
3118 4056
3119 4057
3120 4059
3121 4057
3122 4054
3123 4059
3124 4055
3125 4057
3126 4059
3127 4056
3128 4055
3129 4058
3130 4057
3131 4055
3132 4057
3133 4057
3134 4055
3135 4057
3136 4058
3137 4059
3138 4054
3139 4058
3140 4057
3141 4055
3142 4056
3143 4059
3144 4057
3145 4058
3146 4057
3147 4056
3148 4058
3149 4058
3150 4056
3151 4064
3152 4057
3153 4059
3154 4056
3155 4056
3156 4057
3157 4059
3158 4055
3159 4057
3160 4056
3161 4057
3162 4059
3163 4055
3164 4057
3165 4057
3166 4058
3167 4057
3168 4053
3169 4056
3170 4057
3171 4057
3172 4060
3173 4057
3174 4055
3175 4058
3176 4058
3177 4056
3178 4058
3179 4059
3180 4057
3181 4055
3182 4054
3183 4058
3184 4056
3185 4056
3186 4057
3187 4055
3188 4060
3189 4053
3190 4060
3191 4057
3192 4055
3193 4054
3194 4054
3195 4058
3196 4057
3197 4058
3198 4055
3199 4057
3200 4058
3201 4060
3202 4057
3203 4059
3204 4058
3205 4056
3206 4057
3207 4060
3208 4058
3209 4059
3210 4059
3211 4058
3212 4053
3213 4055
3214 4060
3215 4057
3216 4057
3217 4057
3218 4064
3219 4056
3220 4057
3221 4060
3222 4057
3223 4056
3224 4060
3225 4060
3226 4059
3227 4057
3228 4056
3229 4057
3230 4061
3231 4058
3232 4061
3233 4055
3234 4058
3235 4059
3236 4056
3237 4057
3238 4057
3239 4055
3240 4055
3241 4059
3242 4053
3243 4057
3244 4056
3245 4061
3246 4058
3247 4058
3248 4058
3249 4059
3250 4056
3251 4061
3252 4056
3253 4056
3254 4055
3255 4059
3256 4057
3257 4058
3258 4055
3259 4055
3260 4056
3261 4056
3262 4056
3263 4059
3264 4057
3265 4057
3266 4059
3267 4057
3268 4061
3269 4057
3270 4056
3271 4055
3272 4056
3273 4055
3274 4056
3275 4057
3276 4053
3277 4057
3278 4057
3279 4060
3280 4058
3281 4057
3282 4057
3283 4059
3284 4057
3285 4058
3286 4056
3287 4058
3288 4058
3289 4057
3290 4057
3291 4057
3292 4055
3293 4058
3294 4057
3295 4057
3296 4059
3297 4057
3298 4058
3299 4058
3300 4053
3301 4059
3302 4053
3303 4056
3304 4064
3305 4060
3306 4060
3307 4056
3308 4059
3309 4057
3310 4058
3311 4056
3312 4057
3313 4058
3314 4057
3315 4058
3316 4057
3317 4055
3318 4057
3319 4055
3320 4059
3321 4057
3322 4057
3323 4054
3324 4059
3325 4057
3326 4055
3327 4057
3328 4059
3329 4058
3330 4057
3331 4059
3332 4059
3333 4057
3334 4056
3335 4059
3336 4057
3337 4056
3338 4058
3339 4055
3340 4059
3341 4055
3342 4059
3343 4058
3344 4057
3345 4059
3346 4055
3347 4056
3348 4056
3349 4059
3350 4060
3351 4064
3352 4057
3353 4059
3354 4057
3355 4060
3356 4058
3357 4057
3358 4058
3359 4061
3360 4058
3361 4059
3362 4057
3363 4060
3364 4057
3365 4059
3366 4057
3367 4057
3368 4056
3369 4056
3370 4061
3371 4058
3372 4056
3373 4058
3374 4057
3375 4057
3376 4058
3377 4061
3378 4057
3379 4055
3380 4057
3381 4056
3382 4059
3383 4057
3384 4059
3385 4057
3386 4056
3387 4056
3388 4055
3389 4058
3390 4057
3391 4059
3392 4057
3393 4058
3394 4059
3395 4059
3396 4058
3397 4058
3398 4056
3399 4058
3400 4059
3401 4059
3402 4052
3403 4058
3404 4055
3405 4057
3406 4057
3407 4060
3408 4056
3409 4057
3410 4056
3411 4058
3412 4058
3413 4058
3414 4054
3415 4057
3416 4055
3417 4058
3418 4058
3419 4055
3420 4064
3421 4057
3422 4055
3423 4057
3424 4055
3425 4055
3426 4056
3427 4057
3428 4057
3429 4060
3430 4060
3431 4053
3432 4064
3433 4057
3434 4059
3435 4058
3436 4057
3437 4060
3438 4056
3439 4059
3440 4055
3441 4056
3442 4057
3443 4058
3444 4056
3445 4060
3446 4056
3447 4059
3448 4055
3449 4057
3450 4057
3451 4059
3452 4055
3453 4053
3454 4057
3455 4059
3456 4055
3457 4056
3458 4057
3459 4056
3460 4056
3461 4057
3462 4060
3463 4054
3464 4058
3465 4058
3466 4057
3467 4056
3468 4059
3469 4059
3470 4057
3471 4054
3472 4058
3473 4057
3474 4056
3475 4057
3476 4059
3477 4057
3478 4057
3479 4055
3480 4059
3481 4057
3482 4057
3483 4058
3484 4055
3485 4056
3486 4056
3487 4057
3488 4057
3489 4057
3490 4057
3491 4057
3492 4056
3493 4057
3494 4054
3495 4056
3496 4057
3497 4056
3498 4057
3499 4058
3500 4056
3501 4061
3502 4057
3503 4059
3504 4057
3505 4057
3506 4055
3507 4057
3508 4057
3509 4055
3510 4057
3511 4055
3512 4057
3513 4061
3514 4055
3515 4060
3516 4057
3517 4059
3518 4056
3519 4057
3520 4057
3521 4057
3522 4056
3523 4057
3524 4057
3525 4059
3526 4056
3527 4056
3528 4059
3529 4057
3530 4054
3531 4055
3532 4058
3533 4064
3534 4059
3535 4057
3536 4056
3537 4058
3538 4057
3539 4057
3540 4056
3541 4055
3542 4057
3543 4056
3544 4055
3545 4061
3546 4058
3547 4057
3548 4056
3549 4057
3550 4061
3551 4055
3552 4056
3553 4056
3554 4055
3555 4057
3556 4057
3557 4058
3558 4059
3559 4059
3560 4056
3561 4061
3562 4056
3563 4059
3564 4055
3565 4055
3566 4056
3567 4055
3568 4058
3569 4056
3570 4058
3571 4057
3572 4055
3573 4059
3574 4061
3575 4057
3576 4059
3577 4057
3578 4056
3579 4059
3580 4056
3581 4057
3582 4064
3583 4057
3584 4057
3585 4060
3586 4059
3587 4055
3588 4056
3589 4058
3590 4054
3591 4056
3592 4058
3593 4057
3594 4053
3595 4061
3596 4057
3597 4052
3598 4056
3599 4061
3600 4054
3601 4055
3602 4057
3603 4056
3604 4053
3605 4057
3606 4057
3607 4057
3608 4059
3609 4055
3610 4052
3611 4059
3612 4055
3613 4056
3614 4056
3615 4055
3616 4057
3617 4059
3618 4056
3619 4057
3620 4057
3621 4057
3622 4057
3623 4057
3624 4057
3625 4057
3626 4057
3627 4061
3628 4056
3629 4056
3630 4057
3631 4058
3632 4056
3633 4056
3634 4057
3635 4056
3636 4057
3637 4061
3638 4058
3639 4057
3640 4057
3641 4056
3642 4057
3643 4053
3644 4057
3645 4058
3646 4054
3647 4055
3648 4054
3649 4059
3650 4055
3651 4060
3652 4053
3653 4058
3654 4057
3655 4059
3656 4056
3657 4056
3658 4059
3659 4056
3660 4055
3661 4056
3662 4056
3663 4055
3664 4057
3665 4054
3666 4055
3667 4053
3668 4055
3669 4057
3670 4056
3671 4056
3672 4057
3673 4059
3674 4058
3675 4056
3676 4056
3677 4056
3678 4055
3679 4057
3680 4058
3681 4059
3682 4055
3683 4057
3684 4056
3685 4057
3686 4058
3687 4057
3688 4057
3689 4059
3690 4057
3691 4057
3692 4055
3693 4055
3694 4056
