#Data from the TCD1304 linear CCD
#column 1 = pixelnumber , column 2 = pixelvalue
#Pixel 1-32 and 3679-3694 and are dummy pixels
#SH-period: 200    ICG-period: 100000    Integration time: 100.0 us
2 4041
3 4042
4 4060
5 4061
6 4057
7 4058
8 4058
9 4061
10 4057
11 4061
12 4060
13 4061
14 4058
15 4057
16 4057
17 4057
18 4057
19 4060
20 4058
21 4060
22 4059
23 4057
24 4058
25 4061
26 4059
27 4055
28 4060
29 4059
30 4056
31 4060
32 4057
34 4057
35 4058
36 4056
37 4061
38 4057
39 4060
40 4060
41 4057
42 4057
43 4060
44 4060
45 4059
46 4057
47 4061
48 4056
49 4054
50 4060
51 4060
52 4056
53 4058
54 4061
55 4056
56 4057
57 4061
58 4058
59 4059
60 4058
61 4057
62 4057
63 4061
64 4060
65 4060
66 4055
67 4060
68 4064
69 4055
70 4057
71 4058
72 4058
73 4057
74 4058
75 4057
76 4060
77 4059
78 4057
79 4064
80 4060
81 4059
82 4059
83 4060
84 4060
85 4058
86 4060
87 4055
88 4057
89 4059
90 4062
91 4057
92 4057
93 4060
94 4058
95 4059
96 4059
97 4061
98 4057
99 4057
100 4060
101 4061
102 4057
103 4060
104 4059
105 4064
106 4058
107 4059
108 4061
109 4055
110 4060
111 4057
112 4061
113 4060
114 4059
115 4057
116 4059
117 4053
118 4060
119 4059
120 4058
121 4061
122 4061
123 4059
124 4058
125 4059
126 4057
127 4058
128 4060
129 4055
130 4057
131 4057
132 4056
133 4057
134 4056
135 4058
136 4055
137 4060
138 4059
139 4059
140 4057
141 4058
142 4064
143 4059
144 4059
145 4059
146 4057
147 4059
148 4057
149 4056
150 4059
151 4060
152 4054
153 4057
154 4060
155 4058
156 4058
157 4057
158 4059
159 4061
160 4059
161 4058
162 4058
163 4057
164 4059
165 4060
166 4058
167 4059
168 4058
169 4059
170 4059
171 4060
172 4059
173 4057
174 4058
175 4060
176 4056
177 4060
178 4057
179 4060
180 4058
181 4058
182 4056
183 4058
184 4059
185 4061
186 4059
187 4061
188 4064
189 4064
190 4058
191 4058
192 4060
193 4060
194 4059
195 4058
196 4056
197 4060
198 4058
199 4057
200 4058
201 4064
202 4055
203 4059
204 4053
205 4055
206 4060
207 4059
208 4059
209 4057
210 4057
211 4058
212 4058
213 4057
214 4064
215 4064
216 4058
217 4058
218 4056
219 4057
220 4055
221 4058
222 4060
223 4061
224 4061
225 4059
226 4059
227 4056
228 4058
229 4059
230 4059
231 4058
232 4058
233 4064
234 4059
235 4061
236 4060
237 4057
238 4058
239 4057
240 4060
241 4056
242 4060
243 4064
244 4060
245 4058
246 4057
247 4058
248 4059
249 4059
250 4055
251 4066
252 4056
253 4058
254 4060
255 4059
256 4060
257 4058
258 4060
259 4060
260 4064
261 4060
262 4060
263 4059
264 4057
265 4058
266 4059
267 4061
268 4059
269 4057
270 4057
271 4059
272 4061
273 4060
274 4057
275 4060
276 4059
277 4057
278 4057
279 4057
280 4056
281 4061
282 4056
283 4064
284 4058
285 4060
286 4059
287 4060
288 4059
289 4056
290 4056
291 4061
292 4058
293 4058
294 4056
295 4058
296 4059
297 4058
298 4061
299 4059
300 4059
301 4061
302 4058
303 4058
304 4064
305 4059
306 4058
307 4059
308 4057
309 4058
310 4059
311 4058
312 4057
313 4060
314 4060
315 4057
316 4058
317 4057
318 4060
319 4059
320 4059
321 4059
322 4058
323 4058
324 4058
325 4055
326 4064
327 4058
328 4059
329 4059
330 4061
331 4057
332 4057
333 4059
334 4056
335 4061
336 4059
337 4060
338 4059
339 4059
340 4059
341 4059
342 4057
343 4060
344 4058
345 4059
346 4059
347 4060
348 4056
349 4059
350 4058
351 4064
352 4056
353 4059
354 4058
355 4058
356 4058
357 4059
358 4054
359 4059
360 4058
361 4060
362 4057
363 4056
364 4060
365 4059
366 4058
367 4064
368 4061
369 4058
370 4057
371 4057
372 4057
373 4060
374 4059
375 4056
376 4057
377 4057
378 4057
379 4060
380 4058
381 4060
382 4058
383 4057
384 4060
385 4059
386 4060
387 4057
388 4057
389 4060
390 4061
391 4060
392 4057
393 4060
394 4061
395 4058
396 4057
397 4058
398 4059
399 4058
400 4059
401 4065
402 4057
403 4060
404 4058
405 4061
406 4059
407 4058
408 4061
409 4059
410 4059
411 4059
412 4058
413 4057
414 4061
415 4058
416 4060
417 4058
418 4060
419 4058
420 4059
421 4060
422 4057
423 4059
424 4059
425 4059
426 4057
427 4059
428 4057
429 4059
430 4061
431 4059
432 4055
433 4057
434 4057
435 4061
436 4059
437 4059
438 4057
439 4061
440 4057
441 4059
442 4056
443 4064
444 4057
445 4061
446 4058
447 4059
448 4056
449 4056
450 4055
451 4060
452 4055
453 4060
454 4059
455 4057
456 4061
457 4060
458 4057
459 4059
460 4061
461 4059
462 4054
463 4059
464 4058
465 4059
466 4060
467 4056
468 4059
469 4056
470 4059
471 4057
472 4057
473 4060
474 4057
475 4059
476 4057
477 4057
478 4058
479 4058
480 4056
481 4058
482 4058
483 4057
484 4062
485 4057
486 4061
487 4061
488 4054
489 4061
490 4059
491 4060
492 4059
493 4059
494 4057
495 4059
496 4058
497 4057
498 4060
499 4057
500 4061
501 4064
502 4056
503 4059
504 4059
505 4059
506 4060
507 4060
508 4055
509 4059
510 4059
511 4064
512 4057
513 4057
514 4055
515 4060
516 4060
517 4061
518 4057
519 4059
520 4057
521 4060
522 4057
523 4056
524 4057
525 4060
526 4059
527 4061
528 4057
529 4064
530 4056
531 4059
532 4057
533 4060
534 4055
535 4060
536 4060
537 4057
538 4060
539 4064
540 4061
541 4060
542 4057
543 4064
544 4060
545 4048
546 4059
547 4058
548 4059
549 4061
550 4058
551 4064
552 4057
553 4064
554 4058
555 4058
556 4060
557 4060
558 4057
559 4057
560 4060
561 4057
562 4058
563 4061
564 4058
565 4061
566 4061
567 4056
568 4060
569 4060
570 4059
571 4059
572 4058
573 4058
574 4058
575 4058
576 4064
577 4059
578 4056
579 4064
580 4058
581 4059
582 4058
583 4059
584 4057
585 4059
586 4058
587 4061
588 4057
589 4059
590 4056
591 4057
592 4058
593 4058
594 4059
595 4058
596 4058
597 4058
598 4059
599 4058
600 4061
601 4061
602 4056
603 4058
604 4056
605 4058
606 4057
607 4060
608 4058
609 4060
610 4058
611 4059
612 4062
613 4057
614 4057
615 4057
616 4057
617 4057
618 4056
619 4057
620 4057
621 4058
622 4058
623 4060
624 4057
625 4056
626 4059
627 4057
628 4055
629 4058
630 4059
631 4058
632 4059
633 4058
634 4056
635 4059
636 4057
637 4059
638 4057
639 4058
640 4061
641 4060
642 4056
643 4059
644 4059
645 4064
646 4059
647 4056
648 4064
649 4060
650 4057
651 4061
652 4055
653 4058
654 4061
655 4064
656 4061
657 4059
658 4059
659 4059
660 4059
661 4059
662 4058
663 4058
664 4061
665 4057
666 4055
667 4060
668 4061
669 4057
670 4059
671 4059
672 4057
673 4060
674 4060
675 4058
676 4058
677 4057
678 4059
679 4060
680 4060
681 4057
682 4059
683 4064
684 4056
685 4059
686 4060
687 4059
688 4060
689 4057
690 4056
691 4059
692 4057
693 4060
694 4060
695 4060
696 4057
697 4058
698 4059
699 4059
700 4061
701 4061
702 4055
703 4059
704 4058
705 4058
706 4055
707 4059
708 4060
709 4060
710 4061
711 4061
712 4057
713 4057
714 4057
715 4057
716 4060
717 4057
718 4056
719 4057
720 4059
721 4058
722 4057
723 4060
724 4059
725 4055
726 4058
727 4064
728 4054
729 4059
730 4058
731 4059
732 4058
733 4055
734 4058
735 4059
736 4060
737 4058
738 4057
739 4064
740 4058
741 4060
742 4056
743 4058
744 4055
745 4061
746 4064
747 4059
748 4059
749 4060
750 4057
751 4060
752 4057
753 4058
754 4058
755 4057
756 4058
757 4058
758 4054
759 4060
760 4057
761 4057
762 4061
763 4061
764 4060
765 4058
766 4057
767 4061
768 4060
769 4060
770 4058
771 4060
772 4060
773 4059
774 4064
775 4061
776 4057
777 4060
778 4060
779 4062
780 4059
781 4060
782 4060
783 4057
784 4059
785 4061
786 4059
787 4057
788 4056
789 4060
790 4057
791 4059
792 4060
793 4057
794 4057
795 4060
796 4058
797 4058
798 4057
799 4058
800 4057
801 4060
802 4056
803 4057
804 4059
805 4058
806 4061
807 4057
808 4060
809 4058
810 4057
811 4057
812 4059
813 4060
814 4059
815 4057
816 4061
817 4057
818 4060
819 4057
820 4057
821 4060
822 4061
823 4064
824 4059
825 4059
826 4057
827 4060
828 4057
829 4061
830 4060
831 4057
832 4058
833 4061
834 4060
835 4055
836 4064
837 4064
838 4064
839 4061
840 4055
841 4061
842 4057
843 4057
844 4061
845 4060
846 4060
847 4059
848 4056
849 4060
850 4057
851 4061
852 4056
853 4058
854 4061
855 4060
856 4058
857 4060
858 4057
859 4061
860 4061
861 4057
862 4061
863 4057
864 4059
865 4058
866 4058
867 4056
868 4060
869 4060
870 4059
871 4056
872 4059
873 4057
874 4057
875 4061
876 4059
877 4058
878 4057
879 4064
880 4054
881 4058
882 4059
883 4060
884 4057
885 4060
886 4059
887 4058
888 4057
889 4060
890 4057
891 4064
892 4057
893 4061
894 4055
895 4059
896 4061
897 4059
898 4060
899 4057
900 4057
901 4064
902 4055
903 4060
904 4057
905 4058
906 4058
907 4058
908 4056
909 4058
910 4058
911 4059
912 4060
913 4060
914 4059
915 4056
916 4056
917 4061
918 4060
919 4059
920 4059
921 4061
922 4058
923 4057
924 4064
925 4056
926 4057
927 4060
928 4057
929 4059
930 4057
931 4059
932 4060
933 4058
934 4061
935 4058
936 4055
937 4059
938 4056
939 4056
940 4058
941 4060
942 4059
943 4061
944 4061
945 4059
946 4059
947 4058
948 4055
949 4060
950 4056
951 4060
952 4057
953 4060
954 4059
955 4060
956 4057
957 4057
958 4059
959 4059
960 4058
961 4059
962 4057
963 4059
964 4058
965 4062
966 4059
967 4057
968 4055
969 4059
970 4058
971 4061
972 4057
973 4061
974 4064
975 4058
976 4059
977 4061
978 4057
979 4059
980 4057
981 4061
982 4058
983 4059
984 4060
985 4059
986 4056
987 4059
988 4061
989 4059
990 4055
991 4059
992 4060
993 4058
994 4058
995 4058
996 4060
997 4064
998 4058
999 4064
1000 4059
1001 4064
1002 4058
1003 4057
1004 4061
1005 4060
1006 4058
1007 4059
1008 4058
1009 4056
1010 4061
1011 4059
1012 4055
1013 4059
1014 4058
1015 4058
1016 4058
1017 4059
1018 4059
1019 4057
1020 4057
1021 4059
1022 4059
1023 4059
1024 4059
1025 4058
1026 4058
1027 4064
1028 4056
1029 4059
1030 4064
1031 4058
1032 4057
1033 4064
1034 4058
1035 4058
1036 4058
1037 4056
1038 4057
1039 4059
1040 4057
1041 4059
1042 4058
1043 4061
1044 4060
1045 4058
1046 4061
1047 4061
1048 4058
1049 4060
1050 4054
1051 4060
1052 4054
1053 4058
1054 4060
1055 4054
1056 4059
1057 4060
1058 4064
1059 4055
1060 4057
1061 4058
1062 4060
1063 4059
1064 4060
1065 4059
1066 4060
1067 4056
1068 4060
1069 4058
1070 4056
1071 4059
1072 4059
1073 4061
1074 4058
1075 4060
1076 4055
1077 4059
1078 4057
1079 4060
1080 4056
1081 4064
1082 4057
1083 4057
1084 4059
1085 4057
1086 4061
1087 4057
1088 4057
1089 4058
1090 4059
1091 4058
1092 4058
1093 4059
1094 4059
1095 4056
1096 4057
1097 4058
1098 4056
1099 4059
1100 4060
1101 4061
1102 4056
1103 4057
1104 4061
1105 4060
1106 4056
1107 4059
1108 4059
1109 4061
1110 4059
1111 4060
1112 4056
1113 4061
1114 4057
1115 4058
1116 4057
1117 4059
1118 4058
1119 4057
1120 4061
1121 4059
1122 4058
1123 4058
1124 4057
1125 4059
1126 4056
1127 4061
1128 4056
1129 4061
1130 4057
1131 4058
1132 4057
1133 4060
1134 4061
1135 4058
1136 4058
1137 4056
1138 4060
1139 4059
1140 4059
1141 4059
1142 4053
1143 4059
1144 4059
1145 4061
1146 4057
1147 4056
1148 4059
1149 4060
1150 4059
1151 4061
1152 4056
1153 4057
1154 4061
1155 4057
1156 4056
1157 4058
1158 4059
1159 4060
1160 4059
1161 4059
1162 4064
1163 4059
1164 4059
1165 4058
1166 4059
1167 4060
1168 4059
1169 4057
1170 4058
1171 4059
1172 4056
1173 4060
1174 4057
1175 4060
1176 4060
1177 4058
1178 4059
1179 4057
1180 4055
1181 4058
1182 4060
1183 4055
1184 4058
1185 4058
1186 4059
1187 4060
1188 4058
1189 4059
1190 4058
1191 4057
1192 4060
1193 4060
1194 4059
1195 4059
1196 4057
1197 4058
1198 4058
1199 4061
1200 4059
1201 4059
1202 4054
1203 4056
1204 4059
1205 4061
1206 4056
1207 4054
1208 4057
1209 4057
1210 4059
1211 4057
1212 4059
1213 4057
1214 4058
1215 4059
1216 4060
1217 4057
1218 4060
1219 4057
1220 4058
1221 4059
1222 4058
1223 4059
1224 4058
1225 4060
1226 4057
1227 4056
1228 4058
1229 4061
1230 4056
1231 4064
1232 4060
1233 4060
1234 4059
1235 4057
1236 4064
1237 4059
1238 4059
1239 4057
1240 4064
1241 4061
1242 4057
1243 4058
1244 4056
1245 4060
1246 4058
1247 4057
1248 4061
1249 4060
1250 4057
1251 4061
1252 4053
1253 4059
1254 4057
1255 4057
1256 4057
1257 4059
1258 4057
1259 4061
1260 4056
1261 4058
1262 4060
1263 4057
1264 4057
1265 4059
1266 4059
1267 4059
1268 4059
1269 4059
1270 4057
1271 4064
1272 4058
1273 4059
1274 4057
1275 4060
1276 4057
1277 4058
1278 4058
1279 4057
1280 4064
1281 4057
1282 4056
1283 4059
1284 4058
1285 4056
1286 4061
1287 4057
1288 4060
1289 4059
1290 4057
1291 4059
1292 4057
1293 4057
1294 4057
1295 4060
1296 4057
1297 4059
1298 4059
1299 4060
1300 4058
1301 4064
1302 4055
1303 4054
1304 4064
1305 4057
1306 4061
1307 4059
1308 4060
1309 4053
1310 4057
1311 4060
1312 4061
1313 4061
1314 4055
1315 4057
1316 4060
1317 4059
1318 4059
1319 4060
1320 4058
1321 4058
1322 4056
1323 4059
1324 4059
1325 4059
1326 4058
1327 4057
1328 4055
1329 4060
1330 4059
1331 4059
1332 4057
1333 4060
1334 4059
1335 4057
1336 4058
1337 4057
1338 4059
1339 4057
1340 4059
1341 4058
1342 4060
1343 4056
1344 4055
1345 4058
1346 4059
1347 4059
1348 4057
1349 4064
1350 4056
1351 4071
1352 4055
1353 4060
1354 4064
1355 4064
1356 4055
1357 4059
1358 4056
1359 4057
1360 4059
1361 4057
1362 4058
1363 4064
1364 4058
1365 4058
1366 4064
1367 4058
1368 4057
1369 4058
1370 4058
1371 4061
1372 4057
1373 4058
1374 4058
1375 4057
1376 4057
1377 4058
1378 4055
1379 4064
1380 4061
1381 4056
1382 4057
1383 4061
1384 4057
1385 4057
1386 4057
1387 4058
1388 4057
1389 4060
1390 4060
1391 4056
1392 4058
1393 4064
1394 4060
1395 4061
1396 4060
1397 4056
1398 4055
1399 4057
1400 4064
1401 4064
1402 4054
1403 4057
1404 4060
1405 4060
1406 4061
1407 4057
1408 4058
1409 4059
1410 4056
1411 4059
1412 4057
1413 4059
1414 4058
1415 4059
1416 4058
1417 4058
1418 4064
1419 4057
1420 4060
1421 4059
1422 4058
1423 4058
1424 4058
1425 4056
1426 4058
1427 4060
1428 4059
1429 4059
1430 4055
1431 4057
1432 4060
1433 4064
1434 4060
1435 4057
1436 4057
1437 4058
1438 4059
1439 4058
1440 4061
1441 4064
1442 4055
1443 4058
1444 4055
1445 4056
1446 4058
1447 4059
1448 4059
1449 4057
1450 4059
1451 4059
1452 4056
1453 4059
1454 4058
1455 4060
1456 4057
1457 4060
1458 4060
1459 4058
1460 4056
1461 4057
1462 4057
1463 4057
1464 4058
1465 4058
1466 4059
1467 4057
1468 4055
1469 4064
1470 4056
1471 4060
1472 4058
1473 4059
1474 4056
1475 4061
1476 4057
1477 4060
1478 4057
1479 4059
1480 4056
1481 4060
1482 4058
1483 4055
1484 4059
1485 4056
1486 4057
1487 4058
1488 4058
1489 4057
1490 4059
1491 4058
1492 4057
1493 4060
1494 4058
1495 4061
1496 4059
1497 4060
1498 4057
1499 4058
1500 4057
1501 4066
1502 4054
1503 4061
1504 4061
1505 4060
1506 4057
1507 4059
1508 4056
1509 4060
1510 4059
1511 4057
1512 4059
1513 4057
1514 4059
1515 4056
1516 4057
1517 4059
1518 4059
1519 4059
1520 4059
1521 4060
1522 4060
1523 4058
1524 4060
1525 4060
1526 4060
1527 4056
1528 4056
1529 4059
1530 4059
1531 4060
1532 4057
1533 4058
1534 4060
1535 4056
1536 4060
1537 4058
1538 4059
1539 4057
1540 4055
1541 4060
1542 4058
1543 4058
1544 4064
1545 4058
1546 4057
1547 4060
1548 4057
1549 4057
1550 4057
1551 4060
1552 4061
1553 4059
1554 4061
1555 4055
1556 4057
1557 4060
1558 4059
1559 4060
1560 4059
1561 4057
1562 4055
1563 4059
1564 4059
1565 4057
1566 4057
1567 4057
1568 4058
1569 4058
1570 4060
1571 4059
1572 4060
1573 4060
1574 4057
1575 4059
1576 4056
1577 4058
1578 4059
1579 4058
1580 4064
1581 4062
1582 4057
1583 4060
1584 4057
1585 4060
1586 4057
1587 4059
1588 4056
1589 4059
1590 4060
1591 4056
1592 4057
1593 4057
1594 4055
1595 4061
1596 4058
1597 4056
1598 4058
1599 4061
1600 4057
1601 4060
1602 4055
1603 4055
1604 4064
1605 4059
1606 4059
1607 4056
1608 4059
1609 4058
1610 4057
1611 4058
1612 4058
1613 4060
1614 4058
1615 4057
1616 4064
1617 4057
1618 4057
1619 4059
1620 4057
1621 4064
1622 4059
1623 4058
1624 4057
1625 4059
1626 4058
1627 4060
1628 4058
1629 4064
1630 4057
1631 4057
1632 4057
1633 4057
1634 4058
1635 4058
1636 4058
1637 4057
1638 4059
1639 4060
1640 4057
1641 4061
1642 4059
1643 4055
1644 4060
1645 4057
1646 4060
1647 4058
1648 4059
1649 4058
1650 4059
1651 4059
1652 4057
1653 4058
1654 4061
1655 4056
1656 4058
1657 4057
1658 4060
1659 4057
1660 4061
1661 4057
1662 4057
1663 4061
1664 4061
1665 4058
1666 4059
1667 4057
1668 4059
1669 4060
1670 4059
1671 4059
1672 4060
1673 4059
1674 4057
1675 4058
1676 4058
1677 4064
1678 4056
1679 4058
1680 4058
1681 4059
1682 4058
1683 4057
1684 4059
1685 4060
1686 4056
1687 4057
1688 4060
1689 4059
1690 4061
1691 4061
1692 4054
1693 4058
1694 4059
1695 4057
1696 4057
1697 4060
1698 4064
1699 4057
1700 4057
1701 4060
1702 4054
1703 4058
1704 4059
1705 4059
1706 4055
1707 4058
1708 4057
1709 4058
1710 4056
1711 4059
1712 4060
1713 4057
1714 4057
1715 4060
1716 4058
1717 4058
1718 4059
1719 4057
1720 4056
1721 4059
1722 4056
1723 4058
1724 4053
1725 4059
1726 4057
1727 4057
1728 4059
1729 4064
1730 4056
1731 4059
1732 4057
1733 4057
1734 4059
1735 4057
1736 4055
1737 4059
1738 4061
1739 4057
1740 4059
1741 4064
1742 4057
1743 4057
1744 4060
1745 4059
1746 4057
1747 4057
1748 4056
1749 4058
1750 4060
1751 4061
1752 4054
1753 4059
1754 4064
1755 4059
1756 4059
1757 4058
1758 4057
1759 4060
1760 4058
1761 4057
1762 4058
1763 4060
1764 4061
1765 4058
1766 4058
1767 4060
1768 4057
1769 4057
1770 4058
1771 4058
1772 4059
1773 4057
1774 4057
1775 4059
1776 4057
1777 4061
1778 4057
1779 4060
1780 4057
1781 4059
1782 4058
1783 4059
1784 4059
1785 4059
1786 4060
1787 4060
1788 4059
1789 4058
1790 4057
1791 4061
1792 4056
1793 4057
1794 4057
1795 4059
1796 4057
1797 4060
1798 4058
1799 4057
1800 4056
1801 4064
1802 4059
1803 4061
1804 4059
1805 4058
1806 4059
1807 4061
1808 4057
1809 4057
1810 4064
1811 4058
1812 4059
1813 4058
1814 4059
1815 4060
1816 4059
1817 4057
1818 4057
1819 4060
1820 4057
1821 4058
1822 4057
1823 4060
1824 4059
1825 4057
1826 4058
1827 4059
1828 4058
1829 4058
1830 4057
1831 4055
1832 4061
1833 4056
1834 4057
1835 4060
1836 4057
1837 4060
1838 4058
1839 4057
1840 4056
1841 4060
1842 4054
1843 4056
1844 4061
1845 4059
1846 4054
1847 4059
1848 4055
1849 4057
1850 4058
1851 4061
1852 4059
1853 4060
1854 4058
1855 4056
1856 4059
1857 4058
1858 4060
1859 4060
1860 4057
1861 4059
1862 4057
1863 4056
1864 4056
1865 4057
1866 4061
1867 4060
1868 4059
1869 4057
1870 4055
1871 4059
1872 4058
1873 4058
1874 4057
1875 4058
1876 4058
1877 4061
1878 4056
1879 4060
1880 4056
1881 4060
1882 4060
1883 4060
1884 4057
1885 4059
1886 4056
1887 4058
1888 4058
1889 4058
1890 4057
1891 4061
1892 4056
1893 4057
1894 4064
1895 4057
1896 4057
1897 4058
1898 4058
1899 4058
1900 4058
1901 4061
1902 4053
1903 4058
1904 4056
1905 4058
1906 4057
1907 4057
1908 4056
1909 4057
1910 4056
1911 4058
1912 4061
1913 4060
1914 4057
1915 4060
1916 4060
1917 4059
1918 4057
1919 4059
1920 4057
1921 4059
1922 4056
1923 4064
1924 4057
1925 4057
1926 4059
1927 4056
1928 4056
1929 4060
1930 4059
1931 4059
1932 4057
1933 4060
1934 4057
1935 4059
1936 4059
1937 4058
1938 4064
1939 4058
1940 4060
1941 4058
1942 4061
1943 4057
1944 4061
1945 4059
1946 4060
1947 4059
1948 4056
1949 4057
1950 4060
1951 4059
1952 4056
1953 4055
1954 4058
1955 4057
1956 4059
1957 4057
1958 4054
1959 4061
1960 4057
1961 4059
1962 4055
1963 4059
1964 4059
1965 4058
1966 4060
1967 4059
1968 4058
1969 4058
1970 4059
1971 4058
1972 4059
1973 4061
1974 4060
1975 4058
1976 4059
1977 4057
1978 4061
1979 4056
1980 4058
1981 4060
1982 4056
1983 4057
1984 4060
1985 4057
1986 4058
1987 4057
1988 4057
1989 4060
1990 4061
1991 4055
1992 4061
1993 4059
1994 4059
1995 4061
1996 4056
1997 4060
1998 4061
1999 4059
2000 4059
2001 4061
2002 4056
2003 4057
2004 4061
2005 4057
2006 4057
2007 4060
2008 4056
2009 4057
2010 4057
2011 4057
2012 4056
2013 4060
2014 4057
2015 4056
2016 4057
2017 4057
2018 4057
2019 4057
2020 4060
2021 4058
2022 4058
2023 4055
2024 4058
2025 4057
2026 4060
2027 4057
2028 4057
2029 4061
2030 4055
2031 4057
2032 4058
2033 4057
2034 4061
2035 4058
2036 4059
2037 4057
2038 4056
2039 4056
2040 4060
2041 4059
2042 4056
2043 4057
2044 4057
2045 4058
2046 4057
2047 4058
2048 4059
2049 4056
2050 4057
2051 4059
2052 4060
2053 4059
2054 4061
2055 4057
2056 4057
2057 4059
2058 4057
2059 4055
2060 4056
2061 4064
2062 4060
2063 4057
2064 4058
2065 4057
2066 4057
2067 4058
2068 4055
2069 4057
2070 4056
2071 4058
2072 4057
2073 4055
2074 4059
2075 4056
2076 4059
2077 4057
2078 4055
2079 4064
2080 4054
2081 4057
2082 4059
2083 4059
2084 4056
2085 4059
2086 4057
2087 4056
2088 4057
2089 4060
2090 4056
2091 4060
2092 4056
2093 4059
2094 4058
2095 4058
2096 4056
2097 4056
2098 4058
2099 4054
2100 4056
2101 4060
2102 4055
2103 4056
2104 4061
2105 4057
2106 4057
2107 4061
2108 4057
2109 4056
2110 4056
2111 4057
2112 4057
2113 4057
2114 4056
2115 4058
2116 4057
2117 4059
2118 4056
2119 4058
2120 4057
2121 4059
2122 4059
2123 4057
2124 4058
2125 4059
2126 4059
2127 4059
2128 4058
2129 4058
2130 4058
2131 4059
2132 4058
2133 4060
2134 4056
2135 4057
2136 4060
2137 4058
2138 4059
2139 4056
2140 4058
2141 4059
2142 4059
2143 4059
2144 4057
2145 4057
2146 4059
2147 4056
2148 4059
2149 4061
2150 4060
2151 4060
2152 4057
2153 4059
2154 4061
2155 4058
2156 4058
2157 4060
2158 4058
2159 4057
2160 4057
2161 4059
2162 4058
2163 4061
2164 4058
2165 4060
2166 4058
2167 4060
2168 4059
2169 4059
2170 4058
2171 4058
2172 4059
2173 4057
2174 4059
2175 4057
2176 4061
2177 4057
2178 4058
2179 4059
2180 4060
2181 4057
2182 4060
2183 4060
2184 4056
2185 4059
2186 4057
2187 4057
2188 4060
2189 4057
2190 4060
2191 4061
2192 4060
2193 4059
2194 4059
2195 4064
2196 4058
2197 4059
2198 4056
2199 4060
2200 4055
2201 4065
2202 4056
2203 4058
2204 4056
2205 4064
2206 4057
2207 4057
2208 4058
2209 4059
2210 4058
2211 4060
2212 4057
2213 4057
2214 4060
2215 4057
2216 4060
2217 4061
2218 4058
2219 4059
2220 4059
2221 4060
2222 4064
2223 4059
2224 4056
2225 4057
2226 4061
2227 4058
2228 4060
2229 4060
2230 4056
2231 4057
2232 4055
2233 4060
2234 4059
2235 4058
2236 4059
2237 4058
2238 4058
2239 4060
2240 4059
2241 4060
2242 4056
2243 4057
2244 4059
2245 4057
2246 4058
2247 4058
2248 4056
2249 4059
2250 4057
2251 4059
2252 4057
2253 4057
2254 4059
2255 4060
2256 4057
2257 4061
2258 4061
2259 4056
2260 4058
2261 4056
2262 4058
2263 4060
2264 4059
2265 4064
2266 4059
2267 4058
2268 4060
2269 4059
2270 4059
2271 4061
2272 4060
2273 4059
2274 4059
2275 4060
2276 4056
2277 4064
2278 4059
2279 4064
2280 4058
2281 4060
2282 4058
2283 4058
2284 4056
2285 4058
2286 4064
2287 4058
2288 4060
2289 4057
2290 4060
2291 4059
2292 4060
2293 4059
2294 4057
2295 4060
2296 4057
2297 4060
2298 4057
2299 4058
2300 4057
2301 4064
2302 4057
2303 4056
2304 4064
2305 4056
2306 4057
2307 4060
2308 4060
2309 4059
2310 4059
2311 4056
2312 4060
2313 4059
2314 4059
2315 4057
2316 4059
2317 4058
2318 4057
2319 4058
2320 4059
2321 4059
2322 4057
2323 4060
2324 4057
2325 4058
2326 4060
2327 4059
2328 4057
2329 4064
2330 4059
2331 4059
2332 4058
2333 4060
2334 4057
2335 4060
2336 4064
2337 4057
2338 4060
2339 4060
2340 4058
2341 4057
2342 4061
2343 4058
2344 4064
2345 4059
2346 4058
2347 4058
2348 4059
2349 4058
2350 4056
2351 4064
2352 4059
2353 4054
2354 4057
2355 4058
2356 4060
2357 4060
2358 4060
2359 4059
2360 4059
2361 4061
2362 4059
2363 4057
2364 4059
2365 4058
2366 4057
2367 4058
2368 4059
2369 4059
2370 4057
2371 4059
2372 4056
2373 4061
2374 4059
2375 4060
2376 4060
2377 4058
2378 4059
2379 4057
2380 4056
2381 4060
2382 4058
2383 4060
2384 4055
2385 4058
2386 4059
2387 4061
2388 4056
2389 4059
2390 4057
2391 4064
2392 4057
2393 4061
2394 4060
2395 4059
2396 4058
2397 4057
2398 4060
2399 4060
2400 4056
2401 4060
2402 4057
2403 4058
2404 4059
2405 4059
2406 4059
2407 4060
2408 4058
2409 4060
2410 4056
2411 4059
2412 4057
2413 4057
2414 4060
2415 4060
2416 4059
2417 4055
2418 4064
2419 4059
2420 4058
2421 4059
2422 4060
2423 4058
2424 4057
2425 4060
2426 4058
2427 4059
2428 4055
2429 4059
2430 4060
2431 4059
2432 4058
2433 4057
2434 4057
2435 4057
2436 4061
2437 4064
2438 4057
2439 4060
2440 4058
2441 4061
2442 4058
2443 4057
2444 4058
2445 4058
2446 4057
2447 4057
2448 4056
2449 4055
2450 4059
2451 4060
2452 4053
2453 4057
2454 4060
2455 4058
2456 4059
2457 4059
2458 4055
2459 4056
2460 4061
2461 4057
2462 4060
2463 4058
2464 4061
2465 4061
2466 4057
2467 4055
2468 4058
2469 4057
2470 4057
2471 4057
2472 4058
2473 4057
2474 4057
2475 4057
2476 4057
2477 4058
2478 4057
2479 4060
2480 4058
2481 4061
2482 4061
2483 4054
2484 4060
2485 4057
2486 4058
2487 4060
2488 4057
2489 4059
2490 4054
2491 4061
2492 4059
2493 4060
2494 4055
2495 4059
2496 4055
2497 4056
2498 4059
2499 4057
2500 4057
2501 4060
2502 4053
2503 4057
2504 4058
2505 4060
2506 4057
2507 4056
2508 4056
2509 4057
2510 4059
2511 4059
2512 4056
2513 4055
2514 4059
2515 4060
2516 4059
2517 4060
2518 4059
2519 4057
2520 4058
2521 4057
2522 4056
2523 4061
2524 4058
2525 4059
2526 4059
2527 4060
2528 4057
2529 4059
2530 4052
2531 4058
2532 4057
2533 4059
2534 4057
2535 4060
2536 4058
2537 4059
2538 4055
2539 4059
2540 4060
2541 4058
2542 4057
2543 4061
2544 4057
2545 4058
2546 4057
2547 4060
2548 4057
2549 4061
2550 4055
2551 4059
2552 4057
2553 4057
2554 4059
2555 4057
2556 4056
2557 4057
2558 4055
2559 4060
2560 4054
2561 4058
2562 4059
2563 4054
2564 4058
2565 4059
2566 4057
2567 4056
2568 4061
2569 4058
2570 4060
2571 4061
2572 4058
2573 4060
2574 4058
2575 4059
2576 4064
2577 4060
2578 4055
2579 4059
2580 4059
2581 4056
2582 4059
2583 4057
2584 4056
2585 4057
2586 4056
2587 4057
2588 4058
2589 4059
2590 4059
2591 4058
2592 4057
2593 4059
2594 4057
2595 4057
2596 4059
2597 4060
2598 4057
2599 4057
2600 4057
2601 4060
2602 4058
2603 4060
2604 4058
2605 4057
2606 4058
2607 4060
2608 4060
2609 4055
2610 4057
2611 4057
2612 4056
2613 4056
2614 4057
2615 4057
2616 4058
2617 4058
2618 4057
2619 4056
2620 4058
2621 4061
2622 4060
2623 4058
2624 4057
2625 4057
2626 4059
2627 4057
2628 4057
2629 4061
2630 4059
2631 4058
2632 4056
2633 4060
2634 4055
2635 4057
2636 4057
2637 4057
2638 4059
2639 4057
2640 4056
2641 4057
2642 4058
2643 4058
2644 4057
2645 4061
2646 4057
2647 4056
2648 4057
2649 4059
2650 4060
2651 4061
2652 4057
2653 4056
2654 4057
2655 4059
2656 4065
2657 4060
2658 4056
2659 4059
2660 4061
2661 4053
2662 4061
2663 4056
2664 4056
2665 4058
2666 4056
2667 4064
2668 4059
2669 4057
2670 4059
2671 4055
2672 4057
2673 4061
2674 4056
2675 4059
2676 4057
2677 4058
2678 4057
2679 4058
2680 4057
2681 4056
2682 4058
2683 4058
2684 4056
2685 4058
2686 4060
2687 4058
2688 4060
2689 4058
2690 4059
2691 4060
2692 4055
2693 4059
2694 4053
2695 4060
2696 4060
2697 4056
2698 4057
2699 4058
2700 4055
2701 4061
2702 4056
2703 4057
2704 4057
2705 4058
2706 4058
2707 4057
2708 4055
2709 4061
2710 4056
2711 4056
2712 4061
2713 4058
2714 4056
2715 4057
2716 4058
2717 4059
2718 4064
2719 4056
2720 4058
2721 4057
2722 4059
2723 4058
2724 4058
2725 4058
2726 4057
2727 4058
2728 4057
2729 4059
2730 4057
2731 4059
2732 4056
2733 4058
2734 4056
2735 4056
2736 4054
2737 4057
2738 4057
2739 4058
2740 4055
2741 4058
2742 4058
2743 4061
2744 4059
2745 4057
2746 4056
2747 4057
2748 4057
2749 4058
2750 4057
2751 4060
2752 4056
2753 4055
2754 4057
2755 4061
2756 4057
2757 4058
2758 4059
2759 4056
2760 4055
2761 4056
2762 4059
2763 4054
2764 4058
2765 4057
2766 4061
2767 4059
2768 4055
2769 4059
2770 4058
2771 4058
2772 4057
2773 4057
2774 4056
2775 4064
2776 4058
2777 4054
2778 4055
2779 4061
2780 4058
2781 4060
2782 4058
2783 4059
2784 4056
2785 4058
2786 4056
2787 4057
2788 4055
2789 4058
2790 4059
2791 4056
2792 4060
2793 4057
2794 4056
2795 4054
2796 4059
2797 4060
2798 4056
2799 4056
2800 4059
2801 4060
2802 4057
2803 4059
2804 4057
2805 4056
2806 4055
2807 4056
2808 4057
2809 4056
2810 4059
2811 4057
2812 4057
2813 4060
2814 4060
2815 4060
2816 4056
2817 4060
2818 4060
2819 4059
2820 4057
2821 4060
2822 4058
2823 4059
2824 4057
2825 4055
2826 4058
2827 4060
2828 4060
2829 4060
2830 4057
2831 4064
2832 4058
2833 4059
2834 4059
2835 4061
2836 4059
2837 4058
2838 4059
2839 4059
2840 4057
2841 4056
2842 4058
2843 4061
2844 4057
2845 4056
2846 4057
2847 4060
2848 4056
2849 4057
2850 4058
2851 4066
2852 4057
2853 4057
2854 4059
2855 4056
2856 4060
2857 4061
2858 4057
2859 4058
2860 4057
2861 4054
2862 4060
2863 4058
2864 4056
2865 4057
2866 4057
2867 4058
2868 4057
2869 4056
2870 4057
2871 4060
2872 4057
2873 4061
2874 4056
2875 4061
2876 4055
2877 4059
2878 4059
2879 4058
2880 4060
2881 4061
2882 4057
2883 4061
2884 4057
2885 4058
2886 4055
2887 4060
2888 4059
2889 4060
2890 4059
2891 4060
2892 4056
2893 4059
2894 4057
2895 4058
2896 4060
2897 4064
2898 4058
2899 4058
2900 4060
2901 4064
2902 4053
2903 4058
2904 4061
2905 4061
2906 4058
2907 4059
2908 4057
2909 4058
2910 4058
2911 4059
2912 4056
2913 4055
2914 4057
2915 4059
2916 4064
2917 4059
2918 4059
2919 4061
2920 4060
2921 4057
2922 4059
2923 4060
2924 4059
2925 4057
2926 4057
2927 4056
2928 4057
2929 4064
2930 4060
2931 4064
2932 4058
2933 4060
2934 4056
2935 4057
2936 4059
2937 4060
2938 4057
2939 4062
2940 4059
2941 4058
2942 4060
2943 4058
2944 4059
2945 4056
2946 4056
2947 4064
2948 4056
2949 4057
2950 4060
2951 4064
2952 4059
2953 4056
2954 4060
2955 4059
2956 4059
2957 4061
2958 4058
2959 4058
2960 4059
2961 4059
2962 4056
2963 4057
2964 4060
2965 4056
2966 4061
2967 4058
2968 4058
2969 4061
2970 4056
2971 4061
2972 4057
2973 4060
2974 4059
2975 4057
2976 4061
2977 4060
2978 4058
2979 4064
2980 4056
2981 4061
2982 4059
2983 4060
2984 4058
2985 4058
2986 4056
2987 4060
2988 4058
2989 4061
2990 4056
2991 4058
2992 4057
2993 4064
2994 4057
2995 4058
2996 4058
2997 4059
2998 4060
2999 4059
3000 4057
3001 4064
3002 4056
3003 4061
3004 4058
3005 4060
3006 4059
3007 4058
3008 4060
3009 4059
3010 4056
3011 4058
3012 4060
3013 4059
3014 4057
3015 4060
3016 4057
3017 4060
3018 4057
3019 4060
3020 4059
3021 4061
3022 4057
3023 4057
3024 4057
3025 4058
3026 4060
3027 4055
3028 4055
3029 4060
3030 4055
3031 4057
3032 4057
3033 4060
3034 4061
3035 4054
3036 4060
3037 4059
3038 4060
3039 4058
3040 4061
3041 4059
3042 4059
3043 4059
3044 4057
3045 4057
3046 4059
3047 4058
3048 4058
3049 4057
3050 4056
3051 4061
3052 4056
3053 4059
3054 4064
3055 4056
3056 4060
3057 4056
3058 4058
3059 4059
3060 4057
3061 4058
3062 4057
3063 4057
3064 4059
3065 4057
3066 4058
3067 4058
3068 4055
3069 4059
3070 4056
3071 4058
3072 4055
3073 4060
3074 4057
3075 4055
3076 4057
3077 4058
3078 4054
3079 4061
3080 4059
3081 4059
3082 4058
3083 4057
3084 4059
3085 4056
3086 4059
3087 4059
3088 4060
3089 4057
3090 4058
3091 4057
3092 4059
3093 4058
3094 4056
3095 4057
3096 4058
3097 4059
3098 4058
3099 4057
3100 4059
3101 4064
3102 4056
3103 4057
3104 4061
3105 4059
3106 4057
3107 4055
3108 4057
3109 4060
3110 4058
3111 4061
3112 4057
3113 4060
3114 4058
3115 4058
3116 4059
3117 4057
3118 4055
3119 4060
3120 4056
3121 4060
3122 4058
3123 4061
3124 4053
3125 4061
3126 4059
3127 4060
3128 4059
3129 4060
3130 4060
3131 4056
3132 4058
3133 4055
3134 4060
3135 4060
3136 4061
3137 4059
3138 4060
3139 4061
3140 4057
3141 4059
3142 4057
3143 4056
3144 4064
3145 4057
3146 4057
3147 4061
3148 4057
3149 4058
3150 4059
3151 4058
3152 4057
3153 4056
3154 4060
3155 4057
3156 4057
3157 4056
3158 4056
3159 4057
3160 4061
3161 4059
3162 4056
3163 4061
3164 4055
3165 4056
3166 4059
3167 4058
3168 4057
3169 4058
3170 4061
3171 4057
3172 4056
3173 4057
3174 4057
3175 4060
3176 4059
3177 4056
3178 4059
3179 4059
3180 4055
3181 4058
3182 4059
3183 4058
3184 4059
3185 4056
3186 4059
3187 4058
3188 4060
3189 4058
3190 4061
3191 4059
3192 4057
3193 4058
3194 4058
3195 4059
3196 4057
3197 4058
3198 4058
3199 4058
3200 4054
3201 4064
3202 4054
3203 4059
3204 4059
3205 4057
3206 4060
3207 4057
3208 4058
3209 4057
3210 4056
3211 4057
3212 4057
3213 4058
3214 4057
3215 4057
3216 4060
3217 4059
3218 4055
3219 4059
3220 4059
3221 4061
3222 4060
3223 4057
3224 4056
3225 4057
3226 4055
3227 4064
3228 4057
3229 4060
3230 4057
3231 4060
3232 4058
3233 4055
3234 4060
3235 4060
3236 4056
3237 4057
3238 4059
3239 4057
3240 4059
3241 4060
3242 4061
3243 4055
3244 4061
3245 4059
3246 4060
3247 4058
3248 4059
3249 4057
3250 4057
3251 4064
3252 4058
3253 4054
3254 4064
3255 4057
3256 4057
3257 4057
3258 4061
3259 4058
3260 4058
3261 4057
3262 4058
3263 4059
3264 4057
3265 4059
3266 4059
3267 4061
3268 4057
3269 4058
3270 4057
3271 4059
3272 4060
3273 4064
3274 4060
3275 4061
3276 4061
3277 4058
3278 4057
3279 4061
3280 4061
3281 4055
3282 4060
3283 4060
3284 4059
3285 4060
3286 4060
3287 4060
3288 4060
3289 4062
3290 4058
3291 4059
3292 4057
3293 4056
3294 4057
3295 4059
3296 4060
3297 4059
3298 4055
3299 4060
3300 4057
3301 4061
3302 4056
3303 4057
3304 4061
3305 4057
3306 4060
3307 4055
3308 4060
3309 4061
3310 4059
3311 4061
3312 4060
3313 4060
3314 4061
3315 4059
3316 4058
3317 4058
3318 4061
3319 4058
3320 4059
3321 4061
3322 4059
3323 4057
3324 4060
3325 4060
3326 4059
3327 4060
3328 4057
3329 4064
3330 4057
3331 4057
3332 4057
3333 4057
3334 4058
3335 4060
3336 4059
3337 4059
3338 4058
3339 4057
3340 4059
3341 4057
3342 4059
3343 4057
3344 4059
3345 4064
3346 4060
3347 4057
3348 4061
3349 4059
3350 4058
3351 4064
3352 4059
3353 4059
3354 4058
3355 4060
3356 4058
3357 4056
3358 4059
3359 4057
3360 4059
3361 4059
3362 4056
3363 4064
3364 4060
3365 4058
3366 4061
3367 4057
3368 4060
3369 4057
3370 4057
3371 4058
3372 4059
3373 4060
3374 4060
3375 4059
3376 4058
3377 4057
3378 4056
3379 4061
3380 4053
3381 4057
3382 4060
3383 4056
3384 4061
3385 4058
3386 4059
3387 4060
3388 4055
3389 4059
3390 4059
3391 4055
3392 4061
3393 4057
3394 4058
3395 4060
3396 4057
3397 4058
3398 4061
3399 4060
3400 4061
3401 4060
3402 4055
3403 4058
3404 4060
3405 4061
3406 4056
3407 4058
3408 4060
3409 4057
3410 4059
3411 4058
3412 4057
3413 4061
3414 4057
3415 4059
3416 4057
3417 4058
3418 4058
3419 4059
3420 4058
3421 4059
3422 4060
3423 4061
3424 4061
3425 4056
3426 4057
3427 4059
3428 4057
3429 4057
3430 4059
3431 4059
3432 4060
3433 4060
3434 4059
3435 4057
3436 4057
3437 4056
3438 4059
3439 4060
3440 4059
3441 4059
3442 4057
3443 4059
3444 4060
3445 4061
3446 4058
3447 4057
3448 4058
3449 4060
3450 4058
3451 4061
3452 4056
3453 4057
3454 4060
3455 4059
3456 4057
3457 4057
3458 4056
3459 4060
3460 4060
3461 4058
3462 4058
3463 4061
3464 4057
3465 4058
3466 4059
3467 4055
3468 4057
3469 4057
3470 4061
3471 4060
3472 4058
3473 4059
3474 4057
3475 4060
3476 4064
3477 4057
3478 4057
3479 4057
3480 4062
3481 4059
3482 4060
3483 4060
3484 4058
3485 4060
3486 4059
3487 4060
3488 4056
3489 4059
3490 4061
3491 4059
3492 4057
3493 4060
3494 4057
3495 4064
3496 4059
3497 4060
3498 4057
3499 4059
3500 4061
3501 4062
3502 4059
3503 4059
3504 4060
3505 4058
3506 4058
3507 4058
3508 4059
3509 4060
3510 4058
3511 4058
3512 4058
3513 4059
3514 4061
3515 4056
3516 4058
3517 4061
3518 4057
3519 4058
3520 4057
3521 4058
3522 4056
3523 4056
3524 4059
3525 4056
3526 4057
3527 4060
3528 4058
3529 4059
3530 4060
3531 4061
3532 4059
3533 4060
3534 4057
3535 4059
3536 4059
3537 4059
3538 4057
3539 4059
3540 4059
3541 4058
3542 4060
3543 4058
3544 4056
3545 4060
3546 4060
3547 4058
3548 4064
3549 4058
3550 4064
3551 4060
3552 4053
3553 4057
3554 4057
3555 4061
3556 4058
3557 4059
3558 4056
3559 4060
3560 4058
3561 4059
3562 4055
3563 4059
3564 4059
3565 4058
3566 4057
3567 4057
3568 4053
3569 4060
3570 4057
3571 4060
3572 4056
3573 4060
3574 4057
3575 4060
3576 4059
3577 4061
3578 4059
3579 4058
3580 4061
3581 4058
3582 4055
3583 4061
3584 4057
3585 4055
3586 4057
3587 4059
3588 4058
3589 4060
3590 4059
3591 4059
3592 4057
3593 4056
3594 4059
3595 4058
3596 4064
3597 4057
3598 4060
3599 4059
3600 4057
3601 4061
3602 4057
3603 4056
3604 4059
3605 4061
3606 4061
3607 4059
3608 4059
3609 4058
3610 4060
3611 4057
3612 4060
3613 4061
3614 4057
3615 4060
3616 4059
3617 4061
3618 4056
3619 4058
3620 4060
3621 4057
3622 4057
3623 4061
3624 4057
3625 4058
3626 4058
3627 4064
3628 4055
3629 4060
3630 4059
3631 4064
3632 4057
3633 4064
3634 4058
3635 4058
3636 4061
3637 4057
3638 4059
3639 4056
3640 4059
3641 4058
3642 4061
3643 4061
3644 4058
3645 4057
3646 4057
3647 4059
3648 4059
3649 4061
3650 4058
3651 4064
3652 4057
3653 4066
3654 4057
3655 4056
3656 4059
3657 4059
3658 4061
3659 4056
3660 4058
3661 4058
3662 4058
3663 4058
3664 4061
3665 4057
3666 4057
3667 4057
3668 4060
3669 4058
3670 4058
3671 4055
3672 4058
3673 4056
3674 4059
3675 4060
3676 4057
3677 4059
3678 4059
3679 4060
3680 4057
3681 4060
3682 4057
3683 4064
3684 4057
3685 4058
3686 4060
3687 4059
3688 4061
3689 4059
3690 4060
3691 4059
3692 4057
3693 4057
3694 4057
