#Data from the TCD1304 linear CCD
#column 1 = pixelnumber , column 2 = pixelvalue
#Pixel 1-32 and 3679-3694 and are dummy pixels
#SH-period: 200    ICG-period: 100000    Integration time: 100.0 us
2 4037
3 4037
4 4055
5 4054
6 4053
7 4057
8 4059
9 4051
10 4059
11 4056
12 4056
13 4052
14 4053
15 4055
16 4055
17 4055
18 4054
19 4054
20 4051
21 4056
22 4054
23 4053
24 4055
25 4057
26 4054
27 4056
28 4057
29 4057
30 4059
31 4057
32 4057
34 4053
35 4055
36 4056
37 4056
38 4053
39 4057
40 4054
41 4057
42 4059
43 4056
44 4055
45 4056
46 4057
47 4057
48 4055
49 4056
50 4054
51 4056
52 4058
53 4055
54 4057
55 4059
56 4053
57 4057
58 4055
59 4054
60 4055
61 4055
62 4058
63 4055
64 4055
65 4058
66 4057
67 4056
68 4056
69 4055
70 4056
71 4057
72 4054
73 4058
74 4056
75 4055
76 4053
77 4056
78 4057
79 4051
80 4056
81 4055
82 4054
83 4054
84 4060
85 4054
86 4057
87 4054
88 4056
89 4057
90 4056
91 4056
92 4056
93 4056
94 4059
95 4053
96 4055
97 4057
98 4056
99 4055
100 4058
101 4056
102 4056
103 4056
104 4054
105 4057
106 4051
107 4058
108 4055
109 4057
110 4054
111 4058
112 4057
113 4056
114 4055
115 4058
116 4056
117 4057
118 4053
119 4060
120 4055
121 4056
122 4059
123 4053
124 4057
125 4057
126 4058
127 4057
128 4053
129 4055
130 4054
131 4054
132 4059
133 4054
134 4058
135 4057
136 4057
137 4057
138 4056
139 4056
140 4056
141 4057
142 4055
143 4057
144 4057
145 4059
146 4057
147 4056
148 4056
149 4055
150 4057
151 4057
152 4047
153 4055
154 4056
155 4054
156 4055
157 4059
158 4056
159 4054
160 4056
161 4056
162 4057
163 4057
164 4055
165 4054
166 4056
167 4055
168 4055
169 4057
170 4056
171 4054
172 4057
173 4056
174 4058
175 4053
176 4055
177 4059
178 4056
179 4056
180 4056
181 4059
182 4055
183 4056
184 4057
185 4056
186 4057
187 4058
188 4053
189 4052
190 4057
191 4057
192 4055
193 4059
194 4053
195 4054
196 4057
197 4056
198 4057
199 4057
200 4058
201 4059
202 4053
203 4056
204 4054
205 4058
206 4057
207 4057
208 4055
209 4059
210 4057
211 4055
212 4055
213 4056
214 4058
215 4054
216 4055
217 4053
218 4055
219 4057
220 4058
221 4056
222 4053
223 4056
224 4057
225 4059
226 4055
227 4056
228 4058
229 4054
230 4057
231 4051
232 4056
233 4055
234 4057
235 4053
236 4058
237 4061
238 4057
239 4056
240 4056
241 4057
242 4054
243 4057
244 4059
245 4053
246 4055
247 4055
248 4056
249 4052
250 4056
251 4061
252 4051
253 4058
254 4052
255 4055
256 4057
257 4056
258 4057
259 4055
260 4053
261 4057
262 4054
263 4056
264 4055
265 4057
266 4056
267 4053
268 4055
269 4055
270 4057
271 4059
272 4055
273 4055
274 4056
275 4054
276 4056
277 4057
278 4056
279 4054
280 4056
281 4053
282 4060
283 4057
284 4054
285 4055
286 4057
287 4055
288 4056
289 4053
290 4054
291 4058
292 4055
293 4055
294 4059
295 4053
296 4054
297 4053
298 4056
299 4058
300 4055
301 4057
302 4054
303 4057
304 4053
305 4056
306 4056
307 4058
308 4057
309 4056
310 4057
311 4057
312 4053
313 4056
314 4055
315 4055
316 4058
317 4055
318 4057
319 4056
320 4055
321 4059
322 4057
323 4055
324 4056
325 4057
326 4053
327 4055
328 4057
329 4057
330 4052
331 4056
332 4057
333 4056
334 4058
335 4057
336 4059
337 4061
338 4053
339 4055
340 4056
341 4057
342 4056
343 4054
344 4057
345 4055
346 4055
347 4057
348 4055
349 4056
350 4056
351 4058
352 4054
353 4057
354 4055
355 4056
356 4059
357 4055
358 4051
359 4058
360 4054
361 4054
362 4056
363 4055
364 4056
365 4057
366 4054
367 4055
368 4054
369 4057
370 4056
371 4059
372 4055
373 4055
374 4055
375 4056
376 4052
377 4053
378 4058
379 4057
380 4056
381 4056
382 4056
383 4055
384 4058
385 4055
386 4058
387 4057
388 4055
389 4057
390 4056
391 4061
392 4056
393 4057
394 4057
395 4055
396 4058
397 4054
398 4053
399 4056
400 4054
401 4058
402 4055
403 4058
404 4056
405 4059
406 4054
407 4058
408 4057
409 4057
410 4056
411 4055
412 4055
413 4054
414 4056
415 4054
416 4056
417 4058
418 4053
419 4059
420 4057
421 4054
422 4053
423 4053
424 4057
425 4059
426 4054
427 4057
428 4056
429 4055
430 4056
431 4055
432 4052
433 4057
434 4055
435 4059
436 4056
437 4058
438 4055
439 4056
440 4057
441 4057
442 4060
443 4054
444 4056
445 4055
446 4053
447 4057
448 4057
449 4057
450 4061
451 4057
452 4054
453 4059
454 4053
455 4057
456 4057
457 4056
458 4057
459 4056
460 4055
461 4055
462 4055
463 4057
464 4053
465 4057
466 4060
467 4057
468 4054
469 4061
470 4057
471 4053
472 4056
473 4058
474 4056
475 4058
476 4057
477 4054
478 4053
479 4055
480 4053
481 4057
482 4057
483 4057
484 4056
485 4055
486 4059
487 4055
488 4057
489 4057
490 4055
491 4060
492 4054
493 4055
494 4061
495 4052
496 4055
497 4054
498 4058
499 4054
500 4061
501 4056
502 4053
503 4059
504 4055
505 4055
506 4053
507 4056
508 4055
509 4057
510 4056
511 4056
512 4059
513 4055
514 4056
515 4054
516 4055
517 4053
518 4053
519 4055
520 4054
521 4056
522 4057
523 4054
524 4059
525 4057
526 4056
527 4053
528 4055
529 4056
530 4057
531 4057
532 4056
533 4053
534 4052
535 4056
536 4055
537 4055
538 4056
539 4056
540 4058
541 4058
542 4055
543 4057
544 4056
545 4054
546 4054
547 4055
548 4054
549 4057
550 4056
551 4058
552 4051
553 4055
554 4057
555 4056
556 4055
557 4054
558 4053
559 4059
560 4053
561 4056
562 4053
563 4056
564 4059
565 4055
566 4056
567 4054
568 4055
569 4055
570 4059
571 4058
572 4057
573 4055
574 4057
575 4053
576 4055
577 4055
578 4054
579 4057
580 4055
581 4056
582 4060
583 4055
584 4055
585 4057
586 4056
587 4053
588 4055
589 4053
590 4052
591 4055
592 4056
593 4055
594 4054
595 4057
596 4056
597 4057
598 4053
599 4056
600 4059
601 4061
602 4056
603 4057
604 4057
605 4055
606 4057
607 4057
608 4053
609 4058
610 4055
611 4054
612 4058
613 4058
614 4056
615 4053
616 4056
617 4055
618 4056
619 4057
620 4054
621 4052
622 4059
623 4056
624 4054
625 4054
626 4059
627 4055
628 4057
629 4056
630 4057
631 4057
632 4052
633 4055
634 4055
635 4055
636 4055
637 4056
638 4053
639 4053
640 4057
641 4053
642 4054
643 4056
644 4057
645 4055
646 4055
647 4059
648 4055
649 4058
650 4055
651 4061
652 4056
653 4057
654 4050
655 4057
656 4060
657 4056
658 4052
659 4055
660 4054
661 4056
662 4057
663 4054
664 4054
665 4059
666 4055
667 4056
668 4056
669 4060
670 4053
671 4053
672 4056
673 4059
674 4054
675 4053
676 4054
677 4056
678 4059
679 4056
680 4056
681 4054
682 4054
683 4058
684 4055
685 4058
686 4057
687 4057
688 4056
689 4057
690 4058
691 4055
692 4057
693 4057
694 4059
695 4055
696 4056
697 4056
698 4056
699 4054
700 4056
701 4058
702 4051
703 4059
704 4056
705 4055
706 4056
707 4059
708 4057
709 4057
710 4058
711 4056
712 4053
713 4055
714 4054
715 4057
716 4053
717 4057
718 4054
719 4058
720 4057
721 4057
722 4056
723 4057
724 4056
725 4059
726 4059
727 4061
728 4057
729 4056
730 4057
731 4053
732 4057
733 4053
734 4053
735 4054
736 4057
737 4058
738 4053
739 4056
740 4058
741 4055
742 4057
743 4057
744 4055
745 4053
746 4054
747 4058
748 4056
749 4056
750 4057
751 4056
752 4056
753 4055
754 4054
755 4055
756 4057
757 4054
758 4056
759 4057
760 4057
761 4053
762 4055
763 4056
764 4054
765 4055
766 4059
767 4058
768 4053
769 4060
770 4055
771 4054
772 4057
773 4056
774 4056
775 4058
776 4056
777 4056
778 4057
779 4055
780 4055
781 4056
782 4059
783 4054
784 4057
785 4058
786 4053
787 4057
788 4055
789 4057
790 4051
791 4059
792 4056
793 4053
794 4057
795 4057
796 4053
797 4061
798 4054
799 4055
800 4055
801 4056
802 4049
803 4054
804 4056
805 4057
806 4050
807 4055
808 4054
809 4057
810 4056
811 4053
812 4057
813 4058
814 4054
815 4056
816 4053
817 4056
818 4056
819 4059
820 4052
821 4055
822 4060
823 4057
824 4057
825 4056
826 4056
827 4054
828 4055
829 4057
830 4060
831 4058
832 4055
833 4057
834 4053
835 4059
836 4058
837 4057
838 4055
839 4056
840 4055
841 4056
842 4055
843 4055
844 4057
845 4055
846 4055
847 4056
848 4056
849 4057
850 4055
851 4055
852 4052
853 4053
854 4057
855 4057
856 4057
857 4056
858 4057
859 4055
860 4056
861 4053
862 4057
863 4057
864 4057
865 4057
866 4056
867 4054
868 4056
869 4059
870 4056
871 4057
872 4053
873 4054
874 4057
875 4057
876 4053
877 4056
878 4057
879 4054
880 4056
881 4056
882 4053
883 4053
884 4055
885 4060
886 4053
887 4055
888 4053
889 4061
890 4056
891 4057
892 4055
893 4053
894 4058
895 4053
896 4057
897 4057
898 4057
899 4056
900 4058
901 4061
902 4055
903 4056
904 4057
905 4055
906 4055
907 4057
908 4054
909 4057
910 4056
911 4055
912 4055
913 4057
914 4057
915 4054
916 4057
917 4055
918 4056
919 4061
920 4056
921 4056
922 4057
923 4058
924 4053
925 4057
926 4053
927 4056
928 4053
929 4056
930 4055
931 4053
932 4057
933 4056
934 4057
935 4055
936 4054
937 4056
938 4057
939 4056
940 4057
941 4057
942 4059
943 4055
944 4056
945 4056
946 4053
947 4055
948 4055
949 4053
950 4056
951 4061
952 4055
953 4055
954 4054
955 4056
956 4053
957 4054
958 4055
959 4054
960 4055
961 4055
962 4053
963 4055
964 4052
965 4055
966 4056
967 4055
968 4057
969 4057
970 4056
971 4055
972 4055
973 4054
974 4054
975 4057
976 4055
977 4056
978 4057
979 4060
980 4051
981 4056
982 4057
983 4059
984 4056
985 4055
986 4054
987 4056
988 4053
989 4055
990 4053
991 4059
992 4055
993 4057
994 4055
995 4056
996 4056
997 4059
998 4056
999 4054
1000 4056
1001 4064
1002 4052
1003 4054
1004 4057
1005 4052
1006 4054
1007 4056
1008 4057
1009 4057
1010 4059
1011 4053
1012 4056
1013 4056
1014 4057
1015 4059
1016 4057
1017 4057
1018 4055
1019 4060
1020 4053
1021 4055
1022 4055
1023 4059
1024 4052
1025 4058
1026 4057
1027 4056
1028 4053
1029 4057
1030 4057
1031 4053
1032 4058
1033 4057
1034 4056
1035 4058
1036 4055
1037 4053
1038 4057
1039 4057
1040 4056
1041 4056
1042 4053
1043 4056
1044 4057
1045 4053
1046 4056
1047 4058
1048 4055
1049 4057
1050 4058
1051 4059
1052 4053
1053 4055
1054 4057
1055 4055
1056 4055
1057 4058
1058 4056
1059 4057
1060 4059
1061 4055
1062 4056
1063 4056
1064 4058
1065 4054
1066 4053
1067 4055
1068 4057
1069 4059
1070 4053
1071 4057
1072 4055
1073 4056
1074 4059
1075 4061
1076 4055
1077 4056
1078 4057
1079 4056
1080 4057
1081 4054
1082 4056
1083 4056
1084 4055
1085 4057
1086 4055
1087 4056
1088 4057
1089 4054
1090 4056
1091 4056
1092 4058
1093 4057
1094 4058
1095 4055
1096 4054
1097 4054
1098 4059
1099 4055
1100 4055
1101 4060
1102 4056
1103 4056
1104 4055
1105 4055
1106 4055
1107 4054
1108 4052
1109 4059
1110 4055
1111 4057
1112 4056
1113 4053
1114 4056
1115 4053
1116 4055
1117 4056
1118 4053
1119 4058
1120 4054
1121 4055
1122 4053
1123 4057
1124 4058
1125 4056
1126 4056
1127 4059
1128 4059
1129 4060
1130 4057
1131 4054
1132 4057
1133 4061
1134 4057
1135 4054
1136 4056
1137 4057
1138 4054
1139 4056
1140 4057
1141 4056
1142 4058
1143 4055
1144 4057
1145 4059
1146 4056
1147 4055
1148 4056
1149 4057
1150 4060
1151 4060
1152 4053
1153 4054
1154 4055
1155 4059
1156 4054
1157 4057
1158 4053
1159 4055
1160 4057
1161 4059
1162 4056
1163 4056
1164 4056
1165 4055
1166 4059
1167 4057
1168 4057
1169 4059
1170 4058
1171 4057
1172 4055
1173 4055
1174 4055
1175 4057
1176 4057
1177 4056
1178 4056
1179 4057
1180 4057
1181 4055
1182 4056
1183 4060
1184 4056
1185 4053
1186 4057
1187 4057
1188 4057
1189 4055
1190 4058
1191 4059
1192 4055
1193 4058
1194 4054
1195 4056
1196 4058
1197 4055
1198 4058
1199 4055
1200 4055
1201 4057
1202 4055
1203 4056
1204 4053
1205 4057
1206 4057
1207 4061
1208 4057
1209 4059
1210 4055
1211 4059
1212 4057
1213 4055
1214 4057
1215 4055
1216 4057
1217 4057
1218 4056
1219 4056
1220 4053
1221 4055
1222 4056
1223 4060
1224 4057
1225 4057
1226 4057
1227 4061
1228 4058
1229 4057
1230 4060
1231 4056
1232 4057
1233 4054
1234 4055
1235 4057
1236 4056
1237 4052
1238 4056
1239 4054
1240 4055
1241 4057
1242 4055
1243 4060
1244 4057
1245 4056
1246 4055
1247 4057
1248 4055
1249 4055
1250 4056
1251 4064
1252 4054
1253 4057
1254 4058
1255 4055
1256 4056
1257 4060
1258 4055
1259 4054
1260 4056
1261 4057
1262 4055
1263 4054
1264 4056
1265 4057
1266 4055
1267 4055
1268 4053
1269 4057
1270 4055
1271 4056
1272 4054
1273 4060
1274 4055
1275 4058
1276 4054
1277 4056
1278 4055
1279 4057
1280 4056
1281 4055
1282 4056
1283 4057
1284 4055
1285 4056
1286 4056
1287 4056
1288 4056
1289 4056
1290 4053
1291 4053
1292 4056
1293 4053
1294 4055
1295 4057
1296 4052
1297 4053
1298 4057
1299 4055
1300 4056
1301 4060
1302 4050
1303 4057
1304 4057
1305 4056
1306 4054
1307 4056
1308 4053
1309 4054
1310 4053
1311 4054
1312 4053
1313 4055
1314 4055
1315 4055
1316 4055
1317 4056
1318 4056
1319 4055
1320 4055
1321 4054
1322 4052
1323 4053
1324 4057
1325 4054
1326 4054
1327 4055
1328 4052
1329 4052
1330 4056
1331 4054
1332 4055
1333 4057
1334 4053
1335 4057
1336 4055
1337 4057
1338 4052
1339 4056
1340 4053
1341 4058
1342 4055
1343 4057
1344 4056
1345 4058
1346 4054
1347 4056
1348 4057
1349 4056
1350 4057
1351 4060
1352 4058
1353 4053
1354 4053
1355 4058
1356 4055
1357 4059
1358 4049
1359 4055
1360 4056
1361 4058
1362 4057
1363 4061
1364 4054
1365 4059
1366 4058
1367 4055
1368 4056
1369 4059
1370 4053
1371 4053
1372 4055
1373 4057
1374 4053
1375 4054
1376 4054
1377 4055
1378 4059
1379 4056
1380 4053
1381 4053
1382 4059
1383 4055
1384 4053
1385 4057
1386 4056
1387 4061
1388 4054
1389 4055
1390 4056
1391 4057
1392 4054
1393 4059
1394 4053
1395 4056
1396 4056
1397 4054
1398 4055
1399 4057
1400 4053
1401 4059
1402 4055
1403 4053
1404 4054
1405 4056
1406 4057
1407 4057
1408 4052
1409 4061
1410 4054
1411 4053
1412 4057
1413 4057
1414 4056
1415 4056
1416 4053
1417 4057
1418 4055
1419 4057
1420 4055
1421 4057
1422 4056
1423 4056
1424 4055
1425 4057
1426 4054
1427 4058
1428 4056
1429 4057
1430 4058
1431 4054
1432 4057
1433 4055
1434 4054
1435 4059
1436 4057
1437 4056
1438 4056
1439 4059
1440 4055
1441 4054
1442 4054
1443 4056
1444 4058
1445 4057
1446 4056
1447 4055
1448 4055
1449 4056
1450 4053
1451 4060
1452 4051
1453 4055
1454 4056
1455 4057
1456 4052
1457 4056
1458 4055
1459 4056
1460 4060
1461 4055
1462 4053
1463 4055
1464 4055
1465 4058
1466 4058
1467 4059
1468 4056
1469 4059
1470 4055
1471 4055
1472 4056
1473 4056
1474 4056
1475 4052
1476 4057
1477 4054
1478 4055
1479 4055
1480 4053
1481 4055
1482 4057
1483 4054
1484 4057
1485 4053
1486 4057
1487 4059
1488 4055
1489 4057
1490 4053
1491 4052
1492 4056
1493 4053
1494 4055
1495 4060
1496 4054
1497 4057
1498 4055
1499 4055
1500 4054
1501 4064
1502 4055
1503 4058
1504 4057
1505 4055
1506 4054
1507 4055
1508 4054
1509 4059
1510 4054
1511 4057
1512 4056
1513 4058
1514 4057
1515 4057
1516 4056
1517 4055
1518 4053
1519 4057
1520 4056
1521 4058
1522 4055
1523 4057
1524 4057
1525 4056
1526 4057
1527 4057
1528 4055
1529 4054
1530 4056
1531 4055
1532 4058
1533 4056
1534 4058
1535 4057
1536 4057
1537 4057
1538 4058
1539 4059
1540 4057
1541 4057
1542 4055
1543 4056
1544 4054
1545 4052
1546 4057
1547 4054
1548 4056
1549 4057
1550 4056
1551 4059
1552 4054
1553 4057
1554 4058
1555 4057
1556 4055
1557 4056
1558 4055
1559 4056
1560 4056
1561 4056
1562 4058
1563 4054
1564 4054
1565 4057
1566 4055
1567 4053
1568 4057
1569 4053
1570 4054
1571 4056
1572 4057
1573 4055
1574 4058
1575 4054
1576 4054
1577 4057
1578 4059
1579 4059
1580 4053
1581 4056
1582 4059
1583 4056
1584 4053
1585 4057
1586 4055
1587 4057
1588 4054
1589 4053
1590 4057
1591 4054
1592 4053
1593 4057
1594 4058
1595 4053
1596 4053
1597 4058
1598 4055
1599 4055
1600 4053
1601 4058
1602 4053
1603 4056
1604 4057
1605 4056
1606 4057
1607 4057
1608 4056
1609 4055
1610 4051
1611 4053
1612 4058
1613 4053
1614 4056
1615 4057
1616 4054
1617 4058
1618 4057
1619 4054
1620 4055
1621 4055
1622 4053
1623 4055
1624 4056
1625 4056
1626 4053
1627 4057
1628 4054
1629 4058
1630 4055
1631 4057
1632 4057
1633 4056
1634 4057
1635 4058
1636 4055
1637 4058
1638 4055
1639 4055
1640 4055
1641 4057
1642 4053
1643 4055
1644 4057
1645 4057
1646 4056
1647 4056
1648 4056
1649 4056
1650 4053
1651 4061
1652 4054
1653 4055
1654 4054
1655 4058
1656 4055
1657 4060
1658 4056
1659 4056
1660 4053
1661 4057
1662 4053
1663 4057
1664 4056
1665 4058
1666 4056
1667 4055
1668 4056
1669 4058
1670 4056
1671 4056
1672 4057
1673 4058
1674 4056
1675 4057
1676 4055
1677 4057
1678 4055
1679 4053
1680 4064
1681 4057
1682 4055
1683 4058
1684 4056
1685 4058
1686 4054
1687 4054
1688 4056
1689 4057
1690 4057
1691 4054
1692 4058
1693 4054
1694 4053
1695 4057
1696 4055
1697 4053
1698 4058
1699 4056
1700 4055
1701 4059
1702 4054
1703 4057
1704 4054
1705 4057
1706 4053
1707 4057
1708 4055
1709 4057
1710 4057
1711 4057
1712 4055
1713 4057
1714 4057
1715 4057
1716 4055
1717 4056
1718 4056
1719 4058
1720 4055
1721 4055
1722 4055
1723 4057
1724 4055
1725 4055
1726 4053
1727 4055
1728 4053
1729 4057
1730 4056
1731 4056
1732 4057
1733 4059
1734 4056
1735 4056
1736 4056
1737 4052
1738 4054
1739 4057
1740 4055
1741 4055
1742 4057
1743 4057
1744 4055
1745 4055
1746 4057
1747 4056
1748 4055
1749 4057
1750 4055
1751 4056
1752 4052
1753 4057
1754 4056
1755 4056
1756 4053
1757 4058
1758 4058
1759 4054
1760 4058
1761 4055
1762 4056
1763 4056
1764 4058
1765 4054
1766 4057
1767 4058
1768 4055
1769 4056
1770 4055
1771 4057
1772 4052
1773 4054
1774 4055
1775 4055
1776 4055
1777 4055
1778 4056
1779 4057
1780 4057
1781 4054
1782 4058
1783 4059
1784 4056
1785 4057
1786 4054
1787 4058
1788 4054
1789 4057
1790 4057
1791 4056
1792 4057
1793 4058
1794 4055
1795 4055
1796 4053
1797 4057
1798 4057
1799 4060
1800 4057
1801 4060
1802 4053
1803 4057
1804 4056
1805 4055
1806 4055
1807 4057
1808 4055
1809 4058
1810 4057
1811 4060
1812 4056
1813 4054
1814 4054
1815 4056
1816 4055
1817 4055
1818 4053
1819 4055
1820 4053
1821 4058
1822 4054
1823 4055
1824 4053
1825 4054
1826 4057
1827 4057
1828 4057
1829 4055
1830 4057
1831 4052
1832 4057
1833 4056
1834 4057
1835 4057
1836 4058
1837 4057
1838 4055
1839 4056
1840 4055
1841 4053
1842 4056
1843 4055
1844 4055
1845 4054
1846 4057
1847 4055
1848 4055
1849 4057
1850 4057
1851 4061
1852 4054
1853 4054
1854 4056
1855 4059
1856 4057
1857 4056
1858 4056
1859 4053
1860 4059
1861 4056
1862 4058
1863 4059
1864 4055
1865 4059
1866 4058
1867 4056
1868 4057
1869 4057
1870 4056
1871 4057
1872 4053
1873 4058
1874 4055
1875 4055
1876 4055
1877 4058
1878 4053
1879 4057
1880 4057
1881 4055
1882 4058
1883 4056
1884 4055
1885 4055
1886 4055
1887 4057
1888 4056
1889 4055
1890 4057
1891 4053
1892 4056
1893 4055
1894 4056
1895 4057
1896 4058
1897 4056
1898 4056
1899 4057
1900 4053
1901 4059
1902 4050
1903 4058
1904 4054
1905 4055
1906 4053
1907 4055
1908 4053
1909 4056
1910 4057
1911 4057
1912 4057
1913 4055
1914 4057
1915 4057
1916 4054
1917 4057
1918 4057
1919 4057
1920 4055
1921 4054
1922 4053
1923 4056
1924 4057
1925 4055
1926 4054
1927 4055
1928 4056
1929 4056
1930 4056
1931 4057
1932 4054
1933 4055
1934 4052
1935 4057
1936 4054
1937 4056
1938 4055
1939 4057
1940 4054
1941 4057
1942 4057
1943 4055
1944 4053
1945 4056
1946 4056
1947 4058
1948 4054
1949 4058
1950 4059
1951 4056
1952 4052
1953 4059
1954 4056
1955 4055
1956 4053
1957 4056
1958 4054
1959 4057
1960 4056
1961 4053
1962 4055
1963 4057
1964 4056
1965 4056
1966 4055
1967 4054
1968 4055
1969 4057
1970 4052
1971 4055
1972 4054
1973 4055
1974 4055
1975 4059
1976 4054
1977 4055
1978 4057
1979 4056
1980 4056
1981 4052
1982 4054
1983 4056
1984 4055
1985 4057
1986 4054
1987 4056
1988 4056
1989 4056
1990 4057
1991 4056
1992 4053
1993 4055
1994 4057
1995 4057
1996 4056
1997 4054
1998 4056
1999 4059
2000 4054
2001 4058
2002 4054
2003 4054
2004 4058
2005 4053
2006 4056
2007 4056
2008 4056
2009 4056
2010 4056
2011 4057
2012 4055
2013 4056
2014 4056
2015 4053
2016 4053
2017 4053
2018 4057
2019 4056
2020 4055
2021 4055
2022 4055
2023 4054
2024 4055
2025 4054
2026 4055
2027 4055
2028 4054
2029 4057
2030 4056
2031 4053
2032 4057
2033 4056
2034 4057
2035 4056
2036 4055
2037 4055
2038 4053
2039 4057
2040 4054
2041 4053
2042 4055
2043 4051
2044 4055
2045 4056
2046 4052
2047 4056
2048 4057
2049 4057
2050 4056
2051 4058
2052 4056
2053 4057
2054 4054
2055 4054
2056 4058
2057 4057
2058 4057
2059 4056
2060 4056
2061 4056
2062 4055
2063 4056
2064 4056
2065 4059
2066 4057
2067 4054
2068 4055
2069 4064
2070 4055
2071 4055
2072 4057
2073 4055
2074 4056
2075 4057
2076 4059
2077 4056
2078 4057
2079 4057
2080 4055
2081 4057
2082 4053
2083 4055
2084 4055
2085 4059
2086 4057
2087 4054
2088 4055
2089 4055
2090 4057
2091 4055
2092 4053
2093 4055
2094 4057
2095 4056
2096 4056
2097 4061
2098 4058
2099 4059
2100 4056
2101 4064
2102 4051
2103 4058
2104 4057
2105 4053
2106 4053
2107 4056
2108 4054
2109 4057
2110 4057
2111 4055
2112 4055
2113 4055
2114 4057
2115 4060
2116 4052
2117 4055
2118 4055
2119 4056
2120 4053
2121 4055
2122 4053
2123 4058
2124 4054
2125 4057
2126 4055
2127 4059
2128 4056
2129 4055
2130 4057
2131 4057
2132 4057
2133 4056
2134 4057
2135 4059
2136 4055
2137 4055
2138 4056
2139 4057
2140 4054
2141 4055
2142 4058
2143 4056
2144 4055
2145 4059
2146 4054
2147 4057
2148 4053
2149 4057
2150 4055
2151 4061
2152 4052
2153 4056
2154 4057
2155 4056
2156 4055
2157 4055
2158 4054
2159 4059
2160 4057
2161 4054
2162 4056
2163 4055
2164 4053
2165 4058
2166 4055
2167 4059
2168 4055
2169 4058
2170 4059
2171 4056
2172 4055
2173 4057
2174 4057
2175 4054
2176 4057
2177 4057
2178 4054
2179 4055
2180 4056
2181 4057
2182 4059
2183 4053
2184 4060
2185 4054
2186 4056
2187 4054
2188 4053
2189 4055
2190 4058
2191 4053
2192 4055
2193 4056
2194 4054
2195 4057
2196 4057
2197 4054
2198 4056
2199 4057
2200 4055
2201 4056
2202 4055
2203 4053
2204 4053
2205 4060
2206 4054
2207 4057
2208 4055
2209 4052
2210 4058
2211 4054
2212 4055
2213 4059
2214 4056
2215 4057
2216 4057
2217 4059
2218 4056
2219 4059
2220 4059
2221 4053
2222 4057
2223 4059
2224 4055
2225 4055
2226 4055
2227 4060
2228 4054
2229 4059
2230 4055
2231 4055
2232 4055
2233 4057
2234 4057
2235 4059
2236 4056
2237 4058
2238 4054
2239 4060
2240 4053
2241 4056
2242 4052
2243 4054
2244 4059
2245 4056
2246 4057
2247 4056
2248 4057
2249 4058
2250 4057
2251 4064
2252 4053
2253 4056
2254 4057
2255 4057
2256 4055
2257 4055
2258 4055
2259 4052
2260 4057
2261 4056
2262 4054
2263 4056
2264 4056
2265 4055
2266 4058
2267 4054
2268 4053
2269 4057
2270 4057
2271 4057
2272 4056
2273 4054
2274 4054
2275 4054
2276 4057
2277 4059
2278 4055
2279 4053
2280 4055
2281 4054
2282 4057
2283 4054
2284 4056
2285 4057
2286 4058
2287 4056
2288 4057
2289 4055
2290 4056
2291 4055
2292 4056
2293 4053
2294 4056
2295 4057
2296 4054
2297 4056
2298 4053
2299 4056
2300 4055
2301 4059
2302 4052
2303 4057
2304 4056
2305 4056
2306 4055
2307 4061
2308 4057
2309 4055
2310 4059
2311 4055
2312 4054
2313 4057
2314 4056
2315 4058
2316 4055
2317 4058
2318 4050
2319 4057
2320 4054
2321 4058
2322 4056
2323 4057
2324 4056
2325 4056
2326 4055
2327 4056
2328 4055
2329 4058
2330 4055
2331 4056
2332 4056
2333 4052
2334 4057
2335 4057
2336 4053
2337 4053
2338 4053
2339 4060
2340 4054
2341 4055
2342 4055
2343 4057
2344 4057
2345 4055
2346 4056
2347 4057
2348 4055
2349 4056
2350 4053
2351 4058
2352 4053
2353 4056
2354 4055
2355 4060
2356 4056
2357 4052
2358 4057
2359 4053
2360 4057
2361 4057
2362 4053
2363 4057
2364 4053
2365 4056
2366 4057
2367 4053
2368 4054
2369 4058
2370 4055
2371 4054
2372 4056
2373 4057
2374 4052
2375 4055
2376 4057
2377 4059
2378 4052
2379 4058
2380 4057
2381 4053
2382 4056
2383 4056
2384 4057
2385 4057
2386 4057
2387 4055
2388 4054
2389 4057
2390 4056
2391 4058
2392 4055
2393 4056
2394 4055
2395 4056
2396 4057
2397 4057
2398 4057
2399 4057
2400 4055
2401 4064
2402 4053
2403 4058
2404 4054
2405 4058
2406 4056
2407 4058
2408 4054
2409 4054
2410 4056
2411 4056
2412 4056
2413 4055
2414 4053
2415 4055
2416 4053
2417 4057
2418 4053
2419 4058
2420 4054
2421 4055
2422 4058
2423 4055
2424 4055
2425 4053
2426 4055
2427 4056
2428 4053
2429 4054
2430 4055
2431 4058
2432 4057
2433 4053
2434 4057
2435 4055
2436 4054
2437 4055
2438 4054
2439 4057
2440 4053
2441 4058
2442 4056
2443 4056
2444 4057
2445 4056
2446 4056
2447 4058
2448 4053
2449 4058
2450 4053
2451 4057
2452 4054
2453 4055
2454 4055
2455 4057
2456 4059
2457 4054
2458 4055
2459 4055
2460 4054
2461 4057
2462 4054
2463 4056
2464 4057
2465 4055
2466 4058
2467 4055
2468 4055
2469 4058
2470 4053
2471 4056
2472 4058
2473 4058
2474 4055
2475 4059
2476 4054
2477 4055
2478 4056
2479 4056
2480 4059
2481 4057
2482 4056
2483 4057
2484 4050
2485 4056
2486 4057
2487 4053
2488 4053
2489 4056
2490 4053
2491 4053
2492 4054
2493 4053
2494 4055
2495 4055
2496 4052
2497 4056
2498 4055
2499 4056
2500 4055
2501 4056
2502 4051
2503 4056
2504 4055
2505 4055
2506 4056
2507 4056
2508 4053
2509 4054
2510 4056
2511 4056
2512 4054
2513 4056
2514 4056
2515 4057
2516 4055
2517 4059
2518 4054
2519 4056
2520 4059
2521 4052
2522 4056
2523 4055
2524 4053
2525 4056
2526 4059
2527 4053
2528 4055
2529 4053
2530 4059
2531 4057
2532 4052
2533 4057
2534 4053
2535 4054
2536 4055
2537 4057
2538 4057
2539 4053
2540 4057
2541 4055
2542 4053
2543 4056
2544 4053
2545 4054
2546 4053
2547 4054
2548 4053
2549 4053
2550 4054
2551 4058
2552 4055
2553 4054
2554 4056
2555 4054
2556 4059
2557 4056
2558 4053
2559 4056
2560 4055
2561 4054
2562 4053
2563 4053
2564 4054
2565 4056
2566 4057
2567 4056
2568 4054
2569 4054
2570 4053
2571 4055
2572 4053
2573 4055
2574 4051
2575 4055
2576 4054
2577 4053
2578 4055
2579 4054
2580 4056
2581 4055
2582 4057
2583 4054
2584 4055
2585 4054
2586 4057
2587 4055
2588 4056
2589 4057
2590 4057
2591 4055
2592 4057
2593 4051
2594 4058
2595 4056
2596 4052
2597 4055
2598 4056
2599 4053
2600 4057
2601 4055
2602 4054
2603 4054
2604 4056
2605 4055
2606 4054
2607 4059
2608 4057
2609 4053
2610 4053
2611 4056
2612 4054
2613 4053
2614 4056
2615 4054
2616 4057
2617 4058
2618 4051
2619 4053
2620 4058
2621 4053
2622 4054
2623 4056
2624 4056
2625 4055
2626 4054
2627 4052
2628 4057
2629 4055
2630 4054
2631 4052
2632 4054
2633 4054
2634 4052
2635 4057
2636 4055
2637 4056
2638 4056
2639 4053
2640 4052
2641 4053
2642 4057
2643 4057
2644 4053
2645 4056
2646 4053
2647 4056
2648 4054
2649 4054
2650 4055
2651 4057
2652 4051
2653 4055
2654 4053
2655 4053
2656 4053
2657 4059
2658 4053
2659 4057
2660 4055
2661 4053
2662 4053
2663 4054
2664 4056
2665 4055
2666 4053
2667 4053
2668 4055
2669 4057
2670 4055
2671 4053
2672 4055
2673 4059
2674 4056
2675 4055
2676 4057
2677 4056
2678 4053
2679 4055
2680 4055
2681 4056
2682 4055
2683 4059
2684 4056
2685 4053
2686 4057
2687 4053
2688 4054
2689 4054
2690 4057
2691 4056
2692 4056
2693 4055
2694 4053
2695 4056
2696 4055
2697 4055
2698 4053
2699 4055
2700 4053
2701 4057
2702 4050
2703 4055
2704 4056
2705 4055
2706 4055
2707 4057
2708 4054
2709 4056
2710 4057
2711 4052
2712 4057
2713 4053
2714 4054
2715 4054
2716 4054
2717 4051
2718 4057
2719 4053
2720 4052
2721 4056
2722 4055
2723 4059
2724 4056
2725 4053
2726 4056
2727 4057
2728 4052
2729 4053
2730 4053
2731 4056
2732 4053
2733 4055
2734 4052
2735 4054
2736 4053
2737 4053
2738 4054
2739 4053
2740 4055
2741 4055
2742 4055
2743 4056
2744 4054
2745 4055
2746 4054
2747 4052
2748 4056
2749 4053
2750 4057
2751 4057
2752 4053
2753 4055
2754 4055
2755 4054
2756 4052
2757 4051
2758 4058
2759 4055
2760 4056
2761 4056
2762 4058
2763 4053
2764 4056
2765 4051
2766 4051
2767 4052
2768 4055
2769 4053
2770 4048
2771 4053
2772 4054
2773 4056
2774 4051
2775 4053
2776 4053
2777 4052
2778 4054
2779 4057
2780 4059
2781 4055
2782 4057
2783 4059
2784 4053
2785 4053
2786 4054
2787 4055
2788 4056
2789 4055
2790 4053
2791 4054
2792 4055
2793 4054
2794 4059
2795 4053
2796 4060
2797 4057
2798 4053
2799 4053
2800 4053
2801 4059
2802 4053
2803 4055
2804 4053
2805 4055
2806 4052
2807 4054
2808 4056
2809 4055
2810 4056
2811 4052
2812 4055
2813 4053
2814 4053
2815 4050
2816 4054
2817 4055
2818 4055
2819 4058
2820 4051
2821 4056
2822 4054
2823 4055
2824 4053
2825 4053
2826 4057
2827 4055
2828 4052
2829 4060
2830 4053
2831 4051
2832 4056
2833 4053
2834 4054
2835 4055
2836 4055
2837 4051
2838 4053
2839 4053
2840 4054
2841 4055
2842 4054
2843 4055
2844 4054
2845 4054
2846 4055
2847 4056
2848 4052
2849 4059
2850 4054
2851 4056
2852 4052
2853 4051
2854 4055
2855 4055
2856 4055
2857 4055
2858 4055
2859 4059
2860 4054
2861 4055
2862 4055
2863 4053
2864 4054
2865 4053
2866 4055
2867 4058
2868 4052
2869 4058
2870 4054
2871 4054
2872 4055
2873 4055
2874 4057
2875 4053
2876 4055
2877 4053
2878 4052
2879 4054
2880 4057
2881 4057
2882 4054
2883 4055
2884 4057
2885 4054
2886 4057
2887 4056
2888 4054
2889 4054
2890 4058
2891 4055
2892 4056
2893 4054
2894 4052
2895 4054
2896 4056
2897 4055
2898 4057
2899 4057
2900 4055
2901 4059
2902 4051
2903 4055
2904 4054
2905 4056
2906 4056
2907 4052
2908 4053
2909 4052
2910 4056
2911 4054
2912 4057
2913 4057
2914 4054
2915 4057
2916 4056
2917 4055
2918 4055
2919 4054
2920 4056
2921 4057
2922 4056
2923 4054
2924 4057
2925 4055
2926 4056
2927 4058
2928 4058
2929 4057
2930 4056
2931 4055
2932 4052
2933 4056
2934 4052
2935 4058
2936 4059
2937 4056
2938 4053
2939 4059
2940 4052
2941 4057
2942 4055
2943 4053
2944 4056
2945 4056
2946 4058
2947 4059
2948 4056
2949 4055
2950 4057
2951 4059
2952 4054
2953 4054
2954 4057
2955 4055
2956 4055
2957 4055
2958 4055
2959 4052
2960 4053
2961 4058
2962 4054
2963 4055
2964 4052
2965 4057
2966 4053
2967 4056
2968 4053
2969 4057
2970 4057
2971 4055
2972 4055
2973 4057
2974 4052
2975 4059
2976 4055
2977 4057
2978 4057
2979 4057
2980 4055
2981 4055
2982 4058
2983 4058
2984 4056
2985 4057
2986 4057
2987 4058
2988 4053
2989 4055
2990 4055
2991 4055
2992 4055
2993 4053
2994 4056
2995 4059
2996 4053
2997 4053
2998 4057
2999 4057
3000 4057
3001 4058
3002 4052
3003 4053
3004 4053
3005 4059
3006 4057
3007 4057
3008 4055
3009 4057
3010 4057
3011 4058
3012 4058
3013 4056
3014 4054
3015 4057
3016 4057
3017 4057
3018 4055
3019 4055
3020 4053
3021 4055
3022 4054
3023 4055
3024 4059
3025 4058
3026 4056
3027 4059
3028 4056
3029 4055
3030 4055
3031 4059
3032 4054
3033 4053
3034 4056
3035 4055
3036 4057
3037 4056
3038 4056
3039 4059
3040 4053
3041 4056
3042 4057
3043 4057
3044 4059
3045 4055
3046 4056
3047 4057
3048 4053
3049 4058
3050 4054
3051 4058
3052 4053
3053 4055
3054 4053
3055 4055
3056 4055
3057 4057
3058 4058
3059 4053
3060 4053
3061 4055
3062 4058
3063 4057
3064 4055
3065 4057
3066 4056
3067 4053
3068 4054
3069 4058
3070 4056
3071 4057
3072 4055
3073 4056
3074 4054
3075 4057
3076 4057
3077 4057
3078 4057
3079 4053
3080 4057
3081 4054
3082 4057
3083 4055
3084 4059
3085 4059
3086 4057
3087 4055
3088 4054
3089 4057
3090 4054
3091 4054
3092 4056
3093 4054
3094 4056
3095 4057
3096 4054
3097 4059
3098 4055
3099 4059
3100 4056
3101 4058
3102 4050
3103 4058
3104 4053
3105 4055
3106 4055
3107 4055
3108 4053
3109 4054
3110 4060
3111 4056
3112 4054
3113 4054
3114 4057
3115 4055
3116 4055
3117 4057
3118 4057
3119 4057
3120 4059
3121 4059
3122 4057
3123 4053
3124 4056
3125 4056
3126 4055
3127 4057
3128 4057
3129 4056
3130 4053
3131 4057
3132 4057
3133 4056
3134 4056
3135 4056
3136 4053
3137 4054
3138 4053
3139 4054
3140 4056
3141 4053
3142 4057
3143 4053
3144 4055
3145 4055
3146 4055
3147 4055
3148 4056
3149 4057
3150 4057
3151 4059
3152 4050
3153 4053
3154 4059
3155 4056
3156 4054
3157 4059
3158 4057
3159 4056
3160 4056
3161 4055
3162 4056
3163 4054
3164 4057
3165 4060
3166 4051
3167 4055
3168 4055
3169 4054
3170 4052
3171 4056
3172 4053
3173 4057
3174 4054
3175 4058
3176 4055
3177 4058
3178 4056
3179 4057
3180 4053
3181 4057
3182 4055
3183 4056
3184 4054
3185 4057
3186 4055
3187 4056
3188 4053
3189 4057
3190 4053
3191 4058
3192 4057
3193 4056
3194 4055
3195 4055
3196 4055
3197 4055
3198 4056
3199 4057
3200 4055
3201 4061
3202 4053
3203 4056
3204 4058
3205 4057
3206 4054
3207 4053
3208 4056
3209 4057
3210 4055
3211 4057
3212 4053
3213 4057
3214 4056
3215 4054
3216 4054
3217 4056
3218 4056
3219 4057
3220 4053
3221 4060
3222 4055
3223 4055
3224 4056
3225 4054
3226 4054
3227 4054
3228 4055
3229 4055
3230 4057
3231 4055
3232 4056
3233 4055
3234 4054
3235 4059
3236 4055
3237 4056
3238 4057
3239 4059
3240 4056
3241 4059
3242 4058
3243 4054
3244 4059
3245 4053
3246 4054
3247 4055
3248 4055
3249 4057
3250 4059
3251 4060
3252 4055
3253 4056
3254 4053
3255 4057
3256 4055
3257 4056
3258 4057
3259 4055
3260 4058
3261 4058
3262 4057
3263 4053
3264 4057
3265 4057
3266 4053
3267 4054
3268 4055
3269 4057
3270 4054
3271 4053
3272 4058
3273 4054
3274 4056
3275 4058
3276 4057
3277 4057
3278 4056
3279 4055
3280 4056
3281 4058
3282 4054
3283 4057
3284 4057
3285 4053
3286 4055
3287 4057
3288 4057
3289 4055
3290 4057
3291 4057
3292 4051
3293 4055
3294 4056
3295 4054
3296 4052
3297 4056
3298 4056
3299 4053
3300 4053
3301 4054
3302 4053
3303 4056
3304 4048
3305 4057
3306 4055
3307 4056
3308 4054
3309 4056
3310 4058
3311 4055
3312 4055
3313 4054
3314 4055
3315 4058
3316 4056
3317 4057
3318 4056
3319 4053
3320 4053
3321 4055
3322 4053
3323 4055
3324 4055
3325 4055
3326 4057
3327 4056
3328 4058
3329 4054
3330 4053
3331 4057
3332 4053
3333 4056
3334 4052
3335 4056
3336 4056
3337 4061
3338 4050
3339 4055
3340 4054
3341 4057
3342 4056
3343 4053
3344 4059
3345 4058
3346 4055
3347 4056
3348 4056
3349 4057
3350 4057
3351 4060
3352 4055
3353 4056
3354 4055
3355 4057
3356 4057
3357 4055
3358 4056
3359 4059
3360 4054
3361 4058
3362 4054
3363 4057
3364 4058
3365 4057
3366 4057
3367 4057
3368 4057
3369 4055
3370 4057
3371 4059
3372 4055
3373 4055
3374 4056
3375 4058
3376 4055
3377 4053
3378 4057
3379 4058
3380 4055
3381 4057
3382 4057
3383 4058
3384 4055
3385 4057
3386 4055
3387 4058
3388 4064
3389 4059
3390 4057
3391 4060
3392 4055
3393 4055
3394 4059
3395 4057
3396 4056
3397 4059
3398 4055
3399 4055
3400 4056
3401 4061
3402 4052
3403 4057
3404 4056
3405 4054
3406 4060
3407 4057
3408 4055
3409 4057
3410 4056
3411 4053
3412 4057
3413 4056
3414 4056
3415 4056
3416 4055
3417 4059
3418 4054
3419 4051
3420 4054
3421 4058
3422 4054
3423 4057
3424 4058
3425 4057
3426 4055
3427 4056
3428 4058
3429 4054
3430 4055
3431 4056
3432 4055
3433 4055
3434 4059
3435 4059
3436 4057
3437 4053
3438 4052
3439 4056
3440 4057
3441 4053
3442 4055
3443 4059
3444 4054
3445 4054
3446 4054
3447 4058
3448 4057
3449 4055
3450 4058
3451 4059
3452 4052
3453 4057
3454 4052
3455 4056
3456 4051
3457 4057
3458 4058
3459 4057
3460 4053
3461 4057
3462 4057
3463 4057
3464 4055
3465 4056
3466 4059
3467 4058
3468 4054
3469 4057
3470 4054
3471 4054
3472 4055
3473 4056
3474 4056
3475 4054
3476 4057
3477 4057
3478 4056
3479 4053
3480 4057
3481 4058
3482 4055
3483 4057
3484 4055
3485 4053
3486 4054
3487 4056
3488 4056
3489 4053
3490 4058
3491 4056
3492 4054
3493 4054
3494 4055
3495 4055
3496 4058
3497 4058
3498 4053
3499 4051
3500 4059
3501 4059
3502 4052
3503 4057
3504 4054
3505 4055
3506 4053
3507 4052
3508 4056
3509 4057
3510 4057
3511 4057
3512 4052
3513 4059
3514 4056
3515 4053
3516 4053
3517 4053
3518 4055
3519 4058
3520 4055
3521 4054
3522 4056
3523 4059
3524 4055
3525 4056
3526 4059
3527 4057
3528 4054
3529 4056
3530 4055
3531 4059
3532 4053
3533 4052
3534 4056
3535 4055
3536 4056
3537 4057
3538 4055
3539 4057
3540 4053
3541 4056
3542 4054
3543 4055
3544 4059
3545 4053
3546 4056
3547 4054
3548 4057
3549 4057
3550 4056
3551 4060
3552 4054
3553 4056
3554 4055
3555 4054
3556 4057
3557 4058
3558 4060
3559 4057
3560 4057
3561 4055
3562 4057
3563 4053
3564 4055
3565 4056
3566 4057
3567 4058
3568 4053
3569 4058
3570 4055
3571 4061
3572 4057
3573 4055
3574 4055
3575 4056
3576 4056
3577 4057
3578 4058
3579 4054
3580 4059
3581 4059
3582 4058
3583 4056
3584 4057
3585 4057
3586 4057
3587 4057
3588 4057
3589 4057
3590 4055
3591 4056
3592 4051
3593 4056
3594 4057
3595 4057
3596 4055
3597 4054
3598 4055
3599 4056
3600 4053
3601 4060
3602 4051
3603 4056
3604 4055
3605 4056
3606 4058
3607 4055
3608 4053
3609 4057
3610 4057
3611 4057
3612 4060
3613 4056
3614 4056
3615 4055
3616 4057
3617 4055
3618 4058
3619 4058
3620 4053
3621 4052
3622 4057
3623 4057
3624 4054
3625 4057
3626 4056
3627 4055
3628 4055
3629 4056
3630 4056
3631 4059
3632 4056
3633 4057
3634 4057
3635 4056
3636 4052
3637 4057
3638 4057
3639 4057
3640 4059
3641 4056
3642 4056
3643 4054
3644 4058
3645 4056
3646 4059
3647 4055
3648 4053
3649 4054
3650 4052
3651 4060
3652 4053
3653 4057
3654 4057
3655 4054
3656 4055
3657 4058
3658 4057
3659 4057
3660 4055
3661 4059
3662 4059
3663 4057
3664 4057
3665 4057
3666 4054
3667 4057
3668 4055
3669 4056
3670 4056
3671 4057
3672 4056
3673 4055
3674 4055
3675 4056
3676 4056
3677 4057
3678 4056
3679 4056
3680 4054
3681 4056
3682 4058
3683 4054
3684 4055
3685 4055
3686 4055
3687 4057
3688 4057
3689 4055
3690 4053
3691 4057
3692 4054
3693 4056
3694 4055
