#Data from the TCD1304 linear CCD
#column 1 = pixelnumber , column 2 = pixelvalue
#Pixel 1-32 and 3679-3694 and are dummy pixels
#SH-period: 200    ICG-period: 100000    Integration time: 100.0 us
2 4037
3 4039
4 4055
5 4055
6 4055
7 4059
8 4053
9 4055
10 4054
11 4059
12 4056
13 4056
14 4059
15 4057
16 4055
17 4057
18 4055
19 4052
20 4060
21 4056
22 4054
23 4059
24 4057
25 4053
26 4059
27 4054
28 4057
29 4058
30 4056
31 4056
32 4057
34 4055
35 4057
36 4053
37 4055
38 4055
39 4056
40 4055
41 4060
42 4055
43 4057
44 4055
45 4057
46 4057
47 4057
48 4057
49 4056
50 4056
51 4057
52 4055
53 4056
54 4058
55 4055
56 4058
57 4055
58 4057
59 4055
60 4057
61 4057
62 4053
63 4056
64 4055
65 4058
66 4059
67 4053
68 4055
69 4056
70 4057
71 4056
72 4057
73 4056
74 4056
75 4055
76 4061
77 4057
78 4056
79 4056
80 4054
81 4057
82 4053
83 4055
84 4055
85 4055
86 4055
87 4059
88 4064
89 4058
90 4055
91 4055
92 4058
93 4057
94 4055
95 4055
96 4054
97 4058
98 4056
99 4056
100 4055
101 4061
102 4052
103 4057
104 4054
105 4057
106 4056
107 4059
108 4057
109 4055
110 4055
111 4056
112 4058
113 4056
114 4057
115 4057
116 4057
117 4057
118 4056
119 4055
120 4057
121 4059
122 4056
123 4056
124 4058
125 4054
126 4057
127 4056
128 4057
129 4055
130 4057
131 4053
132 4059
133 4055
134 4056
135 4058
136 4057
137 4057
138 4056
139 4056
140 4060
141 4057
142 4057
143 4060
144 4057
145 4058
146 4055
147 4056
148 4057
149 4053
150 4057
151 4059
152 4055
153 4056
154 4055
155 4056
156 4054
157 4057
158 4056
159 4054
160 4054
161 4064
162 4054
163 4054
164 4057
165 4057
166 4058
167 4058
168 4057
169 4054
170 4057
171 4056
172 4057
173 4058
174 4056
175 4056
176 4059
177 4055
178 4054
179 4057
180 4054
181 4059
182 4057
183 4057
184 4053
185 4059
186 4055
187 4057
188 4055
189 4057
190 4054
191 4053
192 4057
193 4056
194 4056
195 4058
196 4056
197 4056
198 4056
199 4059
200 4055
201 4058
202 4054
203 4059
204 4057
205 4055
206 4058
207 4058
208 4056
209 4056
210 4057
211 4057
212 4057
213 4056
214 4057
215 4055
216 4057
217 4057
218 4057
219 4057
220 4057
221 4056
222 4054
223 4055
224 4057
225 4057
226 4059
227 4055
228 4057
229 4057
230 4059
231 4059
232 4055
233 4055
234 4057
235 4058
236 4053
237 4055
238 4056
239 4057
240 4056
241 4055
242 4057
243 4053
244 4055
245 4061
246 4053
247 4055
248 4055
249 4057
250 4056
251 4061
252 4053
253 4054
254 4057
255 4057
256 4053
257 4056
258 4059
259 4054
260 4058
261 4057
262 4056
263 4058
264 4057
265 4058
266 4057
267 4057
268 4057
269 4057
270 4059
271 4057
272 4061
273 4057
274 4058
275 4057
276 4055
277 4058
278 4053
279 4057
280 4057
281 4058
282 4056
283 4057
284 4055
285 4055
286 4055
287 4057
288 4057
289 4054
290 4059
291 4055
292 4057
293 4055
294 4057
295 4059
296 4055
297 4057
298 4058
299 4054
300 4056
301 4060
302 4056
303 4056
304 4056
305 4059
306 4055
307 4059
308 4056
309 4057
310 4055
311 4057
312 4056
313 4059
314 4057
315 4057
316 4056
317 4057
318 4060
319 4055
320 4059
321 4059
322 4057
323 4054
324 4058
325 4059
326 4058
327 4057
328 4055
329 4056
330 4054
331 4056
332 4057
333 4057
334 4055
335 4056
336 4055
337 4057
338 4059
339 4057
340 4056
341 4057
342 4056
343 4056
344 4056
345 4061
346 4053
347 4060
348 4058
349 4056
350 4057
351 4061
352 4054
353 4057
354 4055
355 4055
356 4056
357 4060
358 4053
359 4057
360 4055
361 4061
362 4056
363 4057
364 4055
365 4060
366 4058
367 4057
368 4057
369 4053
370 4055
371 4057
372 4058
373 4060
374 4059
375 4059
376 4056
377 4059
378 4057
379 4057
380 4057
381 4057
382 4060
383 4057
384 4058
385 4055
386 4057
387 4055
388 4057
389 4056
390 4055
391 4060
392 4057
393 4056
394 4056
395 4058
396 4058
397 4057
398 4057
399 4056
400 4056
401 4058
402 4053
403 4057
404 4055
405 4059
406 4058
407 4057
408 4055
409 4056
410 4056
411 4058
412 4058
413 4058
414 4056
415 4058
416 4056
417 4058
418 4058
419 4056
420 4057
421 4055
422 4058
423 4059
424 4059
425 4060
426 4058
427 4056
428 4054
429 4057
430 4064
431 4055
432 4054
433 4055
434 4058
435 4056
436 4055
437 4057
438 4058
439 4058
440 4056
441 4055
442 4057
443 4057
444 4057
445 4058
446 4057
447 4056
448 4060
449 4058
450 4055
451 4056
452 4055
453 4055
454 4056
455 4059
456 4055
457 4058
458 4056
459 4056
460 4059
461 4058
462 4057
463 4056
464 4055
465 4057
466 4058
467 4056
468 4057
469 4053
470 4057
471 4060
472 4055
473 4059
474 4057
475 4057
476 4057
477 4057
478 4058
479 4055
480 4060
481 4057
482 4060
483 4057
484 4056
485 4057
486 4054
487 4060
488 4054
489 4055
490 4058
491 4057
492 4056
493 4056
494 4054
495 4055
496 4055
497 4059
498 4056
499 4054
500 4055
501 4057
502 4056
503 4057
504 4057
505 4057
506 4059
507 4060
508 4057
509 4055
510 4055
511 4056
512 4056
513 4056
514 4056
515 4057
516 4057
517 4057
518 4056
519 4058
520 4055
521 4057
522 4059
523 4055
524 4056
525 4055
526 4055
527 4057
528 4057
529 4057
530 4058
531 4057
532 4057
533 4057
534 4057
535 4055
536 4056
537 4059
538 4057
539 4052
540 4056
541 4057
542 4056
543 4061
544 4057
545 4057
546 4055
547 4059
548 4055
549 4055
550 4057
551 4061
552 4052
553 4060
554 4057
555 4055
556 4055
557 4059
558 4055
559 4059
560 4054
561 4058
562 4058
563 4055
564 4056
565 4055
566 4057
567 4056
568 4059
569 4057
570 4059
571 4060
572 4055
573 4061
574 4056
575 4056
576 4057
577 4061
578 4055
579 4059
580 4057
581 4055
582 4058
583 4057
584 4055
585 4057
586 4057
587 4057
588 4060
589 4057
590 4059
591 4057
592 4057
593 4057
594 4058
595 4057
596 4056
597 4057
598 4059
599 4057
600 4056
601 4059
602 4055
603 4057
604 4055
605 4057
606 4059
607 4055
608 4055
609 4056
610 4055
611 4058
612 4057
613 4055
614 4060
615 4059
616 4054
617 4056
618 4059
619 4057
620 4056
621 4056
622 4057
623 4057
624 4053
625 4057
626 4057
627 4057
628 4061
629 4055
630 4057
631 4054
632 4055
633 4059
634 4055
635 4058
636 4055
637 4058
638 4054
639 4056
640 4055
641 4058
642 4057
643 4057
644 4054
645 4058
646 4064
647 4056
648 4059
649 4051
650 4055
651 4059
652 4057
653 4057
654 4055
655 4060
656 4057
657 4057
658 4055
659 4057
660 4060
661 4057
662 4055
663 4053
664 4059
665 4059
666 4054
667 4058
668 4056
669 4056
670 4057
671 4064
672 4055
673 4058
674 4055
675 4057
676 4054
677 4057
678 4056
679 4059
680 4055
681 4059
682 4056
683 4053
684 4055
685 4056
686 4053
687 4058
688 4058
689 4056
690 4054
691 4057
692 4053
693 4057
694 4057
695 4058
696 4056
697 4057
698 4056
699 4055
700 4055
701 4059
702 4052
703 4056
704 4057
705 4058
706 4055
707 4054
708 4057
709 4058
710 4059
711 4060
712 4054
713 4056
714 4054
715 4058
716 4057
717 4056
718 4057
719 4055
720 4056
721 4059
722 4056
723 4053
724 4057
725 4055
726 4055
727 4055
728 4058
729 4057
730 4057
731 4055
732 4057
733 4055
734 4058
735 4055
736 4056
737 4059
738 4053
739 4057
740 4054
741 4054
742 4057
743 4055
744 4057
745 4057
746 4057
747 4058
748 4057
749 4059
750 4060
751 4056
752 4053
753 4055
754 4058
755 4056
756 4055
757 4056
758 4058
759 4057
760 4056
761 4056
762 4051
763 4056
764 4056
765 4057
766 4055
767 4058
768 4057
769 4055
770 4056
771 4055
772 4055
773 4059
774 4057
775 4055
776 4056
777 4059
778 4056
779 4055
780 4056
781 4057
782 4058
783 4054
784 4056
785 4057
786 4053
787 4057
788 4054
789 4057
790 4057
791 4059
792 4058
793 4055
794 4055
795 4058
796 4057
797 4059
798 4057
799 4057
800 4053
801 4059
802 4056
803 4055
804 4059
805 4057
806 4056
807 4055
808 4056
809 4058
810 4052
811 4057
812 4056
813 4056
814 4055
815 4049
816 4055
817 4055
818 4059
819 4057
820 4057
821 4056
822 4055
823 4057
824 4055
825 4058
826 4058
827 4055
828 4055
829 4057
830 4057
831 4057
832 4057
833 4056
834 4055
835 4058
836 4054
837 4057
838 4056
839 4055
840 4056
841 4056
842 4055
843 4059
844 4056
845 4064
846 4059
847 4058
848 4058
849 4057
850 4055
851 4060
852 4053
853 4058
854 4056
855 4057
856 4056
857 4057
858 4056
859 4054
860 4055
861 4057
862 4060
863 4057
864 4057
865 4058
866 4054
867 4059
868 4055
869 4055
870 4054
871 4058
872 4058
873 4056
874 4057
875 4057
876 4058
877 4057
878 4056
879 4055
880 4053
881 4056
882 4055
883 4054
884 4055
885 4057
886 4056
887 4056
888 4055
889 4056
890 4055
891 4055
892 4055
893 4055
894 4055
895 4061
896 4057
897 4057
898 4056
899 4057
900 4056
901 4064
902 4058
903 4053
904 4057
905 4058
906 4055
907 4057
908 4059
909 4057
910 4059
911 4056
912 4056
913 4055
914 4056
915 4055
916 4057
917 4059
918 4053
919 4055
920 4055
921 4058
922 4060
923 4055
924 4057
925 4055
926 4055
927 4057
928 4056
929 4056
930 4057
931 4058
932 4056
933 4056
934 4058
935 4057
936 4053
937 4053
938 4056
939 4056
940 4055
941 4057
942 4053
943 4059
944 4053
945 4055
946 4052
947 4057
948 4056
949 4060
950 4055
951 4059
952 4055
953 4057
954 4055
955 4057
956 4056
957 4060
958 4057
959 4059
960 4053
961 4057
962 4059
963 4058
964 4057
965 4057
966 4054
967 4056
968 4058
969 4053
970 4059
971 4054
972 4057
973 4057
974 4054
975 4057
976 4053
977 4056
978 4058
979 4058
980 4058
981 4055
982 4057
983 4055
984 4053
985 4056
986 4056
987 4057
988 4058
989 4055
990 4059
991 4058
992 4057
993 4057
994 4056
995 4057
996 4057
997 4057
998 4056
999 4054
1000 4058
1001 4061
1002 4053
1003 4053
1004 4057
1005 4057
1006 4059
1007 4058
1008 4053
1009 4060
1010 4056
1011 4055
1012 4057
1013 4057
1014 4057
1015 4057
1016 4056
1017 4055
1018 4056
1019 4055
1020 4056
1021 4058
1022 4056
1023 4055
1024 4056
1025 4058
1026 4058
1027 4055
1028 4059
1029 4055
1030 4056
1031 4056
1032 4059
1033 4057
1034 4053
1035 4059
1036 4057
1037 4058
1038 4057
1039 4059
1040 4054
1041 4058
1042 4057
1043 4059
1044 4055
1045 4055
1046 4059
1047 4058
1048 4056
1049 4057
1050 4055
1051 4058
1052 4053
1053 4057
1054 4057
1055 4059
1056 4057
1057 4058
1058 4054
1059 4059
1060 4059
1061 4056
1062 4056
1063 4055
1064 4058
1065 4058
1066 4056
1067 4059
1068 4058
1069 4055
1070 4056
1071 4057
1072 4056
1073 4056
1074 4057
1075 4056
1076 4057
1077 4059
1078 4057
1079 4060
1080 4056
1081 4057
1082 4057
1083 4057
1084 4055
1085 4056
1086 4058
1087 4059
1088 4056
1089 4057
1090 4059
1091 4057
1092 4057
1093 4056
1094 4055
1095 4058
1096 4056
1097 4057
1098 4055
1099 4055
1100 4057
1101 4061
1102 4057
1103 4056
1104 4056
1105 4057
1106 4057
1107 4056
1108 4055
1109 4055
1110 4056
1111 4054
1112 4059
1113 4056
1114 4056
1115 4056
1116 4057
1117 4057
1118 4054
1119 4059
1120 4057
1121 4057
1122 4054
1123 4057
1124 4054
1125 4057
1126 4057
1127 4058
1128 4056
1129 4055
1130 4056
1131 4057
1132 4058
1133 4057
1134 4056
1135 4059
1136 4054
1137 4056
1138 4058
1139 4057
1140 4058
1141 4055
1142 4056
1143 4059
1144 4053
1145 4061
1146 4057
1147 4056
1148 4057
1149 4057
1150 4056
1151 4059
1152 4054
1153 4056
1154 4058
1155 4056
1156 4055
1157 4056
1158 4057
1159 4058
1160 4057
1161 4058
1162 4059
1163 4055
1164 4058
1165 4059
1166 4059
1167 4056
1168 4058
1169 4055
1170 4060
1171 4056
1172 4057
1173 4057
1174 4056
1175 4059
1176 4058
1177 4055
1178 4059
1179 4055
1180 4059
1181 4057
1182 4058
1183 4055
1184 4054
1185 4055
1186 4055
1187 4058
1188 4057
1189 4055
1190 4056
1191 4054
1192 4055
1193 4055
1194 4056
1195 4058
1196 4055
1197 4059
1198 4057
1199 4057
1200 4057
1201 4061
1202 4056
1203 4059
1204 4057
1205 4056
1206 4053
1207 4061
1208 4055
1209 4055
1210 4055
1211 4055
1212 4056
1213 4057
1214 4056
1215 4055
1216 4057
1217 4058
1218 4058
1219 4057
1220 4055
1221 4056
1222 4058
1223 4056
1224 4057
1225 4056
1226 4056
1227 4056
1228 4056
1229 4057
1230 4057
1231 4056
1232 4055
1233 4060
1234 4057
1235 4052
1236 4054
1237 4056
1238 4053
1239 4057
1240 4055
1241 4057
1242 4055
1243 4057
1244 4055
1245 4059
1246 4056
1247 4058
1248 4060
1249 4057
1250 4057
1251 4059
1252 4056
1253 4057
1254 4054
1255 4054
1256 4056
1257 4057
1258 4057
1259 4058
1260 4057
1261 4056
1262 4058
1263 4054
1264 4057
1265 4055
1266 4056
1267 4058
1268 4055
1269 4054
1270 4055
1271 4059
1272 4056
1273 4058
1274 4058
1275 4058
1276 4056
1277 4057
1278 4058
1279 4057
1280 4054
1281 4057
1282 4059
1283 4057
1284 4057
1285 4058
1286 4052
1287 4057
1288 4059
1289 4060
1290 4055
1291 4057
1292 4057
1293 4056
1294 4055
1295 4058
1296 4057
1297 4057
1298 4056
1299 4055
1300 4055
1301 4064
1302 4053
1303 4058
1304 4056
1305 4059
1306 4057
1307 4057
1308 4057
1309 4055
1310 4059
1311 4055
1312 4058
1313 4056
1314 4056
1315 4059
1316 4054
1317 4057
1318 4055
1319 4055
1320 4061
1321 4052
1322 4056
1323 4057
1324 4064
1325 4057
1326 4057
1327 4056
1328 4058
1329 4052
1330 4055
1331 4059
1332 4055
1333 4056
1334 4057
1335 4058
1336 4057
1337 4060
1338 4056
1339 4056
1340 4055
1341 4059
1342 4052
1343 4057
1344 4056
1345 4059
1346 4057
1347 4057
1348 4055
1349 4060
1350 4055
1351 4057
1352 4053
1353 4058
1354 4059
1355 4058
1356 4055
1357 4055
1358 4057
1359 4057
1360 4057
1361 4057
1362 4057
1363 4061
1364 4059
1365 4058
1366 4055
1367 4057
1368 4057
1369 4056
1370 4055
1371 4057
1372 4060
1373 4057
1374 4056
1375 4058
1376 4055
1377 4060
1378 4057
1379 4056
1380 4057
1381 4055
1382 4059
1383 4057
1384 4054
1385 4059
1386 4053
1387 4057
1388 4057
1389 4056
1390 4056
1391 4056
1392 4056
1393 4058
1394 4056
1395 4056
1396 4057
1397 4057
1398 4056
1399 4057
1400 4055
1401 4058
1402 4052
1403 4061
1404 4057
1405 4058
1406 4055
1407 4064
1408 4056
1409 4054
1410 4055
1411 4058
1412 4058
1413 4057
1414 4054
1415 4056
1416 4057
1417 4057
1418 4058
1419 4053
1420 4057
1421 4057
1422 4058
1423 4057
1424 4057
1425 4058
1426 4056
1427 4059
1428 4056
1429 4057
1430 4059
1431 4056
1432 4058
1433 4054
1434 4058
1435 4056
1436 4058
1437 4057
1438 4058
1439 4057
1440 4055
1441 4057
1442 4054
1443 4058
1444 4054
1445 4057
1446 4056
1447 4057
1448 4059
1449 4056
1450 4056
1451 4059
1452 4051
1453 4059
1454 4055
1455 4060
1456 4054
1457 4059
1458 4055
1459 4057
1460 4057
1461 4055
1462 4054
1463 4056
1464 4053
1465 4055
1466 4059
1467 4057
1468 4055
1469 4053
1470 4059
1471 4057
1472 4057
1473 4056
1474 4057
1475 4056
1476 4057
1477 4057
1478 4055
1479 4060
1480 4053
1481 4053
1482 4057
1483 4058
1484 4058
1485 4057
1486 4056
1487 4057
1488 4058
1489 4055
1490 4059
1491 4056
1492 4059
1493 4056
1494 4057
1495 4053
1496 4056
1497 4057
1498 4056
1499 4057
1500 4054
1501 4061
1502 4054
1503 4059
1504 4056
1505 4057
1506 4057
1507 4058
1508 4056
1509 4057
1510 4054
1511 4057
1512 4055
1513 4054
1514 4057
1515 4057
1516 4055
1517 4060
1518 4055
1519 4056
1520 4056
1521 4057
1522 4055
1523 4059
1524 4055
1525 4055
1526 4059
1527 4056
1528 4057
1529 4057
1530 4057
1531 4055
1532 4057
1533 4055
1534 4055
1535 4057
1536 4057
1537 4059
1538 4057
1539 4056
1540 4057
1541 4057
1542 4061
1543 4056
1544 4055
1545 4057
1546 4055
1547 4056
1548 4052
1549 4057
1550 4055
1551 4057
1552 4051
1553 4057
1554 4053
1555 4059
1556 4058
1557 4056
1558 4056
1559 4055
1560 4059
1561 4057
1562 4056
1563 4058
1564 4059
1565 4058
1566 4059
1567 4055
1568 4057
1569 4056
1570 4058
1571 4056
1572 4055
1573 4054
1574 4057
1575 4057
1576 4057
1577 4055
1578 4057
1579 4058
1580 4057
1581 4056
1582 4059
1583 4057
1584 4055
1585 4055
1586 4058
1587 4058
1588 4053
1589 4057
1590 4054
1591 4057
1592 4055
1593 4055
1594 4057
1595 4058
1596 4057
1597 4056
1598 4056
1599 4057
1600 4056
1601 4057
1602 4054
1603 4055
1604 4054
1605 4059
1606 4057
1607 4060
1608 4053
1609 4056
1610 4055
1611 4055
1612 4057
1613 4059
1614 4059
1615 4058
1616 4057
1617 4056
1618 4056
1619 4057
1620 4057
1621 4056
1622 4058
1623 4060
1624 4057
1625 4059
1626 4058
1627 4057
1628 4056
1629 4059
1630 4056
1631 4059
1632 4055
1633 4057
1634 4054
1635 4059
1636 4056
1637 4059
1638 4059
1639 4058
1640 4056
1641 4057
1642 4053
1643 4058
1644 4053
1645 4057
1646 4055
1647 4055
1648 4057
1649 4059
1650 4055
1651 4065
1652 4053
1653 4056
1654 4055
1655 4057
1656 4057
1657 4059
1658 4056
1659 4057
1660 4056
1661 4057
1662 4058
1663 4059
1664 4055
1665 4058
1666 4056
1667 4059
1668 4060
1669 4055
1670 4055
1671 4057
1672 4054
1673 4057
1674 4057
1675 4057
1676 4057
1677 4058
1678 4056
1679 4059
1680 4055
1681 4054
1682 4059
1683 4056
1684 4057
1685 4058
1686 4054
1687 4058
1688 4057
1689 4056
1690 4056
1691 4058
1692 4057
1693 4055
1694 4057
1695 4056
1696 4056
1697 4057
1698 4057
1699 4055
1700 4056
1701 4061
1702 4055
1703 4057
1704 4056
1705 4058
1706 4057
1707 4057
1708 4054
1709 4054
1710 4057
1711 4057
1712 4056
1713 4057
1714 4057
1715 4061
1716 4055
1717 4056
1718 4057
1719 4055
1720 4057
1721 4055
1722 4055
1723 4057
1724 4054
1725 4055
1726 4056
1727 4055
1728 4057
1729 4056
1730 4058
1731 4058
1732 4057
1733 4056
1734 4056
1735 4053
1736 4059
1737 4056
1738 4055
1739 4057
1740 4055
1741 4055
1742 4055
1743 4058
1744 4057
1745 4055
1746 4053
1747 4058
1748 4055
1749 4055
1750 4056
1751 4064
1752 4051
1753 4055
1754 4056
1755 4057
1756 4053
1757 4057
1758 4058
1759 4055
1760 4055
1761 4057
1762 4055
1763 4056
1764 4055
1765 4055
1766 4057
1767 4059
1768 4059
1769 4055
1770 4056
1771 4054
1772 4055
1773 4057
1774 4057
1775 4056
1776 4059
1777 4056
1778 4056
1779 4057
1780 4054
1781 4058
1782 4057
1783 4058
1784 4053
1785 4056
1786 4055
1787 4059
1788 4057
1789 4056
1790 4056
1791 4057
1792 4057
1793 4055
1794 4055
1795 4055
1796 4056
1797 4055
1798 4056
1799 4057
1800 4056
1801 4061
1802 4055
1803 4054
1804 4057
1805 4054
1806 4055
1807 4057
1808 4053
1809 4056
1810 4057
1811 4056
1812 4057
1813 4057
1814 4057
1815 4055
1816 4057
1817 4064
1818 4055
1819 4055
1820 4061
1821 4055
1822 4056
1823 4056
1824 4056
1825 4056
1826 4053
1827 4057
1828 4056
1829 4058
1830 4057
1831 4064
1832 4055
1833 4057
1834 4054
1835 4055
1836 4057
1837 4054
1838 4056
1839 4059
1840 4059
1841 4056
1842 4057
1843 4058
1844 4054
1845 4056
1846 4056
1847 4056
1848 4054
1849 4057
1850 4056
1851 4059
1852 4053
1853 4057
1854 4057
1855 4058
1856 4053
1857 4057
1858 4059
1859 4060
1860 4057
1861 4059
1862 4055
1863 4058
1864 4057
1865 4057
1866 4057
1867 4055
1868 4056
1869 4058
1870 4060
1871 4058
1872 4053
1873 4056
1874 4054
1875 4055
1876 4055
1877 4055
1878 4055
1879 4053
1880 4060
1881 4058
1882 4057
1883 4054
1884 4058
1885 4057
1886 4055
1887 4057
1888 4058
1889 4056
1890 4059
1891 4054
1892 4058
1893 4057
1894 4058
1895 4057
1896 4055
1897 4055
1898 4056
1899 4058
1900 4055
1901 4057
1902 4054
1903 4056
1904 4057
1905 4059
1906 4055
1907 4056
1908 4056
1909 4055
1910 4056
1911 4059
1912 4055
1913 4054
1914 4057
1915 4054
1916 4056
1917 4057
1918 4055
1919 4053
1920 4055
1921 4056
1922 4055
1923 4055
1924 4056
1925 4056
1926 4055
1927 4061
1928 4053
1929 4057
1930 4057
1931 4056
1932 4057
1933 4057
1934 4052
1935 4056
1936 4059
1937 4053
1938 4058
1939 4054
1940 4057
1941 4056
1942 4057
1943 4059
1944 4053
1945 4059
1946 4056
1947 4057
1948 4057
1949 4054
1950 4054
1951 4058
1952 4052
1953 4058
1954 4056
1955 4057
1956 4053
1957 4060
1958 4058
1959 4055
1960 4057
1961 4057
1962 4058
1963 4057
1964 4057
1965 4057
1966 4055
1967 4060
1968 4056
1969 4052
1970 4057
1971 4058
1972 4058
1973 4057
1974 4059
1975 4056
1976 4054
1977 4057
1978 4057
1979 4055
1980 4057
1981 4056
1982 4056
1983 4057
1984 4055
1985 4056
1986 4059
1987 4053
1988 4055
1989 4058
1990 4053
1991 4055
1992 4057
1993 4056
1994 4053
1995 4057
1996 4056
1997 4055
1998 4053
1999 4057
2000 4055
2001 4061
2002 4055
2003 4060
2004 4057
2005 4057
2006 4056
2007 4059
2008 4056
2009 4055
2010 4058
2011 4054
2012 4057
2013 4057
2014 4055
2015 4053
2016 4054
2017 4059
2018 4057
2019 4053
2020 4058
2021 4057
2022 4057
2023 4055
2024 4057
2025 4058
2026 4054
2027 4057
2028 4055
2029 4057
2030 4054
2031 4057
2032 4055
2033 4057
2034 4056
2035 4057
2036 4055
2037 4055
2038 4057
2039 4057
2040 4053
2041 4054
2042 4055
2043 4052
2044 4057
2045 4055
2046 4051
2047 4058
2048 4055
2049 4058
2050 4055
2051 4058
2052 4056
2053 4055
2054 4057
2055 4057
2056 4055
2057 4058
2058 4053
2059 4057
2060 4059
2061 4057
2062 4056
2063 4054
2064 4057
2065 4056
2066 4056
2067 4056
2068 4055
2069 4053
2070 4057
2071 4055
2072 4053
2073 4057
2074 4055
2075 4055
2076 4057
2077 4057
2078 4059
2079 4054
2080 4058
2081 4057
2082 4053
2083 4057
2084 4052
2085 4061
2086 4055
2087 4057
2088 4053
2089 4057
2090 4053
2091 4057
2092 4056
2093 4061
2094 4056
2095 4055
2096 4058
2097 4057
2098 4059
2099 4059
2100 4054
2101 4058
2102 4055
2103 4057
2104 4057
2105 4057
2106 4057
2107 4057
2108 4054
2109 4057
2110 4055
2111 4057
2112 4055
2113 4056
2114 4055
2115 4060
2116 4055
2117 4055
2118 4056
2119 4055
2120 4059
2121 4057
2122 4055
2123 4057
2124 4058
2125 4055
2126 4055
2127 4059
2128 4056
2129 4056
2130 4057
2131 4058
2132 4055
2133 4059
2134 4053
2135 4057
2136 4057
2137 4059
2138 4054
2139 4057
2140 4054
2141 4056
2142 4056
2143 4056
2144 4055
2145 4059
2146 4054
2147 4055
2148 4057
2149 4054
2150 4055
2151 4059
2152 4056
2153 4056
2154 4056
2155 4055
2156 4057
2157 4056
2158 4057
2159 4057
2160 4053
2161 4056
2162 4054
2163 4057
2164 4056
2165 4054
2166 4055
2167 4054
2168 4055
2169 4053
2170 4056
2171 4057
2172 4055
2173 4057
2174 4056
2175 4059
2176 4057
2177 4058
2178 4058
2179 4056
2180 4057
2181 4057
2182 4058
2183 4058
2184 4054
2185 4057
2186 4055
2187 4055
2188 4056
2189 4054
2190 4061
2191 4056
2192 4060
2193 4059
2194 4055
2195 4057
2196 4057
2197 4055
2198 4057
2199 4057
2200 4057
2201 4061
2202 4052
2203 4057
2204 4057
2205 4056
2206 4058
2207 4057
2208 4057
2209 4060
2210 4058
2211 4056
2212 4057
2213 4056
2214 4059
2215 4057
2216 4055
2217 4058
2218 4057
2219 4055
2220 4057
2221 4056
2222 4053
2223 4057
2224 4057
2225 4054
2226 4057
2227 4057
2228 4057
2229 4056
2230 4056
2231 4056
2232 4057
2233 4057
2234 4056
2235 4055
2236 4055
2237 4060
2238 4058
2239 4057
2240 4058
2241 4055
2242 4053
2243 4059
2244 4056
2245 4056
2246 4055
2247 4055
2248 4057
2249 4055
2250 4054
2251 4059
2252 4052
2253 4057
2254 4056
2255 4056
2256 4057
2257 4057
2258 4055
2259 4055
2260 4057
2261 4058
2262 4055
2263 4057
2264 4055
2265 4057
2266 4059
2267 4057
2268 4053
2269 4057
2270 4056
2271 4058
2272 4054
2273 4055
2274 4055
2275 4056
2276 4057
2277 4055
2278 4057
2279 4056
2280 4054
2281 4059
2282 4055
2283 4057
2284 4058
2285 4055
2286 4056
2287 4056
2288 4056
2289 4060
2290 4053
2291 4055
2292 4055
2293 4058
2294 4057
2295 4058
2296 4056
2297 4057
2298 4054
2299 4061
2300 4057
2301 4059
2302 4057
2303 4060
2304 4057
2305 4057
2306 4057
2307 4058
2308 4056
2309 4055
2310 4054
2311 4054
2312 4057
2313 4056
2314 4056
2315 4058
2316 4055
2317 4056
2318 4055
2319 4057
2320 4057
2321 4056
2322 4058
2323 4055
2324 4057
2325 4055
2326 4056
2327 4056
2328 4057
2329 4055
2330 4055
2331 4057
2332 4060
2333 4057
2334 4059
2335 4057
2336 4054
2337 4057
2338 4055
2339 4055
2340 4055
2341 4055
2342 4057
2343 4056
2344 4057
2345 4059
2346 4058
2347 4056
2348 4057
2349 4056
2350 4057
2351 4059
2352 4055
2353 4055
2354 4058
2355 4057
2356 4057
2357 4059
2358 4057
2359 4055
2360 4056
2361 4056
2362 4056
2363 4054
2364 4055
2365 4059
2366 4056
2367 4057
2368 4053
2369 4053
2370 4056
2371 4057
2372 4057
2373 4054
2374 4059
2375 4057
2376 4055
2377 4056
2378 4059
2379 4056
2380 4059
2381 4057
2382 4058
2383 4057
2384 4056
2385 4055
2386 4057
2387 4060
2388 4054
2389 4055
2390 4055
2391 4057
2392 4059
2393 4057
2394 4056
2395 4057
2396 4057
2397 4057
2398 4058
2399 4057
2400 4059
2401 4059
2402 4052
2403 4059
2404 4057
2405 4058
2406 4056
2407 4059
2408 4055
2409 4057
2410 4057
2411 4055
2412 4054
2413 4057
2414 4057
2415 4056
2416 4058
2417 4058
2418 4055
2419 4052
2420 4054
2421 4057
2422 4057
2423 4055
2424 4057
2425 4058
2426 4056
2427 4056
2428 4059
2429 4056
2430 4053
2431 4060
2432 4058
2433 4056
2434 4056
2435 4054
2436 4055
2437 4059
2438 4054
2439 4057
2440 4055
2441 4056
2442 4057
2443 4057
2444 4055
2445 4056
2446 4057
2447 4057
2448 4053
2449 4056
2450 4057
2451 4056
2452 4053
2453 4056
2454 4057
2455 4060
2456 4053
2457 4056
2458 4057
2459 4054
2460 4055
2461 4058
2462 4055
2463 4054
2464 4053
2465 4057
2466 4056
2467 4056
2468 4059
2469 4053
2470 4057
2471 4056
2472 4057
2473 4055
2474 4057
2475 4055
2476 4056
2477 4054
2478 4058
2479 4056
2480 4058
2481 4056
2482 4057
2483 4057
2484 4056
2485 4060
2486 4060
2487 4057
2488 4057
2489 4056
2490 4057
2491 4053
2492 4055
2493 4059
2494 4054
2495 4057
2496 4056
2497 4057
2498 4059
2499 4060
2500 4055
2501 4058
2502 4055
2503 4055
2504 4055
2505 4054
2506 4056
2507 4056
2508 4055
2509 4056
2510 4057
2511 4056
2512 4057
2513 4057
2514 4057
2515 4056
2516 4057
2517 4057
2518 4056
2519 4056
2520 4054
2521 4056
2522 4054
2523 4053
2524 4054
2525 4057
2526 4055
2527 4053
2528 4055
2529 4057
2530 4057
2531 4056
2532 4058
2533 4055
2534 4053
2535 4057
2536 4054
2537 4053
2538 4057
2539 4054
2540 4054
2541 4056
2542 4056
2543 4057
2544 4055
2545 4057
2546 4055
2547 4056
2548 4053
2549 4057
2550 4054
2551 4059
2552 4051
2553 4060
2554 4054
2555 4054
2556 4056
2557 4057
2558 4055
2559 4060
2560 4055
2561 4055
2562 4059
2563 4057
2564 4055
2565 4056
2566 4056
2567 4053
2568 4053
2569 4057
2570 4057
2571 4054
2572 4057
2573 4056
2574 4054
2575 4056
2576 4053
2577 4056
2578 4056
2579 4053
2580 4056
2581 4056
2582 4053
2583 4054
2584 4059
2585 4057
2586 4057
2587 4058
2588 4055
2589 4057
2590 4058
2591 4058
2592 4054
2593 4061
2594 4052
2595 4055
2596 4055
2597 4055
2598 4058
2599 4055
2600 4059
2601 4057
2602 4053
2603 4056
2604 4056
2605 4057
2606 4055
2607 4055
2608 4057
2609 4053
2610 4055
2611 4056
2612 4056
2613 4053
2614 4052
2615 4055
2616 4054
2617 4055
2618 4053
2619 4056
2620 4057
2621 4055
2622 4057
2623 4057
2624 4053
2625 4056
2626 4057
2627 4060
2628 4055
2629 4054
2630 4057
2631 4055
2632 4056
2633 4054
2634 4055
2635 4057
2636 4054
2637 4052
2638 4060
2639 4053
2640 4052
2641 4058
2642 4057
2643 4052
2644 4059
2645 4056
2646 4053
2647 4055
2648 4056
2649 4057
2650 4057
2651 4054
2652 4048
2653 4059
2654 4054
2655 4053
2656 4053
2657 4056
2658 4055
2659 4055
2660 4055
2661 4054
2662 4055
2663 4053
2664 4053
2665 4056
2666 4058
2667 4053
2668 4056
2669 4053
2670 4055
2671 4055
2672 4055
2673 4055
2674 4056
2675 4056
2676 4054
2677 4053
2678 4056
2679 4058
2680 4055
2681 4056
2682 4054
2683 4054
2684 4057
2685 4055
2686 4057
2687 4056
2688 4055
2689 4058
2690 4055
2691 4055
2692 4056
2693 4058
2694 4054
2695 4055
2696 4054
2697 4054
2698 4057
2699 4057
2700 4055
2701 4059
2702 4054
2703 4051
2704 4055
2705 4058
2706 4055
2707 4057
2708 4057
2709 4057
2710 4055
2711 4054
2712 4054
2713 4055
2714 4056
2715 4057
2716 4057
2717 4052
2718 4057
2719 4053
2720 4053
2721 4053
2722 4055
2723 4057
2724 4055
2725 4057
2726 4057
2727 4055
2728 4055
2729 4055
2730 4053
2731 4055
2732 4055
2733 4051
2734 4057
2735 4057
2736 4053
2737 4057
2738 4053
2739 4052
2740 4054
2741 4052
2742 4054
2743 4055
2744 4055
2745 4059
2746 4053
2747 4056
2748 4054
2749 4054
2750 4053
2751 4056
2752 4056
2753 4053
2754 4057
2755 4057
2756 4055
2757 4058
2758 4053
2759 4057
2760 4055
2761 4053
2762 4055
2763 4055
2764 4056
2765 4056
2766 4051
2767 4055
2768 4055
2769 4055
2770 4055
2771 4055
2772 4052
2773 4054
2774 4056
2775 4057
2776 4055
2777 4056
2778 4055
2779 4054
2780 4053
2781 4056
2782 4055
2783 4058
2784 4053
2785 4055
2786 4053
2787 4055
2788 4053
2789 4056
2790 4055
2791 4058
2792 4057
2793 4053
2794 4058
2795 4057
2796 4056
2797 4053
2798 4053
2799 4055
2800 4057
2801 4056
2802 4052
2803 4059
2804 4053
2805 4051
2806 4053
2807 4056
2808 4053
2809 4055
2810 4054
2811 4057
2812 4054
2813 4053
2814 4056
2815 4055
2816 4052
2817 4055
2818 4057
2819 4055
2820 4054
2821 4053
2822 4056
2823 4055
2824 4053
2825 4055
2826 4053
2827 4053
2828 4055
2829 4053
2830 4053
2831 4056
2832 4056
2833 4054
2834 4054
2835 4056
2836 4052
2837 4052
2838 4056
2839 4056
2840 4051
2841 4055
2842 4054
2843 4054
2844 4057
2845 4055
2846 4057
2847 4057
2848 4053
2849 4056
2850 4057
2851 4059
2852 4052
2853 4057
2854 4052
2855 4054
2856 4056
2857 4058
2858 4053
2859 4057
2860 4057
2861 4055
2862 4055
2863 4057
2864 4052
2865 4052
2866 4055
2867 4057
2868 4052
2869 4057
2870 4055
2871 4055
2872 4059
2873 4057
2874 4055
2875 4055
2876 4055
2877 4052
2878 4058
2879 4055
2880 4055
2881 4058
2882 4053
2883 4055
2884 4056
2885 4055
2886 4056
2887 4056
2888 4055
2889 4056
2890 4057
2891 4056
2892 4057
2893 4055
2894 4057
2895 4055
2896 4055
2897 4056
2898 4055
2899 4056
2900 4053
2901 4057
2902 4054
2903 4055
2904 4056
2905 4055
2906 4053
2907 4058
2908 4052
2909 4057
2910 4056
2911 4056
2912 4054
2913 4057
2914 4056
2915 4052
2916 4056
2917 4054
2918 4056
2919 4056
2920 4056
2921 4053
2922 4057
2923 4055
2924 4054
2925 4057
2926 4055
2927 4055
2928 4055
2929 4055
2930 4054
2931 4058
2932 4056
2933 4053
2934 4056
2935 4055
2936 4056
2937 4054
2938 4058
2939 4055
2940 4056
2941 4056
2942 4057
2943 4055
2944 4060
2945 4058
2946 4055
2947 4055
2948 4056
2949 4055
2950 4057
2951 4058
2952 4053
2953 4057
2954 4054
2955 4054
2956 4056
2957 4058
2958 4053
2959 4059
2960 4053
2961 4055
2962 4057
2963 4057
2964 4055
2965 4054
2966 4056
2967 4055
2968 4053
2969 4056
2970 4057
2971 4053
2972 4056
2973 4057
2974 4057
2975 4057
2976 4061
2977 4055
2978 4055
2979 4057
2980 4055
2981 4056
2982 4057
2983 4057
2984 4056
2985 4055
2986 4057
2987 4064
2988 4055
2989 4053
2990 4055
2991 4055
2992 4054
2993 4059
2994 4056
2995 4059
2996 4054
2997 4053
2998 4055
2999 4057
3000 4057
3001 4060
3002 4055
3003 4056
3004 4060
3005 4054
3006 4055
3007 4057
3008 4054
3009 4053
3010 4056
3011 4056
3012 4057
3013 4057
3014 4054
3015 4055
3016 4056
3017 4059
3018 4057
3019 4053
3020 4059
3021 4058
3022 4057
3023 4055
3024 4056
3025 4057
3026 4057
3027 4053
3028 4064
3029 4055
3030 4056
3031 4057
3032 4060
3033 4055
3034 4051
3035 4058
3036 4055
3037 4055
3038 4061
3039 4055
3040 4054
3041 4059
3042 4054
3043 4059
3044 4057
3045 4057
3046 4058
3047 4057
3048 4053
3049 4055
3050 4057
3051 4057
3052 4054
3053 4060
3054 4056
3055 4055
3056 4057
3057 4058
3058 4056
3059 4059
3060 4054
3061 4055
3062 4054
3063 4061
3064 4056
3065 4058
3066 4058
3067 4058
3068 4056
3069 4054
3070 4058
3071 4055
3072 4053
3073 4059
3074 4056
3075 4060
3076 4057
3077 4061
3078 4058
3079 4055
3080 4057
3081 4056
3082 4056
3083 4058
3084 4055
3085 4057
3086 4053
3087 4057
3088 4059
3089 4053
3090 4057
3091 4056
3092 4056
3093 4056
3094 4059
3095 4055
3096 4054
3097 4056
3098 4056
3099 4055
3100 4055
3101 4060
3102 4054
3103 4055
3104 4056
3105 4054
3106 4057
3107 4058
3108 4055
3109 4058
3110 4055
3111 4056
3112 4057
3113 4056
3114 4056
3115 4059
3116 4055
3117 4055
3118 4059
3119 4057
3120 4056
3121 4056
3122 4054
3123 4056
3124 4055
3125 4056
3126 4057
3127 4056
3128 4059
3129 4056
3130 4056
3131 4053
3132 4057
3133 4055
3134 4057
3135 4058
3136 4056
3137 4056
3138 4056
3139 4057
3140 4057
3141 4057
3142 4057
3143 4055
3144 4058
3145 4055
3146 4056
3147 4051
3148 4055
3149 4055
3150 4055
3151 4061
3152 4054
3153 4057
3154 4054
3155 4055
3156 4055
3157 4057
3158 4054
3159 4058
3160 4055
3161 4058
3162 4057
3163 4054
3164 4055
3165 4057
3166 4061
3167 4055
3168 4056
3169 4055
3170 4058
3171 4057
3172 4052
3173 4057
3174 4055
3175 4055
3176 4056
3177 4057
3178 4056
3179 4056
3180 4056
3181 4057
3182 4059
3183 4052
3184 4055
3185 4056
3186 4054
3187 4054
3188 4057
3189 4055
3190 4056
3191 4057
3192 4057
3193 4058
3194 4057
3195 4060
3196 4056
3197 4060
3198 4056
3199 4057
3200 4056
3201 4059
3202 4055
3203 4053
3204 4058
3205 4057
3206 4052
3207 4060
3208 4057
3209 4060
3210 4052
3211 4058
3212 4055
3213 4053
3214 4057
3215 4053
3216 4059
3217 4055
3218 4055
3219 4056
3220 4057
3221 4055
3222 4058
3223 4056
3224 4055
3225 4057
3226 4053
3227 4057
3228 4057
3229 4054
3230 4055
3231 4056
3232 4057
3233 4056
3234 4054
3235 4061
3236 4057
3237 4055
3238 4054
3239 4055
3240 4054
3241 4055
3242 4057
3243 4055
3244 4056
3245 4057
3246 4058
3247 4056
3248 4055
3249 4057
3250 4055
3251 4059
3252 4056
3253 4058
3254 4055
3255 4054
3256 4059
3257 4058
3258 4053
3259 4055
3260 4059
3261 4057
3262 4059
3263 4056
3264 4057
3265 4054
3266 4055
3267 4054
3268 4053
3269 4056
3270 4056
3271 4054
3272 4054
3273 4057
3274 4055
3275 4055
3276 4057
3277 4052
3278 4057
3279 4058
3280 4054
3281 4055
3282 4056
3283 4056
3284 4053
3285 4054
3286 4055
3287 4054
3288 4054
3289 4056
3290 4056
3291 4054
3292 4057
3293 4057
3294 4055
3295 4057
3296 4055
3297 4058
3298 4055
3299 4055
3300 4054
3301 4061
3302 4053
3303 4056
3304 4056
3305 4053
3306 4057
3307 4058
3308 4057
3309 4057
3310 4056
3311 4059
3312 4055
3313 4057
3314 4060
3315 4056
3316 4052
3317 4055
3318 4053
3319 4056
3320 4055
3321 4054
3322 4052
3323 4055
3324 4055
3325 4053
3326 4054
3327 4050
3328 4053
3329 4055
3330 4053
3331 4054
3332 4055
3333 4052
3334 4057
3335 4055
3336 4052
3337 4053
3338 4055
3339 4056
3340 4053
3341 4056
3342 4055
3343 4053
3344 4053
3345 4055
3346 4055
3347 4056
3348 4055
3349 4053
3350 4054
3351 4056
3352 4052
3353 4053
3354 4055
3355 4050
3356 4055
3357 4059
3358 4052
3359 4055
3360 4051
3361 4056
3362 4055
3363 4057
3364 4054
3365 4055
3366 4053
3367 4053
3368 4054
3369 4055
3370 4053
3371 4053
3372 4055
3373 4056
3374 4052
3375 4055
3376 4059
3377 4057
3378 4055
3379 4054
3380 4057
3381 4054
3382 4056
3383 4053
3384 4056
3385 4059
3386 4055
3387 4052
3388 4059
3389 4054
3390 4051
3391 4056
3392 4058
3393 4053
3394 4050
3395 4057
3396 4052
3397 4052
3398 4055
3399 4055
3400 4055
3401 4059
3402 4050
3403 4053
3404 4052
3405 4057
3406 4053
3407 4057
3408 4056
3409 4056
3410 4057
3411 4052
3412 4054
3413 4060
3414 4056
3415 4057
3416 4057
3417 4056
3418 4060
3419 4057
3420 4056
3421 4056
3422 4055
3423 4054
3424 4060
3425 4057
3426 4059
3427 4058
3428 4056
3429 4057
3430 4057
3431 4052
3432 4059
3433 4059
3434 4056
3435 4057
3436 4060
3437 4056
3438 4053
3439 4056
3440 4056
3441 4057
3442 4056
3443 4057
3444 4055
3445 4056
3446 4057
3447 4057
3448 4054
3449 4060
3450 4056
3451 4060
3452 4055
3453 4056
3454 4055
3455 4057
3456 4056
3457 4061
3458 4059
3459 4059
3460 4057
3461 4057
3462 4058
3463 4057
3464 4058
3465 4059
3466 4057
3467 4058
3468 4057
3469 4056
3470 4058
3471 4056
3472 4056
3473 4057
3474 4053
3475 4059
3476 4057
3477 4056
3478 4055
3479 4056
3480 4056
3481 4058
3482 4057
3483 4056
3484 4054
3485 4058
3486 4056
3487 4058
3488 4056
3489 4057
3490 4054
3491 4057
3492 4059
3493 4057
3494 4057
3495 4057
3496 4056
3497 4056
3498 4055
3499 4056
3500 4058
3501 4058
3502 4055
3503 4057
3504 4057
3505 4060
3506 4056
3507 4053
3508 4059
3509 4057
3510 4055
3511 4059
3512 4054
3513 4058
3514 4056
3515 4058
3516 4055
3517 4057
3518 4059
3519 4057
3520 4056
3521 4057
3522 4056
3523 4056
3524 4054
3525 4059
3526 4057
3527 4059
3528 4056
3529 4057
3530 4055
3531 4055
3532 4055
3533 4057
3534 4055
3535 4059
3536 4058
3537 4055
3538 4057
3539 4056
3540 4055
3541 4057
3542 4056
3543 4059
3544 4055
3545 4059
3546 4054
3547 4055
3548 4057
3549 4055
3550 4057
3551 4057
3552 4055
3553 4059
3554 4057
3555 4055
3556 4054
3557 4061
3558 4052
3559 4056
3560 4058
3561 4058
3562 4057
3563 4055
3564 4055
3565 4059
3566 4059
3567 4058
3568 4057
3569 4053
3570 4057
3571 4056
3572 4053
3573 4058
3574 4055
3575 4054
3576 4058
3577 4055
3578 4056
3579 4057
3580 4057
3581 4057
3582 4060
3583 4057
3584 4059
3585 4058
3586 4056
3587 4056
3588 4057
3589 4056
3590 4058
3591 4057
3592 4057
3593 4056
3594 4056
3595 4055
3596 4057
3597 4057
3598 4057
3599 4055
3600 4057
3601 4059
3602 4055
3603 4055
3604 4056
3605 4058
3606 4057
3607 4054
3608 4059
3609 4057
3610 4057
3611 4057
3612 4057
3613 4056
3614 4056
3615 4055
3616 4055
3617 4056
3618 4057
3619 4056
3620 4058
3621 4055
3622 4053
3623 4058
3624 4058
3625 4057
3626 4061
3627 4057
3628 4055
3629 4056
3630 4057
3631 4058
3632 4056
3633 4056
3634 4056
3635 4055
3636 4055
3637 4058
3638 4055
3639 4056
3640 4057
3641 4058
3642 4056
3643 4057
3644 4056
3645 4058
3646 4057
3647 4057
3648 4058
3649 4061
3650 4055
3651 4061
3652 4053
3653 4055
3654 4058
3655 4059
3656 4058
3657 4057
3658 4052
3659 4056
3660 4056
3661 4061
3662 4055
3663 4055
3664 4058
3665 4055
3666 4057
3667 4054
3668 4055
3669 4057
3670 4056
3671 4056
3672 4055
3673 4057
3674 4057
3675 4057
3676 4055
3677 4055
3678 4057
3679 4056
3680 4055
3681 4057
3682 4055
3683 4055
3684 4059
3685 4057
3686 4064
3687 4055
3688 4056
3689 4055
3690 4056
3691 4057
3692 4057
3693 4055
3694 4057
