#Data from the TCD1304 linear CCD
#column 1 = pixelnumber , column 2 = pixelvalue
#Pixel 1-32 and 3679-3694 and are dummy pixels
#SH-period: 200    ICG-period: 100000    Integration time: 100.0 us
2 4041
3 4043
4 4058
5 4058
6 4057
7 4059
8 4058
9 4056
10 4056
11 4059
12 4061
13 4058
14 4060
15 4059
16 4059
17 4058
18 4057
19 4057
20 4058
21 4059
22 4058
23 4058
24 4058
25 4061
26 4058
27 4060
28 4057
29 4061
30 4055
31 4058
32 4059
34 4059
35 4061
36 4058
37 4060
38 4058
39 4061
40 4056
41 4056
42 4057
43 4058
44 4057
45 4060
46 4060
47 4059
48 4057
49 4057
50 4061
51 4060
52 4056
53 4058
54 4057
55 4055
56 4057
57 4058
58 4057
59 4055
60 4056
61 4057
62 4058
63 4053
64 4056
65 4054
66 4058
67 4064
68 4056
69 4060
70 4057
71 4056
72 4057
73 4060
74 4056
75 4056
76 4057
77 4056
78 4057
79 4057
80 4056
81 4058
82 4055
83 4053
84 4056
85 4057
86 4057
87 4059
88 4056
89 4061
90 4055
91 4058
92 4057
93 4055
94 4059
95 4059
96 4060
97 4056
98 4061
99 4057
100 4059
101 4061
102 4054
103 4057
104 4058
105 4059
106 4058
107 4058
108 4058
109 4059
110 4060
111 4060
112 4057
113 4061
114 4057
115 4056
116 4059
117 4057
118 4058
119 4064
120 4057
121 4058
122 4057
123 4059
124 4060
125 4060
126 4055
127 4061
128 4057
129 4061
130 4057
131 4059
132 4059
133 4057
134 4056
135 4058
136 4058
137 4060
138 4057
139 4058
140 4057
141 4060
142 4060
143 4059
144 4060
145 4058
146 4061
147 4058
148 4060
149 4060
150 4059
151 4064
152 4056
153 4058
154 4059
155 4056
156 4060
157 4055
158 4057
159 4060
160 4058
161 4059
162 4054
163 4060
164 4060
165 4059
166 4058
167 4059
168 4057
169 4057
170 4057
171 4057
172 4057
173 4059
174 4056
175 4057
176 4059
177 4057
178 4057
179 4057
180 4058
181 4058
182 4059
183 4060
184 4057
185 4057
186 4061
187 4058
188 4060
189 4058
190 4057
191 4061
192 4055
193 4059
194 4060
195 4056
196 4057
197 4057
198 4059
199 4057
200 4058
201 4064
202 4057
203 4061
204 4064
205 4060
206 4058
207 4059
208 4057
209 4061
210 4057
211 4057
212 4057
213 4055
214 4060
215 4057
216 4060
217 4059
218 4056
219 4064
220 4056
221 4061
222 4059
223 4059
224 4059
225 4060
226 4060
227 4056
228 4064
229 4060
230 4056
231 4057
232 4058
233 4059
234 4057
235 4059
236 4058
237 4056
238 4059
239 4059
240 4057
241 4059
242 4059
243 4058
244 4060
245 4058
246 4060
247 4061
248 4055
249 4060
250 4060
251 4059
252 4057
253 4060
254 4057
255 4057
256 4056
257 4058
258 4058
259 4058
260 4057
261 4057
262 4059
263 4060
264 4056
265 4059
266 4057
267 4060
268 4057
269 4059
270 4060
271 4056
272 4056
273 4060
274 4057
275 4056
276 4059
277 4059
278 4059
279 4060
280 4060
281 4060
282 4059
283 4057
284 4057
285 4056
286 4059
287 4058
288 4059
289 4058
290 4056
291 4060
292 4057
293 4056
294 4061
295 4058
296 4059
297 4060
298 4058
299 4058
300 4057
301 4060
302 4056
303 4064
304 4061
305 4057
306 4060
307 4055
308 4059
309 4057
310 4059
311 4059
312 4060
313 4058
314 4058
315 4058
316 4057
317 4057
318 4056
319 4057
320 4058
321 4056
322 4061
323 4058
324 4057
325 4059
326 4060
327 4058
328 4057
329 4059
330 4059
331 4060
332 4057
333 4061
334 4055
335 4059
336 4059
337 4058
338 4056
339 4057
340 4058
341 4056
342 4059
343 4055
344 4055
345 4061
346 4057
347 4061
348 4059
349 4056
350 4056
351 4059
352 4053
353 4058
354 4061
355 4056
356 4061
357 4061
358 4057
359 4057
360 4057
361 4057
362 4057
363 4060
364 4057
365 4060
366 4060
367 4057
368 4055
369 4055
370 4057
371 4055
372 4058
373 4054
374 4057
375 4053
376 4060
377 4056
378 4054
379 4057
380 4056
381 4057
382 4056
383 4057
384 4057
385 4056
386 4057
387 4055
388 4054
389 4055
390 4056
391 4058
392 4053
393 4052
394 4058
395 4053
396 4055
397 4058
398 4056
399 4057
400 4054
401 4060
402 4050
403 4055
404 4054
405 4057
406 4055
407 4058
408 4057
409 4053
410 4056
411 4055
412 4057
413 4055
414 4056
415 4055
416 4055
417 4060
418 4053
419 4056
420 4058
421 4057
422 4056
423 4064
424 4056
425 4055
426 4057
427 4055
428 4056
429 4058
430 4055
431 4058
432 4054
433 4057
434 4052
435 4055
436 4055
437 4057
438 4055
439 4054
440 4054
441 4055
442 4057
443 4053
444 4055
445 4054
446 4054
447 4056
448 4056
449 4060
450 4057
451 4059
452 4052
453 4054
454 4058
455 4053
456 4056
457 4058
458 4055
459 4058
460 4052
461 4056
462 4057
463 4056
464 4055
465 4055
466 4058
467 4053
468 4055
469 4056
470 4057
471 4055
472 4053
473 4057
474 4057
475 4056
476 4058
477 4057
478 4055
479 4059
480 4055
481 4055
482 4058
483 4056
484 4056
485 4057
486 4053
487 4057
488 4054
489 4056
490 4056
491 4057
492 4057
493 4055
494 4056
495 4057
496 4053
497 4056
498 4056
499 4053
500 4055
501 4061
502 4052
503 4055
504 4057
505 4055
506 4054
507 4057
508 4054
509 4057
510 4056
511 4055
512 4052
513 4055
514 4053
515 4057
516 4056
517 4056
518 4055
519 4059
520 4055
521 4056
522 4057
523 4055
524 4059
525 4056
526 4056
527 4056
528 4055
529 4053
530 4055
531 4056
532 4053
533 4060
534 4053
535 4056
536 4056
537 4054
538 4057
539 4059
540 4057
541 4055
542 4055
543 4052
544 4056
545 4057
546 4056
547 4053
548 4055
549 4056
550 4053
551 4059
552 4052
553 4055
554 4056
555 4058
556 4055
557 4057
558 4052
559 4055
560 4059
561 4057
562 4058
563 4056
564 4055
565 4051
566 4054
567 4055
568 4051
569 4055
570 4057
571 4056
572 4055
573 4054
574 4059
575 4057
576 4055
577 4056
578 4056
579 4056
580 4053
581 4053
582 4053
583 4058
584 4056
585 4054
586 4059
587 4058
588 4053
589 4058
590 4054
591 4057
592 4056
593 4054
594 4054
595 4055
596 4056
597 4055
598 4057
599 4057
600 4056
601 4061
602 4053
603 4056
604 4056
605 4056
606 4057
607 4060
608 4054
609 4057
610 4056
611 4057
612 4055
613 4056
614 4057
615 4056
616 4056
617 4056
618 4055
619 4055
620 4058
621 4055
622 4057
623 4053
624 4060
625 4057
626 4056
627 4060
628 4056
629 4057
630 4055
631 4056
632 4055
633 4059
634 4057
635 4056
636 4058
637 4057
638 4056
639 4056
640 4054
641 4057
642 4057
643 4054
644 4058
645 4058
646 4053
647 4053
648 4058
649 4059
650 4055
651 4060
652 4053
653 4055
654 4057
655 4057
656 4057
657 4055
658 4057
659 4056
660 4059
661 4055
662 4058
663 4057
664 4057
665 4056
666 4055
667 4055
668 4056
669 4057
670 4057
671 4056
672 4055
673 4056
674 4058
675 4054
676 4057
677 4059
678 4053
679 4054
680 4056
681 4054
682 4055
683 4055
684 4057
685 4053
686 4059
687 4055
688 4053
689 4055
690 4056
691 4056
692 4056
693 4057
694 4059
695 4057
696 4057
697 4055
698 4057
699 4057
700 4055
701 4057
702 4052
703 4054
704 4055
705 4055
706 4055
707 4053
708 4054
709 4053
710 4055
711 4059
712 4052
713 4057
714 4056
715 4053
716 4055
717 4058
718 4058
719 4056
720 4057
721 4055
722 4056
723 4058
724 4055
725 4056
726 4059
727 4055
728 4054
729 4056
730 4053
731 4055
732 4057
733 4057
734 4057
735 4055
736 4054
737 4055
738 4057
739 4053
740 4058
741 4059
742 4053
743 4058
744 4052
745 4056
746 4059
747 4057
748 4056
749 4057
750 4055
751 4059
752 4053
753 4060
754 4057
755 4057
756 4057
757 4057
758 4054
759 4057
760 4057
761 4054
762 4059
763 4052
764 4057
765 4054
766 4057
767 4057
768 4055
769 4057
770 4054
771 4056
772 4053
773 4055
774 4057
775 4056
776 4057
777 4057
778 4056
779 4056
780 4060
781 4058
782 4061
783 4059
784 4060
785 4057
786 4057
787 4057
788 4055
789 4064
790 4059
791 4055
792 4062
793 4058
794 4059
795 4060
796 4060
797 4059
798 4058
799 4053
800 4057
801 4061
802 4058
803 4061
804 4057
805 4056
806 4058
807 4059
808 4059
809 4058
810 4057
811 4059
812 4057
813 4059
814 4061
815 4056
816 4060
817 4055
818 4061
819 4061
820 4054
821 4064
822 4057
823 4058
824 4061
825 4055
826 4059
827 4058
828 4057
829 4057
830 4059
831 4057
832 4058
833 4057
834 4059
835 4058
836 4059
837 4055
838 4056
839 4057
840 4059
841 4056
842 4060
843 4061
844 4058
845 4058
846 4056
847 4057
848 4057
849 4059
850 4061
851 4061
852 4056
853 4064
854 4058
855 4058
856 4057
857 4055
858 4057
859 4057
860 4056
861 4060
862 4057
863 4056
864 4057
865 4057
866 4055
867 4059
868 4057
869 4058
870 4059
871 4059
872 4057
873 4057
874 4057
875 4057
876 4056
877 4057
878 4060
879 4058
880 4061
881 4058
882 4055
883 4059
884 4057
885 4064
886 4060
887 4057
888 4060
889 4057
890 4056
891 4057
892 4058
893 4061
894 4055
895 4058
896 4058
897 4057
898 4058
899 4057
900 4057
901 4064
902 4056
903 4064
904 4056
905 4056
906 4059
907 4058
908 4057
909 4064
910 4056
911 4064
912 4058
913 4056
914 4059
915 4057
916 4058
917 4059
918 4059
919 4057
920 4059
921 4064
922 4061
923 4058
924 4061
925 4061
926 4061
927 4058
928 4057
929 4059
930 4058
931 4059
932 4056
933 4059
934 4056
935 4056
936 4056
937 4059
938 4064
939 4061
940 4059
941 4059
942 4057
943 4064
944 4061
945 4060
946 4059
947 4055
948 4061
949 4060
950 4057
951 4064
952 4057
953 4060
954 4055
955 4060
956 4060
957 4059
958 4056
959 4064
960 4057
961 4058
962 4057
963 4060
964 4055
965 4060
966 4059
967 4060
968 4060
969 4060
970 4059
971 4061
972 4056
973 4057
974 4059
975 4057
976 4057
977 4060
978 4057
979 4059
980 4060
981 4060
982 4057
983 4059
984 4058
985 4060
986 4057
987 4061
988 4057
989 4056
990 4059
991 4057
992 4057
993 4064
994 4057
995 4059
996 4061
997 4057
998 4060
999 4059
1000 4056
1001 4061
1002 4057
1003 4059
1004 4059
1005 4058
1006 4057
1007 4061
1008 4058
1009 4059
1010 4056
1011 4059
1012 4061
1013 4058
1014 4058
1015 4060
1016 4059
1017 4056
1018 4058
1019 4059
1020 4059
1021 4059
1022 4060
1023 4056
1024 4058
1025 4057
1026 4060
1027 4059
1028 4056
1029 4057
1030 4059
1031 4059
1032 4059
1033 4059
1034 4058
1035 4059
1036 4061
1037 4060
1038 4058
1039 4061
1040 4057
1041 4060
1042 4057
1043 4057
1044 4057
1045 4059
1046 4061
1047 4056
1048 4059
1049 4061
1050 4057
1051 4060
1052 4057
1053 4057
1054 4059
1055 4064
1056 4057
1057 4061
1058 4057
1059 4059
1060 4059
1061 4060
1062 4058
1063 4060
1064 4059
1065 4060
1066 4057
1067 4057
1068 4060
1069 4059
1070 4059
1071 4059
1072 4059
1073 4058
1074 4059
1075 4058
1076 4059
1077 4059
1078 4060
1079 4059
1080 4057
1081 4058
1082 4059
1083 4057
1084 4060
1085 4060
1086 4057
1087 4057
1088 4057
1089 4057
1090 4057
1091 4059
1092 4059
1093 4058
1094 4056
1095 4057
1096 4061
1097 4057
1098 4058
1099 4061
1100 4055
1101 4064
1102 4055
1103 4059
1104 4057
1105 4060
1106 4060
1107 4056
1108 4058
1109 4061
1110 4057
1111 4059
1112 4059
1113 4057
1114 4057
1115 4059
1116 4059
1117 4059
1118 4057
1119 4057
1120 4057
1121 4061
1122 4057
1123 4061
1124 4059
1125 4056
1126 4061
1127 4058
1128 4056
1129 4060
1130 4060
1131 4059
1132 4059
1133 4058
1134 4057
1135 4061
1136 4055
1137 4061
1138 4060
1139 4057
1140 4059
1141 4059
1142 4059
1143 4054
1144 4059
1145 4059
1146 4058
1147 4059
1148 4059
1149 4060
1150 4064
1151 4057
1152 4056
1153 4058
1154 4057
1155 4057
1156 4060
1157 4057
1158 4057
1159 4060
1160 4056
1161 4060
1162 4064
1163 4057
1164 4059
1165 4059
1166 4059
1167 4060
1168 4058
1169 4060
1170 4054
1171 4059
1172 4057
1173 4057
1174 4059
1175 4057
1176 4059
1177 4059
1178 4056
1179 4059
1180 4060
1181 4056
1182 4057
1183 4059
1184 4064
1185 4059
1186 4060
1187 4058
1188 4056
1189 4056
1190 4059
1191 4057
1192 4058
1193 4057
1194 4059
1195 4059
1196 4054
1197 4059
1198 4061
1199 4064
1200 4060
1201 4064
1202 4055
1203 4057
1204 4056
1205 4057
1206 4058
1207 4057
1208 4064
1209 4054
1210 4059
1211 4057
1212 4059
1213 4059
1214 4059
1215 4060
1216 4058
1217 4058
1218 4058
1219 4059
1220 4055
1221 4058
1222 4056
1223 4060
1224 4058
1225 4059
1226 4059
1227 4060
1228 4060
1229 4060
1230 4060
1231 4061
1232 4051
1233 4057
1234 4058
1235 4059
1236 4064
1237 4058
1238 4057
1239 4059
1240 4057
1241 4055
1242 4059
1243 4057
1244 4058
1245 4060
1246 4057
1247 4055
1248 4055
1249 4064
1250 4056
1251 4058
1252 4056
1253 4057
1254 4056
1255 4060
1256 4056
1257 4059
1258 4061
1259 4058
1260 4059
1261 4059
1262 4057
1263 4057
1264 4057
1265 4059
1266 4057
1267 4059
1268 4057
1269 4061
1270 4056
1271 4058
1272 4059
1273 4061
1274 4058
1275 4064
1276 4058
1277 4059
1278 4064
1279 4057
1280 4057
1281 4057
1282 4057
1283 4057
1284 4060
1285 4061
1286 4055
1287 4064
1288 4058
1289 4056
1290 4058
1291 4055
1292 4058
1293 4058
1294 4064
1295 4056
1296 4056
1297 4057
1298 4056
1299 4057
1300 4057
1301 4064
1302 4055
1303 4059
1304 4056
1305 4057
1306 4060
1307 4057
1308 4056
1309 4061
1310 4058
1311 4059
1312 4060
1313 4058
1314 4057
1315 4056
1316 4060
1317 4058
1318 4060
1319 4061
1320 4058
1321 4056
1322 4055
1323 4058
1324 4060
1325 4057
1326 4057
1327 4061
1328 4055
1329 4059
1330 4055
1331 4059
1332 4056
1333 4056
1334 4064
1335 4056
1336 4059
1337 4059
1338 4057
1339 4056
1340 4057
1341 4059
1342 4055
1343 4053
1344 4060
1345 4057
1346 4057
1347 4060
1348 4060
1349 4057
1350 4060
1351 4057
1352 4053
1353 4064
1354 4057
1355 4057
1356 4062
1357 4057
1358 4055
1359 4058
1360 4057
1361 4056
1362 4056
1363 4055
1364 4057
1365 4058
1366 4057
1367 4058
1368 4058
1369 4058
1370 4060
1371 4059
1372 4056
1373 4059
1374 4060
1375 4061
1376 4058
1377 4059
1378 4059
1379 4057
1380 4059
1381 4064
1382 4056
1383 4058
1384 4058
1385 4057
1386 4057
1387 4060
1388 4057
1389 4057
1390 4057
1391 4058
1392 4061
1393 4056
1394 4058
1395 4060
1396 4057
1397 4060
1398 4060
1399 4061
1400 4057
1401 4060
1402 4056
1403 4060
1404 4057
1405 4060
1406 4064
1407 4060
1408 4057
1409 4059
1410 4061
1411 4057
1412 4059
1413 4061
1414 4057
1415 4060
1416 4056
1417 4060
1418 4058
1419 4056
1420 4058
1421 4060
1422 4060
1423 4059
1424 4060
1425 4059
1426 4057
1427 4059
1428 4057
1429 4061
1430 4053
1431 4061
1432 4057
1433 4053
1434 4057
1435 4057
1436 4060
1437 4057
1438 4059
1439 4060
1440 4058
1441 4064
1442 4057
1443 4058
1444 4058
1445 4058
1446 4059
1447 4057
1448 4058
1449 4060
1450 4057
1451 4060
1452 4056
1453 4060
1454 4059
1455 4055
1456 4058
1457 4057
1458 4064
1459 4057
1460 4064
1461 4059
1462 4059
1463 4061
1464 4059
1465 4059
1466 4061
1467 4060
1468 4056
1469 4064
1470 4055
1471 4059
1472 4058
1473 4057
1474 4059
1475 4059
1476 4060
1477 4057
1478 4059
1479 4057
1480 4056
1481 4061
1482 4061
1483 4057
1484 4061
1485 4064
1486 4060
1487 4061
1488 4057
1489 4057
1490 4057
1491 4060
1492 4054
1493 4056
1494 4061
1495 4061
1496 4058
1497 4060
1498 4059
1499 4059
1500 4057
1501 4064
1502 4052
1503 4060
1504 4058
1505 4057
1506 4060
1507 4057
1508 4059
1509 4060
1510 4057
1511 4059
1512 4059
1513 4059
1514 4054
1515 4058
1516 4059
1517 4057
1518 4056
1519 4064
1520 4059
1521 4057
1522 4057
1523 4060
1524 4059
1525 4058
1526 4059
1527 4060
1528 4059
1529 4061
1530 4054
1531 4060
1532 4061
1533 4061
1534 4058
1535 4064
1536 4060
1537 4061
1538 4060
1539 4057
1540 4058
1541 4061
1542 4057
1543 4056
1544 4058
1545 4059
1546 4058
1547 4057
1548 4059
1549 4058
1550 4061
1551 4064
1552 4057
1553 4060
1554 4061
1555 4056
1556 4057
1557 4059
1558 4056
1559 4059
1560 4058
1561 4060
1562 4055
1563 4059
1564 4056
1565 4058
1566 4057
1567 4058
1568 4060
1569 4057
1570 4058
1571 4056
1572 4060
1573 4064
1574 4058
1575 4064
1576 4059
1577 4060
1578 4058
1579 4060
1580 4059
1581 4060
1582 4059
1583 4058
1584 4059
1585 4059
1586 4057
1587 4058
1588 4058
1589 4060
1590 4060
1591 4058
1592 4059
1593 4060
1594 4058
1595 4059
1596 4058
1597 4057
1598 4057
1599 4060
1600 4059
1601 4064
1602 4053
1603 4057
1604 4056
1605 4064
1606 4064
1607 4060
1608 4058
1609 4057
1610 4064
1611 4057
1612 4060
1613 4061
1614 4061
1615 4057
1616 4056
1617 4058
1618 4058
1619 4060
1620 4057
1621 4057
1622 4064
1623 4057
1624 4059
1625 4064
1626 4057
1627 4057
1628 4060
1629 4060
1630 4059
1631 4060
1632 4059
1633 4060
1634 4059
1635 4060
1636 4056
1637 4058
1638 4059
1639 4061
1640 4056
1641 4061
1642 4059
1643 4060
1644 4057
1645 4060
1646 4059
1647 4061
1648 4059
1649 4057
1650 4057
1651 4064
1652 4057
1653 4059
1654 4060
1655 4055
1656 4064
1657 4060
1658 4056
1659 4057
1660 4061
1661 4057
1662 4059
1663 4057
1664 4060
1665 4058
1666 4058
1667 4059
1668 4058
1669 4056
1670 4060
1671 4060
1672 4056
1673 4060
1674 4060
1675 4060
1676 4057
1677 4057
1678 4058
1679 4057
1680 4058
1681 4061
1682 4058
1683 4057
1684 4060
1685 4057
1686 4061
1687 4058
1688 4056
1689 4057
1690 4057
1691 4055
1692 4057
1693 4057
1694 4056
1695 4059
1696 4055
1697 4056
1698 4059
1699 4058
1700 4057
1701 4060
1702 4055
1703 4059
1704 4058
1705 4056
1706 4060
1707 4061
1708 4059
1709 4059
1710 4057
1711 4057
1712 4060
1713 4058
1714 4061
1715 4055
1716 4057
1717 4057
1718 4058
1719 4061
1720 4057
1721 4059
1722 4056
1723 4059
1724 4053
1725 4059
1726 4056
1727 4056
1728 4057
1729 4060
1730 4055
1731 4056
1732 4057
1733 4060
1734 4059
1735 4061
1736 4060
1737 4060
1738 4057
1739 4059
1740 4058
1741 4055
1742 4057
1743 4057
1744 4060
1745 4059
1746 4057
1747 4061
1748 4057
1749 4059
1750 4059
1751 4064
1752 4054
1753 4057
1754 4060
1755 4061
1756 4060
1757 4061
1758 4058
1759 4057
1760 4057
1761 4061
1762 4058
1763 4059
1764 4058
1765 4064
1766 4055
1767 4061
1768 4064
1769 4059
1770 4057
1771 4058
1772 4059
1773 4057
1774 4059
1775 4059
1776 4057
1777 4061
1778 4057
1779 4055
1780 4060
1781 4060
1782 4057
1783 4060
1784 4058
1785 4059
1786 4058
1787 4057
1788 4057
1789 4059
1790 4057
1791 4057
1792 4058
1793 4056
1794 4058
1795 4059
1796 4061
1797 4062
1798 4059
1799 4057
1800 4060
1801 4064
1802 4057
1803 4057
1804 4058
1805 4060
1806 4058
1807 4060
1808 4054
1809 4057
1810 4059
1811 4058
1812 4059
1813 4060
1814 4058
1815 4060
1816 4056
1817 4061
1818 4059
1819 4061
1820 4056
1821 4061
1822 4058
1823 4057
1824 4058
1825 4059
1826 4055
1827 4059
1828 4059
1829 4057
1830 4057
1831 4059
1832 4056
1833 4058
1834 4061
1835 4058
1836 4055
1837 4058
1838 4059
1839 4057
1840 4057
1841 4056
1842 4058
1843 4056
1844 4060
1845 4064
1846 4057
1847 4060
1848 4058
1849 4059
1850 4057
1851 4064
1852 4053
1853 4058
1854 4056
1855 4057
1856 4060
1857 4059
1858 4057
1859 4060
1860 4058
1861 4059
1862 4055
1863 4056
1864 4055
1865 4061
1866 4064
1867 4058
1868 4060
1869 4060
1870 4057
1871 4059
1872 4060
1873 4060
1874 4057
1875 4059
1876 4058
1877 4059
1878 4057
1879 4059
1880 4059
1881 4056
1882 4060
1883 4057
1884 4060
1885 4056
1886 4061
1887 4061
1888 4059
1889 4058
1890 4060
1891 4060
1892 4061
1893 4059
1894 4059
1895 4060
1896 4057
1897 4059
1898 4058
1899 4060
1900 4057
1901 4061
1902 4058
1903 4061
1904 4058
1905 4060
1906 4058
1907 4057
1908 4058
1909 4059
1910 4057
1911 4061
1912 4059
1913 4057
1914 4056
1915 4058
1916 4058
1917 4060
1918 4058
1919 4057
1920 4059
1921 4065
1922 4057
1923 4057
1924 4055
1925 4059
1926 4061
1927 4059
1928 4059
1929 4059
1930 4058
1931 4058
1932 4056
1933 4059
1934 4055
1935 4058
1936 4057
1937 4058
1938 4057
1939 4058
1940 4058
1941 4059
1942 4059
1943 4058
1944 4054
1945 4058
1946 4059
1947 4059
1948 4057
1949 4057
1950 4061
1951 4064
1952 4055
1953 4061
1954 4064
1955 4057
1956 4059
1957 4057
1958 4058
1959 4059
1960 4059
1961 4058
1962 4057
1963 4064
1964 4059
1965 4064
1966 4056
1967 4060
1968 4060
1969 4058
1970 4059
1971 4061
1972 4059
1973 4059
1974 4057
1975 4058
1976 4058
1977 4057
1978 4059
1979 4057
1980 4058
1981 4058
1982 4057
1983 4055
1984 4057
1985 4061
1986 4060
1987 4060
1988 4058
1989 4059
1990 4059
1991 4059
1992 4059
1993 4058
1994 4059
1995 4061
1996 4057
1997 4058
1998 4060
1999 4060
2000 4061
2001 4061
2002 4058
2003 4059
2004 4057
2005 4057
2006 4060
2007 4057
2008 4058
2009 4057
2010 4061
2011 4057
2012 4060
2013 4059
2014 4060
2015 4057
2016 4058
2017 4056
2018 4057
2019 4058
2020 4060
2021 4064
2022 4058
2023 4055
2024 4060
2025 4057
2026 4061
2027 4061
2028 4057
2029 4060
2030 4060
2031 4057
2032 4058
2033 4058
2034 4059
2035 4061
2036 4060
2037 4059
2038 4057
2039 4058
2040 4060
2041 4057
2042 4061
2043 4059
2044 4059
2045 4059
2046 4059
2047 4059
2048 4056
2049 4059
2050 4056
2051 4060
2052 4057
2053 4059
2054 4057
2055 4061
2056 4055
2057 4058
2058 4064
2059 4059
2060 4057
2061 4064
2062 4057
2063 4061
2064 4057
2065 4059
2066 4060
2067 4056
2068 4059
2069 4059
2070 4059
2071 4060
2072 4059
2073 4057
2074 4059
2075 4059
2076 4061
2077 4060
2078 4057
2079 4060
2080 4054
2081 4058
2082 4061
2083 4060
2084 4061
2085 4060
2086 4057
2087 4058
2088 4058
2089 4055
2090 4058
2091 4059
2092 4061
2093 4061
2094 4059
2095 4057
2096 4057
2097 4059
2098 4058
2099 4064
2100 4064
2101 4064
2102 4055
2103 4059
2104 4058
2105 4056
2106 4059
2107 4053
2108 4058
2109 4057
2110 4055
2111 4057
2112 4060
2113 4057
2114 4059
2115 4059
2116 4059
2117 4055
2118 4057
2119 4059
2120 4059
2121 4064
2122 4060
2123 4057
2124 4060
2125 4059
2126 4058
2127 4057
2128 4059
2129 4060
2130 4057
2131 4061
2132 4060
2133 4059
2134 4056
2135 4061
2136 4059
2137 4061
2138 4060
2139 4060
2140 4057
2141 4057
2142 4061
2143 4057
2144 4055
2145 4059
2146 4057
2147 4057
2148 4058
2149 4057
2150 4060
2151 4061
2152 4056
2153 4055
2154 4059
2155 4056
2156 4058
2157 4059
2158 4057
2159 4056
2160 4061
2161 4058
2162 4057
2163 4058
2164 4060
2165 4058
2166 4057
2167 4059
2168 4060
2169 4059
2170 4057
2171 4061
2172 4056
2173 4058
2174 4059
2175 4061
2176 4059
2177 4064
2178 4057
2179 4064
2180 4058
2181 4061
2182 4060
2183 4056
2184 4059
2185 4059
2186 4059
2187 4057
2188 4060
2189 4055
2190 4059
2191 4056
2192 4058
2193 4061
2194 4055
2195 4056
2196 4059
2197 4059
2198 4058
2199 4058
2200 4058
2201 4064
2202 4057
2203 4056
2204 4058
2205 4059
2206 4060
2207 4056
2208 4064
2209 4058
2210 4064
2211 4059
2212 4060
2213 4060
2214 4058
2215 4059
2216 4061
2217 4058
2218 4060
2219 4060
2220 4059
2221 4059
2222 4057
2223 4058
2224 4060
2225 4059
2226 4055
2227 4058
2228 4057
2229 4057
2230 4060
2231 4064
2232 4058
2233 4061
2234 4056
2235 4055
2236 4059
2237 4059
2238 4053
2239 4059
2240 4057
2241 4055
2242 4060
2243 4059
2244 4058
2245 4057
2246 4060
2247 4057
2248 4056
2249 4059
2250 4058
2251 4064
2252 4055
2253 4058
2254 4056
2255 4064
2256 4057
2257 4058
2258 4064
2259 4060
2260 4057
2261 4059
2262 4060
2263 4059
2264 4058
2265 4064
2266 4059
2267 4060
2268 4060
2269 4060
2270 4060
2271 4057
2272 4064
2273 4058
2274 4060
2275 4061
2276 4058
2277 4059
2278 4057
2279 4058
2280 4059
2281 4058
2282 4060
2283 4057
2284 4059
2285 4057
2286 4061
2287 4060
2288 4055
2289 4059
2290 4059
2291 4057
2292 4057
2293 4059
2294 4057
2295 4057
2296 4057
2297 4056
2298 4058
2299 4057
2300 4061
2301 4061
2302 4056
2303 4057
2304 4058
2305 4058
2306 4058
2307 4056
2308 4059
2309 4056
2310 4057
2311 4061
2312 4058
2313 4061
2314 4057
2315 4061
2316 4059
2317 4057
2318 4058
2319 4064
2320 4057
2321 4057
2322 4056
2323 4061
2324 4055
2325 4060
2326 4059
2327 4059
2328 4057
2329 4059
2330 4056
2331 4058
2332 4060
2333 4061
2334 4056
2335 4061
2336 4057
2337 4056
2338 4058
2339 4057
2340 4057
2341 4059
2342 4061
2343 4060
2344 4060
2345 4056
2346 4058
2347 4057
2348 4059
2349 4052
2350 4060
2351 4060
2352 4053
2353 4060
2354 4060
2355 4057
2356 4060
2357 4059
2358 4055
2359 4060
2360 4057
2361 4060
2362 4060
2363 4057
2364 4057
2365 4058
2366 4055
2367 4060
2368 4057
2369 4059
2370 4060
2371 4059
2372 4059
2373 4061
2374 4057
2375 4056
2376 4060
2377 4059
2378 4060
2379 4056
2380 4057
2381 4057
2382 4060
2383 4059
2384 4057
2385 4059
2386 4059
2387 4057
2388 4056
2389 4060
2390 4059
2391 4056
2392 4056
2393 4057
2394 4057
2395 4058
2396 4060
2397 4057
2398 4056
2399 4057
2400 4061
2401 4061
2402 4056
2403 4060
2404 4061
2405 4057
2406 4058
2407 4056
2408 4060
2409 4058
2410 4059
2411 4059
2412 4055
2413 4059
2414 4059
2415 4059
2416 4056
2417 4057
2418 4056
2419 4058
2420 4056
2421 4058
2422 4059
2423 4060
2424 4064
2425 4059
2426 4057
2427 4059
2428 4061
2429 4057
2430 4057
2431 4064
2432 4055
2433 4058
2434 4061
2435 4055
2436 4064
2437 4056
2438 4064
2439 4061
2440 4060
2441 4057
2442 4058
2443 4064
2444 4059
2445 4060
2446 4058
2447 4058
2448 4057
2449 4061
2450 4060
2451 4059
2452 4054
2453 4059
2454 4059
2455 4059
2456 4061
2457 4055
2458 4060
2459 4056
2460 4056
2461 4059
2462 4061
2463 4059
2464 4056
2465 4057
2466 4057
2467 4057
2468 4058
2469 4059
2470 4059
2471 4059
2472 4059
2473 4058
2474 4058
2475 4059
2476 4055
2477 4060
2478 4058
2479 4058
2480 4056
2481 4059
2482 4060
2483 4058
2484 4058
2485 4057
2486 4059
2487 4057
2488 4058
2489 4055
2490 4057
2491 4057
2492 4058
2493 4060
2494 4056
2495 4055
2496 4057
2497 4059
2498 4059
2499 4060
2500 4059
2501 4061
2502 4056
2503 4061
2504 4056
2505 4059
2506 4060
2507 4058
2508 4058
2509 4060
2510 4060
2511 4060
2512 4060
2513 4057
2514 4059
2515 4057
2516 4059
2517 4057
2518 4057
2519 4057
2520 4053
2521 4060
2522 4057
2523 4058
2524 4056
2525 4061
2526 4056
2527 4056
2528 4059
2529 4057
2530 4056
2531 4057
2532 4060
2533 4059
2534 4059
2535 4059
2536 4059
2537 4058
2538 4057
2539 4059
2540 4055
2541 4058
2542 4059
2543 4058
2544 4058
2545 4057
2546 4056
2547 4057
2548 4058
2549 4061
2550 4057
2551 4058
2552 4056
2553 4057
2554 4059
2555 4060
2556 4059
2557 4057
2558 4056
2559 4061
2560 4059
2561 4057
2562 4055
2563 4059
2564 4060
2565 4059
2566 4060
2567 4058
2568 4058
2569 4059
2570 4057
2571 4057
2572 4055
2573 4058
2574 4057
2575 4059
2576 4058
2577 4057
2578 4057
2579 4056
2580 4060
2581 4058
2582 4059
2583 4058
2584 4055
2585 4058
2586 4059
2587 4059
2588 4061
2589 4059
2590 4060
2591 4057
2592 4057
2593 4058
2594 4059
2595 4057
2596 4059
2597 4059
2598 4057
2599 4060
2600 4057
2601 4064
2602 4055
2603 4057
2604 4057
2605 4059
2606 4059
2607 4059
2608 4060
2609 4064
2610 4056
2611 4057
2612 4058
2613 4060
2614 4055
2615 4057
2616 4059
2617 4057
2618 4056
2619 4060
2620 4057
2621 4055
2622 4058
2623 4057
2624 4057
2625 4056
2626 4056
2627 4059
2628 4056
2629 4056
2630 4055
2631 4056
2632 4057
2633 4056
2634 4055
2635 4057
2636 4060
2637 4058
2638 4060
2639 4057
2640 4059
2641 4057
2642 4059
2643 4059
2644 4056
2645 4057
2646 4056
2647 4059
2648 4056
2649 4056
2650 4057
2651 4060
2652 4058
2653 4059
2654 4054
2655 4059
2656 4057
2657 4056
2658 4055
2659 4055
2660 4058
2661 4058
2662 4057
2663 4057
2664 4056
2665 4057
2666 4056
2667 4055
2668 4057
2669 4055
2670 4061
2671 4058
2672 4057
2673 4058
2674 4057
2675 4058
2676 4057
2677 4055
2678 4060
2679 4054
2680 4055
2681 4056
2682 4056
2683 4056
2684 4058
2685 4057
2686 4055
2687 4057
2688 4057
2689 4060
2690 4057
2691 4059
2692 4055
2693 4059
2694 4058
2695 4057
2696 4058
2697 4064
2698 4054
2699 4061
2700 4057
2701 4064
2702 4056
2703 4057
2704 4059
2705 4059
2706 4055
2707 4060
2708 4056
2709 4057
2710 4057
2711 4053
2712 4058
2713 4059
2714 4058
2715 4061
2716 4053
2717 4060
2718 4055
2719 4059
2720 4061
2721 4057
2722 4056
2723 4057
2724 4057
2725 4057
2726 4053
2727 4057
2728 4059
2729 4054
2730 4058
2731 4060
2732 4057
2733 4059
2734 4061
2735 4056
2736 4055
2737 4060
2738 4058
2739 4057
2740 4059
2741 4057
2742 4055
2743 4059
2744 4057
2745 4055
2746 4056
2747 4059
2748 4056
2749 4058
2750 4055
2751 4060
2752 4053
2753 4058
2754 4058
2755 4056
2756 4058
2757 4056
2758 4054
2759 4057
2760 4056
2761 4057
2762 4057
2763 4056
2764 4060
2765 4056
2766 4057
2767 4053
2768 4056
2769 4055
2770 4056
2771 4057
2772 4056
2773 4055
2774 4055
2775 4059
2776 4057
2777 4056
2778 4059
2779 4054
2780 4057
2781 4057
2782 4055
2783 4060
2784 4056
2785 4054
2786 4055
2787 4054
2788 4057
2789 4055
2790 4059
2791 4057
2792 4059
2793 4053
2794 4057
2795 4054
2796 4054
2797 4052
2798 4057
2799 4058
2800 4051
2801 4060
2802 4052
2803 4057
2804 4057
2805 4056
2806 4057
2807 4057
2808 4055
2809 4056
2810 4057
2811 4055
2812 4055
2813 4056
2814 4055
2815 4054
2816 4061
2817 4060
2818 4055
2819 4058
2820 4059
2821 4060
2822 4057
2823 4059
2824 4060
2825 4060
2826 4057
2827 4061
2828 4059
2829 4060
2830 4057
2831 4057
2832 4056
2833 4056
2834 4059
2835 4055
2836 4060
2837 4056
2838 4057
2839 4059
2840 4057
2841 4059
2842 4057
2843 4059
2844 4059
2845 4059
2846 4056
2847 4057
2848 4059
2849 4059
2850 4060
2851 4058
2852 4054
2853 4061
2854 4054
2855 4058
2856 4057
2857 4056
2858 4055
2859 4056
2860 4056
2861 4059
2862 4057
2863 4058
2864 4059
2865 4061
2866 4059
2867 4055
2868 4054
2869 4064
2870 4056
2871 4057
2872 4058
2873 4061
2874 4056
2875 4057
2876 4060
2877 4057
2878 4059
2879 4056
2880 4059
2881 4061
2882 4056
2883 4059
2884 4057
2885 4058
2886 4058
2887 4059
2888 4057
2889 4061
2890 4058
2891 4058
2892 4060
2893 4064
2894 4059
2895 4061
2896 4056
2897 4060
2898 4058
2899 4060
2900 4057
2901 4064
2902 4056
2903 4061
2904 4057
2905 4057
2906 4060
2907 4057
2908 4059
2909 4057
2910 4060
2911 4060
2912 4058
2913 4060
2914 4055
2915 4058
2916 4059
2917 4059
2918 4058
2919 4056
2920 4057
2921 4058
2922 4059
2923 4058
2924 4058
2925 4058
2926 4057
2927 4059
2928 4057
2929 4059
2930 4060
2931 4058
2932 4058
2933 4059
2934 4056
2935 4060
2936 4059
2937 4057
2938 4058
2939 4060
2940 4058
2941 4056
2942 4057
2943 4058
2944 4064
2945 4059
2946 4061
2947 4060
2948 4060
2949 4057
2950 4060
2951 4061
2952 4056
2953 4058
2954 4057
2955 4059
2956 4057
2957 4061
2958 4054
2959 4058
2960 4057
2961 4060
2962 4064
2963 4055
2964 4057
2965 4057
2966 4057
2967 4057
2968 4053
2969 4060
2970 4056
2971 4061
2972 4057
2973 4057
2974 4058
2975 4057
2976 4061
2977 4055
2978 4057
2979 4060
2980 4057
2981 4061
2982 4056
2983 4058
2984 4059
2985 4060
2986 4060
2987 4057
2988 4059
2989 4058
2990 4058
2991 4064
2992 4057
2993 4058
2994 4060
2995 4058
2996 4061
2997 4060
2998 4056
2999 4059
3000 4059
3001 4064
3002 4059
3003 4059
3004 4059
3005 4058
3006 4058
3007 4058
3008 4056
3009 4060
3010 4059
3011 4061
3012 4058
3013 4057
3014 4060
3015 4058
3016 4059
3017 4059
3018 4057
3019 4060
3020 4057
3021 4059
3022 4059
3023 4064
3024 4056
3025 4059
3026 4057
3027 4059
3028 4059
3029 4058
3030 4059
3031 4059
3032 4057
3033 4060
3034 4061
3035 4058
3036 4055
3037 4059
3038 4059
3039 4057
3040 4060
3041 4059
3042 4064
3043 4059
3044 4064
3045 4056
3046 4058
3047 4060
3048 4061
3049 4060
3050 4060
3051 4061
3052 4055
3053 4059
3054 4056
3055 4059
3056 4059
3057 4059
3058 4060
3059 4057
3060 4060
3061 4060
3062 4059
3063 4061
3064 4061
3065 4060
3066 4057
3067 4056
3068 4058
3069 4057
3070 4057
3071 4060
3072 4057
3073 4059
3074 4057
3075 4060
3076 4060
3077 4057
3078 4058
3079 4064
3080 4056
3081 4058
3082 4058
3083 4056
3084 4061
3085 4059
3086 4060
3087 4060
3088 4055
3089 4056
3090 4057
3091 4059
3092 4056
3093 4056
3094 4060
3095 4055
3096 4057
3097 4058
3098 4059
3099 4055
3100 4061
3101 4064
3102 4055
3103 4061
3104 4059
3105 4056
3106 4060
3107 4061
3108 4058
3109 4058
3110 4060
3111 4059
3112 4058
3113 4059
3114 4059
3115 4057
3116 4060
3117 4059
3118 4057
3119 4060
3120 4060
3121 4058
3122 4058
3123 4064
3124 4055
3125 4059
3126 4064
3127 4058
3128 4056
3129 4057
3130 4057
3131 4057
3132 4059
3133 4058
3134 4059
3135 4059
3136 4059
3137 4058
3138 4057
3139 4061
3140 4057
3141 4060
3142 4059
3143 4055
3144 4057
3145 4058
3146 4060
3147 4058
3148 4064
3149 4059
3150 4057
3151 4064
3152 4055
3153 4058
3154 4059
3155 4057
3156 4057
3157 4060
3158 4056
3159 4060
3160 4057
3161 4060
3162 4058
3163 4057
3164 4058
3165 4061
3166 4060
3167 4059
3168 4060
3169 4059
3170 4057
3171 4064
3172 4058
3173 4060
3174 4055
3175 4061
3176 4059
3177 4058
3178 4060
3179 4059
3180 4057
3181 4058
3182 4057
3183 4057
3184 4056
3185 4060
3186 4058
3187 4064
3188 4059
3189 4060
3190 4059
3191 4057
3192 4059
3193 4058
3194 4055
3195 4059
3196 4059
3197 4057
3198 4059
3199 4059
3200 4059
3201 4064
3202 4055
3203 4057
3204 4058
3205 4059
3206 4060
3207 4056
3208 4060
3209 4061
3210 4060
3211 4058
3212 4059
3213 4060
3214 4055
3215 4055
3216 4060
3217 4057
3218 4056
3219 4055
3220 4058
3221 4060
3222 4059
3223 4059
3224 4055
3225 4058
3226 4057
3227 4059
3228 4059
3229 4058
3230 4057
3231 4058
3232 4057
3233 4059
3234 4058
3235 4060
3236 4058
3237 4057
3238 4060
3239 4058
3240 4058
3241 4059
3242 4061
3243 4056
3244 4056
3245 4059
3246 4057
3247 4058
3248 4057
3249 4058
3250 4055
3251 4064
3252 4057
3253 4056
3254 4061
3255 4055
3256 4058
3257 4057
3258 4057
3259 4059
3260 4057
3261 4057
3262 4058
3263 4059
3264 4057
3265 4055
3266 4059
3267 4057
3268 4056
3269 4059
3270 4057
3271 4059
3272 4058
3273 4064
3274 4056
3275 4059
3276 4058
3277 4059
3278 4057
3279 4054
3280 4057
3281 4058
3282 4056
3283 4060
3284 4060
3285 4058
3286 4055
3287 4056
3288 4064
3289 4058
3290 4064
3291 4059
3292 4055
3293 4056
3294 4058
3295 4056
3296 4055
3297 4058
3298 4057
3299 4057
3300 4056
3301 4064
3302 4055
3303 4056
3304 4054
3305 4057
3306 4057
3307 4056
3308 4057
3309 4055
3310 4059
3311 4059
3312 4056
3313 4058
3314 4056
3315 4056
3316 4059
3317 4054
3318 4053
3319 4057
3320 4056
3321 4054
3322 4057
3323 4059
3324 4057
3325 4057
3326 4057
3327 4053
3328 4057
3329 4060
3330 4057
3331 4058
3332 4058
3333 4058
3334 4056
3335 4058
3336 4057
3337 4057
3338 4060
3339 4056
3340 4056
3341 4058
3342 4057
3343 4056
3344 4059
3345 4059
3346 4058
3347 4057
3348 4051
3349 4059
3350 4057
3351 4057
3352 4056
3353 4055
3354 4059
3355 4057
3356 4059
3357 4057
3358 4057
3359 4058
3360 4058
3361 4064
3362 4059
3363 4060
3364 4060
3365 4058
3366 4060
3367 4061
3368 4055
3369 4061
3370 4057
3371 4058
3372 4060
3373 4064
3374 4056
3375 4059
3376 4058
3377 4060
3378 4057
3379 4060
3380 4056
3381 4061
3382 4061
3383 4058
3384 4059
3385 4059
3386 4057
3387 4058
3388 4057
3389 4058
3390 4060
3391 4059
3392 4064
3393 4056
3394 4061
3395 4057
3396 4056
3397 4058
3398 4055
3399 4058
3400 4057
3401 4059
3402 4059
3403 4061
3404 4061
3405 4057
3406 4060
3407 4060
3408 4057
3409 4057
3410 4057
3411 4060
3412 4061
3413 4058
3414 4060
3415 4058
3416 4060
3417 4060
3418 4059
3419 4056
3420 4056
3421 4059
3422 4059
3423 4057
3424 4059
3425 4060
3426 4058
3427 4058
3428 4058
3429 4061
3430 4056
3431 4058
3432 4057
3433 4060
3434 4059
3435 4056
3436 4055
3437 4061
3438 4058
3439 4059
3440 4057
3441 4060
3442 4060
3443 4059
3444 4059
3445 4059
3446 4057
3447 4064
3448 4056
3449 4058
3450 4059
3451 4061
3452 4055
3453 4059
3454 4061
3455 4060
3456 4059
3457 4057
3458 4059
3459 4057
3460 4056
3461 4061
3462 4060
3463 4058
3464 4064
3465 4061
3466 4060
3467 4059
3468 4056
3469 4057
3470 4060
3471 4058
3472 4056
3473 4057
3474 4056
3475 4060
3476 4060
3477 4058
3478 4059
3479 4061
3480 4058
3481 4059
3482 4064
3483 4060
3484 4057
3485 4064
3486 4060
3487 4057
3488 4061
3489 4057
3490 4057
3491 4059
3492 4059
3493 4058
3494 4060
3495 4058
3496 4059
3497 4059
3498 4058
3499 4064
3500 4056
3501 4064
3502 4055
3503 4056
3504 4061
3505 4058
3506 4060
3507 4054
3508 4057
3509 4058
3510 4055
3511 4064
3512 4058
3513 4064
3514 4059
3515 4059
3516 4057
3517 4059
3518 4060
3519 4059
3520 4061
3521 4059
3522 4058
3523 4059
3524 4059
3525 4060
3526 4064
3527 4061
3528 4056
3529 4060
3530 4057
3531 4064
3532 4060
3533 4059
3534 4060
3535 4057
3536 4061
3537 4057
3538 4057
3539 4058
3540 4057
3541 4061
3542 4057
3543 4060
3544 4064
3545 4059
3546 4060
3547 4061
3548 4057
3549 4058
3550 4060
3551 4064
3552 4057
3553 4057
3554 4059
3555 4058
3556 4057
3557 4057
3558 4058
3559 4057
3560 4058
3561 4056
3562 4058
3563 4060
3564 4056
3565 4060
3566 4060
3567 4057
3568 4064
3569 4057
3570 4059
3571 4061
3572 4057
3573 4061
3574 4060
3575 4056
3576 4059
3577 4056
3578 4057
3579 4057
3580 4057
3581 4060
3582 4059
3583 4054
3584 4058
3585 4059
3586 4060
3587 4059
3588 4058
3589 4061
3590 4059
3591 4060
3592 4061
3593 4055
3594 4057
3595 4060
3596 4057
3597 4064
3598 4059
3599 4057
3600 4058
3601 4061
3602 4054
3603 4056
3604 4058
3605 4056
3606 4057
3607 4060
3608 4058
3609 4057
3610 4057
3611 4064
3612 4060
3613 4059
3614 4059
3615 4055
3616 4057
3617 4056
3618 4055
3619 4058
3620 4056
3621 4060
3622 4058
3623 4060
3624 4056
3625 4059
3626 4055
3627 4057
3628 4057
3629 4059
3630 4060
3631 4060
3632 4056
3633 4059
3634 4059
3635 4055
3636 4058
3637 4057
3638 4057
3639 4059
3640 4058
3641 4056
3642 4057
3643 4059
3644 4056
3645 4058
3646 4059
3647 4061
3648 4060
3649 4055
3650 4061
3651 4058
3652 4056
3653 4059
3654 4057
3655 4060
3656 4054
3657 4057
3658 4064
3659 4056
3660 4059
3661 4058
3662 4056
3663 4056
3664 4058
3665 4058
3666 4057
3667 4056
3668 4059
3669 4059
3670 4056
3671 4059
3672 4058
3673 4058
3674 4060
3675 4059
3676 4058
3677 4057
3678 4060
3679 4060
3680 4057
3681 4058
3682 4058
3683 4057
3684 4055
3685 4059
3686 4059
3687 4060
3688 4060
3689 4059
3690 4058
3691 4058
3692 4061
3693 4059
3694 4056
