#Data from the TCD1304 linear CCD
#column 1 = pixelnumber , column 2 = pixelvalue
#Pixel 1-32 and 3679-3694 and are dummy pixels
#SH-period: 200    ICG-period: 100000    Integration time: 100.0 us
2 4045
3 4045
4 4064
5 4060
6 4060
7 4059
8 4059
9 4064
10 4061
11 4059
12 4056
13 4061
14 4057
15 4056
16 4058
17 4059
18 4055
19 4061
20 4059
21 4060
22 4060
23 4057
24 4058
25 4056
26 4061
27 4064
28 4064
29 4058
30 4064
31 4056
32 4057
34 4060
35 4058
36 4059
37 4060
38 4057
39 4057
40 4060
41 4058
42 4058
43 4060
44 4060
45 4060
46 4061
47 4059
48 4061
49 4058
50 4060
51 4064
52 4055
53 4061
54 4056
55 4060
56 4055
57 4061
58 4061
59 4057
60 4060
61 4057
62 4057
63 4058
64 4056
65 4059
66 4059
67 4061
68 4059
69 4059
70 4057
71 4060
72 4060
73 4060
74 4057
75 4061
76 4059
77 4064
78 4060
79 4057
80 4060
81 4064
82 4058
83 4059
84 4059
85 4060
86 4058
87 4059
88 4064
89 4057
90 4057
91 4059
92 4059
93 4059
94 4055
95 4064
96 4059
97 4059
98 4064
99 4057
100 4059
101 4064
102 4056
103 4064
104 4059
105 4064
106 4059
107 4058
108 4064
109 4060
110 4061
111 4064
112 4056
113 4064
114 4061
115 4061
116 4061
117 4060
118 4061
119 4059
120 4059
121 4057
122 4058
123 4061
124 4058
125 4058
126 4057
127 4064
128 4060
129 4059
130 4058
131 4061
132 4059
133 4059
134 4057
135 4057
136 4060
137 4057
138 4056
139 4059
140 4057
141 4064
142 4058
143 4061
144 4056
145 4059
146 4059
147 4057
148 4057
149 4057
150 4058
151 4064
152 4058
153 4060
154 4056
155 4061
156 4059
157 4058
158 4059
159 4060
160 4060
161 4060
162 4059
163 4060
164 4061
165 4055
166 4060
167 4057
168 4059
169 4064
170 4064
171 4059
172 4058
173 4059
174 4058
175 4059
176 4058
177 4060
178 4059
179 4064
180 4059
181 4059
182 4064
183 4060
184 4059
185 4064
186 4059
187 4057
188 4061
189 4058
190 4056
191 4059
192 4061
193 4060
194 4058
195 4060
196 4059
197 4058
198 4064
199 4057
200 4064
201 4064
202 4057
203 4058
204 4061
205 4057
206 4061
207 4059
208 4059
209 4060
210 4060
211 4060
212 4056
213 4059
214 4058
215 4059
216 4059
217 4064
218 4060
219 4061
220 4058
221 4058
222 4059
223 4059
224 4059
225 4060
226 4058
227 4058
228 4064
229 4057
230 4060
231 4057
232 4060
233 4059
234 4064
235 4061
236 4058
237 4058
238 4061
239 4057
240 4053
241 4057
242 4064
243 4058
244 4059
245 4061
246 4058
247 4061
248 4057
249 4059
250 4059
251 4059
252 4055
253 4060
254 4060
255 4057
256 4059
257 4059
258 4060
259 4059
260 4059
261 4057
262 4058
263 4060
264 4059
265 4058
266 4058
267 4061
268 4064
269 4064
270 4060
271 4058
272 4061
273 4061
274 4056
275 4064
276 4060
277 4064
278 4055
279 4060
280 4058
281 4058
282 4059
283 4061
284 4056
285 4061
286 4061
287 4058
288 4064
289 4059
290 4060
291 4059
292 4058
293 4057
294 4057
295 4057
296 4058
297 4060
298 4059
299 4064
300 4059
301 4064
302 4057
303 4060
304 4059
305 4060
306 4059
307 4059
308 4060
309 4059
310 4060
311 4060
312 4059
313 4064
314 4057
315 4059
316 4060
317 4059
318 4059
319 4064
320 4059
321 4059
322 4059
323 4059
324 4064
325 4060
326 4057
327 4060
328 4057
329 4059
330 4064
331 4058
332 4059
333 4059
334 4060
335 4059
336 4057
337 4060
338 4059
339 4059
340 4060
341 4060
342 4059
343 4058
344 4064
345 4059
346 4061
347 4064
348 4064
349 4064
350 4060
351 4064
352 4059
353 4061
354 4060
355 4060
356 4059
357 4059
358 4061
359 4058
360 4059
361 4058
362 4058
363 4059
364 4061
365 4058
366 4061
367 4064
368 4064
369 4061
370 4058
371 4058
372 4060
373 4058
374 4058
375 4059
376 4059
377 4055
378 4057
379 4061
380 4060
381 4060
382 4058
383 4059
384 4060
385 4064
386 4059
387 4055
388 4064
389 4060
390 4064
391 4059
392 4064
393 4057
394 4060
395 4059
396 4060
397 4056
398 4059
399 4056
400 4061
401 4061
402 4057
403 4059
404 4057
405 4060
406 4061
407 4059
408 4059
409 4061
410 4060
411 4059
412 4060
413 4059
414 4060
415 4059
416 4060
417 4058
418 4060
419 4060
420 4064
421 4064
422 4060
423 4060
424 4061
425 4064
426 4058
427 4061
428 4061
429 4057
430 4056
431 4060
432 4056
433 4059
434 4055
435 4061
436 4060
437 4057
438 4064
439 4059
440 4058
441 4057
442 4059
443 4058
444 4056
445 4061
446 4058
447 4059
448 4058
449 4059
450 4060
451 4059
452 4056
453 4064
454 4057
455 4061
456 4061
457 4058
458 4054
459 4058
460 4060
461 4061
462 4058
463 4059
464 4058
465 4056
466 4059
467 4059
468 4060
469 4058
470 4057
471 4058
472 4059
473 4061
474 4064
475 4061
476 4061
477 4058
478 4059
479 4059
480 4060
481 4057
482 4061
483 4060
484 4061
485 4059
486 4056
487 4059
488 4058
489 4060
490 4064
491 4064
492 4057
493 4059
494 4058
495 4059
496 4061
497 4057
498 4061
499 4060
500 4057
501 4060
502 4059
503 4061
504 4059
505 4060
506 4059
507 4057
508 4056
509 4061
510 4057
511 4057
512 4059
513 4061
514 4057
515 4060
516 4059
517 4061
518 4064
519 4062
520 4060
521 4059
522 4057
523 4056
524 4060
525 4059
526 4058
527 4058
528 4060
529 4058
530 4057
531 4058
532 4064
533 4057
534 4057
535 4057
536 4064
537 4059
538 4060
539 4059
540 4057
541 4058
542 4060
543 4061
544 4058
545 4058
546 4061
547 4059
548 4056
549 4057
550 4058
551 4060
552 4059
553 4064
554 4057
555 4059
556 4056
557 4061
558 4057
559 4057
560 4055
561 4060
562 4058
563 4059
564 4056
565 4058
566 4059
567 4057
568 4059
569 4057
570 4064
571 4059
572 4057
573 4064
574 4055
575 4058
576 4053
577 4057
578 4054
579 4058
580 4058
581 4056
582 4057
583 4053
584 4061
585 4060
586 4053
587 4057
588 4057
589 4061
590 4057
591 4058
592 4058
593 4054
594 4057
595 4055
596 4058
597 4055
598 4057
599 4059
600 4064
601 4060
602 4053
603 4057
604 4058
605 4057
606 4054
607 4055
608 4061
609 4053
610 4059
611 4060
612 4057
613 4060
614 4058
615 4055
616 4055
617 4059
618 4058
619 4055
620 4058
621 4060
622 4057
623 4057
624 4061
625 4057
626 4055
627 4058
628 4058
629 4058
630 4056
631 4056
632 4057
633 4054
634 4059
635 4057
636 4058
637 4057
638 4060
639 4064
640 4059
641 4058
642 4056
643 4060
644 4055
645 4060
646 4059
647 4057
648 4057
649 4057
650 4059
651 4060
652 4056
653 4057
654 4059
655 4060
656 4058
657 4058
658 4064
659 4059
660 4058
661 4061
662 4059
663 4061
664 4060
665 4056
666 4058
667 4061
668 4059
669 4064
670 4056
671 4058
672 4056
673 4059
674 4057
675 4060
676 4058
677 4060
678 4061
679 4060
680 4061
681 4058
682 4059
683 4060
684 4058
685 4061
686 4059
687 4059
688 4059
689 4057
690 4059
691 4061
692 4064
693 4061
694 4061
695 4059
696 4057
697 4064
698 4056
699 4060
700 4060
701 4068
702 4055
703 4057
704 4064
705 4057
706 4060
707 4057
708 4060
709 4058
710 4059
711 4064
712 4056
713 4064
714 4060
715 4064
716 4057
717 4058
718 4057
719 4057
720 4058
721 4059
722 4064
723 4059
724 4058
725 4064
726 4064
727 4060
728 4057
729 4058
730 4059
731 4059
732 4060
733 4058
734 4059
735 4058
736 4057
737 4059
738 4064
739 4061
740 4059
741 4060
742 4056
743 4059
744 4059
745 4061
746 4064
747 4056
748 4061
749 4057
750 4060
751 4059
752 4056
753 4061
754 4057
755 4058
756 4057
757 4061
758 4061
759 4059
760 4059
761 4060
762 4060
763 4064
764 4059
765 4060
766 4059
767 4060
768 4059
769 4060
770 4057
771 4059
772 4058
773 4060
774 4064
775 4056
776 4060
777 4057
778 4057
779 4058
780 4061
781 4058
782 4055
783 4064
784 4055
785 4059
786 4058
787 4058
788 4059
789 4060
790 4058
791 4057
792 4059
793 4058
794 4059
795 4059
796 4058
797 4060
798 4056
799 4056
800 4061
801 4064
802 4057
803 4059
804 4059
805 4057
806 4064
807 4060
808 4060
809 4058
810 4059
811 4059
812 4060
813 4060
814 4058
815 4056
816 4057
817 4057
818 4059
819 4060
820 4059
821 4060
822 4060
823 4059
824 4057
825 4060
826 4057
827 4058
828 4057
829 4061
830 4064
831 4059
832 4059
833 4060
834 4064
835 4060
836 4058
837 4059
838 4059
839 4057
840 4061
841 4061
842 4059
843 4061
844 4054
845 4064
846 4064
847 4057
848 4057
849 4061
850 4059
851 4064
852 4059
853 4061
854 4060
855 4061
856 4060
857 4059
858 4060
859 4060
860 4056
861 4059
862 4058
863 4060
864 4061
865 4057
866 4059
867 4059
868 4057
869 4059
870 4055
871 4060
872 4056
873 4061
874 4055
875 4059
876 4057
877 4064
878 4064
879 4060
880 4064
881 4059
882 4056
883 4057
884 4059
885 4060
886 4057
887 4060
888 4059
889 4059
890 4058
891 4059
892 4059
893 4059
894 4060
895 4064
896 4058
897 4056
898 4058
899 4059
900 4061
901 4060
902 4056
903 4060
904 4056
905 4061
906 4059
907 4058
908 4060
909 4064
910 4059
911 4060
912 4059
913 4061
914 4057
915 4064
916 4057
917 4057
918 4060
919 4061
920 4064
921 4059
922 4061
923 4060
924 4059
925 4059
926 4064
927 4064
928 4055
929 4058
930 4061
931 4064
932 4061
933 4059
934 4064
935 4059
936 4060
937 4060
938 4064
939 4057
940 4057
941 4060
942 4061
943 4059
944 4061
945 4058
946 4060
947 4064
948 4059
949 4061
950 4057
951 4060
952 4057
953 4060
954 4058
955 4061
956 4058
957 4059
958 4060
959 4061
960 4060
961 4057
962 4060
963 4057
964 4058
965 4061
966 4060
967 4064
968 4057
969 4058
970 4057
971 4061
972 4058
973 4055
974 4061
975 4060
976 4057
977 4064
978 4061
979 4060
980 4057
981 4061
982 4059
983 4061
984 4059
985 4058
986 4056
987 4059
988 4058
989 4060
990 4061
991 4060
992 4060
993 4060
994 4059
995 4060
996 4059
997 4057
998 4057
999 4059
1000 4059
1001 4061
1002 4058
1003 4060
1004 4057
1005 4061
1006 4064
1007 4060
1008 4059
1009 4061
1010 4060
1011 4059
1012 4060
1013 4061
1014 4060
1015 4060
1016 4059
1017 4060
1018 4059
1019 4060
1020 4057
1021 4061
1022 4056
1023 4059
1024 4056
1025 4061
1026 4057
1027 4057
1028 4055
1029 4059
1030 4064
1031 4058
1032 4060
1033 4060
1034 4057
1035 4056
1036 4054
1037 4058
1038 4056
1039 4057
1040 4061
1041 4058
1042 4060
1043 4064
1044 4057
1045 4059
1046 4064
1047 4058
1048 4060
1049 4064
1050 4059
1051 4059
1052 4056
1053 4060
1054 4061
1055 4061
1056 4059
1057 4060
1058 4064
1059 4060
1060 4061
1061 4060
1062 4059
1063 4064
1064 4060
1065 4061
1066 4058
1067 4057
1068 4064
1069 4064
1070 4060
1071 4059
1072 4058
1073 4055
1074 4060
1075 4057
1076 4058
1077 4056
1078 4064
1079 4064
1080 4064
1081 4061
1082 4060
1083 4061
1084 4056
1085 4055
1086 4060
1087 4060
1088 4064
1089 4060
1090 4064
1091 4064
1092 4057
1093 4059
1094 4061
1095 4061
1096 4064
1097 4060
1098 4060
1099 4057
1100 4064
1101 4064
1102 4060
1103 4057
1104 4058
1105 4059
1106 4056
1107 4061
1108 4057
1109 4064
1110 4059
1111 4059
1112 4057
1113 4057
1114 4064
1115 4060
1116 4064
1117 4060
1118 4060
1119 4058
1120 4058
1121 4061
1122 4061
1123 4060
1124 4058
1125 4061
1126 4064
1127 4064
1128 4060
1129 4061
1130 4057
1131 4064
1132 4056
1133 4057
1134 4061
1135 4061
1136 4064
1137 4059
1138 4061
1139 4057
1140 4057
1141 4058
1142 4057
1143 4058
1144 4059
1145 4059
1146 4058
1147 4060
1148 4061
1149 4064
1150 4060
1151 4064
1152 4061
1153 4056
1154 4061
1155 4059
1156 4064
1157 4058
1158 4058
1159 4058
1160 4057
1161 4057
1162 4064
1163 4058
1164 4061
1165 4059
1166 4057
1167 4058
1168 4059
1169 4059
1170 4059
1171 4061
1172 4061
1173 4061
1174 4059
1175 4058
1176 4060
1177 4064
1178 4060
1179 4061
1180 4057
1181 4064
1182 4059
1183 4061
1184 4061
1185 4060
1186 4061
1187 4060
1188 4061
1189 4059
1190 4064
1191 4059
1192 4059
1193 4060
1194 4059
1195 4057
1196 4060
1197 4061
1198 4064
1199 4064
1200 4061
1201 4061
1202 4064
1203 4061
1204 4057
1205 4060
1206 4058
1207 4057
1208 4060
1209 4058
1210 4057
1211 4061
1212 4058
1213 4061
1214 4061
1215 4061
1216 4057
1217 4064
1218 4059
1219 4060
1220 4058
1221 4060
1222 4058
1223 4064
1224 4064
1225 4064
1226 4057
1227 4064
1228 4059
1229 4061
1230 4058
1231 4061
1232 4059
1233 4059
1234 4060
1235 4059
1236 4064
1237 4058
1238 4057
1239 4058
1240 4058
1241 4061
1242 4057
1243 4060
1244 4057
1245 4064
1246 4060
1247 4064
1248 4060
1249 4060
1250 4064
1251 4061
1252 4059
1253 4057
1254 4061
1255 4060
1256 4064
1257 4059
1258 4057
1259 4064
1260 4058
1261 4061
1262 4055
1263 4061
1264 4060
1265 4064
1266 4059
1267 4061
1268 4057
1269 4060
1270 4057
1271 4059
1272 4058
1273 4059
1274 4056
1275 4061
1276 4061
1277 4059
1278 4057
1279 4060
1280 4058
1281 4060
1282 4061
1283 4059
1284 4064
1285 4061
1286 4058
1287 4064
1288 4060
1289 4061
1290 4059
1291 4061
1292 4058
1293 4056
1294 4059
1295 4064
1296 4059
1297 4058
1298 4064
1299 4058
1300 4059
1301 4059
1302 4057
1303 4056
1304 4060
1305 4059
1306 4060
1307 4064
1308 4061
1309 4058
1310 4057
1311 4057
1312 4057
1313 4059
1314 4058
1315 4059
1316 4061
1317 4058
1318 4057
1319 4061
1320 4059
1321 4061
1322 4064
1323 4058
1324 4059
1325 4057
1326 4059
1327 4058
1328 4057
1329 4057
1330 4057
1331 4064
1332 4059
1333 4059
1334 4059
1335 4059
1336 4059
1337 4061
1338 4059
1339 4056
1340 4060
1341 4064
1342 4061
1343 4058
1344 4060
1345 4059
1346 4059
1347 4057
1348 4057
1349 4058
1350 4059
1351 4061
1352 4056
1353 4060
1354 4058
1355 4058
1356 4058
1357 4059
1358 4055
1359 4061
1360 4060
1361 4066
1362 4060
1363 4064
1364 4060
1365 4060
1366 4064
1367 4057
1368 4061
1369 4059
1370 4057
1371 4060
1372 4058
1373 4061
1374 4059
1375 4057
1376 4058
1377 4059
1378 4059
1379 4061
1380 4060
1381 4064
1382 4058
1383 4059
1384 4064
1385 4061
1386 4060
1387 4060
1388 4061
1389 4059
1390 4064
1391 4059
1392 4059
1393 4057
1394 4059
1395 4059
1396 4059
1397 4064
1398 4058
1399 4057
1400 4056
1401 4059
1402 4054
1403 4061
1404 4059
1405 4059
1406 4061
1407 4060
1408 4060
1409 4059
1410 4064
1411 4061
1412 4058
1413 4064
1414 4060
1415 4058
1416 4058
1417 4057
1418 4058
1419 4061
1420 4060
1421 4059
1422 4061
1423 4058
1424 4059
1425 4064
1426 4059
1427 4059
1428 4060
1429 4060
1430 4057
1431 4057
1432 4058
1433 4059
1434 4060
1435 4061
1436 4060
1437 4060
1438 4060
1439 4064
1440 4061
1441 4057
1442 4059
1443 4056
1444 4058
1445 4057
1446 4059
1447 4058
1448 4061
1449 4059
1450 4058
1451 4064
1452 4055
1453 4058
1454 4060
1455 4061
1456 4060
1457 4064
1458 4061
1459 4057
1460 4059
1461 4058
1462 4059
1463 4064
1464 4058
1465 4059
1466 4057
1467 4061
1468 4059
1469 4061
1470 4061
1471 4059
1472 4057
1473 4060
1474 4064
1475 4060
1476 4059
1477 4064
1478 4059
1479 4057
1480 4061
1481 4060
1482 4064
1483 4059
1484 4060
1485 4061
1486 4056
1487 4059
1488 4060
1489 4057
1490 4059
1491 4064
1492 4058
1493 4060
1494 4061
1495 4059
1496 4056
1497 4059
1498 4064
1499 4058
1500 4059
1501 4061
1502 4060
1503 4061
1504 4059
1505 4061
1506 4061
1507 4061
1508 4060
1509 4059
1510 4058
1511 4064
1512 4061
1513 4064
1514 4061
1515 4058
1516 4059
1517 4058
1518 4059
1519 4064
1520 4064
1521 4064
1522 4058
1523 4058
1524 4058
1525 4060
1526 4057
1527 4064
1528 4059
1529 4061
1530 4060
1531 4064
1532 4060
1533 4057
1534 4060
1535 4064
1536 4059
1537 4061
1538 4064
1539 4061
1540 4059
1541 4060
1542 4060
1543 4059
1544 4061
1545 4058
1546 4060
1547 4061
1548 4064
1549 4061
1550 4061
1551 4060
1552 4057
1553 4060
1554 4060
1555 4058
1556 4059
1557 4064
1558 4059
1559 4059
1560 4061
1561 4060
1562 4058
1563 4057
1564 4061
1565 4064
1566 4057
1567 4058
1568 4061
1569 4058
1570 4061
1571 4060
1572 4057
1573 4060
1574 4059
1575 4060
1576 4057
1577 4057
1578 4061
1579 4057
1580 4057
1581 4064
1582 4064
1583 4060
1584 4058
1585 4064
1586 4060
1587 4056
1588 4064
1589 4064
1590 4064
1591 4059
1592 4059
1593 4064
1594 4057
1595 4060
1596 4059
1597 4060
1598 4060
1599 4064
1600 4064
1601 4064
1602 4060
1603 4061
1604 4064
1605 4056
1606 4059
1607 4061
1608 4057
1609 4064
1610 4059
1611 4061
1612 4056
1613 4060
1614 4060
1615 4060
1616 4059
1617 4059
1618 4059
1619 4064
1620 4061
1621 4064
1622 4059
1623 4058
1624 4060
1625 4060
1626 4059
1627 4061
1628 4060
1629 4059
1630 4064
1631 4061
1632 4056
1633 4056
1634 4056
1635 4064
1636 4060
1637 4060
1638 4061
1639 4060
1640 4064
1641 4060
1642 4059
1643 4058
1644 4060
1645 4064
1646 4060
1647 4060
1648 4059
1649 4061
1650 4058
1651 4061
1652 4055
1653 4059
1654 4056
1655 4059
1656 4060
1657 4060
1658 4056
1659 4060
1660 4064
1661 4064
1662 4057
1663 4060
1664 4057
1665 4064
1666 4060
1667 4060
1668 4057
1669 4059
1670 4057
1671 4058
1672 4058
1673 4060
1674 4061
1675 4061
1676 4061
1677 4059
1678 4058
1679 4060
1680 4059
1681 4060
1682 4060
1683 4058
1684 4060
1685 4057
1686 4064
1687 4061
1688 4060
1689 4060
1690 4059
1691 4060
1692 4061
1693 4060
1694 4060
1695 4059
1696 4058
1697 4064
1698 4060
1699 4058
1700 4060
1701 4064
1702 4055
1703 4061
1704 4059
1705 4059
1706 4059
1707 4058
1708 4059
1709 4064
1710 4058
1711 4059
1712 4057
1713 4061
1714 4060
1715 4060
1716 4061
1717 4065
1718 4058
1719 4061
1720 4061
1721 4061
1722 4061
1723 4059
1724 4057
1725 4058
1726 4061
1727 4064
1728 4060
1729 4060
1730 4064
1731 4060
1732 4057
1733 4061
1734 4060
1735 4059
1736 4058
1737 4058
1738 4061
1739 4061
1740 4059
1741 4060
1742 4059
1743 4058
1744 4059
1745 4057
1746 4058
1747 4056
1748 4060
1749 4060
1750 4058
1751 4064
1752 4058
1753 4061
1754 4060
1755 4064
1756 4057
1757 4057
1758 4062
1759 4057
1760 4061
1761 4061
1762 4060
1763 4060
1764 4057
1765 4064
1766 4064
1767 4059
1768 4059
1769 4061
1770 4064
1771 4058
1772 4060
1773 4064
1774 4061
1775 4060
1776 4059
1777 4057
1778 4057
1779 4060
1780 4064
1781 4058
1782 4058
1783 4059
1784 4059
1785 4061
1786 4058
1787 4059
1788 4061
1789 4064
1790 4059
1791 4057
1792 4060
1793 4060
1794 4060
1795 4061
1796 4064
1797 4058
1798 4059
1799 4056
1800 4064
1801 4058
1802 4055
1803 4058
1804 4057
1805 4058
1806 4058
1807 4059
1808 4060
1809 4060
1810 4064
1811 4056
1812 4057
1813 4059
1814 4059
1815 4058
1816 4064
1817 4059
1818 4058
1819 4059
1820 4059
1821 4060
1822 4060
1823 4061
1824 4059
1825 4061
1826 4061
1827 4057
1828 4058
1829 4059
1830 4060
1831 4064
1832 4058
1833 4061
1834 4061
1835 4061
1836 4059
1837 4061
1838 4060
1839 4059
1840 4057
1841 4056
1842 4060
1843 4059
1844 4060
1845 4061
1846 4058
1847 4060
1848 4059
1849 4061
1850 4058
1851 4064
1852 4058
1853 4057
1854 4061
1855 4060
1856 4062
1857 4059
1858 4059
1859 4064
1860 4059
1861 4056
1862 4056
1863 4064
1864 4057
1865 4064
1866 4061
1867 4061
1868 4060
1869 4059
1870 4060
1871 4061
1872 4059
1873 4061
1874 4060
1875 4058
1876 4059
1877 4058
1878 4057
1879 4060
1880 4058
1881 4060
1882 4062
1883 4059
1884 4059
1885 4059
1886 4057
1887 4061
1888 4061
1889 4059
1890 4057
1891 4059
1892 4061
1893 4058
1894 4060
1895 4059
1896 4060
1897 4057
1898 4060
1899 4056
1900 4059
1901 4064
1902 4057
1903 4057
1904 4061
1905 4061
1906 4064
1907 4057
1908 4059
1909 4060
1910 4060
1911 4059
1912 4058
1913 4059
1914 4057
1915 4061
1916 4057
1917 4060
1918 4059
1919 4061
1920 4064
1921 4061
1922 4057
1923 4056
1924 4058
1925 4058
1926 4057
1927 4056
1928 4057
1929 4058
1930 4059
1931 4059
1932 4064
1933 4064
1934 4058
1935 4057
1936 4059
1937 4056
1938 4058
1939 4064
1940 4057
1941 4057
1942 4059
1943 4060
1944 4056
1945 4059
1946 4061
1947 4059
1948 4059
1949 4060
1950 4060
1951 4061
1952 4057
1953 4058
1954 4064
1955 4061
1956 4056
1957 4059
1958 4060
1959 4059
1960 4058
1961 4058
1962 4058
1963 4059
1964 4061
1965 4064
1966 4059
1967 4059
1968 4060
1969 4060
1970 4060
1971 4060
1972 4061
1973 4060
1974 4057
1975 4060
1976 4057
1977 4059
1978 4061
1979 4060
1980 4058
1981 4059
1982 4064
1983 4061
1984 4061
1985 4061
1986 4061
1987 4059
1988 4059
1989 4059
1990 4064
1991 4059
1992 4058
1993 4060
1994 4059
1995 4060
1996 4064
1997 4059
1998 4060
1999 4059
2000 4060
2001 4064
2002 4054
2003 4059
2004 4059
2005 4059
2006 4060
2007 4060
2008 4060
2009 4055
2010 4059
2011 4059
2012 4057
2013 4060
2014 4059
2015 4059
2016 4059
2017 4059
2018 4059
2019 4064
2020 4061
2021 4058
2022 4059
2023 4061
2024 4064
2025 4061
2026 4064
2027 4064
2028 4057
2029 4064
2030 4059
2031 4059
2032 4056
2033 4057
2034 4057
2035 4057
2036 4064
2037 4059
2038 4060
2039 4058
2040 4061
2041 4058
2042 4057
2043 4061
2044 4059
2045 4057
2046 4059
2047 4061
2048 4059
2049 4060
2050 4057
2051 4061
2052 4057
2053 4060
2054 4059
2055 4059
2056 4064
2057 4059
2058 4058
2059 4060
2060 4062
2061 4058
2062 4059
2063 4061
2064 4057
2065 4059
2066 4056
2067 4056
2068 4058
2069 4059
2070 4059
2071 4059
2072 4057
2073 4059
2074 4060
2075 4061
2076 4060
2077 4064
2078 4057
2079 4057
2080 4064
2081 4058
2082 4060
2083 4056
2084 4058
2085 4060
2086 4058
2087 4059
2088 4061
2089 4059
2090 4060
2091 4058
2092 4059
2093 4059
2094 4058
2095 4059
2096 4059
2097 4064
2098 4060
2099 4061
2100 4060
2101 4061
2102 4054
2103 4061
2104 4060
2105 4058
2106 4060
2107 4061
2108 4058
2109 4059
2110 4059
2111 4064
2112 4061
2113 4061
2114 4056
2115 4060
2116 4057
2117 4059
2118 4055
2119 4060
2120 4058
2121 4058
2122 4060
2123 4057
2124 4061
2125 4059
2126 4056
2127 4060
2128 4055
2129 4061
2130 4061
2131 4059
2132 4061
2133 4060
2134 4061
2135 4058
2136 4059
2137 4058
2138 4059
2139 4061
2140 4057
2141 4057
2142 4059
2143 4058
2144 4058
2145 4057
2146 4059
2147 4060
2148 4058
2149 4060
2150 4064
2151 4058
2152 4054
2153 4064
2154 4060
2155 4058
2156 4059
2157 4058
2158 4055
2159 4058
2160 4059
2161 4060
2162 4059
2163 4061
2164 4064
2165 4061
2166 4059
2167 4059
2168 4064
2169 4059
2170 4058
2171 4061
2172 4059
2173 4064
2174 4058
2175 4064
2176 4058
2177 4058
2178 4060
2179 4057
2180 4061
2181 4064
2182 4056
2183 4055
2184 4059
2185 4060
2186 4058
2187 4058
2188 4060
2189 4061
2190 4064
2191 4057
2192 4061
2193 4057
2194 4057
2195 4059
2196 4059
2197 4061
2198 4056
2199 4064
2200 4058
2201 4059
2202 4059
2203 4058
2204 4059
2205 4060
2206 4064
2207 4060
2208 4060
2209 4064
2210 4064
2211 4059
2212 4059
2213 4060
2214 4056
2215 4060
2216 4060
2217 4056
2218 4059
2219 4059
2220 4059
2221 4064
2222 4058
2223 4060
2224 4058
2225 4060
2226 4059
2227 4058
2228 4060
2229 4064
2230 4060
2231 4059
2232 4061
2233 4057
2234 4059
2235 4058
2236 4057
2237 4060
2238 4064
2239 4058
2240 4058
2241 4061
2242 4058
2243 4061
2244 4056
2245 4058
2246 4058
2247 4060
2248 4061
2249 4064
2250 4059
2251 4059
2252 4056
2253 4061
2254 4060
2255 4057
2256 4059
2257 4061
2258 4061
2259 4057
2260 4059
2261 4059
2262 4055
2263 4060
2264 4064
2265 4058
2266 4059
2267 4060
2268 4061
2269 4064
2270 4064
2271 4059
2272 4061
2273 4058
2274 4058
2275 4060
2276 4058
2277 4058
2278 4059
2279 4064
2280 4060
2281 4060
2282 4056
2283 4061
2284 4057
2285 4060
2286 4057
2287 4058
2288 4064
2289 4061
2290 4059
2291 4058
2292 4058
2293 4060
2294 4060
2295 4059
2296 4061
2297 4057
2298 4059
2299 4061
2300 4064
2301 4064
2302 4056
2303 4061
2304 4061
2305 4059
2306 4059
2307 4060
2308 4059
2309 4064
2310 4057
2311 4061
2312 4059
2313 4059
2314 4061
2315 4055
2316 4061
2317 4055
2318 4058
2319 4060
2320 4057
2321 4060
2322 4058
2323 4058
2324 4055
2325 4060
2326 4056
2327 4057
2328 4057
2329 4058
2330 4058
2331 4059
2332 4056
2333 4059
2334 4060
2335 4059
2336 4056
2337 4058
2338 4059
2339 4057
2340 4061
2341 4059
2342 4057
2343 4059
2344 4061
2345 4064
2346 4059
2347 4064
2348 4057
2349 4059
2350 4064
2351 4061
2352 4056
2353 4061
2354 4060
2355 4061
2356 4060
2357 4059
2358 4061
2359 4057
2360 4058
2361 4058
2362 4059
2363 4060
2364 4057
2365 4057
2366 4060
2367 4057
2368 4058
2369 4059
2370 4060
2371 4059
2372 4056
2373 4060
2374 4059
2375 4060
2376 4057
2377 4065
2378 4061
2379 4057
2380 4060
2381 4060
2382 4059
2383 4058
2384 4060
2385 4056
2386 4056
2387 4064
2388 4057
2389 4058
2390 4057
2391 4060
2392 4060
2393 4059
2394 4061
2395 4057
2396 4058
2397 4056
2398 4058
2399 4059
2400 4057
2401 4064
2402 4057
2403 4060
2404 4057
2405 4058
2406 4058
2407 4059
2408 4060
2409 4064
2410 4059
2411 4060
2412 4061
2413 4058
2414 4059
2415 4057
2416 4059
2417 4058
2418 4059
2419 4061
2420 4057
2421 4059
2422 4056
2423 4059
2424 4057
2425 4061
2426 4057
2427 4060
2428 4059
2429 4059
2430 4057
2431 4059
2432 4057
2433 4061
2434 4058
2435 4059
2436 4057
2437 4059
2438 4057
2439 4059
2440 4061
2441 4061
2442 4057
2443 4059
2444 4061
2445 4057
2446 4059
2447 4057
2448 4058
2449 4059
2450 4061
2451 4060
2452 4055
2453 4059
2454 4058
2455 4057
2456 4057
2457 4060
2458 4056
2459 4058
2460 4059
2461 4060
2462 4059
2463 4057
2464 4059
2465 4061
2466 4061
2467 4059
2468 4057
2469 4060
2470 4057
2471 4064
2472 4061
2473 4059
2474 4057
2475 4058
2476 4057
2477 4064
2478 4057
2479 4059
2480 4058
2481 4060
2482 4060
2483 4058
2484 4056
2485 4058
2486 4059
2487 4055
2488 4061
2489 4060
2490 4058
2491 4061
2492 4057
2493 4058
2494 4055
2495 4061
2496 4058
2497 4061
2498 4057
2499 4057
2500 4061
2501 4064
2502 4059
2503 4064
2504 4058
2505 4061
2506 4059
2507 4060
2508 4060
2509 4060
2510 4058
2511 4064
2512 4059
2513 4058
2514 4057
2515 4057
2516 4059
2517 4057
2518 4061
2519 4060
2520 4057
2521 4058
2522 4056
2523 4059
2524 4056
2525 4060
2526 4064
2527 4059
2528 4064
2529 4058
2530 4064
2531 4064
2532 4058
2533 4060
2534 4060
2535 4058
2536 4056
2537 4058
2538 4057
2539 4057
2540 4059
2541 4056
2542 4060
2543 4057
2544 4064
2545 4061
2546 4058
2547 4058
2548 4064
2549 4060
2550 4064
2551 4064
2552 4058
2553 4061
2554 4059
2555 4057
2556 4057
2557 4064
2558 4057
2559 4059
2560 4058
2561 4057
2562 4055
2563 4061
2564 4058
2565 4064
2566 4057
2567 4060
2568 4060
2569 4058
2570 4060
2571 4062
2572 4058
2573 4064
2574 4060
2575 4056
2576 4057
2577 4060
2578 4059
2579 4057
2580 4059
2581 4053
2582 4060
2583 4061
2584 4060
2585 4060
2586 4061
2587 4064
2588 4058
2589 4059
2590 4061
2591 4060
2592 4059
2593 4057
2594 4058
2595 4059
2596 4057
2597 4059
2598 4056
2599 4058
2600 4060
2601 4064
2602 4057
2603 4064
2604 4059
2605 4064
2606 4060
2607 4060
2608 4058
2609 4055
2610 4059
2611 4059
2612 4053
2613 4061
2614 4056
2615 4059
2616 4058
2617 4057
2618 4059
2619 4061
2620 4057
2621 4064
2622 4059
2623 4057
2624 4058
2625 4064
2626 4056
2627 4059
2628 4059
2629 4060
2630 4057
2631 4060
2632 4056
2633 4058
2634 4058
2635 4056
2636 4060
2637 4058
2638 4064
2639 4053
2640 4057
2641 4058
2642 4057
2643 4059
2644 4060
2645 4059
2646 4057
2647 4061
2648 4056
2649 4064
2650 4064
2651 4061
2652 4059
2653 4057
2654 4061
2655 4058
2656 4058
2657 4056
2658 4058
2659 4056
2660 4061
2661 4057
2662 4059
2663 4064
2664 4060
2665 4056
2666 4061
2667 4057
2668 4057
2669 4059
2670 4057
2671 4064
2672 4058
2673 4061
2674 4061
2675 4058
2676 4059
2677 4059
2678 4060
2679 4060
2680 4057
2681 4059
2682 4061
2683 4059
2684 4061
2685 4060
2686 4057
2687 4057
2688 4061
2689 4057
2690 4060
2691 4061
2692 4056
2693 4058
2694 4060
2695 4059
2696 4059
2697 4060
2698 4055
2699 4056
2700 4058
2701 4057
2702 4054
2703 4060
2704 4057
2705 4058
2706 4064
2707 4058
2708 4059
2709 4064
2710 4060
2711 4061
2712 4059
2713 4059
2714 4058
2715 4059
2716 4056
2717 4061
2718 4058
2719 4060
2720 4058
2721 4058
2722 4057
2723 4056
2724 4057
2725 4058
2726 4056
2727 4055
2728 4057
2729 4057
2730 4059
2731 4058
2732 4059
2733 4056
2734 4057
2735 4060
2736 4059
2737 4058
2738 4060
2739 4055
2740 4059
2741 4058
2742 4058
2743 4059
2744 4057
2745 4060
2746 4058
2747 4059
2748 4061
2749 4058
2750 4056
2751 4064
2752 4059
2753 4058
2754 4060
2755 4060
2756 4057
2757 4059
2758 4057
2759 4061
2760 4054
2761 4060
2762 4056
2763 4061
2764 4059
2765 4058
2766 4058
2767 4055
2768 4057
2769 4060
2770 4059
2771 4061
2772 4057
2773 4060
2774 4057
2775 4057
2776 4059
2777 4055
2778 4059
2779 4056
2780 4053
2781 4058
2782 4059
2783 4057
2784 4057
2785 4055
2786 4058
2787 4058
2788 4058
2789 4058
2790 4059
2791 4057
2792 4057
2793 4057
2794 4058
2795 4057
2796 4056
2797 4060
2798 4059
2799 4055
2800 4059
2801 4059
2802 4058
2803 4057
2804 4056
2805 4059
2806 4061
2807 4057
2808 4059
2809 4058
2810 4057
2811 4057
2812 4056
2813 4059
2814 4056
2815 4059
2816 4056
2817 4060
2818 4058
2819 4056
2820 4064
2821 4057
2822 4058
2823 4058
2824 4057
2825 4061
2826 4060
2827 4059
2828 4055
2829 4058
2830 4058
2831 4059
2832 4058
2833 4059
2834 4055
2835 4057
2836 4057
2837 4056
2838 4064
2839 4056
2840 4058
2841 4060
2842 4057
2843 4060
2844 4060
2845 4059
2846 4058
2847 4059
2848 4057
2849 4061
2850 4059
2851 4060
2852 4055
2853 4056
2854 4057
2855 4058
2856 4057
2857 4057
2858 4058
2859 4059
2860 4059
2861 4057
2862 4057
2863 4061
2864 4057
2865 4059
2866 4059
2867 4057
2868 4060
2869 4059
2870 4058
2871 4064
2872 4059
2873 4064
2874 4060
2875 4060
2876 4058
2877 4057
2878 4060
2879 4060
2880 4059
2881 4060
2882 4060
2883 4064
2884 4057
2885 4055
2886 4055
2887 4059
2888 4064
2889 4057
2890 4060
2891 4058
2892 4064
2893 4060
2894 4059
2895 4057
2896 4060
2897 4060
2898 4059
2899 4060
2900 4059
2901 4064
2902 4057
2903 4064
2904 4059
2905 4059
2906 4059
2907 4061
2908 4057
2909 4058
2910 4060
2911 4060
2912 4058
2913 4061
2914 4059
2915 4059
2916 4064
2917 4058
2918 4059
2919 4060
2920 4061
2921 4057
2922 4060
2923 4059
2924 4060
2925 4059
2926 4061
2927 4060
2928 4061
2929 4064
2930 4055
2931 4057
2932 4061
2933 4061
2934 4060
2935 4064
2936 4056
2937 4059
2938 4064
2939 4058
2940 4061
2941 4060
2942 4057
2943 4061
2944 4059
2945 4060
2946 4064
2947 4058
2948 4060
2949 4058
2950 4064
2951 4061
2952 4056
2953 4056
2954 4057
2955 4059
2956 4058
2957 4059
2958 4059
2959 4061
2960 4064
2961 4058
2962 4060
2963 4064
2964 4059
2965 4058
2966 4058
2967 4058
2968 4064
2969 4064
2970 4060
2971 4061
2972 4064
2973 4059
2974 4060
2975 4061
2976 4061
2977 4057
2978 4057
2979 4061
2980 4058
2981 4057
2982 4064
2983 4061
2984 4060
2985 4059
2986 4061
2987 4059
2988 4064
2989 4057
2990 4055
2991 4057
2992 4059
2993 4060
2994 4059
2995 4064
2996 4057
2997 4057
2998 4056
2999 4057
3000 4057
3001 4064
3002 4056
3003 4061
3004 4058
3005 4059
3006 4058
3007 4060
3008 4059
3009 4057
3010 4064
3011 4064
3012 4054
3013 4057
3014 4059
3015 4059
3016 4064
3017 4058
3018 4059
3019 4059
3020 4061
3021 4061
3022 4058
3023 4058
3024 4059
3025 4064
3026 4058
3027 4058
3028 4064
3029 4064
3030 4058
3031 4064
3032 4064
3033 4057
3034 4060
3035 4059
3036 4056
3037 4057
3038 4058
3039 4061
3040 4061
3041 4058
3042 4064
3043 4057
3044 4061
3045 4064
3046 4061
3047 4060
3048 4060
3049 4060
3050 4059
3051 4065
3052 4056
3053 4056
3054 4060
3055 4060
3056 4057
3057 4055
3058 4061
3059 4059
3060 4059
3061 4055
3062 4059
3063 4058
3064 4060
3065 4064
3066 4056
3067 4057
3068 4060
3069 4057
3070 4060
3071 4056
3072 4061
3073 4060
3074 4057
3075 4060
3076 4061
3077 4058
3078 4061
3079 4061
3080 4061
3081 4057
3082 4058
3083 4064
3084 4056
3085 4060
3086 4057
3087 4059
3088 4061
3089 4064
3090 4057
3091 4064
3092 4060
3093 4061
3094 4057
3095 4060
3096 4059
3097 4058
3098 4059
3099 4060
3100 4060
3101 4064
3102 4059
3103 4058
3104 4060
3105 4062
3106 4059
3107 4057
3108 4060
3109 4061
3110 4059
3111 4059
3112 4056
3113 4060
3114 4057
3115 4058
3116 4064
3117 4057
3118 4059
3119 4060
3120 4060
3121 4060
3122 4057
3123 4059
3124 4060
3125 4060
3126 4061
3127 4058
3128 4061
3129 4060
3130 4056
3131 4060
3132 4057
3133 4059
3134 4062
3135 4061
3136 4060
3137 4059
3138 4061
3139 4064
3140 4057
3141 4064
3142 4065
3143 4060
3144 4057
3145 4064
3146 4060
3147 4064
3148 4058
3149 4064
3150 4061
3151 4058
3152 4051
3153 4061
3154 4060
3155 4057
3156 4057
3157 4057
3158 4059
3159 4060
3160 4056
3161 4064
3162 4057
3163 4060
3164 4060
3165 4059
3166 4057
3167 4060
3168 4057
3169 4060
3170 4061
3171 4058
3172 4059
3173 4059
3174 4058
3175 4064
3176 4060
3177 4056
3178 4058
3179 4064
3180 4064
3181 4059
3182 4059
3183 4061
3184 4059
3185 4060
3186 4061
3187 4059
3188 4059
3189 4059
3190 4056
3191 4059
3192 4058
3193 4058
3194 4060
3195 4061
3196 4064
3197 4060
3198 4057
3199 4061
3200 4058
3201 4060
3202 4061
3203 4058
3204 4059
3205 4059
3206 4058
3207 4064
3208 4061
3209 4061
3210 4059
3211 4060
3212 4059
3213 4061
3214 4059
3215 4059
3216 4059
3217 4059
3218 4059
3219 4059
3220 4058
3221 4057
3222 4059
3223 4061
3224 4057
3225 4060
3226 4061
3227 4064
3228 4058
3229 4058
3230 4057
3231 4060
3232 4059
3233 4060
3234 4059
3235 4059
3236 4061
3237 4057
3238 4061
3239 4058
3240 4059
3241 4060
3242 4059
3243 4058
3244 4056
3245 4059
3246 4059
3247 4061
3248 4058
3249 4059
3250 4060
3251 4061
3252 4056
3253 4057
3254 4057
3255 4058
3256 4061
3257 4059
3258 4061
3259 4059
3260 4064
3261 4060
3262 4058
3263 4060
3264 4060
3265 4059
3266 4059
3267 4064
3268 4058
3269 4061
3270 4059
3271 4060
3272 4058
3273 4058
3274 4059
3275 4058
3276 4059
3277 4059
3278 4061
3279 4061
3280 4064
3281 4064
3282 4056
3283 4060
3284 4059
3285 4060
3286 4059
3287 4060
3288 4060
3289 4061
3290 4061
3291 4057
3292 4061
3293 4061
3294 4058
3295 4060
3296 4057
3297 4061
3298 4057
3299 4059
3300 4061
3301 4064
3302 4059
3303 4059
3304 4058
3305 4060
3306 4059
3307 4059
3308 4064
3309 4059
3310 4058
3311 4061
3312 4057
3313 4058
3314 4058
3315 4061
3316 4061
3317 4061
3318 4064
3319 4058
3320 4059
3321 4061
3322 4057
3323 4058
3324 4056
3325 4059
3326 4061
3327 4061
3328 4059
3329 4064
3330 4060
3331 4061
3332 4059
3333 4056
3334 4060
3335 4064
3336 4058
3337 4061
3338 4064
3339 4060
3340 4059
3341 4061
3342 4061
3343 4058
3344 4060
3345 4059
3346 4060
3347 4060
3348 4061
3349 4064
3350 4057
3351 4060
3352 4058
3353 4057
3354 4058
3355 4061
3356 4057
3357 4059
3358 4060
3359 4060
3360 4059
3361 4064
3362 4057
3363 4060
3364 4064
3365 4059
3366 4059
3367 4058
3368 4057
3369 4060
3370 4055
3371 4059
3372 4059
3373 4061
3374 4057
3375 4061
3376 4064
3377 4059
3378 4058
3379 4059
3380 4059
3381 4064
3382 4061
3383 4057
3384 4064
3385 4056
3386 4059
3387 4056
3388 4059
3389 4056
3390 4060
3391 4059
3392 4060
3393 4061
3394 4059
3395 4060
3396 4058
3397 4057
3398 4060
3399 4059
3400 4059
3401 4060
3402 4058
3403 4064
3404 4057
3405 4064
3406 4064
3407 4061
3408 4058
3409 4059
3410 4060
3411 4058
3412 4059
3413 4060
3414 4057
3415 4058
3416 4058
3417 4058
3418 4060
3419 4059
3420 4064
3421 4061
3422 4061
3423 4061
3424 4058
3425 4060
3426 4057
3427 4060
3428 4059
3429 4058
3430 4061
3431 4061
3432 4061
3433 4059
3434 4059
3435 4060
3436 4059
3437 4059
3438 4061
3439 4058
3440 4060
3441 4059
3442 4058
3443 4059
3444 4059
3445 4058
3446 4060
3447 4061
3448 4061
3449 4059
3450 4061
3451 4064
3452 4057
3453 4059
3454 4057
3455 4055
3456 4058
3457 4059
3458 4057
3459 4061
3460 4061
3461 4059
3462 4059
3463 4058
3464 4059
3465 4060
3466 4060
3467 4064
3468 4059
3469 4057
3470 4059
3471 4059
3472 4058
3473 4056
3474 4059
3475 4060
3476 4064
3477 4064
3478 4058
3479 4060
3480 4058
3481 4060
3482 4056
3483 4060
3484 4060
3485 4059
3486 4058
3487 4064
3488 4059
3489 4064
3490 4059
3491 4060
3492 4059
3493 4061
3494 4057
3495 4057
3496 4058
3497 4057
3498 4056
3499 4058
3500 4060
3501 4060
3502 4061
3503 4059
3504 4059
3505 4064
3506 4061
3507 4058
3508 4059
3509 4064
3510 4060
3511 4061
3512 4061
3513 4061
3514 4061
3515 4057
3516 4057
3517 4060
3518 4064
3519 4060
3520 4059
3521 4059
3522 4064
3523 4058
3524 4064
3525 4061
3526 4057
3527 4059
3528 4061
3529 4058
3530 4057
3531 4060
3532 4060
3533 4061
3534 4059
3535 4064
3536 4059
3537 4059
3538 4058
3539 4059
3540 4061
3541 4059
3542 4059
3543 4064
3544 4059
3545 4060
3546 4060
3547 4060
3548 4059
3549 4059
3550 4061
3551 4064
3552 4060
3553 4060
3554 4059
3555 4059
3556 4057
3557 4060
3558 4058
3559 4061
3560 4057
3561 4059
3562 4060
3563 4060
3564 4056
3565 4059
3566 4057
3567 4058
3568 4057
3569 4059
3570 4055
3571 4060
3572 4064
3573 4059
3574 4060
3575 4058
3576 4058
3577 4064
3578 4060
3579 4057
3580 4061
3581 4064
3582 4060
3583 4059
3584 4056
3585 4060
3586 4057
3587 4057
3588 4064
3589 4060
3590 4057
3591 4064
3592 4057
3593 4057
3594 4059
3595 4060
3596 4057
3597 4064
3598 4060
3599 4060
3600 4059
3601 4060
3602 4057
3603 4059
3604 4061
3605 4057
3606 4064
3607 4064
3608 4059
3609 4064
3610 4057
3611 4060
3612 4056
3613 4060
3614 4056
3615 4061
3616 4059
3617 4057
3618 4058
3619 4058
3620 4061
3621 4059
3622 4058
3623 4059
3624 4062
3625 4061
3626 4057
3627 4059
3628 4057
3629 4058
3630 4060
3631 4061
3632 4059
3633 4061
3634 4059
3635 4058
3636 4064
3637 4061
3638 4060
3639 4055
3640 4059
3641 4057
3642 4055
3643 4061
3644 4059
3645 4059
3646 4056
3647 4057
3648 4059
3649 4060
3650 4064
3651 4061
3652 4053
3653 4057
3654 4064
3655 4059
3656 4060
3657 4058
3658 4060
3659 4060
3660 4060
3661 4059
3662 4058
3663 4060
3664 4056
3665 4058
3666 4059
3667 4057
3668 4060
3669 4057
3670 4058
3671 4060
3672 4056
3673 4060
3674 4059
3675 4060
3676 4058
3677 4059
3678 4058
3679 4061
3680 4058
3681 4061
3682 4056
3683 4061
3684 4060
3685 4060
3686 4057
3687 4060
3688 4059
3689 4061
3690 4056
3691 4059
3692 4059
3693 4057
3694 4056
