#Data from the TCD1304 linear CCD
#column 1 = pixelnumber , column 2 = pixelvalue
#Pixel 1-32 and 3679-3694 and are dummy pixels
#SH-period: 200    ICG-period: 100000    Integration time: 100.0 us
2 4037
3 4038
4 4059
5 4059
6 4056
7 4058
8 4056
9 4059
10 4057
11 4057
12 4055
13 4058
14 4056
15 4057
16 4058
17 4055
18 4057
19 4058
20 4057
21 4056
22 4055
23 4057
24 4057
25 4057
26 4056
27 4057
28 4056
29 4057
30 4059
31 4056
32 4058
34 4059
35 4057
36 4057
37 4057
38 4056
39 4058
40 4057
41 4057
42 4057
43 4057
44 4058
45 4057
46 4059
47 4054
48 4058
49 4054
50 4058
51 4059
52 4055
53 4060
54 4056
55 4061
56 4060
57 4057
58 4057
59 4059
60 4057
61 4056
62 4056
63 4056
64 4057
65 4064
66 4060
67 4057
68 4058
69 4055
70 4053
71 4054
72 4055
73 4059
74 4056
75 4056
76 4057
77 4057
78 4053
79 4058
80 4060
81 4055
82 4057
83 4057
84 4055
85 4059
86 4054
87 4054
88 4055
89 4059
90 4055
91 4057
92 4057
93 4053
94 4056
95 4056
96 4054
97 4058
98 4057
99 4053
100 4057
101 4059
102 4053
103 4059
104 4055
105 4053
106 4061
107 4057
108 4054
109 4057
110 4057
111 4059
112 4055
113 4056
114 4058
115 4057
116 4054
117 4055
118 4058
119 4054
120 4057
121 4057
122 4055
123 4059
124 4055
125 4057
126 4058
127 4058
128 4055
129 4055
130 4056
131 4057
132 4054
133 4059
134 4056
135 4056
136 4055
137 4056
138 4055
139 4059
140 4057
141 4057
142 4055
143 4056
144 4054
145 4056
146 4056
147 4055
148 4055
149 4057
150 4055
151 4057
152 4056
153 4054
154 4057
155 4057
156 4059
157 4057
158 4058
159 4059
160 4056
161 4056
162 4060
163 4058
164 4057
165 4060
166 4058
167 4057
168 4060
169 4059
170 4057
171 4055
172 4057
173 4057
174 4056
175 4061
176 4058
177 4059
178 4057
179 4056
180 4056
181 4059
182 4059
183 4058
184 4058
185 4061
186 4057
187 4055
188 4059
189 4056
190 4057
191 4056
192 4058
193 4057
194 4055
195 4057
196 4057
197 4058
198 4058
199 4058
200 4056
201 4064
202 4056
203 4058
204 4057
205 4057
206 4057
207 4060
208 4055
209 4057
210 4058
211 4056
212 4055
213 4057
214 4053
215 4057
216 4053
217 4055
218 4056
219 4059
220 4057
221 4056
222 4056
223 4059
224 4054
225 4057
226 4057
227 4057
228 4060
229 4057
230 4059
231 4058
232 4059
233 4057
234 4060
235 4060
236 4059
237 4056
238 4059
239 4059
240 4055
241 4055
242 4057
243 4059
244 4056
245 4056
246 4058
247 4057
248 4061
249 4059
250 4056
251 4061
252 4054
253 4056
254 4058
255 4057
256 4060
257 4058
258 4057
259 4059
260 4057
261 4054
262 4057
263 4057
264 4057
265 4053
266 4057
267 4056
268 4059
269 4060
270 4060
271 4060
272 4056
273 4057
274 4057
275 4058
276 4057
277 4056
278 4057
279 4057
280 4055
281 4057
282 4055
283 4059
284 4058
285 4059
286 4058
287 4057
288 4057
289 4056
290 4057
291 4057
292 4057
293 4060
294 4053
295 4055
296 4058
297 4055
298 4060
299 4055
300 4061
301 4059
302 4054
303 4057
304 4060
305 4057
306 4055
307 4060
308 4056
309 4056
310 4057
311 4058
312 4056
313 4055
314 4055
315 4057
316 4058
317 4054
318 4055
319 4058
320 4057
321 4056
322 4057
323 4056
324 4057
325 4057
326 4057
327 4058
328 4059
329 4055
330 4058
331 4057
332 4056
333 4057
334 4056
335 4058
336 4057
337 4054
338 4056
339 4055
340 4064
341 4057
342 4057
343 4057
344 4057
345 4057
346 4057
347 4057
348 4056
349 4058
350 4057
351 4064
352 4056
353 4059
354 4056
355 4057
356 4057
357 4055
358 4056
359 4057
360 4056
361 4055
362 4056
363 4056
364 4056
365 4058
366 4055
367 4059
368 4060
369 4058
370 4057
371 4056
372 4057
373 4058
374 4057
375 4057
376 4059
377 4055
378 4058
379 4056
380 4054
381 4061
382 4056
383 4057
384 4056
385 4055
386 4057
387 4055
388 4057
389 4055
390 4058
391 4059
392 4058
393 4055
394 4055
395 4054
396 4058
397 4055
398 4053
399 4056
400 4057
401 4056
402 4051
403 4057
404 4057
405 4056
406 4056
407 4057
408 4059
409 4056
410 4055
411 4056
412 4058
413 4055
414 4052
415 4055
416 4056
417 4059
418 4057
419 4058
420 4053
421 4061
422 4053
423 4056
424 4058
425 4058
426 4056
427 4058
428 4055
429 4056
430 4057
431 4057
432 4055
433 4060
434 4057
435 4056
436 4055
437 4055
438 4056
439 4058
440 4056
441 4057
442 4053
443 4057
444 4059
445 4056
446 4057
447 4057
448 4057
449 4059
450 4056
451 4057
452 4056
453 4055
454 4055
455 4057
456 4054
457 4053
458 4055
459 4057
460 4054
461 4054
462 4057
463 4053
464 4057
465 4051
466 4055
467 4052
468 4057
469 4053
470 4056
471 4056
472 4055
473 4055
474 4055
475 4057
476 4054
477 4058
478 4057
479 4052
480 4055
481 4055
482 4055
483 4055
484 4054
485 4055
486 4057
487 4054
488 4055
489 4053
490 4056
491 4055
492 4053
493 4055
494 4054
495 4059
496 4057
497 4057
498 4056
499 4054
500 4058
501 4057
502 4054
503 4060
504 4057
505 4057
506 4059
507 4058
508 4055
509 4057
510 4058
511 4056
512 4056
513 4055
514 4057
515 4057
516 4056
517 4057
518 4056
519 4056
520 4058
521 4057
522 4052
523 4059
524 4055
525 4055
526 4057
527 4057
528 4057
529 4058
530 4053
531 4058
532 4053
533 4055
534 4057
535 4056
536 4058
537 4058
538 4061
539 4059
540 4057
541 4057
542 4055
543 4054
544 4057
545 4057
546 4059
547 4058
548 4058
549 4061
550 4057
551 4061
552 4052
553 4056
554 4059
555 4060
556 4059
557 4059
558 4055
559 4055
560 4057
561 4060
562 4059
563 4057
564 4058
565 4058
566 4055
567 4054
568 4059
569 4054
570 4059
571 4060
572 4057
573 4064
574 4060
575 4056
576 4055
577 4061
578 4056
579 4058
580 4057
581 4056
582 4058
583 4057
584 4057
585 4058
586 4059
587 4059
588 4053
589 4059
590 4060
591 4059
592 4055
593 4057
594 4051
595 4059
596 4058
597 4054
598 4057
599 4059
600 4057
601 4060
602 4057
603 4058
604 4055
605 4061
606 4057
607 4057
608 4055
609 4060
610 4058
611 4057
612 4058
613 4057
614 4055
615 4056
616 4057
617 4059
618 4059
619 4060
620 4055
621 4057
622 4055
623 4057
624 4055
625 4056
626 4057
627 4059
628 4055
629 4058
630 4057
631 4058
632 4055
633 4056
634 4056
635 4058
636 4055
637 4056
638 4058
639 4056
640 4056
641 4057
642 4056
643 4057
644 4058
645 4056
646 4059
647 4055
648 4059
649 4056
650 4057
651 4059
652 4057
653 4056
654 4059
655 4056
656 4058
657 4056
658 4057
659 4059
660 4055
661 4058
662 4054
663 4058
664 4059
665 4059
666 4056
667 4056
668 4057
669 4056
670 4058
671 4058
672 4055
673 4058
674 4056
675 4057
676 4064
677 4057
678 4057
679 4056
680 4057
681 4058
682 4056
683 4058
684 4058
685 4059
686 4058
687 4058
688 4057
689 4056
690 4058
691 4059
692 4058
693 4060
694 4057
695 4057
696 4057
697 4058
698 4058
699 4056
700 4054
701 4060
702 4053
703 4061
704 4057
705 4055
706 4060
707 4059
708 4058
709 4058
710 4055
711 4055
712 4057
713 4055
714 4055
715 4057
716 4059
717 4056
718 4058
719 4056
720 4059
721 4056
722 4056
723 4058
724 4059
725 4058
726 4055
727 4057
728 4056
729 4057
730 4055
731 4060
732 4056
733 4056
734 4056
735 4057
736 4054
737 4057
738 4056
739 4058
740 4057
741 4058
742 4055
743 4057
744 4055
745 4058
746 4052
747 4057
748 4057
749 4061
750 4057
751 4060
752 4055
753 4059
754 4053
755 4055
756 4057
757 4056
758 4059
759 4060
760 4057
761 4059
762 4057
763 4056
764 4057
765 4059
766 4053
767 4055
768 4054
769 4057
770 4059
771 4058
772 4055
773 4055
774 4057
775 4057
776 4057
777 4057
778 4058
779 4056
780 4055
781 4057
782 4053
783 4055
784 4057
785 4056
786 4055
787 4055
788 4056
789 4059
790 4059
791 4056
792 4059
793 4054
794 4057
795 4054
796 4059
797 4057
798 4057
799 4058
800 4058
801 4064
802 4052
803 4058
804 4057
805 4056
806 4057
807 4057
808 4054
809 4057
810 4057
811 4058
812 4057
813 4056
814 4057
815 4056
816 4057
817 4058
818 4055
819 4059
820 4056
821 4060
822 4057
823 4057
824 4054
825 4055
826 4056
827 4057
828 4055
829 4060
830 4056
831 4056
832 4062
833 4057
834 4057
835 4056
836 4051
837 4058
838 4056
839 4056
840 4060
841 4061
842 4054
843 4056
844 4058
845 4057
846 4055
847 4058
848 4056
849 4057
850 4059
851 4060
852 4055
853 4057
854 4059
855 4057
856 4059
857 4057
858 4058
859 4061
860 4058
861 4061
862 4055
863 4056
864 4056
865 4060
866 4059
867 4057
868 4057
869 4056
870 4056
871 4054
872 4053
873 4057
874 4060
875 4055
876 4054
877 4059
878 4055
879 4060
880 4055
881 4055
882 4059
883 4057
884 4057
885 4059
886 4054
887 4057
888 4055
889 4057
890 4056
891 4058
892 4059
893 4057
894 4057
895 4054
896 4057
897 4058
898 4056
899 4057
900 4059
901 4058
902 4056
903 4055
904 4059
905 4055
906 4057
907 4056
908 4058
909 4057
910 4059
911 4054
912 4053
913 4056
914 4056
915 4053
916 4058
917 4057
918 4057
919 4058
920 4055
921 4057
922 4057
923 4053
924 4054
925 4057
926 4056
927 4056
928 4058
929 4056
930 4053
931 4061
932 4056
933 4056
934 4057
935 4056
936 4055
937 4057
938 4057
939 4056
940 4055
941 4053
942 4058
943 4055
944 4059
945 4053
946 4056
947 4056
948 4057
949 4057
950 4056
951 4064
952 4053
953 4058
954 4058
955 4057
956 4058
957 4057
958 4055
959 4055
960 4056
961 4056
962 4057
963 4059
964 4058
965 4057
966 4055
967 4055
968 4057
969 4057
970 4056
971 4056
972 4059
973 4059
974 4059
975 4058
976 4058
977 4057
978 4057
979 4061
980 4059
981 4058
982 4059
983 4056
984 4058
985 4058
986 4058
987 4056
988 4057
989 4057
990 4055
991 4056
992 4057
993 4056
994 4057
995 4058
996 4055
997 4057
998 4057
999 4055
1000 4054
1001 4061
1002 4055
1003 4057
1004 4057
1005 4055
1006 4054
1007 4057
1008 4056
1009 4054
1010 4057
1011 4056
1012 4059
1013 4056
1014 4057
1015 4055
1016 4058
1017 4055
1018 4057
1019 4058
1020 4057
1021 4061
1022 4053
1023 4059
1024 4056
1025 4058
1026 4057
1027 4058
1028 4055
1029 4056
1030 4053
1031 4059
1032 4056
1033 4057
1034 4056
1035 4061
1036 4057
1037 4056
1038 4055
1039 4056
1040 4057
1041 4055
1042 4052
1043 4056
1044 4055
1045 4057
1046 4057
1047 4057
1048 4056
1049 4059
1050 4059
1051 4059
1052 4056
1053 4059
1054 4058
1055 4058
1056 4057
1057 4059
1058 4055
1059 4056
1060 4058
1061 4056
1062 4057
1063 4057
1064 4055
1065 4054
1066 4056
1067 4055
1068 4058
1069 4057
1070 4058
1071 4057
1072 4057
1073 4059
1074 4057
1075 4059
1076 4057
1077 4059
1078 4055
1079 4053
1080 4056
1081 4059
1082 4056
1083 4059
1084 4056
1085 4058
1086 4056
1087 4055
1088 4057
1089 4059
1090 4054
1091 4057
1092 4058
1093 4057
1094 4057
1095 4055
1096 4053
1097 4057
1098 4057
1099 4055
1100 4060
1101 4060
1102 4055
1103 4056
1104 4055
1105 4055
1106 4055
1107 4059
1108 4057
1109 4056
1110 4057
1111 4056
1112 4057
1113 4056
1114 4059
1115 4056
1116 4058
1117 4059
1118 4055
1119 4058
1120 4057
1121 4060
1122 4057
1123 4057
1124 4057
1125 4055
1126 4057
1127 4055
1128 4059
1129 4057
1130 4055
1131 4064
1132 4059
1133 4057
1134 4055
1135 4061
1136 4053
1137 4056
1138 4060
1139 4059
1140 4056
1141 4056
1142 4058
1143 4056
1144 4057
1145 4058
1146 4058
1147 4056
1148 4051
1149 4055
1150 4055
1151 4061
1152 4053
1153 4059
1154 4058
1155 4055
1156 4055
1157 4059
1158 4059
1159 4055
1160 4057
1161 4056
1162 4057
1163 4057
1164 4058
1165 4057
1166 4056
1167 4055
1168 4054
1169 4059
1170 4057
1171 4055
1172 4054
1173 4064
1174 4057
1175 4055
1176 4061
1177 4052
1178 4057
1179 4059
1180 4057
1181 4059
1182 4061
1183 4056
1184 4057
1185 4057
1186 4057
1187 4057
1188 4055
1189 4059
1190 4054
1191 4057
1192 4057
1193 4057
1194 4055
1195 4058
1196 4056
1197 4057
1198 4058
1199 4053
1200 4053
1201 4060
1202 4056
1203 4055
1204 4058
1205 4056
1206 4057
1207 4056
1208 4053
1209 4057
1210 4060
1211 4057
1212 4055
1213 4059
1214 4055
1215 4056
1216 4059
1217 4055
1218 4056
1219 4057
1220 4056
1221 4057
1222 4057
1223 4059
1224 4059
1225 4057
1226 4057
1227 4057
1228 4057
1229 4057
1230 4057
1231 4056
1232 4061
1233 4059
1234 4055
1235 4057
1236 4057
1237 4055
1238 4057
1239 4056
1240 4057
1241 4057
1242 4056
1243 4057
1244 4056
1245 4059
1246 4055
1247 4056
1248 4058
1249 4058
1250 4058
1251 4061
1252 4053
1253 4056
1254 4061
1255 4058
1256 4055
1257 4058
1258 4054
1259 4059
1260 4058
1261 4055
1262 4057
1263 4058
1264 4057
1265 4057
1266 4058
1267 4059
1268 4056
1269 4057
1270 4056
1271 4056
1272 4055
1273 4056
1274 4057
1275 4055
1276 4055
1277 4064
1278 4056
1279 4057
1280 4057
1281 4057
1282 4058
1283 4059
1284 4058
1285 4053
1286 4057
1287 4059
1288 4053
1289 4059
1290 4058
1291 4059
1292 4059
1293 4055
1294 4054
1295 4058
1296 4055
1297 4054
1298 4064
1299 4055
1300 4057
1301 4061
1302 4053
1303 4056
1304 4053
1305 4064
1306 4054
1307 4058
1308 4057
1309 4055
1310 4057
1311 4057
1312 4057
1313 4058
1314 4054
1315 4059
1316 4057
1317 4060
1318 4056
1319 4052
1320 4057
1321 4055
1322 4055
1323 4059
1324 4056
1325 4055
1326 4057
1327 4056
1328 4056
1329 4055
1330 4058
1331 4056
1332 4057
1333 4057
1334 4057
1335 4058
1336 4056
1337 4054
1338 4059
1339 4060
1340 4056
1341 4059
1342 4059
1343 4057
1344 4057
1345 4060
1346 4054
1347 4054
1348 4058
1349 4053
1350 4057
1351 4058
1352 4056
1353 4057
1354 4057
1355 4057
1356 4057
1357 4060
1358 4058
1359 4059
1360 4057
1361 4055
1362 4058
1363 4059
1364 4056
1365 4057
1366 4054
1367 4057
1368 4057
1369 4059
1370 4058
1371 4057
1372 4053
1373 4057
1374 4060
1375 4059
1376 4057
1377 4057
1378 4057
1379 4055
1380 4058
1381 4058
1382 4057
1383 4059
1384 4057
1385 4057
1386 4056
1387 4057
1388 4057
1389 4056
1390 4059
1391 4057
1392 4056
1393 4060
1394 4053
1395 4056
1396 4056
1397 4055
1398 4060
1399 4055
1400 4057
1401 4060
1402 4053
1403 4059
1404 4058
1405 4059
1406 4059
1407 4057
1408 4056
1409 4059
1410 4059
1411 4056
1412 4055
1413 4058
1414 4055
1415 4060
1416 4056
1417 4058
1418 4057
1419 4057
1420 4056
1421 4057
1422 4058
1423 4056
1424 4054
1425 4060
1426 4064
1427 4053
1428 4055
1429 4059
1430 4057
1431 4059
1432 4057
1433 4058
1434 4059
1435 4057
1436 4057
1437 4057
1438 4059
1439 4057
1440 4059
1441 4061
1442 4054
1443 4058
1444 4056
1445 4057
1446 4058
1447 4056
1448 4056
1449 4058
1450 4057
1451 4061
1452 4054
1453 4056
1454 4056
1455 4060
1456 4056
1457 4056
1458 4057
1459 4057
1460 4059
1461 4060
1462 4056
1463 4059
1464 4056
1465 4059
1466 4058
1467 4057
1468 4054
1469 4061
1470 4056
1471 4060
1472 4055
1473 4057
1474 4058
1475 4057
1476 4056
1477 4059
1478 4056
1479 4058
1480 4054
1481 4058
1482 4058
1483 4060
1484 4056
1485 4056
1486 4057
1487 4060
1488 4056
1489 4059
1490 4054
1491 4056
1492 4057
1493 4058
1494 4056
1495 4060
1496 4056
1497 4055
1498 4056
1499 4058
1500 4058
1501 4060
1502 4057
1503 4056
1504 4055
1505 4057
1506 4056
1507 4057
1508 4058
1509 4057
1510 4058
1511 4057
1512 4057
1513 4057
1514 4057
1515 4058
1516 4055
1517 4060
1518 4058
1519 4055
1520 4060
1521 4056
1522 4057
1523 4056
1524 4056
1525 4055
1526 4057
1527 4056
1528 4055
1529 4059
1530 4053
1531 4056
1532 4055
1533 4057
1534 4058
1535 4058
1536 4059
1537 4056
1538 4057
1539 4055
1540 4059
1541 4056
1542 4059
1543 4058
1544 4056
1545 4059
1546 4056
1547 4056
1548 4059
1549 4057
1550 4057
1551 4064
1552 4051
1553 4057
1554 4057
1555 4056
1556 4054
1557 4057
1558 4056
1559 4058
1560 4057
1561 4055
1562 4057
1563 4059
1564 4057
1565 4056
1566 4055
1567 4057
1568 4057
1569 4056
1570 4056
1571 4057
1572 4059
1573 4058
1574 4055
1575 4055
1576 4059
1577 4057
1578 4061
1579 4058
1580 4064
1581 4057
1582 4054
1583 4058
1584 4055
1585 4058
1586 4056
1587 4058
1588 4057
1589 4056
1590 4059
1591 4055
1592 4057
1593 4061
1594 4054
1595 4057
1596 4057
1597 4054
1598 4057
1599 4056
1600 4057
1601 4061
1602 4055
1603 4057
1604 4059
1605 4055
1606 4057
1607 4059
1608 4059
1609 4056
1610 4062
1611 4057
1612 4056
1613 4057
1614 4057
1615 4056
1616 4055
1617 4056
1618 4056
1619 4056
1620 4059
1621 4056
1622 4053
1623 4055
1624 4055
1625 4059
1626 4053
1627 4057
1628 4057
1629 4055
1630 4056
1631 4056
1632 4059
1633 4054
1634 4055
1635 4059
1636 4054
1637 4055
1638 4057
1639 4060
1640 4057
1641 4055
1642 4058
1643 4055
1644 4057
1645 4057
1646 4056
1647 4055
1648 4061
1649 4055
1650 4056
1651 4061
1652 4055
1653 4057
1654 4057
1655 4057
1656 4055
1657 4057
1658 4057
1659 4057
1660 4058
1661 4058
1662 4061
1663 4059
1664 4054
1665 4059
1666 4059
1667 4056
1668 4057
1669 4060
1670 4057
1671 4054
1672 4052
1673 4057
1674 4056
1675 4057
1676 4056
1677 4058
1678 4055
1679 4055
1680 4057
1681 4059
1682 4052
1683 4061
1684 4057
1685 4061
1686 4057
1687 4059
1688 4056
1689 4059
1690 4056
1691 4056
1692 4056
1693 4056
1694 4059
1695 4053
1696 4059
1697 4054
1698 4059
1699 4058
1700 4056
1701 4060
1702 4054
1703 4057
1704 4057
1705 4060
1706 4054
1707 4055
1708 4057
1709 4053
1710 4056
1711 4055
1712 4057
1713 4056
1714 4056
1715 4057
1716 4056
1717 4057
1718 4053
1719 4059
1720 4057
1721 4057
1722 4059
1723 4055
1724 4053
1725 4059
1726 4055
1727 4057
1728 4057
1729 4060
1730 4058
1731 4058
1732 4057
1733 4058
1734 4057
1735 4057
1736 4058
1737 4056
1738 4057
1739 4057
1740 4056
1741 4056
1742 4057
1743 4058
1744 4056
1745 4058
1746 4056
1747 4053
1748 4054
1749 4056
1750 4059
1751 4061
1752 4054
1753 4060
1754 4064
1755 4057
1756 4057
1757 4055
1758 4059
1759 4055
1760 4055
1761 4056
1762 4056
1763 4059
1764 4056
1765 4056
1766 4055
1767 4056
1768 4056
1769 4058
1770 4058
1771 4056
1772 4054
1773 4058
1774 4057
1775 4057
1776 4060
1777 4052
1778 4059
1779 4056
1780 4055
1781 4057
1782 4055
1783 4057
1784 4054
1785 4058
1786 4058
1787 4058
1788 4059
1789 4054
1790 4057
1791 4055
1792 4061
1793 4056
1794 4055
1795 4057
1796 4057
1797 4057
1798 4059
1799 4057
1800 4055
1801 4064
1802 4053
1803 4058
1804 4055
1805 4059
1806 4053
1807 4057
1808 4057
1809 4057
1810 4055
1811 4055
1812 4055
1813 4056
1814 4056
1815 4056
1816 4054
1817 4058
1818 4057
1819 4055
1820 4057
1821 4058
1822 4054
1823 4058
1824 4057
1825 4056
1826 4058
1827 4057
1828 4059
1829 4057
1830 4058
1831 4053
1832 4056
1833 4054
1834 4057
1835 4059
1836 4056
1837 4058
1838 4057
1839 4056
1840 4059
1841 4058
1842 4055
1843 4057
1844 4056
1845 4056
1846 4058
1847 4056
1848 4057
1849 4058
1850 4055
1851 4064
1852 4060
1853 4057
1854 4056
1855 4057
1856 4057
1857 4055
1858 4057
1859 4058
1860 4055
1861 4056
1862 4056
1863 4058
1864 4054
1865 4058
1866 4056
1867 4059
1868 4057
1869 4057
1870 4056
1871 4057
1872 4056
1873 4060
1874 4057
1875 4057
1876 4055
1877 4059
1878 4056
1879 4053
1880 4056
1881 4056
1882 4059
1883 4055
1884 4058
1885 4059
1886 4057
1887 4059
1888 4054
1889 4053
1890 4056
1891 4055
1892 4053
1893 4057
1894 4057
1895 4057
1896 4056
1897 4058
1898 4060
1899 4055
1900 4055
1901 4047
1902 4054
1903 4056
1904 4053
1905 4057
1906 4058
1907 4057
1908 4056
1909 4056
1910 4056
1911 4059
1912 4057
1913 4055
1914 4057
1915 4060
1916 4057
1917 4055
1918 4056
1919 4056
1920 4056
1921 4054
1922 4053
1923 4059
1924 4060
1925 4059
1926 4055
1927 4055
1928 4057
1929 4059
1930 4064
1931 4057
1932 4054
1933 4057
1934 4056
1935 4055
1936 4056
1937 4058
1938 4057
1939 4055
1940 4057
1941 4057
1942 4055
1943 4055
1944 4056
1945 4055
1946 4056
1947 4060
1948 4055
1949 4057
1950 4056
1951 4057
1952 4055
1953 4057
1954 4057
1955 4057
1956 4055
1957 4058
1958 4056
1959 4057
1960 4057
1961 4059
1962 4055
1963 4056
1964 4057
1965 4056
1966 4058
1967 4060
1968 4057
1969 4057
1970 4056
1971 4060
1972 4054
1973 4054
1974 4057
1975 4057
1976 4057
1977 4058
1978 4058
1979 4056
1980 4056
1981 4064
1982 4058
1983 4054
1984 4056
1985 4056
1986 4055
1987 4061
1988 4055
1989 4054
1990 4055
1991 4057
1992 4059
1993 4057
1994 4055
1995 4058
1996 4058
1997 4055
1998 4057
1999 4060
2000 4059
2001 4060
2002 4054
2003 4054
2004 4058
2005 4057
2006 4058
2007 4060
2008 4057
2009 4061
2010 4056
2011 4061
2012 4056
2013 4055
2014 4056
2015 4056
2016 4056
2017 4057
2018 4057
2019 4056
2020 4055
2021 4054
2022 4059
2023 4058
2024 4058
2025 4055
2026 4055
2027 4057
2028 4056
2029 4056
2030 4057
2031 4057
2032 4058
2033 4057
2034 4057
2035 4055
2036 4057
2037 4060
2038 4057
2039 4055
2040 4056
2041 4059
2042 4057
2043 4057
2044 4057
2045 4058
2046 4058
2047 4058
2048 4053
2049 4058
2050 4056
2051 4061
2052 4056
2053 4058
2054 4057
2055 4054
2056 4052
2057 4056
2058 4057
2059 4056
2060 4057
2061 4058
2062 4055
2063 4056
2064 4061
2065 4056
2066 4057
2067 4057
2068 4056
2069 4057
2070 4057
2071 4055
2072 4054
2073 4057
2074 4055
2075 4054
2076 4055
2077 4058
2078 4055
2079 4060
2080 4057
2081 4056
2082 4057
2083 4058
2084 4054
2085 4059
2086 4056
2087 4057
2088 4058
2089 4057
2090 4056
2091 4057
2092 4055
2093 4055
2094 4059
2095 4057
2096 4058
2097 4055
2098 4056
2099 4059
2100 4057
2101 4059
2102 4052
2103 4057
2104 4055
2105 4059
2106 4057
2107 4057
2108 4056
2109 4055
2110 4056
2111 4059
2112 4056
2113 4055
2114 4059
2115 4057
2116 4055
2117 4057
2118 4055
2119 4059
2120 4056
2121 4057
2122 4057
2123 4055
2124 4057
2125 4057
2126 4055
2127 4056
2128 4059
2129 4058
2130 4056
2131 4057
2132 4064
2133 4056
2134 4055
2135 4055
2136 4055
2137 4057
2138 4059
2139 4056
2140 4055
2141 4060
2142 4055
2143 4058
2144 4056
2145 4055
2146 4056
2147 4057
2148 4059
2149 4056
2150 4052
2151 4064
2152 4054
2153 4059
2154 4056
2155 4058
2156 4059
2157 4058
2158 4056
2159 4059
2160 4057
2161 4054
2162 4057
2163 4056
2164 4058
2165 4060
2166 4059
2167 4059
2168 4053
2169 4057
2170 4056
2171 4059
2172 4055
2173 4057
2174 4056
2175 4059
2176 4057
2177 4054
2178 4055
2179 4057
2180 4056
2181 4057
2182 4055
2183 4059
2184 4055
2185 4059
2186 4055
2187 4056
2188 4055
2189 4057
2190 4059
2191 4057
2192 4056
2193 4055
2194 4055
2195 4060
2196 4057
2197 4058
2198 4055
2199 4060
2200 4058
2201 4060
2202 4055
2203 4054
2204 4055
2205 4056
2206 4056
2207 4058
2208 4057
2209 4060
2210 4060
2211 4055
2212 4061
2213 4056
2214 4055
2215 4059
2216 4056
2217 4058
2218 4056
2219 4059
2220 4057
2221 4057
2222 4059
2223 4058
2224 4055
2225 4059
2226 4058
2227 4057
2228 4057
2229 4057
2230 4060
2231 4058
2232 4055
2233 4055
2234 4057
2235 4060
2236 4054
2237 4058
2238 4058
2239 4059
2240 4056
2241 4055
2242 4059
2243 4056
2244 4057
2245 4057
2246 4056
2247 4057
2248 4057
2249 4061
2250 4057
2251 4059
2252 4054
2253 4059
2254 4057
2255 4057
2256 4057
2257 4056
2258 4058
2259 4059
2260 4056
2261 4055
2262 4059
2263 4058
2264 4059
2265 4056
2266 4054
2267 4057
2268 4056
2269 4058
2270 4054
2271 4057
2272 4058
2273 4059
2274 4055
2275 4058
2276 4056
2277 4056
2278 4057
2279 4060
2280 4058
2281 4057
2282 4058
2283 4053
2284 4058
2285 4058
2286 4056
2287 4057
2288 4056
2289 4057
2290 4060
2291 4057
2292 4057
2293 4060
2294 4056
2295 4058
2296 4057
2297 4057
2298 4055
2299 4055
2300 4057
2301 4058
2302 4055
2303 4064
2304 4055
2305 4060
2306 4057
2307 4056
2308 4056
2309 4057
2310 4061
2311 4056
2312 4058
2313 4056
2314 4056
2315 4055
2316 4058
2317 4056
2318 4057
2319 4055
2320 4056
2321 4056
2322 4054
2323 4057
2324 4061
2325 4057
2326 4057
2327 4056
2328 4057
2329 4057
2330 4057
2331 4057
2332 4059
2333 4056
2334 4056
2335 4058
2336 4057
2337 4054
2338 4055
2339 4055
2340 4056
2341 4057
2342 4057
2343 4057
2344 4056
2345 4056
2346 4054
2347 4054
2348 4059
2349 4057
2350 4055
2351 4058
2352 4056
2353 4056
2354 4057
2355 4057
2356 4057
2357 4057
2358 4055
2359 4058
2360 4057
2361 4057
2362 4055
2363 4056
2364 4057
2365 4055
2366 4057
2367 4057
2368 4056
2369 4059
2370 4055
2371 4055
2372 4055
2373 4059
2374 4054
2375 4057
2376 4055
2377 4055
2378 4058
2379 4055
2380 4056
2381 4057
2382 4055
2383 4056
2384 4059
2385 4058
2386 4058
2387 4055
2388 4056
2389 4055
2390 4059
2391 4056
2392 4057
2393 4055
2394 4055
2395 4056
2396 4058
2397 4057
2398 4058
2399 4056
2400 4059
2401 4059
2402 4056
2403 4058
2404 4056
2405 4058
2406 4056
2407 4058
2408 4057
2409 4057
2410 4048
2411 4057
2412 4061
2413 4055
2414 4059
2415 4057
2416 4059
2417 4055
2418 4058
2419 4057
2420 4056
2421 4055
2422 4054
2423 4057
2424 4060
2425 4056
2426 4057
2427 4056
2428 4056
2429 4057
2430 4056
2431 4055
2432 4058
2433 4053
2434 4056
2435 4055
2436 4055
2437 4057
2438 4057
2439 4059
2440 4053
2441 4057
2442 4053
2443 4055
2444 4057
2445 4057
2446 4057
2447 4056
2448 4055
2449 4056
2450 4053
2451 4061
2452 4053
2453 4058
2454 4053
2455 4054
2456 4057
2457 4058
2458 4055
2459 4056
2460 4056
2461 4057
2462 4059
2463 4055
2464 4059
2465 4057
2466 4059
2467 4056
2468 4057
2469 4056
2470 4057
2471 4056
2472 4055
2473 4058
2474 4056
2475 4057
2476 4055
2477 4056
2478 4052
2479 4054
2480 4055
2481 4057
2482 4056
2483 4052
2484 4057
2485 4060
2486 4058
2487 4053
2488 4057
2489 4057
2490 4058
2491 4056
2492 4055
2493 4057
2494 4056
2495 4057
2496 4052
2497 4055
2498 4059
2499 4055
2500 4058
2501 4064
2502 4055
2503 4064
2504 4053
2505 4057
2506 4056
2507 4058
2508 4059
2509 4057
2510 4057
2511 4058
2512 4055
2513 4055
2514 4057
2515 4058
2516 4057
2517 4057
2518 4054
2519 4055
2520 4059
2521 4056
2522 4054
2523 4059
2524 4057
2525 4056
2526 4057
2527 4056
2528 4052
2529 4058
2530 4056
2531 4058
2532 4059
2533 4055
2534 4061
2535 4056
2536 4056
2537 4056
2538 4056
2539 4055
2540 4057
2541 4056
2542 4059
2543 4054
2544 4058
2545 4055
2546 4055
2547 4054
2548 4058
2549 4057
2550 4056
2551 4060
2552 4055
2553 4057
2554 4057
2555 4056
2556 4057
2557 4054
2558 4057
2559 4057
2560 4054
2561 4055
2562 4056
2563 4057
2564 4055
2565 4057
2566 4055
2567 4058
2568 4055
2569 4059
2570 4057
2571 4058
2572 4054
2573 4058
2574 4057
2575 4057
2576 4058
2577 4056
2578 4055
2579 4057
2580 4060
2581 4057
2582 4054
2583 4057
2584 4057
2585 4060
2586 4056
2587 4057
2588 4054
2589 4054
2590 4055
2591 4059
2592 4056
2593 4056
2594 4058
2595 4057
2596 4058
2597 4053
2598 4056
2599 4056
2600 4054
2601 4059
2602 4054
2603 4060
2604 4055
2605 4055
2606 4056
2607 4057
2608 4060
2609 4054
2610 4058
2611 4057
2612 4057
2613 4057
2614 4056
2615 4058
2616 4055
2617 4057
2618 4055
2619 4058
2620 4055
2621 4057
2622 4053
2623 4059
2624 4057
2625 4058
2626 4055
2627 4055
2628 4053
2629 4057
2630 4055
2631 4056
2632 4056
2633 4060
2634 4060
2635 4059
2636 4053
2637 4056
2638 4057
2639 4055
2640 4053
2641 4047
2642 4055
2643 4053
2644 4054
2645 4056
2646 4054
2647 4056
2648 4055
2649 4056
2650 4055
2651 4059
2652 4057
2653 4056
2654 4056
2655 4055
2656 4057
2657 4057
2658 4060
2659 4057
2660 4055
2661 4057
2662 4057
2663 4055
2664 4054
2665 4055
2666 4056
2667 4055
2668 4054
2669 4058
2670 4057
2671 4054
2672 4052
2673 4056
2674 4054
2675 4054
2676 4055
2677 4055
2678 4054
2679 4059
2680 4055
2681 4058
2682 4054
2683 4058
2684 4057
2685 4058
2686 4054
2687 4055
2688 4056
2689 4055
2690 4053
2691 4055
2692 4058
2693 4056
2694 4056
2695 4064
2696 4057
2697 4057
2698 4057
2699 4057
2700 4057
2701 4058
2702 4053
2703 4056
2704 4055
2705 4053
2706 4054
2707 4059
2708 4056
2709 4056
2710 4057
2711 4052
2712 4059
2713 4055
2714 4056
2715 4057
2716 4059
2717 4053
2718 4055
2719 4059
2720 4055
2721 4056
2722 4057
2723 4053
2724 4056
2725 4055
2726 4058
2727 4055
2728 4057
2729 4057
2730 4053
2731 4054
2732 4056
2733 4053
2734 4056
2735 4058
2736 4059
2737 4059
2738 4053
2739 4059
2740 4057
2741 4056
2742 4055
2743 4059
2744 4054
2745 4056
2746 4056
2747 4057
2748 4058
2749 4056
2750 4056
2751 4059
2752 4054
2753 4057
2754 4057
2755 4057
2756 4053
2757 4057
2758 4056
2759 4058
2760 4057
2761 4057
2762 4057
2763 4058
2764 4055
2765 4054
2766 4057
2767 4057
2768 4056
2769 4054
2770 4056
2771 4057
2772 4056
2773 4056
2774 4055
2775 4057
2776 4053
2777 4056
2778 4055
2779 4052
2780 4059
2781 4055
2782 4059
2783 4058
2784 4055
2785 4060
2786 4057
2787 4056
2788 4054
2789 4057
2790 4056
2791 4058
2792 4056
2793 4057
2794 4058
2795 4057
2796 4053
2797 4055
2798 4058
2799 4054
2800 4053
2801 4058
2802 4054
2803 4057
2804 4056
2805 4054
2806 4055
2807 4057
2808 4057
2809 4056
2810 4056
2811 4056
2812 4057
2813 4056
2814 4053
2815 4058
2816 4055
2817 4056
2818 4056
2819 4057
2820 4054
2821 4055
2822 4056
2823 4056
2824 4059
2825 4055
2826 4056
2827 4057
2828 4059
2829 4057
2830 4054
2831 4059
2832 4053
2833 4055
2834 4054
2835 4057
2836 4058
2837 4057
2838 4055
2839 4057
2840 4054
2841 4057
2842 4056
2843 4059
2844 4056
2845 4056
2846 4058
2847 4053
2848 4057
2849 4057
2850 4051
2851 4060
2852 4053
2853 4060
2854 4056
2855 4058
2856 4056
2857 4056
2858 4055
2859 4057
2860 4056
2861 4056
2862 4052
2863 4058
2864 4058
2865 4057
2866 4056
2867 4059
2868 4056
2869 4057
2870 4057
2871 4059
2872 4049
2873 4056
2874 4052
2875 4056
2876 4051
2877 4057
2878 4055
2879 4056
2880 4056
2881 4056
2882 4058
2883 4057
2884 4058
2885 4056
2886 4056
2887 4058
2888 4059
2889 4055
2890 4055
2891 4058
2892 4054
2893 4058
2894 4057
2895 4057
2896 4058
2897 4053
2898 4055
2899 4057
2900 4060
2901 4061
2902 4058
2903 4056
2904 4053
2905 4056
2906 4060
2907 4055
2908 4055
2909 4059
2910 4061
2911 4057
2912 4056
2913 4059
2914 4057
2915 4057
2916 4055
2917 4059
2918 4054
2919 4056
2920 4057
2921 4055
2922 4057
2923 4060
2924 4056
2925 4055
2926 4057
2927 4055
2928 4055
2929 4057
2930 4058
2931 4057
2932 4058
2933 4057
2934 4054
2935 4057
2936 4059
2937 4054
2938 4054
2939 4054
2940 4057
2941 4057
2942 4055
2943 4056
2944 4056
2945 4054
2946 4060
2947 4055
2948 4059
2949 4057
2950 4057
2951 4059
2952 4055
2953 4057
2954 4054
2955 4054
2956 4056
2957 4058
2958 4055
2959 4055
2960 4057
2961 4053
2962 4057
2963 4057
2964 4057
2965 4057
2966 4059
2967 4060
2968 4057
2969 4059
2970 4057
2971 4057
2972 4055
2973 4059
2974 4054
2975 4056
2976 4057
2977 4055
2978 4053
2979 4060
2980 4057
2981 4055
2982 4056
2983 4057
2984 4057
2985 4057
2986 4056
2987 4056
2988 4054
2989 4057
2990 4059
2991 4055
2992 4056
2993 4056
2994 4055
2995 4057
2996 4055
2997 4056
2998 4056
2999 4058
3000 4056
3001 4055
3002 4053
3003 4057
3004 4056
3005 4054
3006 4056
3007 4059
3008 4055
3009 4059
3010 4060
3011 4055
3012 4053
3013 4059
3014 4055
3015 4056
3016 4052
3017 4057
3018 4057
3019 4058
3020 4052
3021 4055
3022 4055
3023 4058
3024 4057
3025 4057
3026 4053
3027 4057
3028 4057
3029 4058
3030 4057
3031 4054
3032 4060
3033 4055
3034 4057
3035 4057
3036 4057
3037 4055
3038 4059
3039 4057
3040 4055
3041 4057
3042 4057
3043 4058
3044 4059
3045 4058
3046 4060
3047 4057
3048 4056
3049 4054
3050 4054
3051 4061
3052 4055
3053 4055
3054 4055
3055 4055
3056 4057
3057 4058
3058 4059
3059 4057
3060 4055
3061 4055
3062 4055
3063 4057
3064 4058
3065 4055
3066 4057
3067 4056
3068 4055
3069 4059
3070 4058
3071 4057
3072 4056
3073 4057
3074 4056
3075 4058
3076 4056
3077 4056
3078 4055
3079 4057
3080 4055
3081 4055
3082 4055
3083 4059
3084 4055
3085 4056
3086 4056
3087 4053
3088 4056
3089 4055
3090 4055
3091 4055
3092 4057
3093 4056
3094 4057
3095 4059
3096 4056
3097 4053
3098 4055
3099 4056
3100 4056
3101 4061
3102 4054
3103 4057
3104 4055
3105 4060
3106 4055
3107 4057
3108 4056
3109 4057
3110 4056
3111 4058
3112 4055
3113 4056
3114 4057
3115 4059
3116 4056
3117 4054
3118 4054
3119 4059
3120 4064
3121 4060
3122 4057
3123 4057
3124 4055
3125 4056
3126 4055
3127 4055
3128 4055
3129 4059
3130 4054
3131 4055
3132 4060
3133 4057
3134 4056
3135 4060
3136 4060
3137 4058
3138 4057
3139 4057
3140 4055
3141 4057
3142 4058
3143 4055
3144 4057
3145 4057
3146 4057
3147 4056
3148 4060
3149 4058
3150 4055
3151 4057
3152 4054
3153 4059
3154 4056
3155 4055
3156 4057
3157 4058
3158 4054
3159 4057
3160 4059
3161 4060
3162 4056
3163 4056
3164 4055
3165 4058
3166 4057
3167 4057
3168 4060
3169 4053
3170 4058
3171 4058
3172 4055
3173 4056
3174 4055
3175 4052
3176 4059
3177 4053
3178 4055
3179 4056
3180 4055
3181 4053
3182 4060
3183 4057
3184 4057
3185 4059
3186 4059
3187 4057
3188 4057
3189 4056
3190 4055
3191 4058
3192 4057
3193 4055
3194 4051
3195 4057
3196 4055
3197 4053
3198 4058
3199 4053
3200 4053
3201 4060
3202 4052
3203 4057
3204 4060
3205 4055
3206 4053
3207 4055
3208 4056
3209 4056
3210 4059
3211 4051
3212 4056
3213 4053
3214 4057
3215 4055
3216 4055
3217 4053
3218 4058
3219 4053
3220 4050
3221 4056
3222 4052
3223 4053
3224 4054
3225 4054
3226 4055
3227 4055
3228 4053
3229 4056
3230 4055
3231 4054
3232 4055
3233 4057
3234 4056
3235 4056
3236 4055
3237 4057
3238 4052
3239 4056
3240 4055
3241 4056
3242 4056
3243 4056
3244 4053
3245 4055
3246 4058
3247 4055
3248 4057
3249 4052
3250 4055
3251 4059
3252 4052
3253 4055
3254 4057
3255 4056
3256 4054
3257 4053
3258 4055
3259 4058
3260 4055
3261 4057
3262 4054
3263 4059
3264 4057
3265 4055
3266 4057
3267 4055
3268 4057
3269 4056
3270 4054
3271 4056
3272 4056
3273 4055
3274 4054
3275 4055
3276 4054
3277 4057
3278 4056
3279 4056
3280 4052
3281 4057
3282 4053
3283 4057
3284 4057
3285 4056
3286 4055
3287 4056
3288 4055
3289 4058
3290 4053
3291 4055
3292 4054
3293 4057
3294 4056
3295 4058
3296 4053
3297 4057
3298 4056
3299 4055
3300 4055
3301 4059
3302 4056
3303 4053
3304 4053
3305 4056
3306 4053
3307 4053
3308 4057
3309 4053
3310 4052
3311 4057
3312 4053
3313 4054
3314 4055
3315 4055
3316 4054
3317 4053
3318 4055
3319 4056
3320 4054
3321 4056
3322 4053
3323 4054
3324 4056
3325 4055
3326 4057
3327 4056
3328 4057
3329 4057
3330 4058
3331 4057
3332 4055
3333 4055
3334 4057
3335 4056
3336 4055
3337 4055
3338 4055
3339 4059
3340 4057
3341 4057
3342 4057
3343 4052
3344 4055
3345 4056
3346 4053
3347 4054
3348 4055
3349 4054
3350 4056
3351 4056
3352 4055
3353 4055
3354 4055
3355 4054
3356 4056
3357 4054
3358 4056
3359 4053
3360 4055
3361 4060
3362 4056
3363 4056
3364 4058
3365 4058
3366 4051
3367 4053
3368 4057
3369 4055
3370 4055
3371 4055
3372 4055
3373 4057
3374 4057
3375 4056
3376 4054
3377 4059
3378 4056
3379 4058
3380 4057
3381 4056
3382 4055
3383 4059
3384 4057
3385 4059
3386 4060
3387 4056
3388 4056
3389 4058
3390 4058
3391 4058
3392 4056
3393 4060
3394 4056
3395 4054
3396 4055
3397 4052
3398 4057
3399 4057
3400 4054
3401 4059
3402 4056
3403 4056
3404 4054
3405 4059
3406 4055
3407 4052
3408 4058
3409 4055
3410 4057
3411 4057
3412 4057
3413 4056
3414 4058
3415 4057
3416 4060
3417 4059
3418 4059
3419 4053
3420 4057
3421 4057
3422 4054
3423 4059
3424 4057
3425 4058
3426 4056
3427 4060
3428 4053
3429 4055
3430 4060
3431 4058
3432 4057
3433 4060
3434 4057
3435 4056
3436 4058
3437 4057
3438 4057
3439 4055
3440 4057
3441 4057
3442 4056
3443 4057
3444 4056
3445 4059
3446 4054
3447 4056
3448 4058
3449 4058
3450 4059
3451 4058
3452 4056
3453 4057
3454 4056
3455 4058
3456 4054
3457 4055
3458 4055
3459 4057
3460 4057
3461 4055
3462 4056
3463 4054
3464 4057
3465 4059
3466 4056
3467 4057
3468 4057
3469 4052
3470 4055
3471 4057
3472 4054
3473 4059
3474 4055
3475 4055
3476 4058
3477 4055
3478 4053
3479 4056
3480 4056
3481 4056
3482 4056
3483 4055
3484 4058
3485 4055
3486 4055
3487 4057
3488 4054
3489 4055
3490 4058
3491 4056
3492 4054
3493 4056
3494 4057
3495 4057
3496 4056
3497 4055
3498 4058
3499 4057
3500 4059
3501 4061
3502 4054
3503 4058
3504 4056
3505 4053
3506 4058
3507 4057
3508 4059
3509 4055
3510 4057
3511 4056
3512 4055
3513 4055
3514 4057
3515 4056
3516 4053
3517 4057
3518 4057
3519 4057
3520 4058
3521 4054
3522 4054
3523 4057
3524 4055
3525 4057
3526 4055
3527 4057
3528 4057
3529 4059
3530 4058
3531 4059
3532 4056
3533 4057
3534 4060
3535 4055
3536 4057
3537 4060
3538 4057
3539 4060
3540 4059
3541 4060
3542 4056
3543 4057
3544 4051
3545 4057
3546 4056
3547 4054
3548 4056
3549 4055
3550 4058
3551 4057
3552 4055
3553 4055
3554 4056
3555 4057
3556 4059
3557 4055
3558 4058
3559 4055
3560 4053
3561 4053
3562 4055
3563 4058
3564 4055
3565 4055
3566 4054
3567 4064
3568 4056
3569 4057
3570 4057
3571 4057
3572 4056
3573 4058
3574 4059
3575 4056
3576 4055
3577 4055
3578 4054
3579 4056
3580 4055
3581 4056
3582 4056
3583 4057
3584 4056
3585 4057
3586 4058
3587 4057
3588 4057
3589 4053
3590 4060
3591 4057
3592 4056
3593 4056
3594 4057
3595 4057
3596 4056
3597 4059
3598 4061
3599 4059
3600 4057
3601 4060
3602 4054
3603 4057
3604 4053
3605 4055
3606 4057
3607 4057
3608 4057
3609 4058
3610 4060
3611 4057
3612 4057
3613 4057
3614 4055
3615 4057
3616 4057
3617 4056
3618 4056
3619 4057
3620 4056
3621 4056
3622 4055
3623 4056
3624 4055
3625 4059
3626 4057
3627 4056
3628 4055
3629 4060
3630 4059
3631 4058
3632 4058
3633 4054
3634 4059
3635 4058
3636 4056
3637 4061
3638 4054
3639 4056
3640 4055
3641 4057
3642 4054
3643 4057
3644 4053
3645 4056
3646 4058
3647 4055
3648 4054
3649 4057
3650 4059
3651 4060
3652 4055
3653 4056
3654 4057
3655 4054
3656 4057
3657 4059
3658 4052
3659 4059
3660 4058
3661 4058
3662 4059
3663 4056
3664 4057
3665 4059
3666 4057
3667 4057
3668 4057
3669 4056
3670 4057
3671 4058
3672 4056
3673 4059
3674 4056
3675 4060
3676 4057
3677 4060
3678 4059
3679 4058
3680 4058
3681 4055
3682 4055
3683 4057
3684 4058
3685 4059
3686 4061
3687 4054
3688 4054
3689 4060
3690 4057
3691 4058
3692 4058
3693 4057
3694 4059
