#Data from the TCD1304 linear CCD
#column 1 = pixelnumber , column 2 = pixelvalue
#Pixel 1-32 and 3679-3694 and are dummy pixels
#SH-period: 200    ICG-period: 100000    Integration time: 100.0 us
2 4041
3 4041
4 4060
5 4058
6 4058
7 4059
8 4057
9 4061
10 4060
11 4064
12 4059
13 4059
14 4061
15 4059
16 4059
17 4061
18 4060
19 4056
20 4058
21 4059
22 4060
23 4061
24 4059
25 4060
26 4056
27 4061
28 4060
29 4058
30 4059
31 4064
32 4059
34 4060
35 4064
36 4058
37 4060
38 4057
39 4057
40 4061
41 4057
42 4059
43 4061
44 4057
45 4064
46 4060
47 4064
48 4059
49 4057
50 4059
51 4061
52 4059
53 4060
54 4058
55 4058
56 4061
57 4058
58 4060
59 4060
60 4057
61 4058
62 4059
63 4060
64 4061
65 4060
66 4057
67 4060
68 4059
69 4059
70 4056
71 4060
72 4058
73 4059
74 4059
75 4059
76 4057
77 4060
78 4064
79 4059
80 4057
81 4061
82 4057
83 4057
84 4060
85 4064
86 4058
87 4059
88 4060
89 4058
90 4057
91 4059
92 4061
93 4057
94 4059
95 4064
96 4057
97 4061
98 4057
99 4058
100 4059
101 4064
102 4055
103 4064
104 4056
105 4056
106 4060
107 4060
108 4060
109 4060
110 4057
111 4061
112 4057
113 4057
114 4061
115 4061
116 4060
117 4060
118 4057
119 4061
120 4058
121 4058
122 4059
123 4057
124 4060
125 4060
126 4059
127 4057
128 4061
129 4064
130 4060
131 4060
132 4059
133 4058
134 4057
135 4059
136 4060
137 4058
138 4061
139 4060
140 4058
141 4061
142 4064
143 4057
144 4061
145 4060
146 4058
147 4061
148 4060
149 4064
150 4059
151 4064
152 4056
153 4057
154 4057
155 4060
156 4060
157 4059
158 4060
159 4058
160 4059
161 4060
162 4058
163 4060
164 4064
165 4057
166 4061
167 4059
168 4058
169 4061
170 4057
171 4064
172 4060
173 4061
174 4059
175 4060
176 4060
177 4061
178 4060
179 4060
180 4058
181 4059
182 4060
183 4060
184 4060
185 4061
186 4059
187 4058
188 4060
189 4057
190 4060
191 4057
192 4064
193 4057
194 4064
195 4057
196 4058
197 4061
198 4055
199 4059
200 4064
201 4064
202 4059
203 4061
204 4057
205 4057
206 4060
207 4060
208 4058
209 4059
210 4060
211 4056
212 4060
213 4060
214 4056
215 4064
216 4059
217 4064
218 4060
219 4061
220 4059
221 4060
222 4057
223 4057
224 4058
225 4064
226 4056
227 4059
228 4057
229 4059
230 4059
231 4061
232 4058
233 4064
234 4059
235 4057
236 4060
237 4061
238 4059
239 4061
240 4059
241 4058
242 4059
243 4058
244 4057
245 4061
246 4056
247 4057
248 4058
249 4059
250 4058
251 4064
252 4057
253 4059
254 4059
255 4057
256 4064
257 4059
258 4057
259 4059
260 4060
261 4060
262 4060
263 4060
264 4056
265 4060
266 4057
267 4060
268 4056
269 4059
270 4058
271 4060
272 4061
273 4064
274 4057
275 4059
276 4061
277 4059
278 4058
279 4064
280 4057
281 4060
282 4060
283 4061
284 4057
285 4059
286 4061
287 4058
288 4060
289 4057
290 4059
291 4060
292 4061
293 4061
294 4057
295 4061
296 4057
297 4059
298 4055
299 4060
300 4058
301 4064
302 4057
303 4058
304 4059
305 4058
306 4057
307 4060
308 4061
309 4060
310 4056
311 4059
312 4058
313 4060
314 4057
315 4057
316 4060
317 4061
318 4057
319 4060
320 4058
321 4058
322 4057
323 4057
324 4060
325 4057
326 4057
327 4056
328 4061
329 4060
330 4057
331 4057
332 4058
333 4059
334 4059
335 4057
336 4058
337 4059
338 4057
339 4055
340 4053
341 4059
342 4057
343 4057
344 4061
345 4057
346 4059
347 4059
348 4060
349 4059
350 4059
351 4059
352 4055
353 4057
354 4059
355 4056
356 4058
357 4059
358 4056
359 4056
360 4059
361 4056
362 4057
363 4061
364 4059
365 4056
366 4059
367 4060
368 4057
369 4059
370 4061
371 4059
372 4056
373 4061
374 4057
375 4060
376 4058
377 4064
378 4060
379 4061
380 4057
381 4059
382 4058
383 4060
384 4058
385 4060
386 4057
387 4059
388 4059
389 4057
390 4057
391 4059
392 4064
393 4057
394 4058
395 4061
396 4059
397 4060
398 4061
399 4057
400 4057
401 4060
402 4057
403 4059
404 4056
405 4060
406 4057
407 4064
408 4058
409 4060
410 4059
411 4057
412 4064
413 4061
414 4057
415 4056
416 4061
417 4058
418 4059
419 4057
420 4057
421 4059
422 4061
423 4058
424 4064
425 4055
426 4061
427 4057
428 4060
429 4057
430 4059
431 4056
432 4056
433 4055
434 4057
435 4060
436 4060
437 4064
438 4061
439 4059
440 4059
441 4056
442 4064
443 4060
444 4061
445 4060
446 4057
447 4057
448 4061
449 4059
450 4060
451 4061
452 4057
453 4064
454 4058
455 4059
456 4060
457 4064
458 4058
459 4064
460 4056
461 4059
462 4059
463 4057
464 4060
465 4058
466 4058
467 4064
468 4059
469 4059
470 4060
471 4058
472 4061
473 4058
474 4065
475 4060
476 4055
477 4060
478 4057
479 4061
480 4057
481 4056
482 4057
483 4060
484 4059
485 4064
486 4058
487 4058
488 4058
489 4060
490 4056
491 4059
492 4058
493 4056
494 4060
495 4057
496 4060
497 4059
498 4064
499 4064
500 4060
501 4065
502 4056
503 4061
504 4060
505 4060
506 4056
507 4059
508 4060
509 4059
510 4060
511 4064
512 4060
513 4060
514 4061
515 4057
516 4057
517 4064
518 4058
519 4059
520 4057
521 4059
522 4058
523 4061
524 4060
525 4060
526 4061
527 4060
528 4058
529 4060
530 4057
531 4059
532 4057
533 4064
534 4057
535 4059
536 4057
537 4058
538 4059
539 4064
540 4059
541 4057
542 4059
543 4059
544 4057
545 4061
546 4059
547 4060
548 4060
549 4057
550 4061
551 4061
552 4053
553 4059
554 4057
555 4056
556 4064
557 4058
558 4060
559 4061
560 4061
561 4064
562 4061
563 4061
564 4064
565 4058
566 4058
567 4064
568 4059
569 4061
570 4058
571 4059
572 4060
573 4061
574 4058
575 4061
576 4059
577 4064
578 4058
579 4059
580 4059
581 4059
582 4056
583 4064
584 4059
585 4064
586 4059
587 4060
588 4059
589 4060
590 4059
591 4056
592 4060
593 4057
594 4060
595 4064
596 4059
597 4057
598 4064
599 4061
600 4061
601 4064
602 4056
603 4060
604 4059
605 4059
606 4064
607 4058
608 4059
609 4057
610 4057
611 4058
612 4058
613 4058
614 4064
615 4059
616 4058
617 4060
618 4057
619 4059
620 4058
621 4057
622 4064
623 4056
624 4058
625 4057
626 4056
627 4060
628 4061
629 4061
630 4064
631 4055
632 4058
633 4058
634 4057
635 4064
636 4058
637 4060
638 4060
639 4059
640 4061
641 4059
642 4059
643 4057
644 4060
645 4059
646 4057
647 4059
648 4057
649 4064
650 4061
651 4064
652 4051
653 4061
654 4064
655 4061
656 4058
657 4061
658 4059
659 4059
660 4064
661 4060
662 4061
663 4061
664 4059
665 4061
666 4056
667 4064
668 4058
669 4058
670 4060
671 4057
672 4058
673 4060
674 4060
675 4061
676 4064
677 4056
678 4061
679 4058
680 4058
681 4064
682 4060
683 4060
684 4059
685 4060
686 4064
687 4060
688 4056
689 4064
690 4057
691 4059
692 4064
693 4057
694 4055
695 4064
696 4059
697 4059
698 4059
699 4057
700 4057
701 4061
702 4058
703 4060
704 4058
705 4057
706 4061
707 4064
708 4057
709 4060
710 4059
711 4059
712 4058
713 4060
714 4057
715 4059
716 4059
717 4061
718 4059
719 4059
720 4059
721 4060
722 4057
723 4064
724 4057
725 4059
726 4060
727 4061
728 4059
729 4060
730 4056
731 4059
732 4058
733 4060
734 4060
735 4059
736 4060
737 4058
738 4061
739 4060
740 4058
741 4055
742 4059
743 4059
744 4058
745 4059
746 4058
747 4064
748 4060
749 4061
750 4059
751 4060
752 4059
753 4057
754 4064
755 4058
756 4056
757 4057
758 4059
759 4059
760 4059
761 4060
762 4058
763 4061
764 4056
765 4056
766 4059
767 4061
768 4060
769 4058
770 4060
771 4056
772 4059
773 4057
774 4061
775 4059
776 4058
777 4058
778 4060
779 4058
780 4064
781 4057
782 4057
783 4061
784 4060
785 4059
786 4058
787 4059
788 4059
789 4060
790 4058
791 4057
792 4058
793 4055
794 4064
795 4060
796 4059
797 4059
798 4060
799 4060
800 4060
801 4064
802 4056
803 4060
804 4059
805 4057
806 4058
807 4060
808 4057
809 4059
810 4054
811 4061
812 4057
813 4060
814 4059
815 4059
816 4056
817 4061
818 4057
819 4064
820 4061
821 4057
822 4059
823 4058
824 4060
825 4061
826 4059
827 4061
828 4059
829 4064
830 4057
831 4058
832 4060
833 4059
834 4058
835 4060
836 4064
837 4056
838 4061
839 4057
840 4058
841 4061
842 4064
843 4061
844 4059
845 4057
846 4059
847 4057
848 4062
849 4057
850 4055
851 4060
852 4058
853 4060
854 4058
855 4062
856 4056
857 4057
858 4061
859 4057
860 4058
861 4059
862 4057
863 4061
864 4064
865 4064
866 4057
867 4065
868 4060
869 4060
870 4059
871 4059
872 4060
873 4060
874 4061
875 4064
876 4057
877 4064
878 4060
879 4061
880 4060
881 4059
882 4059
883 4060
884 4057
885 4057
886 4059
887 4058
888 4058
889 4061
890 4064
891 4057
892 4059
893 4057
894 4060
895 4058
896 4059
897 4064
898 4059
899 4057
900 4058
901 4064
902 4057
903 4059
904 4058
905 4060
906 4064
907 4059
908 4059
909 4057
910 4057
911 4057
912 4061
913 4061
914 4060
915 4061
916 4058
917 4059
918 4058
919 4058
920 4061
921 4061
922 4064
923 4059
924 4059
925 4059
926 4059
927 4059
928 4058
929 4059
930 4059
931 4061
932 4057
933 4055
934 4059
935 4064
936 4057
937 4064
938 4057
939 4060
940 4059
941 4059
942 4060
943 4057
944 4058
945 4064
946 4056
947 4057
948 4061
949 4059
950 4055
951 4060
952 4056
953 4057
954 4055
955 4059
956 4055
957 4057
958 4057
959 4061
960 4057
961 4059
962 4058
963 4064
964 4060
965 4064
966 4060
967 4060
968 4059
969 4061
970 4060
971 4059
972 4058
973 4059
974 4056
975 4061
976 4061
977 4064
978 4057
979 4059
980 4060
981 4059
982 4058
983 4060
984 4060
985 4064
986 4060
987 4061
988 4057
989 4064
990 4061
991 4055
992 4064
993 4059
994 4057
995 4057
996 4059
997 4057
998 4057
999 4064
1000 4061
1001 4064
1002 4055
1003 4055
1004 4059
1005 4059
1006 4060
1007 4064
1008 4059
1009 4057
1010 4059
1011 4059
1012 4060
1013 4057
1014 4058
1015 4060
1016 4059
1017 4056
1018 4059
1019 4059
1020 4056
1021 4057
1022 4058
1023 4059
1024 4060
1025 4059
1026 4060
1027 4058
1028 4058
1029 4061
1030 4058
1031 4060
1032 4057
1033 4057
1034 4059
1035 4061
1036 4059
1037 4060
1038 4059
1039 4057
1040 4059
1041 4059
1042 4061
1043 4059
1044 4061
1045 4058
1046 4056
1047 4059
1048 4059
1049 4060
1050 4059
1051 4060
1052 4053
1053 4064
1054 4059
1055 4055
1056 4060
1057 4059
1058 4059
1059 4058
1060 4059
1061 4061
1062 4061
1063 4059
1064 4060
1065 4058
1066 4060
1067 4061
1068 4060
1069 4056
1070 4057
1071 4060
1072 4056
1073 4061
1074 4057
1075 4058
1076 4057
1077 4060
1078 4059
1079 4059
1080 4057
1081 4059
1082 4057
1083 4056
1084 4058
1085 4060
1086 4059
1087 4059
1088 4058
1089 4059
1090 4059
1091 4057
1092 4060
1093 4060
1094 4061
1095 4061
1096 4058
1097 4058
1098 4057
1099 4058
1100 4061
1101 4064
1102 4057
1103 4060
1104 4058
1105 4059
1106 4060
1107 4064
1108 4057
1109 4064
1110 4061
1111 4059
1112 4059
1113 4057
1114 4057
1115 4060
1116 4060
1117 4058
1118 4060
1119 4059
1120 4058
1121 4059
1122 4060
1123 4061
1124 4058
1125 4061
1126 4060
1127 4057
1128 4057
1129 4060
1130 4061
1131 4059
1132 4058
1133 4057
1134 4058
1135 4058
1136 4057
1137 4057
1138 4060
1139 4058
1140 4060
1141 4060
1142 4064
1143 4057
1144 4058
1145 4059
1146 4060
1147 4059
1148 4059
1149 4059
1150 4064
1151 4064
1152 4058
1153 4060
1154 4057
1155 4059
1156 4064
1157 4060
1158 4059
1159 4058
1160 4059
1161 4060
1162 4057
1163 4061
1164 4058
1165 4059
1166 4052
1167 4059
1168 4059
1169 4061
1170 4059
1171 4060
1172 4057
1173 4060
1174 4060
1175 4061
1176 4060
1177 4061
1178 4055
1179 4059
1180 4060
1181 4060
1182 4058
1183 4057
1184 4061
1185 4059
1186 4058
1187 4060
1188 4060
1189 4058
1190 4059
1191 4058
1192 4059
1193 4064
1194 4061
1195 4058
1196 4060
1197 4061
1198 4059
1199 4061
1200 4060
1201 4064
1202 4052
1203 4062
1204 4059
1205 4060
1206 4058
1207 4064
1208 4058
1209 4064
1210 4061
1211 4064
1212 4059
1213 4058
1214 4061
1215 4057
1216 4060
1217 4058
1218 4059
1219 4058
1220 4060
1221 4059
1222 4064
1223 4060
1224 4060
1225 4059
1226 4057
1227 4057
1228 4057
1229 4061
1230 4059
1231 4057
1232 4060
1233 4059
1234 4059
1235 4057
1236 4061
1237 4064
1238 4059
1239 4056
1240 4059
1241 4061
1242 4061
1243 4060
1244 4059
1245 4059
1246 4057
1247 4061
1248 4058
1249 4061
1250 4056
1251 4064
1252 4053
1253 4064
1254 4060
1255 4058
1256 4059
1257 4055
1258 4059
1259 4058
1260 4060
1261 4060
1262 4058
1263 4064
1264 4059
1265 4058
1266 4055
1267 4060
1268 4060
1269 4056
1270 4059
1271 4061
1272 4060
1273 4059
1274 4058
1275 4061
1276 4057
1277 4058
1278 4059
1279 4056
1280 4059
1281 4064
1282 4058
1283 4059
1284 4056
1285 4057
1286 4059
1287 4061
1288 4055
1289 4061
1290 4058
1291 4059
1292 4061
1293 4059
1294 4059
1295 4059
1296 4057
1297 4055
1298 4058
1299 4059
1300 4061
1301 4060
1302 4057
1303 4058
1304 4057
1305 4061
1306 4058
1307 4060
1308 4062
1309 4059
1310 4057
1311 4058
1312 4060
1313 4060
1314 4059
1315 4061
1316 4057
1317 4064
1318 4060
1319 4058
1320 4059
1321 4059
1322 4057
1323 4061
1324 4060
1325 4060
1326 4061
1327 4058
1328 4060
1329 4061
1330 4057
1331 4061
1332 4058
1333 4061
1334 4059
1335 4058
1336 4061
1337 4057
1338 4057
1339 4061
1340 4060
1341 4057
1342 4060
1343 4056
1344 4059
1345 4057
1346 4059
1347 4059
1348 4057
1349 4057
1350 4058
1351 4061
1352 4058
1353 4058
1354 4061
1355 4064
1356 4058
1357 4058
1358 4058
1359 4059
1360 4064
1361 4059
1362 4057
1363 4064
1364 4061
1365 4059
1366 4058
1367 4060
1368 4057
1369 4060
1370 4057
1371 4060
1372 4055
1373 4061
1374 4059
1375 4058
1376 4057
1377 4060
1378 4056
1379 4059
1380 4060
1381 4064
1382 4056
1383 4060
1384 4059
1385 4059
1386 4057
1387 4060
1388 4060
1389 4057
1390 4060
1391 4057
1392 4061
1393 4060
1394 4061
1395 4060
1396 4060
1397 4060
1398 4058
1399 4059
1400 4057
1401 4064
1402 4056
1403 4057
1404 4058
1405 4058
1406 4059
1407 4061
1408 4058
1409 4061
1410 4060
1411 4060
1412 4057
1413 4061
1414 4057
1415 4057
1416 4056
1417 4061
1418 4058
1419 4060
1420 4059
1421 4058
1422 4061
1423 4058
1424 4058
1425 4061
1426 4056
1427 4061
1428 4064
1429 4057
1430 4059
1431 4064
1432 4059
1433 4059
1434 4061
1435 4060
1436 4057
1437 4058
1438 4060
1439 4059
1440 4057
1441 4061
1442 4064
1443 4064
1444 4059
1445 4059
1446 4060
1447 4064
1448 4060
1449 4057
1450 4058
1451 4059
1452 4056
1453 4059
1454 4059
1455 4061
1456 4061
1457 4058
1458 4061
1459 4061
1460 4060
1461 4060
1462 4059
1463 4060
1464 4059
1465 4059
1466 4061
1467 4061
1468 4057
1469 4061
1470 4057
1471 4060
1472 4060
1473 4060
1474 4058
1475 4060
1476 4060
1477 4060
1478 4058
1479 4057
1480 4060
1481 4060
1482 4058
1483 4064
1484 4061
1485 4059
1486 4057
1487 4061
1488 4059
1489 4061
1490 4060
1491 4060
1492 4061
1493 4057
1494 4060
1495 4059
1496 4058
1497 4064
1498 4059
1499 4061
1500 4058
1501 4064
1502 4055
1503 4060
1504 4064
1505 4056
1506 4058
1507 4057
1508 4059
1509 4060
1510 4061
1511 4064
1512 4058
1513 4059
1514 4055
1515 4059
1516 4057
1517 4064
1518 4057
1519 4057
1520 4056
1521 4059
1522 4061
1523 4059
1524 4059
1525 4060
1526 4059
1527 4061
1528 4057
1529 4060
1530 4060
1531 4061
1532 4057
1533 4059
1534 4061
1535 4058
1536 4059
1537 4061
1538 4060
1539 4059
1540 4058
1541 4064
1542 4058
1543 4061
1544 4061
1545 4064
1546 4058
1547 4060
1548 4064
1549 4059
1550 4057
1551 4061
1552 4057
1553 4058
1554 4059
1555 4060
1556 4058
1557 4058
1558 4061
1559 4064
1560 4060
1561 4064
1562 4056
1563 4059
1564 4059
1565 4064
1566 4057
1567 4059
1568 4056
1569 4061
1570 4058
1571 4057
1572 4061
1573 4057
1574 4062
1575 4057
1576 4061
1577 4057
1578 4061
1579 4058
1580 4058
1581 4057
1582 4060
1583 4059
1584 4058
1585 4064
1586 4057
1587 4056
1588 4064
1589 4064
1590 4057
1591 4060
1592 4061
1593 4060
1594 4059
1595 4058
1596 4061
1597 4061
1598 4058
1599 4056
1600 4061
1601 4064
1602 4059
1603 4060
1604 4060
1605 4060
1606 4060
1607 4061
1608 4060
1609 4064
1610 4059
1611 4057
1612 4060
1613 4059
1614 4061
1615 4064
1616 4057
1617 4059
1618 4060
1619 4058
1620 4057
1621 4060
1622 4057
1623 4060
1624 4061
1625 4061
1626 4057
1627 4061
1628 4064
1629 4059
1630 4059
1631 4060
1632 4058
1633 4060
1634 4059
1635 4059
1636 4058
1637 4061
1638 4059
1639 4059
1640 4058
1641 4057
1642 4064
1643 4061
1644 4057
1645 4059
1646 4064
1647 4058
1648 4058
1649 4064
1650 4064
1651 4064
1652 4055
1653 4059
1654 4059
1655 4059
1656 4058
1657 4061
1658 4061
1659 4060
1660 4060
1661 4060
1662 4061
1663 4060
1664 4059
1665 4060
1666 4055
1667 4058
1668 4058
1669 4059
1670 4057
1671 4058
1672 4059
1673 4059
1674 4061
1675 4062
1676 4060
1677 4064
1678 4057
1679 4060
1680 4060
1681 4061
1682 4059
1683 4059
1684 4060
1685 4061
1686 4064
1687 4059
1688 4059
1689 4059
1690 4057
1691 4059
1692 4064
1693 4059
1694 4059
1695 4061
1696 4060
1697 4059
1698 4059
1699 4057
1700 4064
1701 4061
1702 4057
1703 4061
1704 4059
1705 4059
1706 4059
1707 4064
1708 4058
1709 4058
1710 4064
1711 4061
1712 4060
1713 4060
1714 4060
1715 4057
1716 4064
1717 4061
1718 4061
1719 4061
1720 4059
1721 4059
1722 4059
1723 4057
1724 4059
1725 4064
1726 4064
1727 4060
1728 4059
1729 4064
1730 4058
1731 4057
1732 4060
1733 4061
1734 4056
1735 4058
1736 4058
1737 4060
1738 4061
1739 4061
1740 4061
1741 4057
1742 4062
1743 4060
1744 4064
1745 4057
1746 4064
1747 4058
1748 4057
1749 4061
1750 4060
1751 4064
1752 4054
1753 4060
1754 4060
1755 4056
1756 4059
1757 4062
1758 4059
1759 4059
1760 4061
1761 4058
1762 4058
1763 4058
1764 4059
1765 4058
1766 4060
1767 4061
1768 4061
1769 4060
1770 4059
1771 4061
1772 4058
1773 4061
1774 4057
1775 4058
1776 4060
1777 4058
1778 4059
1779 4060
1780 4060
1781 4061
1782 4058
1783 4060
1784 4059
1785 4059
1786 4059
1787 4058
1788 4061
1789 4064
1790 4059
1791 4055
1792 4059
1793 4056
1794 4060
1795 4059
1796 4057
1797 4058
1798 4059
1799 4059
1800 4058
1801 4065
1802 4055
1803 4060
1804 4060
1805 4060
1806 4059
1807 4061
1808 4059
1809 4059
1810 4061
1811 4060
1812 4058
1813 4059
1814 4059
1815 4059
1816 4057
1817 4064
1818 4060
1819 4064
1820 4058
1821 4060
1822 4060
1823 4057
1824 4059
1825 4064
1826 4061
1827 4059
1828 4058
1829 4064
1830 4056
1831 4057
1832 4061
1833 4064
1834 4061
1835 4061
1836 4060
1837 4060
1838 4064
1839 4060
1840 4059
1841 4056
1842 4060
1843 4058
1844 4060
1845 4057
1846 4058
1847 4057
1848 4064
1849 4057
1850 4056
1851 4061
1852 4057
1853 4057
1854 4059
1855 4059
1856 4056
1857 4064
1858 4064
1859 4060
1860 4060
1861 4059
1862 4059
1863 4057
1864 4060
1865 4059
1866 4060
1867 4060
1868 4058
1869 4064
1870 4061
1871 4061
1872 4061
1873 4061
1874 4061
1875 4064
1876 4059
1877 4057
1878 4058
1879 4060
1880 4059
1881 4064
1882 4060
1883 4061
1884 4059
1885 4064
1886 4057
1887 4060
1888 4056
1889 4057
1890 4057
1891 4059
1892 4058
1893 4059
1894 4059
1895 4061
1896 4058
1897 4058
1898 4057
1899 4059
1900 4060
1901 4064
1902 4053
1903 4060
1904 4061
1905 4060
1906 4055
1907 4060
1908 4060
1909 4056
1910 4064
1911 4058
1912 4061
1913 4060
1914 4057
1915 4060
1916 4059
1917 4059
1918 4064
1919 4064
1920 4058
1921 4059
1922 4057
1923 4060
1924 4062
1925 4058
1926 4057
1927 4061
1928 4061
1929 4057
1930 4058
1931 4060
1932 4057
1933 4058
1934 4059
1935 4057
1936 4057
1937 4058
1938 4057
1939 4064
1940 4060
1941 4059
1942 4064
1943 4060
1944 4059
1945 4060
1946 4060
1947 4058
1948 4060
1949 4060
1950 4060
1951 4064
1952 4055
1953 4060
1954 4058
1955 4057
1956 4057
1957 4060
1958 4060
1959 4061
1960 4060
1961 4057
1962 4060
1963 4059
1964 4057
1965 4059
1966 4059
1967 4064
1968 4057
1969 4057
1970 4059
1971 4059
1972 4060
1973 4061
1974 4060
1975 4064
1976 4058
1977 4060
1978 4057
1979 4060
1980 4060
1981 4060
1982 4060
1983 4059
1984 4060
1985 4061
1986 4058
1987 4061
1988 4058
1989 4061
1990 4060
1991 4059
1992 4064
1993 4057
1994 4057
1995 4061
1996 4060
1997 4057
1998 4057
1999 4057
2000 4059
2001 4064
2002 4053
2003 4061
2004 4061
2005 4059
2006 4060
2007 4058
2008 4055
2009 4061
2010 4061
2011 4058
2012 4060
2013 4059
2014 4058
2015 4059
2016 4057
2017 4061
2018 4058
2019 4059
2020 4060
2021 4060
2022 4061
2023 4060
2024 4058
2025 4060
2026 4064
2027 4057
2028 4056
2029 4057
2030 4058
2031 4061
2032 4060
2033 4061
2034 4058
2035 4056
2036 4060
2037 4060
2038 4057
2039 4061
2040 4057
2041 4055
2042 4061
2043 4059
2044 4056
2045 4056
2046 4059
2047 4061
2048 4060
2049 4055
2050 4060
2051 4061
2052 4056
2053 4059
2054 4057
2055 4058
2056 4059
2057 4061
2058 4057
2059 4056
2060 4064
2061 4059
2062 4061
2063 4061
2064 4058
2065 4061
2066 4061
2067 4058
2068 4059
2069 4057
2070 4058
2071 4057
2072 4059
2073 4060
2074 4059
2075 4059
2076 4057
2077 4059
2078 4059
2079 4057
2080 4058
2081 4057
2082 4060
2083 4061
2084 4060
2085 4060
2086 4061
2087 4059
2088 4060
2089 4059
2090 4056
2091 4058
2092 4064
2093 4058
2094 4058
2095 4058
2096 4058
2097 4060
2098 4061
2099 4061
2100 4058
2101 4061
2102 4055
2103 4057
2104 4060
2105 4058
2106 4057
2107 4059
2108 4056
2109 4058
2110 4060
2111 4057
2112 4057
2113 4061
2114 4061
2115 4060
2116 4059
2117 4059
2118 4058
2119 4060
2120 4057
2121 4059
2122 4057
2123 4058
2124 4057
2125 4059
2126 4059
2127 4061
2128 4057
2129 4061
2130 4060
2131 4060
2132 4059
2133 4061
2134 4057
2135 4058
2136 4057
2137 4057
2138 4055
2139 4060
2140 4056
2141 4057
2142 4057
2143 4058
2144 4055
2145 4061
2146 4057
2147 4059
2148 4057
2149 4058
2150 4056
2151 4064
2152 4056
2153 4060
2154 4059
2155 4060
2156 4060
2157 4060
2158 4058
2159 4061
2160 4058
2161 4060
2162 4057
2163 4061
2164 4057
2165 4057
2166 4059
2167 4064
2168 4058
2169 4059
2170 4057
2171 4058
2172 4061
2173 4059
2174 4060
2175 4062
2176 4064
2177 4059
2178 4057
2179 4057
2180 4059
2181 4056
2182 4058
2183 4059
2184 4060
2185 4061
2186 4057
2187 4059
2188 4060
2189 4060
2190 4059
2191 4058
2192 4064
2193 4055
2194 4057
2195 4058
2196 4058
2197 4058
2198 4057
2199 4060
2200 4060
2201 4060
2202 4061
2203 4060
2204 4058
2205 4059
2206 4061
2207 4058
2208 4058
2209 4061
2210 4059
2211 4057
2212 4059
2213 4064
2214 4061
2215 4057
2216 4056
2217 4064
2218 4059
2219 4059
2220 4059
2221 4060
2222 4058
2223 4059
2224 4061
2225 4060
2226 4057
2227 4059
2228 4052
2229 4060
2230 4061
2231 4059
2232 4064
2233 4060
2234 4059
2235 4059
2236 4057
2237 4064
2238 4059
2239 4058
2240 4059
2241 4057
2242 4064
2243 4060
2244 4057
2245 4057
2246 4061
2247 4059
2248 4060
2249 4057
2250 4059
2251 4060
2252 4054
2253 4060
2254 4060
2255 4057
2256 4056
2257 4057
2258 4056
2259 4058
2260 4059
2261 4059
2262 4061
2263 4058
2264 4064
2265 4064
2266 4058
2267 4059
2268 4056
2269 4056
2270 4060
2271 4060
2272 4064
2273 4058
2274 4059
2275 4059
2276 4060
2277 4064
2278 4057
2279 4060
2280 4059
2281 4056
2282 4064
2283 4064
2284 4057
2285 4060
2286 4056
2287 4060
2288 4057
2289 4061
2290 4060
2291 4064
2292 4064
2293 4059
2294 4061
2295 4058
2296 4058
2297 4057
2298 4056
2299 4059
2300 4060
2301 4064
2302 4055
2303 4059
2304 4054
2305 4059
2306 4058
2307 4057
2308 4059
2309 4060
2310 4057
2311 4059
2312 4058
2313 4060
2314 4058
2315 4057
2316 4057
2317 4064
2318 4055
2319 4057
2320 4059
2321 4055
2322 4057
2323 4059
2324 4057
2325 4055
2326 4060
2327 4058
2328 4060
2329 4060
2330 4056
2331 4059
2332 4057
2333 4057
2334 4056
2335 4057
2336 4058
2337 4058
2338 4055
2339 4057
2340 4057
2341 4054
2342 4058
2343 4057
2344 4056
2345 4060
2346 4053
2347 4056
2348 4057
2349 4056
2350 4055
2351 4064
2352 4053
2353 4057
2354 4058
2355 4054
2356 4057
2357 4060
2358 4057
2359 4057
2360 4056
2361 4057
2362 4057
2363 4058
2364 4055
2365 4059
2366 4056
2367 4057
2368 4057
2369 4059
2370 4059
2371 4059
2372 4057
2373 4059
2374 4058
2375 4058
2376 4058
2377 4059
2378 4059
2379 4060
2380 4056
2381 4057
2382 4055
2383 4060
2384 4061
2385 4057
2386 4059
2387 4059
2388 4056
2389 4058
2390 4059
2391 4058
2392 4059
2393 4059
2394 4060
2395 4061
2396 4057
2397 4061
2398 4059
2399 4059
2400 4056
2401 4064
2402 4059
2403 4059
2404 4055
2405 4060
2406 4057
2407 4061
2408 4058
2409 4060
2410 4060
2411 4060
2412 4058
2413 4059
2414 4058
2415 4060
2416 4057
2417 4060
2418 4060
2419 4056
2420 4064
2421 4057
2422 4059
2423 4057
2424 4059
2425 4064
2426 4059
2427 4059
2428 4059
2429 4061
2430 4057
2431 4057
2432 4058
2433 4059
2434 4059
2435 4056
2436 4064
2437 4064
2438 4060
2439 4061
2440 4058
2441 4060
2442 4061
2443 4060
2444 4061
2445 4059
2446 4060
2447 4064
2448 4058
2449 4058
2450 4057
2451 4064
2452 4056
2453 4057
2454 4057
2455 4060
2456 4057
2457 4057
2458 4064
2459 4059
2460 4060
2461 4060
2462 4056
2463 4058
2464 4057
2465 4056
2466 4057
2467 4064
2468 4057
2469 4061
2470 4060
2471 4059
2472 4057
2473 4058
2474 4060
2475 4057
2476 4054
2477 4061
2478 4059
2479 4060
2480 4061
2481 4058
2482 4059
2483 4062
2484 4055
2485 4058
2486 4059
2487 4058
2488 4059
2489 4059
2490 4059
2491 4057
2492 4060
2493 4056
2494 4057
2495 4064
2496 4060
2497 4060
2498 4059
2499 4064
2500 4054
2501 4061
2502 4059
2503 4058
2504 4057
2505 4057
2506 4060
2507 4061
2508 4055
2509 4060
2510 4056
2511 4058
2512 4060
2513 4057
2514 4059
2515 4055
2516 4057
2517 4058
2518 4059
2519 4059
2520 4055
2521 4064
2522 4055
2523 4059
2524 4057
2525 4058
2526 4059
2527 4058
2528 4058
2529 4057
2530 4058
2531 4059
2532 4057
2533 4061
2534 4056
2535 4058
2536 4064
2537 4061
2538 4059
2539 4060
2540 4059
2541 4057
2542 4061
2543 4061
2544 4058
2545 4058
2546 4064
2547 4058
2548 4059
2549 4060
2550 4059
2551 4064
2552 4054
2553 4060
2554 4056
2555 4059
2556 4061
2557 4057
2558 4057
2559 4057
2560 4057
2561 4059
2562 4060
2563 4064
2564 4059
2565 4058
2566 4056
2567 4061
2568 4059
2569 4060
2570 4058
2571 4060
2572 4061
2573 4058
2574 4058
2575 4059
2576 4060
2577 4058
2578 4057
2579 4059
2580 4061
2581 4059
2582 4059
2583 4061
2584 4057
2585 4059
2586 4064
2587 4060
2588 4058
2589 4058
2590 4064
2591 4060
2592 4064
2593 4059
2594 4059
2595 4060
2596 4058
2597 4059
2598 4060
2599 4059
2600 4059
2601 4058
2602 4055
2603 4064
2604 4057
2605 4059
2606 4057
2607 4059
2608 4059
2609 4058
2610 4059
2611 4059
2612 4064
2613 4056
2614 4058
2615 4055
2616 4059
2617 4057
2618 4061
2619 4056
2620 4059
2621 4060
2622 4059
2623 4059
2624 4061
2625 4057
2626 4060
2627 4060
2628 4059
2629 4056
2630 4059
2631 4059
2632 4057
2633 4057
2634 4057
2635 4059
2636 4055
2637 4059
2638 4058
2639 4060
2640 4057
2641 4057
2642 4061
2643 4064
2644 4060
2645 4058
2646 4056
2647 4059
2648 4060
2649 4059
2650 4059
2651 4064
2652 4053
2653 4060
2654 4057
2655 4060
2656 4057
2657 4060
2658 4057
2659 4061
2660 4060
2661 4058
2662 4060
2663 4057
2664 4057
2665 4060
2666 4056
2667 4060
2668 4059
2669 4058
2670 4060
2671 4058
2672 4055
2673 4060
2674 4059
2675 4057
2676 4059
2677 4060
2678 4057
2679 4056
2680 4058
2681 4057
2682 4056
2683 4055
2684 4059
2685 4057
2686 4057
2687 4059
2688 4059
2689 4059
2690 4057
2691 4059
2692 4058
2693 4057
2694 4059
2695 4057
2696 4060
2697 4064
2698 4059
2699 4057
2700 4057
2701 4061
2702 4054
2703 4058
2704 4056
2705 4057
2706 4056
2707 4058
2708 4061
2709 4059
2710 4061
2711 4064
2712 4061
2713 4064
2714 4055
2715 4057
2716 4058
2717 4059
2718 4055
2719 4059
2720 4057
2721 4061
2722 4058
2723 4057
2724 4058
2725 4060
2726 4060
2727 4057
2728 4058
2729 4056
2730 4058
2731 4056
2732 4058
2733 4057
2734 4056
2735 4058
2736 4059
2737 4060
2738 4056
2739 4058
2740 4058
2741 4057
2742 4058
2743 4060
2744 4056
2745 4057
2746 4060
2747 4058
2748 4059
2749 4058
2750 4060
2751 4064
2752 4056
2753 4060
2754 4056
2755 4064
2756 4055
2757 4057
2758 4056
2759 4060
2760 4059
2761 4059
2762 4057
2763 4055
2764 4057
2765 4060
2766 4053
2767 4060
2768 4059
2769 4055
2770 4056
2771 4058
2772 4060
2773 4059
2774 4056
2775 4057
2776 4053
2777 4058
2778 4059
2779 4056
2780 4055
2781 4055
2782 4058
2783 4060
2784 4056
2785 4058
2786 4057
2787 4058
2788 4059
2789 4058
2790 4059
2791 4057
2792 4061
2793 4058
2794 4056
2795 4061
2796 4057
2797 4060
2798 4059
2799 4059
2800 4055
2801 4064
2802 4057
2803 4059
2804 4055
2805 4057
2806 4059
2807 4057
2808 4058
2809 4055
2810 4059
2811 4058
2812 4060
2813 4057
2814 4061
2815 4060
2816 4057
2817 4060
2818 4058
2819 4058
2820 4058
2821 4057
2822 4060
2823 4059
2824 4059
2825 4060
2826 4060
2827 4058
2828 4057
2829 4060
2830 4057
2831 4060
2832 4061
2833 4057
2834 4055
2835 4058
2836 4057
2837 4056
2838 4057
2839 4057
2840 4058
2841 4054
2842 4059
2843 4056
2844 4057
2845 4059
2846 4058
2847 4060
2848 4057
2849 4061
2850 4057
2851 4059
2852 4056
2853 4057
2854 4054
2855 4060
2856 4059
2857 4059
2858 4057
2859 4056
2860 4061
2861 4056
2862 4057
2863 4057
2864 4058
2865 4058
2866 4057
2867 4064
2868 4058
2869 4060
2870 4058
2871 4061
2872 4058
2873 4059
2874 4059
2875 4064
2876 4059
2877 4060
2878 4058
2879 4059
2880 4057
2881 4060
2882 4058
2883 4059
2884 4057
2885 4058
2886 4064
2887 4061
2888 4058
2889 4059
2890 4055
2891 4061
2892 4064
2893 4059
2894 4057
2895 4060
2896 4057
2897 4055
2898 4058
2899 4059
2900 4057
2901 4064
2902 4060
2903 4060
2904 4058
2905 4061
2906 4064
2907 4057
2908 4057
2909 4059
2910 4061
2911 4058
2912 4064
2913 4059
2914 4057
2915 4060
2916 4058
2917 4059
2918 4061
2919 4059
2920 4058
2921 4059
2922 4064
2923 4060
2924 4058
2925 4059
2926 4064
2927 4060
2928 4056
2929 4058
2930 4059
2931 4060
2932 4059
2933 4056
2934 4061
2935 4060
2936 4060
2937 4060
2938 4058
2939 4061
2940 4057
2941 4055
2942 4061
2943 4061
2944 4064
2945 4059
2946 4057
2947 4061
2948 4060
2949 4057
2950 4060
2951 4064
2952 4057
2953 4060
2954 4057
2955 4058
2956 4059
2957 4061
2958 4060
2959 4061
2960 4059
2961 4061
2962 4060
2963 4059
2964 4057
2965 4060
2966 4055
2967 4061
2968 4056
2969 4058
2970 4057
2971 4059
2972 4057
2973 4058
2974 4059
2975 4059
2976 4059
2977 4057
2978 4057
2979 4060
2980 4059
2981 4060
2982 4059
2983 4062
2984 4057
2985 4064
2986 4059
2987 4060
2988 4061
2989 4059
2990 4058
2991 4058
2992 4064
2993 4061
2994 4059
2995 4059
2996 4058
2997 4060
2998 4058
2999 4058
3000 4064
3001 4059
3002 4055
3003 4061
3004 4058
3005 4058
3006 4061
3007 4057
3008 4061
3009 4057
3010 4059
3011 4059
3012 4056
3013 4064
3014 4057
3015 4059
3016 4060
3017 4058
3018 4059
3019 4061
3020 4061
3021 4060
3022 4059
3023 4059
3024 4064
3025 4060
3026 4060
3027 4059
3028 4059
3029 4059
3030 4057
3031 4064
3032 4058
3033 4057
3034 4061
3035 4059
3036 4056
3037 4061
3038 4064
3039 4060
3040 4059
3041 4064
3042 4058
3043 4060
3044 4058
3045 4064
3046 4060
3047 4059
3048 4059
3049 4060
3050 4061
3051 4064
3052 4059
3053 4053
3054 4060
3055 4060
3056 4057
3057 4056
3058 4061
3059 4058
3060 4060
3061 4061
3062 4061
3063 4061
3064 4059
3065 4058
3066 4055
3067 4064
3068 4056
3069 4061
3070 4057
3071 4057
3072 4058
3073 4061
3074 4059
3075 4058
3076 4060
3077 4060
3078 4058
3079 4061
3080 4059
3081 4058
3082 4060
3083 4061
3084 4057
3085 4059
3086 4059
3087 4059
3088 4059
3089 4060
3090 4058
3091 4057
3092 4061
3093 4059
3094 4057
3095 4060
3096 4064
3097 4057
3098 4058
3099 4058
3100 4059
3101 4061
3102 4058
3103 4059
3104 4059
3105 4059
3106 4060
3107 4064
3108 4059
3109 4057
3110 4060
3111 4057
3112 4058
3113 4060
3114 4059
3115 4058
3116 4060
3117 4060
3118 4059
3119 4060
3120 4058
3121 4058
3122 4059
3123 4058
3124 4058
3125 4058
3126 4060
3127 4060
3128 4060
3129 4058
3130 4060
3131 4059
3132 4057
3133 4061
3134 4058
3135 4057
3136 4058
3137 4057
3138 4060
3139 4059
3140 4057
3141 4057
3142 4060
3143 4058
3144 4058
3145 4061
3146 4056
3147 4060
3148 4060
3149 4061
3150 4058
3151 4064
3152 4059
3153 4060
3154 4058
3155 4059
3156 4059
3157 4061
3158 4057
3159 4060
3160 4057
3161 4057
3162 4058
3163 4057
3164 4059
3165 4061
3166 4054
3167 4064
3168 4058
3169 4058
3170 4057
3171 4059
3172 4054
3173 4058
3174 4059
3175 4059
3176 4057
3177 4059
3178 4057
3179 4060
3180 4059
3181 4056
3182 4060
3183 4064
3184 4057
3185 4060
3186 4061
3187 4060
3188 4057
3189 4061
3190 4059
3191 4057
3192 4059
3193 4060
3194 4060
3195 4061
3196 4059
3197 4059
3198 4057
3199 4057
3200 4060
3201 4058
3202 4058
3203 4060
3204 4057
3205 4065
3206 4061
3207 4060
3208 4058
3209 4064
3210 4060
3211 4058
3212 4057
3213 4064
3214 4058
3215 4054
3216 4058
3217 4064
3218 4058
3219 4060
3220 4058
3221 4058
3222 4057
3223 4060
3224 4064
3225 4054
3226 4061
3227 4057
3228 4057
3229 4058
3230 4058
3231 4059
3232 4057
3233 4059
3234 4061
3235 4057
3236 4056
3237 4059
3238 4058
3239 4058
3240 4059
3241 4060
3242 4064
3243 4061
3244 4057
3245 4061
3246 4058
3247 4058
3248 4059
3249 4057
3250 4056
3251 4059
3252 4056
3253 4057
3254 4061
3255 4059
3256 4060
3257 4057
3258 4061
3259 4061
3260 4057
3261 4059
3262 4057
3263 4059
3264 4058
3265 4057
3266 4056
3267 4064
3268 4061
3269 4064
3270 4060
3271 4064
3272 4060
3273 4060
3274 4060
3275 4057
3276 4057
3277 4061
3278 4059
3279 4059
3280 4060
3281 4059
3282 4059
3283 4060
3284 4060
3285 4059
3286 4059
3287 4057
3288 4060
3289 4059
3290 4064
3291 4059
3292 4058
3293 4061
3294 4058
3295 4061
3296 4064
3297 4061
3298 4059
3299 4059
3300 4059
3301 4058
3302 4055
3303 4058
3304 4058
3305 4059
3306 4056
3307 4059
3308 4057
3309 4058
3310 4058
3311 4059
3312 4061
3313 4055
3314 4059
3315 4059
3316 4060
3317 4061
3318 4061
3319 4060
3320 4057
3321 4059
3322 4058
3323 4058
3324 4064
3325 4061
3326 4061
3327 4059
3328 4064
3329 4058
3330 4060
3331 4059
3332 4064
3333 4061
3334 4059
3335 4060
3336 4064
3337 4061
3338 4060
3339 4064
3340 4060
3341 4059
3342 4059
3343 4057
3344 4064
3345 4059
3346 4061
3347 4059
3348 4058
3349 4058
3350 4060
3351 4061
3352 4061
3353 4061
3354 4057
3355 4059
3356 4059
3357 4060
3358 4059
3359 4059
3360 4059
3361 4053
3362 4061
3363 4060
3364 4058
3365 4057
3366 4056
3367 4064
3368 4058
3369 4059
3370 4064
3371 4058
3372 4056
3373 4064
3374 4056
3375 4060
3376 4060
3377 4059
3378 4060
3379 4059
3380 4059
3381 4058
3382 4057
3383 4060
3384 4057
3385 4059
3386 4060
3387 4061
3388 4060
3389 4061
3390 4060
3391 4060
3392 4064
3393 4060
3394 4060
3395 4060
3396 4060
3397 4058
3398 4059
3399 4064
3400 4061
3401 4059
3402 4060
3403 4064
3404 4061
3405 4061
3406 4059
3407 4058
3408 4059
3409 4059
3410 4058
3411 4059
3412 4061
3413 4057
3414 4059
3415 4059
3416 4058
3417 4061
3418 4057
3419 4060
3420 4059
3421 4058
3422 4058
3423 4064
3424 4060
3425 4060
3426 4061
3427 4061
3428 4059
3429 4059
3430 4061
3431 4057
3432 4061
3433 4061
3434 4061
3435 4060
3436 4061
3437 4057
3438 4054
3439 4056
3440 4059
3441 4060
3442 4061
3443 4059
3444 4058
3445 4061
3446 4061
3447 4060
3448 4057
3449 4064
3450 4059
3451 4064
3452 4058
3453 4058
3454 4061
3455 4059
3456 4058
3457 4060
3458 4059
3459 4060
3460 4059
3461 4051
3462 4059
3463 4059
3464 4058
3465 4058
3466 4059
3467 4060
3468 4056
3469 4059
3470 4059
3471 4057
3472 4060
3473 4058
3474 4057
3475 4061
3476 4057
3477 4059
3478 4059
3479 4059
3480 4059
3481 4060
3482 4059
3483 4064
3484 4056
3485 4055
3486 4064
3487 4057
3488 4054
3489 4058
3490 4057
3491 4060
3492 4064
3493 4058
3494 4058
3495 4061
3496 4059
3497 4060
3498 4060
3499 4058
3500 4058
3501 4064
3502 4055
3503 4061
3504 4057
3505 4059
3506 4057
3507 4061
3508 4061
3509 4059
3510 4058
3511 4060
3512 4058
3513 4059
3514 4059
3515 4061
3516 4057
3517 4064
3518 4061
3519 4057
3520 4060
3521 4059
3522 4058
3523 4058
3524 4064
3525 4064
3526 4057
3527 4056
3528 4061
3529 4056
3530 4060
3531 4057
3532 4057
3533 4064
3534 4059
3535 4057
3536 4058
3537 4059
3538 4061
3539 4064
3540 4057
3541 4058
3542 4063
3543 4055
3544 4061
3545 4059
3546 4060
3547 4059
3548 4059
3549 4064
3550 4058
3551 4061
3552 4053
3553 4058
3554 4056
3555 4056
3556 4061
3557 4061
3558 4057
3559 4059
3560 4058
3561 4056
3562 4064
3563 4060
3564 4058
3565 4061
3566 4055
3567 4064
3568 4061
3569 4059
3570 4060
3571 4061
3572 4057
3573 4064
3574 4059
3575 4058
3576 4064
3577 4060
3578 4059
3579 4055
3580 4059
3581 4061
3582 4059
3583 4061
3584 4058
3585 4061
3586 4058
3587 4061
3588 4058
3589 4064
3590 4061
3591 4057
3592 4061
3593 4060
3594 4057
3595 4057
3596 4059
3597 4059
3598 4064
3599 4062
3600 4059
3601 4061
3602 4057
3603 4060
3604 4060
3605 4058
3606 4057
3607 4060
3608 4054
3609 4056
3610 4058
3611 4058
3612 4057
3613 4057
3614 4058
3615 4064
3616 4058
3617 4061
3618 4055
3619 4060
3620 4058
3621 4060
3622 4060
3623 4058
3624 4061
3625 4059
3626 4064
3627 4057
3628 4061
3629 4059
3630 4061
3631 4059
3632 4054
3633 4059
3634 4055
3635 4057
3636 4057
3637 4057
3638 4061
3639 4060
3640 4061
3641 4059
3642 4061
3643 4056
3644 4059
3645 4060
3646 4057
3647 4058
3648 4060
3649 4057
3650 4056
3651 4064
3652 4056
3653 4057
3654 4059
3655 4057
3656 4061
3657 4059
3658 4059
3659 4057
3660 4060
3661 4058
3662 4059
3663 4059
3664 4058
3665 4060
3666 4058
3667 4060
3668 4059
3669 4057
3670 4058
3671 4061
3672 4061
3673 4058
3674 4058
3675 4059
3676 4059
3677 4058
3678 4059
3679 4058
3680 4058
3681 4061
3682 4056
3683 4057
3684 4055
3685 4059
3686 4058
3687 4057
3688 4058
3689 4057
3690 4059
3691 4058
3692 4060
3693 4059
3694 4054
