#Data from the TCD1304 linear CCD
#column 1 = pixelnumber , column 2 = pixelvalue
#Pixel 1-32 and 3679-3694 and are dummy pixels
#SH-period: 200    ICG-period: 100000    Integration time: 100.0 us
2 4035
3 4036
4 4058
5 4055
6 4055
7 4057
8 4059
9 4056
10 4061
11 4058
12 4058
13 4058
14 4057
15 4057
16 4060
17 4058
18 4058
19 4058
20 4058
21 4056
22 4058
23 4064
24 4059
25 4060
26 4057
27 4057
28 4056
29 4060
30 4057
31 4057
32 4057
34 4059
35 4060
36 4058
37 4057
38 4057
39 4057
40 4057
41 4060
42 4059
43 4058
44 4056
45 4057
46 4059
47 4058
48 4058
49 4057
50 4058
51 4060
52 4053
53 4060
54 4057
55 4061
56 4058
57 4057
58 4055
59 4061
60 4057
61 4059
62 4056
63 4057
64 4059
65 4055
66 4064
67 4058
68 4054
69 4057
70 4060
71 4056
72 4058
73 4059
74 4058
75 4055
76 4058
77 4054
78 4060
79 4057
80 4057
81 4053
82 4061
83 4059
84 4058
85 4057
86 4058
87 4060
88 4060
89 4059
90 4055
91 4060
92 4056
93 4056
94 4057
95 4060
96 4057
97 4059
98 4058
99 4056
100 4057
101 4061
102 4059
103 4057
104 4059
105 4059
106 4057
107 4058
108 4060
109 4059
110 4056
111 4059
112 4060
113 4058
114 4057
115 4057
116 4059
117 4059
118 4057
119 4060
120 4061
121 4057
122 4058
123 4057
124 4059
125 4057
126 4060
127 4057
128 4056
129 4057
130 4058
131 4059
132 4057
133 4057
134 4059
135 4057
136 4057
137 4059
138 4061
139 4062
140 4059
141 4057
142 4055
143 4055
144 4057
145 4059
146 4058
147 4057
148 4059
149 4057
150 4059
151 4064
152 4056
153 4060
154 4060
155 4060
156 4056
157 4059
158 4059
159 4059
160 4061
161 4055
162 4057
163 4057
164 4064
165 4057
166 4061
167 4058
168 4060
169 4061
170 4060
171 4059
172 4058
173 4057
174 4060
175 4059
176 4059
177 4055
178 4058
179 4056
180 4057
181 4056
182 4064
183 4057
184 4064
185 4060
186 4064
187 4053
188 4060
189 4057
190 4057
191 4060
192 4055
193 4058
194 4059
195 4061
196 4059
197 4058
198 4060
199 4064
200 4057
201 4061
202 4054
203 4058
204 4056
205 4058
206 4056
207 4060
208 4061
209 4057
210 4059
211 4058
212 4056
213 4055
214 4058
215 4060
216 4059
217 4058
218 4058
219 4058
220 4059
221 4059
222 4055
223 4061
224 4057
225 4060
226 4057
227 4059
228 4061
229 4056
230 4058
231 4055
232 4061
233 4057
234 4056
235 4059
236 4057
237 4059
238 4058
239 4061
240 4056
241 4064
242 4057
243 4058
244 4056
245 4060
246 4061
247 4057
248 4059
249 4059
250 4058
251 4064
252 4060
253 4058
254 4060
255 4060
256 4060
257 4061
258 4064
259 4060
260 4059
261 4060
262 4057
263 4057
264 4060
265 4058
266 4059
267 4057
268 4059
269 4055
270 4060
271 4056
272 4057
273 4059
274 4059
275 4058
276 4057
277 4057
278 4057
279 4058
280 4057
281 4059
282 4056
283 4060
284 4056
285 4059
286 4057
287 4056
288 4059
289 4064
290 4057
291 4057
292 4055
293 4064
294 4059
295 4059
296 4061
297 4053
298 4061
299 4060
300 4059
301 4060
302 4060
303 4059
304 4058
305 4059
306 4059
307 4058
308 4064
309 4057
310 4059
311 4064
312 4060
313 4058
314 4060
315 4057
316 4058
317 4061
318 4058
319 4060
320 4064
321 4059
322 4064
323 4064
324 4061
325 4060
326 4060
327 4065
328 4060
329 4059
330 4057
331 4060
332 4061
333 4060
334 4064
335 4058
336 4060
337 4061
338 4058
339 4057
340 4060
341 4060
342 4061
343 4059
344 4059
345 4060
346 4061
347 4060
348 4059
349 4057
350 4060
351 4064
352 4057
353 4061
354 4061
355 4064
356 4059
357 4055
358 4061
359 4061
360 4057
361 4064
362 4064
363 4060
364 4057
365 4064
366 4061
367 4059
368 4064
369 4059
370 4062
371 4060
372 4059
373 4064
374 4059
375 4059
376 4059
377 4060
378 4060
379 4064
380 4061
381 4064
382 4061
383 4065
384 4061
385 4064
386 4060
387 4059
388 4060
389 4060
390 4061
391 4064
392 4061
393 4064
394 4060
395 4061
396 4064
397 4059
398 4061
399 4065
400 4064
401 4064
402 4059
403 4064
404 4060
405 4064
406 4059
407 4064
408 4064
409 4059
410 4064
411 4061
412 4061
413 4060
414 4061
415 4060
416 4061
417 4064
418 4060
419 4064
420 4060
421 4064
422 4057
423 4061
424 4058
425 4060
426 4060
427 4061
428 4061
429 4060
430 4061
431 4064
432 4061
433 4064
434 4064
435 4060
436 4064
437 4064
438 4059
439 4064
440 4059
441 4059
442 4064
443 4060
444 4061
445 4064
446 4059
447 4064
448 4064
449 4061
450 4064
451 4064
452 4061
453 4061
454 4059
455 4059
456 4064
457 4061
458 4057
459 4059
460 4059
461 4059
462 4061
463 4064
464 4059
465 4059
466 4061
467 4059
468 4059
469 4061
470 4059
471 4059
472 4057
473 4060
474 4059
475 4057
476 4065
477 4064
478 4059
479 4058
480 4064
481 4061
482 4064
483 4061
484 4064
485 4060
486 4061
487 4060
488 4060
489 4064
490 4060
491 4064
492 4064
493 4064
494 4060
495 4064
496 4059
497 4059
498 4060
499 4064
500 4058
501 4064
502 4057
503 4061
504 4060
505 4064
506 4060
507 4061
508 4064
509 4061
510 4058
511 4058
512 4058
513 4064
514 4058
515 4064
516 4064
517 4059
518 4061
519 4064
520 4060
521 4064
522 4059
523 4060
524 4064
525 4060
526 4057
527 4059
528 4059
529 4060
530 4061
531 4061
532 4061
533 4060
534 4058
535 4059
536 4064
537 4061
538 4064
539 4061
540 4060
541 4064
542 4061
543 4064
544 4064
545 4062
546 4060
547 4057
548 4058
549 4064
550 4064
551 4061
552 4061
553 4061
554 4060
555 4064
556 4064
557 4061
558 4060
559 4061
560 4061
561 4061
562 4064
563 4059
564 4064
565 4059
566 4064
567 4065
568 4064
569 4064
570 4064
571 4060
572 4061
573 4064
574 4060
575 4064
576 4060
577 4059
578 4061
579 4061
580 4057
581 4060
582 4064
583 4061
584 4061
585 4058
586 4064
587 4064
588 4059
589 4059
590 4064
591 4061
592 4056
593 4064
594 4061
595 4061
596 4064
597 4064
598 4060
599 4059
600 4059
601 4064
602 4057
603 4064
604 4059
605 4061
606 4058
607 4064
608 4060
609 4058
610 4060
611 4059
612 4059
613 4064
614 4064
615 4057
616 4060
617 4060
618 4059
619 4064
620 4058
621 4064
622 4059
623 4064
624 4064
625 4064
626 4059
627 4061
628 4060
629 4059
630 4061
631 4064
632 4061
633 4064
634 4060
635 4064
636 4059
637 4058
638 4060
639 4064
640 4059
641 4064
642 4060
643 4057
644 4064
645 4064
646 4061
647 4064
648 4060
649 4061
650 4060
651 4064
652 4057
653 4059
654 4057
655 4065
656 4059
657 4064
658 4058
659 4064
660 4061
661 4057
662 4061
663 4060
664 4059
665 4061
666 4061
667 4061
668 4061
669 4061
670 4059
671 4064
672 4061
673 4059
674 4058
675 4057
676 4061
677 4060
678 4061
679 4061
680 4064
681 4064
682 4059
683 4064
684 4060
685 4064
686 4061
687 4062
688 4060
689 4060
690 4061
691 4061
692 4061
693 4061
694 4060
695 4061
696 4060
697 4064
698 4059
699 4064
700 4061
701 4064
702 4058
703 4061
704 4059
705 4064
706 4061
707 4061
708 4060
709 4058
710 4061
711 4065
712 4064
713 4057
714 4059
715 4060
716 4059
717 4064
718 4061
719 4064
720 4059
721 4064
722 4058
723 4061
724 4059
725 4061
726 4064
727 4064
728 4064
729 4061
730 4061
731 4064
732 4059
733 4061
734 4060
735 4064
736 4059
737 4064
738 4064
739 4057
740 4057
741 4064
742 4061
743 4064
744 4059
745 4060
746 4061
747 4061
748 4061
749 4059
750 4059
751 4061
752 4059
753 4064
754 4060
755 4064
756 4061
757 4064
758 4064
759 4061
760 4061
761 4064
762 4058
763 4061
764 4060
765 4058
766 4061
767 4064
768 4064
769 4061
770 4060
771 4061
772 4060
773 4061
774 4059
775 4059
776 4058
777 4064
778 4058
779 4064
780 4060
781 4060
782 4060
783 4064
784 4061
785 4062
786 4060
787 4061
788 4064
789 4060
790 4061
791 4060
792 4064
793 4057
794 4060
795 4064
796 4064
797 4060
798 4057
799 4060
800 4061
801 4064
802 4058
803 4061
804 4061
805 4060
806 4059
807 4061
808 4064
809 4061
810 4064
811 4059
812 4060
813 4062
814 4061
815 4061
816 4060
817 4059
818 4058
819 4059
820 4061
821 4060
822 4061
823 4064
824 4059
825 4061
826 4064
827 4064
828 4058
829 4061
830 4061
831 4058
832 4059
833 4059
834 4061
835 4064
836 4064
837 4061
838 4059
839 4061
840 4061
841 4064
842 4060
843 4061
844 4059
845 4060
846 4059
847 4064
848 4064
849 4064
850 4064
851 4067
852 4059
853 4064
854 4060
855 4064
856 4059
857 4065
858 4059
859 4061
860 4060
861 4058
862 4060
863 4059
864 4061
865 4061
866 4060
867 4064
868 4056
869 4064
870 4061
871 4064
872 4060
873 4064
874 4061
875 4064
876 4057
877 4064
878 4064
879 4061
880 4064
881 4061
882 4060
883 4058
884 4064
885 4059
886 4061
887 4064
888 4058
889 4060
890 4058
891 4065
892 4060
893 4064
894 4059
895 4061
896 4061
897 4060
898 4059
899 4059
900 4060
901 4064
902 4058
903 4064
904 4061
905 4059
906 4064
907 4064
908 4061
909 4064
910 4064
911 4060
912 4060
913 4064
914 4057
915 4058
916 4061
917 4058
918 4064
919 4059
920 4064
921 4059
922 4061
923 4061
924 4059
925 4060
926 4059
927 4061
928 4066
929 4064
930 4064
931 4064
932 4060
933 4061
934 4064
935 4061
936 4064
937 4064
938 4060
939 4061
940 4061
941 4064
942 4060
943 4061
944 4061
945 4061
946 4061
947 4057
948 4057
949 4057
950 4064
951 4064
952 4058
953 4060
954 4059
955 4059
956 4061
957 4060
958 4064
959 4060
960 4061
961 4064
962 4059
963 4061
964 4060
965 4060
966 4064
967 4059
968 4057
969 4064
970 4061
971 4061
972 4062
973 4061
974 4060
975 4064
976 4061
977 4064
978 4061
979 4064
980 4061
981 4061
982 4061
983 4060
984 4064
985 4064
986 4058
987 4064
988 4060
989 4060
990 4059
991 4064
992 4061
993 4060
994 4061
995 4060
996 4061
997 4060
998 4064
999 4064
1000 4061
1001 4064
1002 4059
1003 4064
1004 4059
1005 4064
1006 4061
1007 4059
1008 4064
1009 4061
1010 4060
1011 4064
1012 4060
1013 4064
1014 4058
1015 4061
1016 4060
1017 4056
1018 4064
1019 4064
1020 4061
1021 4061
1022 4064
1023 4058
1024 4064
1025 4064
1026 4061
1027 4058
1028 4064
1029 4059
1030 4064
1031 4059
1032 4064
1033 4064
1034 4061
1035 4064
1036 4064
1037 4064
1038 4058
1039 4061
1040 4064
1041 4064
1042 4059
1043 4059
1044 4064
1045 4065
1046 4060
1047 4059
1048 4059
1049 4064
1050 4061
1051 4064
1052 4059
1053 4064
1054 4060
1055 4060
1056 4059
1057 4057
1058 4058
1059 4061
1060 4064
1061 4064
1062 4059
1063 4060
1064 4064
1065 4061
1066 4061
1067 4061
1068 4060
1069 4064
1070 4060
1071 4060
1072 4059
1073 4061
1074 4059
1075 4064
1076 4060
1077 4059
1078 4061
1079 4064
1080 4061
1081 4064
1082 4058
1083 4059
1084 4060
1085 4065
1086 4059
1087 4060
1088 4059
1089 4060
1090 4058
1091 4061
1092 4061
1093 4059
1094 4064
1095 4059
1096 4057
1097 4060
1098 4064
1099 4061
1100 4058
1101 4066
1102 4059
1103 4064
1104 4059
1105 4064
1106 4060
1107 4064
1108 4059
1109 4061
1110 4061
1111 4061
1112 4064
1113 4059
1114 4061
1115 4057
1116 4058
1117 4064
1118 4061
1119 4064
1120 4061
1121 4061
1122 4064
1123 4061
1124 4059
1125 4059
1126 4060
1127 4059
1128 4064
1129 4057
1130 4061
1131 4059
1132 4064
1133 4060
1134 4058
1135 4059
1136 4061
1137 4060
1138 4064
1139 4060
1140 4059
1141 4064
1142 4064
1143 4059
1144 4061
1145 4064
1146 4059
1147 4060
1148 4065
1149 4059
1150 4064
1151 4066
1152 4059
1153 4060
1154 4061
1155 4064
1156 4058
1157 4059
1158 4058
1159 4064
1160 4059
1161 4064
1162 4059
1163 4061
1164 4060
1165 4058
1166 4061
1167 4059
1168 4061
1169 4061
1170 4061
1171 4061
1172 4064
1173 4064
1174 4061
1175 4064
1176 4064
1177 4064
1178 4064
1179 4060
1180 4060
1181 4060
1182 4059
1183 4064
1184 4060
1185 4064
1186 4060
1187 4061
1188 4060
1189 4064
1190 4060
1191 4059
1192 4058
1193 4059
1194 4064
1195 4060
1196 4059
1197 4064
1198 4064
1199 4064
1200 4060
1201 4065
1202 4058
1203 4064
1204 4060
1205 4059
1206 4064
1207 4060
1208 4060
1209 4064
1210 4061
1211 4064
1212 4061
1213 4057
1214 4064
1215 4064
1216 4064
1217 4061
1218 4060
1219 4064
1220 4057
1221 4064
1222 4064
1223 4064
1224 4059
1225 4066
1226 4064
1227 4058
1228 4059
1229 4064
1230 4064
1231 4064
1232 4060
1233 4057
1234 4061
1235 4061
1236 4059
1237 4061
1238 4059
1239 4059
1240 4059
1241 4060
1242 4060
1243 4060
1244 4060
1245 4064
1246 4058
1247 4057
1248 4064
1249 4064
1250 4060
1251 4065
1252 4059
1253 4064
1254 4056
1255 4064
1256 4062
1257 4060
1258 4064
1259 4061
1260 4064
1261 4064
1262 4061
1263 4059
1264 4059
1265 4058
1266 4061
1267 4060
1268 4064
1269 4061
1270 4061
1271 4064
1272 4059
1273 4065
1274 4059
1275 4064
1276 4064
1277 4060
1278 4064
1279 4064
1280 4059
1281 4064
1282 4064
1283 4061
1284 4060
1285 4064
1286 4061
1287 4064
1288 4061
1289 4064
1290 4058
1291 4064
1292 4060
1293 4064
1294 4064
1295 4064
1296 4061
1297 4060
1298 4059
1299 4064
1300 4064
1301 4064
1302 4061
1303 4059
1304 4060
1305 4061
1306 4064
1307 4061
1308 4061
1309 4057
1310 4059
1311 4058
1312 4059
1313 4057
1314 4064
1315 4061
1316 4065
1317 4061
1318 4061
1319 4064
1320 4061
1321 4059
1322 4057
1323 4059
1324 4060
1325 4064
1326 4061
1327 4058
1328 4064
1329 4064
1330 4064
1331 4064
1332 4060
1333 4061
1334 4060
1335 4064
1336 4064
1337 4064
1338 4061
1339 4064
1340 4064
1341 4064
1342 4059
1343 4061
1344 4060
1345 4064
1346 4060
1347 4061
1348 4064
1349 4061
1350 4061
1351 4064
1352 4060
1353 4064
1354 4061
1355 4064
1356 4061
1357 4064
1358 4060
1359 4060
1360 4061
1361 4060
1362 4061
1363 4059
1364 4061
1365 4060
1366 4064
1367 4064
1368 4060
1369 4064
1370 4064
1371 4064
1372 4061
1373 4064
1374 4059
1375 4065
1376 4064
1377 4059
1378 4060
1379 4064
1380 4064
1381 4061
1382 4064
1383 4064
1384 4064
1385 4064
1386 4060
1387 4058
1388 4059
1389 4064
1390 4061
1391 4064
1392 4064
1393 4060
1394 4060
1395 4064
1396 4061
1397 4059
1398 4060
1399 4059
1400 4060
1401 4067
1402 4057
1403 4064
1404 4060
1405 4061
1406 4058
1407 4064
1408 4061
1409 4064
1410 4059
1411 4064
1412 4059
1413 4064
1414 4060
1415 4064
1416 4064
1417 4061
1418 4060
1419 4056
1420 4059
1421 4058
1422 4060
1423 4064
1424 4058
1425 4060
1426 4060
1427 4059
1428 4061
1429 4061
1430 4060
1431 4060
1432 4060
1433 4060
1434 4061
1435 4064
1436 4058
1437 4064
1438 4060
1439 4064
1440 4059
1441 4061
1442 4064
1443 4060
1444 4058
1445 4064
1446 4059
1447 4059
1448 4061
1449 4060
1450 4060
1451 4064
1452 4057
1453 4061
1454 4064
1455 4061
1456 4060
1457 4064
1458 4060
1459 4064
1460 4064
1461 4061
1462 4065
1463 4061
1464 4061
1465 4061
1466 4065
1467 4060
1468 4064
1469 4059
1470 4065
1471 4060
1472 4061
1473 4060
1474 4061
1475 4058
1476 4064
1477 4060
1478 4059
1479 4060
1480 4060
1481 4064
1482 4059
1483 4062
1484 4064
1485 4064
1486 4060
1487 4061
1488 4061
1489 4059
1490 4059
1491 4061
1492 4060
1493 4061
1494 4059
1495 4064
1496 4060
1497 4059
1498 4060
1499 4060
1500 4059
1501 4064
1502 4058
1503 4064
1504 4061
1505 4064
1506 4057
1507 4060
1508 4059
1509 4059
1510 4061
1511 4064
1512 4061
1513 4059
1514 4059
1515 4057
1516 4064
1517 4059
1518 4059
1519 4064
1520 4061
1521 4059
1522 4059
1523 4060
1524 4058
1525 4064
1526 4057
1527 4061
1528 4060
1529 4060
1530 4059
1531 4059
1532 4060
1533 4056
1534 4059
1535 4059
1536 4057
1537 4061
1538 4059
1539 4058
1540 4060
1541 4059
1542 4059
1543 4058
1544 4061
1545 4059
1546 4061
1547 4058
1548 4059
1549 4059
1550 4057
1551 4064
1552 4056
1553 4058
1554 4060
1555 4064
1556 4057
1557 4059
1558 4059
1559 4061
1560 4059
1561 4057
1562 4060
1563 4060
1564 4059
1565 4061
1566 4061
1567 4060
1568 4059
1569 4060
1570 4059
1571 4060
1572 4058
1573 4059
1574 4059
1575 4058
1576 4057
1577 4058
1578 4059
1579 4061
1580 4059
1581 4058
1582 4061
1583 4062
1584 4057
1585 4064
1586 4059
1587 4058
1588 4058
1589 4064
1590 4057
1591 4061
1592 4057
1593 4058
1594 4059
1595 4061
1596 4060
1597 4060
1598 4060
1599 4064
1600 4064
1601 4065
1602 4058
1603 4061
1604 4057
1605 4059
1606 4058
1607 4057
1608 4064
1609 4058
1610 4064
1611 4058
1612 4060
1613 4059
1614 4057
1615 4061
1616 4061
1617 4061
1618 4061
1619 4058
1620 4059
1621 4064
1622 4060
1623 4056
1624 4059
1625 4061
1626 4060
1627 4057
1628 4060
1629 4060
1630 4061
1631 4064
1632 4061
1633 4058
1634 4064
1635 4064
1636 4059
1637 4060
1638 4061
1639 4064
1640 4058
1641 4061
1642 4064
1643 4060
1644 4060
1645 4061
1646 4061
1647 4060
1648 4059
1649 4061
1650 4060
1651 4065
1652 4057
1653 4064
1654 4058
1655 4060
1656 4059
1657 4060
1658 4064
1659 4061
1660 4060
1661 4061
1662 4064
1663 4064
1664 4062
1665 4061
1666 4058
1667 4061
1668 4059
1669 4059
1670 4061
1671 4064
1672 4058
1673 4061
1674 4065
1675 4058
1676 4061
1677 4064
1678 4062
1679 4061
1680 4061
1681 4064
1682 4064
1683 4064
1684 4060
1685 4060
1686 4061
1687 4064
1688 4061
1689 4057
1690 4064
1691 4064
1692 4061
1693 4059
1694 4064
1695 4060
1696 4061
1697 4061
1698 4059
1699 4061
1700 4061
1701 4064
1702 4059
1703 4058
1704 4057
1705 4064
1706 4057
1707 4064
1708 4060
1709 4061
1710 4064
1711 4064
1712 4060
1713 4061
1714 4064
1715 4061
1716 4060
1717 4061
1718 4064
1719 4060
1720 4059
1721 4064
1722 4060
1723 4061
1724 4060
1725 4064
1726 4060
1727 4064
1728 4057
1729 4057
1730 4060
1731 4060
1732 4058
1733 4064
1734 4060
1735 4061
1736 4059
1737 4061
1738 4060
1739 4061
1740 4060
1741 4059
1742 4059
1743 4059
1744 4059
1745 4064
1746 4064
1747 4064
1748 4064
1749 4062
1750 4059
1751 4061
1752 4057
1753 4061
1754 4060
1755 4064
1756 4057
1757 4059
1758 4059
1759 4060
1760 4059
1761 4060
1762 4060
1763 4060
1764 4061
1765 4059
1766 4061
1767 4065
1768 4060
1769 4064
1770 4059
1771 4064
1772 4061
1773 4061
1774 4060
1775 4064
1776 4060
1777 4060
1778 4061
1779 4061
1780 4056
1781 4065
1782 4060
1783 4058
1784 4061
1785 4060
1786 4058
1787 4059
1788 4061
1789 4064
1790 4059
1791 4064
1792 4059
1793 4060
1794 4057
1795 4061
1796 4060
1797 4057
1798 4064
1799 4057
1800 4060
1801 4064
1802 4058
1803 4061
1804 4059
1805 4058
1806 4059
1807 4064
1808 4060
1809 4064
1810 4060
1811 4060
1812 4057
1813 4059
1814 4061
1815 4055
1816 4060
1817 4059
1818 4058
1819 4059
1820 4059
1821 4058
1822 4060
1823 4059
1824 4061
1825 4061
1826 4058
1827 4059
1828 4060
1829 4059
1830 4061
1831 4061
1832 4064
1833 4059
1834 4061
1835 4064
1836 4059
1837 4061
1838 4058
1839 4061
1840 4061
1841 4060
1842 4057
1843 4064
1844 4061
1845 4059
1846 4064
1847 4061
1848 4057
1849 4061
1850 4064
1851 4064
1852 4057
1853 4060
1854 4064
1855 4064
1856 4059
1857 4060
1858 4060
1859 4060
1860 4060
1861 4060
1862 4059
1863 4060
1864 4060
1865 4061
1866 4061
1867 4059
1868 4064
1869 4058
1870 4061
1871 4060
1872 4059
1873 4061
1874 4060
1875 4059
1876 4060
1877 4064
1878 4064
1879 4064
1880 4058
1881 4058
1882 4061
1883 4059
1884 4064
1885 4059
1886 4061
1887 4060
1888 4064
1889 4064
1890 4057
1891 4065
1892 4060
1893 4061
1894 4060
1895 4064
1896 4064
1897 4059
1898 4060
1899 4059
1900 4061
1901 4064
1902 4058
1903 4064
1904 4061
1905 4065
1906 4061
1907 4064
1908 4061
1909 4058
1910 4064
1911 4060
1912 4064
1913 4059
1914 4059
1915 4061
1916 4060
1917 4061
1918 4060
1919 4061
1920 4057
1921 4064
1922 4061
1923 4058
1924 4059
1925 4065
1926 4057
1927 4061
1928 4061
1929 4064
1930 4059
1931 4061
1932 4064
1933 4064
1934 4059
1935 4064
1936 4057
1937 4059
1938 4064
1939 4059
1940 4060
1941 4060
1942 4058
1943 4060
1944 4059
1945 4064
1946 4059
1947 4059
1948 4060
1949 4060
1950 4060
1951 4061
1952 4058
1953 4060
1954 4060
1955 4060
1956 4064
1957 4061
1958 4057
1959 4061
1960 4057
1961 4060
1962 4064
1963 4061
1964 4060
1965 4058
1966 4060
1967 4059
1968 4064
1969 4064
1970 4059
1971 4064
1972 4059
1973 4061
1974 4061
1975 4060
1976 4057
1977 4061
1978 4064
1979 4064
1980 4061
1981 4060
1982 4059
1983 4064
1984 4064
1985 4064
1986 4064
1987 4064
1988 4060
1989 4057
1990 4061
1991 4061
1992 4059
1993 4064
1994 4059
1995 4059
1996 4064
1997 4059
1998 4064
1999 4064
2000 4064
2001 4064
2002 4055
2003 4064
2004 4064
2005 4061
2006 4061
2007 4060
2008 4059
2009 4064
2010 4061
2011 4064
2012 4057
2013 4064
2014 4061
2015 4061
2016 4064
2017 4058
2018 4059
2019 4061
2020 4058
2021 4064
2022 4057
2023 4059
2024 4060
2025 4064
2026 4061
2027 4058
2028 4059
2029 4060
2030 4064
2031 4060
2032 4059
2033 4059
2034 4060
2035 4064
2036 4061
2037 4058
2038 4061
2039 4060
2040 4061
2041 4064
2042 4059
2043 4064
2044 4061
2045 4061
2046 4060
2047 4064
2048 4059
2049 4064
2050 4061
2051 4064
2052 4058
2053 4064
2054 4064
2055 4058
2056 4060
2057 4058
2058 4059
2059 4061
2060 4060
2061 4060
2062 4060
2063 4059
2064 4060
2065 4060
2066 4060
2067 4060
2068 4059
2069 4060
2070 4060
2071 4061
2072 4064
2073 4060
2074 4061
2075 4059
2076 4057
2077 4060
2078 4060
2079 4060
2080 4061
2081 4064
2082 4064
2083 4058
2084 4064
2085 4064
2086 4064
2087 4065
2088 4059
2089 4061
2090 4059
2091 4061
2092 4064
2093 4056
2094 4061
2095 4057
2096 4064
2097 4058
2098 4061
2099 4060
2100 4057
2101 4065
2102 4057
2103 4064
2104 4060
2105 4064
2106 4060
2107 4061
2108 4059
2109 4064
2110 4059
2111 4064
2112 4058
2113 4064
2114 4061
2115 4059
2116 4059
2117 4061
2118 4060
2119 4060
2120 4060
2121 4059
2122 4061
2123 4061
2124 4057
2125 4064
2126 4060
2127 4059
2128 4059
2129 4060
2130 4061
2131 4064
2132 4058
2133 4060
2134 4061
2135 4057
2136 4061
2137 4059
2138 4064
2139 4060
2140 4058
2141 4061
2142 4058
2143 4061
2144 4060
2145 4060
2146 4064
2147 4061
2148 4061
2149 4064
2150 4058
2151 4064
2152 4057
2153 4060
2154 4060
2155 4064
2156 4064
2157 4057
2158 4057
2159 4064
2160 4064
2161 4059
2162 4064
2163 4059
2164 4057
2165 4064
2166 4064
2167 4061
2168 4059
2169 4061
2170 4061
2171 4064
2172 4059
2173 4064
2174 4060
2175 4060
2176 4059
2177 4061
2178 4057
2179 4061
2180 4057
2181 4064
2182 4058
2183 4060
2184 4061
2185 4060
2186 4059
2187 4059
2188 4060
2189 4059
2190 4064
2191 4061
2192 4064
2193 4058
2194 4061
2195 4064
2196 4064
2197 4061
2198 4059
2199 4064
2200 4064
2201 4065
2202 4055
2203 4064
2204 4057
2205 4059
2206 4061
2207 4064
2208 4059
2209 4061
2210 4058
2211 4064
2212 4064
2213 4058
2214 4059
2215 4059
2216 4064
2217 4057
2218 4065
2219 4060
2220 4059
2221 4061
2222 4061
2223 4057
2224 4064
2225 4061
2226 4059
2227 4057
2228 4060
2229 4060
2230 4061
2231 4064
2232 4064
2233 4061
2234 4064
2235 4059
2236 4059
2237 4058
2238 4064
2239 4061
2240 4059
2241 4061
2242 4060
2243 4060
2244 4060
2245 4062
2246 4061
2247 4060
2248 4061
2249 4060
2250 4061
2251 4064
2252 4056
2253 4061
2254 4061
2255 4059
2256 4060
2257 4059
2258 4060
2259 4062
2260 4061
2261 4060
2262 4061
2263 4064
2264 4059
2265 4061
2266 4056
2267 4056
2268 4064
2269 4064
2270 4064
2271 4060
2272 4057
2273 4064
2274 4064
2275 4058
2276 4060
2277 4060
2278 4058
2279 4059
2280 4061
2281 4060
2282 4058
2283 4060
2284 4067
2285 4060
2286 4060
2287 4061
2288 4060
2289 4059
2290 4061
2291 4058
2292 4057
2293 4064
2294 4060
2295 4064
2296 4059
2297 4059
2298 4061
2299 4059
2300 4059
2301 4064
2302 4059
2303 4061
2304 4060
2305 4060
2306 4061
2307 4065
2308 4061
2309 4061
2310 4061
2311 4059
2312 4060
2313 4060
2314 4064
2315 4064
2316 4059
2317 4058
2318 4061
2319 4061
2320 4059
2321 4060
2322 4064
2323 4064
2324 4058
2325 4064
2326 4060
2327 4057
2328 4061
2329 4061
2330 4060
2331 4064
2332 4065
2333 4058
2334 4059
2335 4064
2336 4060
2337 4061
2338 4059
2339 4059
2340 4060
2341 4061
2342 4060
2343 4064
2344 4062
2345 4061
2346 4060
2347 4064
2348 4064
2349 4060
2350 4060
2351 4065
2352 4060
2353 4061
2354 4064
2355 4064
2356 4064
2357 4064
2358 4060
2359 4064
2360 4058
2361 4059
2362 4057
2363 4059
2364 4064
2365 4058
2366 4060
2367 4060
2368 4060
2369 4060
2370 4061
2371 4059
2372 4059
2373 4060
2374 4060
2375 4064
2376 4058
2377 4060
2378 4064
2379 4057
2380 4061
2381 4059
2382 4060
2383 4064
2384 4060
2385 4058
2386 4061
2387 4058
2388 4060
2389 4060
2390 4059
2391 4064
2392 4061
2393 4060
2394 4061
2395 4060
2396 4060
2397 4064
2398 4060
2399 4061
2400 4064
2401 4065
2402 4059
2403 4065
2404 4058
2405 4060
2406 4062
2407 4059
2408 4057
2409 4059
2410 4059
2411 4060
2412 4064
2413 4064
2414 4057
2415 4061
2416 4059
2417 4057
2418 4064
2419 4060
2420 4061
2421 4061
2422 4064
2423 4060
2424 4061
2425 4065
2426 4061
2427 4058
2428 4064
2429 4061
2430 4061
2431 4061
2432 4057
2433 4064
2434 4061
2435 4059
2436 4059
2437 4059
2438 4061
2439 4060
2440 4064
2441 4064
2442 4059
2443 4064
2444 4064
2445 4061
2446 4061
2447 4059
2448 4061
2449 4059
2450 4061
2451 4062
2452 4055
2453 4065
2454 4057
2455 4058
2456 4060
2457 4061
2458 4060
2459 4057
2460 4064
2461 4060
2462 4059
2463 4064
2464 4060
2465 4057
2466 4064
2467 4064
2468 4059
2469 4060
2470 4061
2471 4059
2472 4055
2473 4061
2474 4060
2475 4057
2476 4060
2477 4059
2478 4059
2479 4061
2480 4060
2481 4059
2482 4064
2483 4059
2484 4061
2485 4060
2486 4060
2487 4060
2488 4064
2489 4064
2490 4060
2491 4060
2492 4061
2493 4061
2494 4058
2495 4064
2496 4064
2497 4064
2498 4064
2499 4061
2500 4061
2501 4065
2502 4061
2503 4064
2504 4059
2505 4060
2506 4058
2507 4062
2508 4060
2509 4064
2510 4058
2511 4057
2512 4059
2513 4061
2514 4059
2515 4061
2516 4060
2517 4059
2518 4059
2519 4064
2520 4058
2521 4060
2522 4060
2523 4059
2524 4061
2525 4060
2526 4064
2527 4060
2528 4059
2529 4060
2530 4058
2531 4064
2532 4061
2533 4060
2534 4059
2535 4064
2536 4060
2537 4064
2538 4060
2539 4059
2540 4057
2541 4060
2542 4064
2543 4057
2544 4064
2545 4059
2546 4064
2547 4057
2548 4060
2549 4060
2550 4061
2551 4066
2552 4064
2553 4064
2554 4064
2555 4061
2556 4059
2557 4064
2558 4059
2559 4058
2560 4064
2561 4061
2562 4064
2563 4060
2564 4060
2565 4064
2566 4061
2567 4058
2568 4064
2569 4064
2570 4060
2571 4060
2572 4061
2573 4064
2574 4059
2575 4058
2576 4064
2577 4062
2578 4058
2579 4060
2580 4059
2581 4064
2582 4059
2583 4064
2584 4061
2585 4060
2586 4064
2587 4061
2588 4061
2589 4061
2590 4060
2591 4064
2592 4057
2593 4064
2594 4059
2595 4060
2596 4059
2597 4064
2598 4058
2599 4060
2600 4064
2601 4066
2602 4055
2603 4059
2604 4059
2605 4058
2606 4058
2607 4057
2608 4059
2609 4058
2610 4061
2611 4058
2612 4061
2613 4064
2614 4059
2615 4058
2616 4061
2617 4053
2618 4060
2619 4059
2620 4064
2621 4059
2622 4059
2623 4061
2624 4057
2625 4061
2626 4061
2627 4064
2628 4059
2629 4059
2630 4061
2631 4059
2632 4059
2633 4060
2634 4060
2635 4064
2636 4059
2637 4064
2638 4057
2639 4064
2640 4059
2641 4064
2642 4059
2643 4064
2644 4059
2645 4064
2646 4059
2647 4060
2648 4057
2649 4064
2650 4060
2651 4064
2652 4060
2653 4064
2654 4058
2655 4060
2656 4060
2657 4060
2658 4058
2659 4059
2660 4061
2661 4059
2662 4060
2663 4059
2664 4061
2665 4060
2666 4059
2667 4059
2668 4060
2669 4059
2670 4059
2671 4060
2672 4058
2673 4060
2674 4059
2675 4059
2676 4061
2677 4059
2678 4064
2679 4059
2680 4061
2681 4059
2682 4059
2683 4059
2684 4061
2685 4058
2686 4060
2687 4062
2688 4059
2689 4060
2690 4061
2691 4058
2692 4059
2693 4061
2694 4061
2695 4060
2696 4059
2697 4059
2698 4057
2699 4057
2700 4060
2701 4060
2702 4057
2703 4064
2704 4059
2705 4059
2706 4056
2707 4060
2708 4060
2709 4059
2710 4060
2711 4058
2712 4061
2713 4059
2714 4064
2715 4061
2716 4061
2717 4060
2718 4061
2719 4061
2720 4057
2721 4061
2722 4057
2723 4058
2724 4064
2725 4060
2726 4060
2727 4061
2728 4059
2729 4061
2730 4060
2731 4059
2732 4059
2733 4064
2734 4064
2735 4064
2736 4059
2737 4061
2738 4059
2739 4060
2740 4057
2741 4064
2742 4058
2743 4058
2744 4058
2745 4061
2746 4060
2747 4064
2748 4061
2749 4060
2750 4058
2751 4064
2752 4058
2753 4056
2754 4056
2755 4064
2756 4060
2757 4060
2758 4058
2759 4064
2760 4061
2761 4061
2762 4060
2763 4061
2764 4061
2765 4057
2766 4064
2767 4061
2768 4059
2769 4061
2770 4055
2771 4059
2772 4059
2773 4064
2774 4060
2775 4061
2776 4058
2777 4060
2778 4059
2779 4059
2780 4059
2781 4058
2782 4059
2783 4060
2784 4059
2785 4060
2786 4056
2787 4059
2788 4059
2789 4057
2790 4059
2791 4061
2792 4061
2793 4059
2794 4060
2795 4056
2796 4061
2797 4058
2798 4060
2799 4061
2800 4061
2801 4064
2802 4058
2803 4061
2804 4059
2805 4060
2806 4056
2807 4064
2808 4058
2809 4056
2810 4058
2811 4058
2812 4060
2813 4060
2814 4059
2815 4059
2816 4064
2817 4059
2818 4060
2819 4060
2820 4060
2821 4060
2822 4060
2823 4061
2824 4057
2825 4061
2826 4060
2827 4059
2828 4064
2829 4064
2830 4055
2831 4058
2832 4056
2833 4060
2834 4064
2835 4059
2836 4060
2837 4064
2838 4064
2839 4059
2840 4059
2841 4061
2842 4064
2843 4061
2844 4060
2845 4061
2846 4061
2847 4064
2848 4064
2849 4064
2850 4057
2851 4064
2852 4055
2853 4058
2854 4058
2855 4064
2856 4059
2857 4060
2858 4064
2859 4059
2860 4061
2861 4061
2862 4064
2863 4058
2864 4064
2865 4065
2866 4059
2867 4056
2868 4057
2869 4064
2870 4064
2871 4064
2872 4055
2873 4064
2874 4059
2875 4060
2876 4062
2877 4064
2878 4061
2879 4059
2880 4061
2881 4060
2882 4060
2883 4064
2884 4061
2885 4061
2886 4062
2887 4061
2888 4058
2889 4064
2890 4058
2891 4059
2892 4064
2893 4064
2894 4059
2895 4064
2896 4060
2897 4060
2898 4064
2899 4058
2900 4058
2901 4064
2902 4060
2903 4061
2904 4057
2905 4061
2906 4060
2907 4064
2908 4059
2909 4061
2910 4059
2911 4064
2912 4061
2913 4059
2914 4064
2915 4059
2916 4060
2917 4058
2918 4059
2919 4064
2920 4059
2921 4058
2922 4060
2923 4064
2924 4066
2925 4060
2926 4061
2927 4064
2928 4060
2929 4061
2930 4064
2931 4061
2932 4059
2933 4060
2934 4064
2935 4064
2936 4060
2937 4064
2938 4064
2939 4064
2940 4060
2941 4064
2942 4060
2943 4064
2944 4060
2945 4058
2946 4057
2947 4057
2948 4061
2949 4064
2950 4059
2951 4064
2952 4061
2953 4064
2954 4060
2955 4059
2956 4060
2957 4064
2958 4060
2959 4060
2960 4061
2961 4064
2962 4064
2963 4064
2964 4060
2965 4064
2966 4064
2967 4061
2968 4064
2969 4065
2970 4061
2971 4064
2972 4059
2973 4058
2974 4061
2975 4057
2976 4059
2977 4061
2978 4059
2979 4064
2980 4059
2981 4065
2982 4061
2983 4061
2984 4058
2985 4061
2986 4059
2987 4065
2988 4064
2989 4060
2990 4058
2991 4064
2992 4058
2993 4065
2994 4054
2995 4059
2996 4059
2997 4060
2998 4059
2999 4064
3000 4060
3001 4065
3002 4057
3003 4064
3004 4059
3005 4060
3006 4061
3007 4061
3008 4061
3009 4060
3010 4064
3011 4064
3012 4060
3013 4064
3014 4064
3015 4058
3016 4061
3017 4059
3018 4064
3019 4061
3020 4060
3021 4064
3022 4060
3023 4061
3024 4064
3025 4057
3026 4057
3027 4058
3028 4057
3029 4061
3030 4064
3031 4064
3032 4061
3033 4060
3034 4060
3035 4060
3036 4060
3037 4058
3038 4058
3039 4064
3040 4059
3041 4061
3042 4064
3043 4060
3044 4062
3045 4064
3046 4057
3047 4064
3048 4064
3049 4064
3050 4061
3051 4064
3052 4064
3053 4061
3054 4060
3055 4061
3056 4061
3057 4060
3058 4061
3059 4059
3060 4064
3061 4060
3062 4064
3063 4060
3064 4059
3065 4064
3066 4064
3067 4059
3068 4064
3069 4060
3070 4060
3071 4061
3072 4061
3073 4060
3074 4061
3075 4061
3076 4059
3077 4061
3078 4061
3079 4060
3080 4060
3081 4064
3082 4059
3083 4059
3084 4064
3085 4064
3086 4059
3087 4064
3088 4060
3089 4065
3090 4058
3091 4061
3092 4059
3093 4064
3094 4064
3095 4060
3096 4061
3097 4059
3098 4064
3099 4064
3100 4060
3101 4064
3102 4057
3103 4060
3104 4060
3105 4064
3106 4058
3107 4061
3108 4061
3109 4061
3110 4061
3111 4061
3112 4061
3113 4059
3114 4061
3115 4059
3116 4064
3117 4064
3118 4061
3119 4059
3120 4060
3121 4060
3122 4061
3123 4060
3124 4060
3125 4064
3126 4064
3127 4060
3128 4061
3129 4059
3130 4060
3131 4064
3132 4064
3133 4061
3134 4060
3135 4061
3136 4064
3137 4061
3138 4058
3139 4064
3140 4057
3141 4064
3142 4064
3143 4060
3144 4064
3145 4061
3146 4059
3147 4059
3148 4064
3149 4064
3150 4064
3151 4064
3152 4058
3153 4064
3154 4061
3155 4064
3156 4061
3157 4064
3158 4060
3159 4059
3160 4061
3161 4064
3162 4061
3163 4059
3164 4060
3165 4060
3166 4061
3167 4057
3168 4061
3169 4060
3170 4061
3171 4064
3172 4060
3173 4061
3174 4060
3175 4064
3176 4061
3177 4064
3178 4061
3179 4059
3180 4064
3181 4064
3182 4059
3183 4064
3184 4061
3185 4064
3186 4061
3187 4058
3188 4064
3189 4065
3190 4062
3191 4064
3192 4061
3193 4064
3194 4058
3195 4064
3196 4061
3197 4064
3198 4061
3199 4064
3200 4064
3201 4061
3202 4057
3203 4064
3204 4058
3205 4062
3206 4064
3207 4061
3208 4064
3209 4057
3210 4061
3211 4061
3212 4059
3213 4061
3214 4060
3215 4057
3216 4064
3217 4060
3218 4061
3219 4059
3220 4061
3221 4059
3222 4064
3223 4064
3224 4061
3225 4061
3226 4064
3227 4061
3228 4061
3229 4060
3230 4060
3231 4064
3232 4064
3233 4061
3234 4061
3235 4057
3236 4060
3237 4064
3238 4061
3239 4064
3240 4065
3241 4064
3242 4061
3243 4064
3244 4065
3245 4059
3246 4058
3247 4059
3248 4060
3249 4064
3250 4064
3251 4064
3252 4064
3253 4061
3254 4062
3255 4064
3256 4060
3257 4064
3258 4064
3259 4059
3260 4060
3261 4061
3262 4064
3263 4061
3264 4060
3265 4061
3266 4061
3267 4064
3268 4061
3269 4061
3270 4064
3271 4061
3272 4060
3273 4064
3274 4059
3275 4064
3276 4064
3277 4061
3278 4064
3279 4060
3280 4064
3281 4059
3282 4056
3283 4059
3284 4059
3285 4064
3286 4061
3287 4064
3288 4059
3289 4061
3290 4059
3291 4060
3292 4058
3293 4065
3294 4060
3295 4064
3296 4064
3297 4059
3298 4057
3299 4057
3300 4059
3301 4064
3302 4057
3303 4060
3304 4057
3305 4064
3306 4058
3307 4064
3308 4061
3309 4065
3310 4064
3311 4060
3312 4060
3313 4061
3314 4064
3315 4059
3316 4064
3317 4061
3318 4058
3319 4058
3320 4060
3321 4064
3322 4060
3323 4064
3324 4064
3325 4064
3326 4064
3327 4061
3328 4056
3329 4064
3330 4057
3331 4064
3332 4059
3333 4060
3334 4060
3335 4061
3336 4060
3337 4058
3338 4061
3339 4060
3340 4060
3341 4060
3342 4059
3343 4064
3344 4058
3345 4059
3346 4064
3347 4060
3348 4059
3349 4064
3350 4064
3351 4064
3352 4053
3353 4064
3354 4060
3355 4060
3356 4060
3357 4064
3358 4060
3359 4061
3360 4064
3361 4061
3362 4061
3363 4061
3364 4061
3365 4060
3366 4064
3367 4061
3368 4060
3369 4064
3370 4064
3371 4061
3372 4061
3373 4064
3374 4064
3375 4064
3376 4059
3377 4060
3378 4061
3379 4059
3380 4060
3381 4064
3382 4060
3383 4061
3384 4061
3385 4064
3386 4060
3387 4061
3388 4060
3389 4061
3390 4057
3391 4064
3392 4058
3393 4064
3394 4061
3395 4059
3396 4058
3397 4057
3398 4061
3399 4061
3400 4058
3401 4064
3402 4057
3403 4064
3404 4064
3405 4060
3406 4060
3407 4061
3408 4060
3409 4057
3410 4061
3411 4060
3412 4058
3413 4064
3414 4061
3415 4059
3416 4059
3417 4064
3418 4057
3419 4064
3420 4064
3421 4059
3422 4064
3423 4059
3424 4060
3425 4060
3426 4061
3427 4064
3428 4060
3429 4059
3430 4060
3431 4061
3432 4060
3433 4060
3434 4060
3435 4061
3436 4061
3437 4064
3438 4060
3439 4064
3440 4060
3441 4067
3442 4058
3443 4056
3444 4064
3445 4064
3446 4061
3447 4064
3448 4064
3449 4064
3450 4061
3451 4064
3452 4058
3453 4061
3454 4060
3455 4059
3456 4059
3457 4064
3458 4059
3459 4059
3460 4057
3461 4064
3462 4060
3463 4064
3464 4061
3465 4065
3466 4067
3467 4060
3468 4059
3469 4060
3470 4059
3471 4060
3472 4064
3473 4057
3474 4060
3475 4064
3476 4059
3477 4061
3478 4064
3479 4057
3480 4061
3481 4059
3482 4064
3483 4060
3484 4060
3485 4064
3486 4059
3487 4061
3488 4060
3489 4059
3490 4064
3491 4059
3492 4060
3493 4064
3494 4061
3495 4059
3496 4061
3497 4064
3498 4061
3499 4061
3500 4060
3501 4066
3502 4058
3503 4061
3504 4061
3505 4064
3506 4061
3507 4059
3508 4064
3509 4059
3510 4059
3511 4059
3512 4064
3513 4059
3514 4064
3515 4057
3516 4060
3517 4060
3518 4059
3519 4064
3520 4059
3521 4060
3522 4059
3523 4060
3524 4060
3525 4060
3526 4060
3527 4061
3528 4064
3529 4061
3530 4061
3531 4064
3532 4064
3533 4064
3534 4059
3535 4064
3536 4064
3537 4059
3538 4061
3539 4061
3540 4059
3541 4059
3542 4060
3543 4060
3544 4061
3545 4061
3546 4059
3547 4061
3548 4059
3549 4064
3550 4061
3551 4064
3552 4061
3553 4064
3554 4064
3555 4059
3556 4064
3557 4060
3558 4061
3559 4061
3560 4060
3561 4064
3562 4061
3563 4061
3564 4060
3565 4061
3566 4061
3567 4064
3568 4061
3569 4061
3570 4061
3571 4061
3572 4060
3573 4061
3574 4060
3575 4064
3576 4060
3577 4061
3578 4064
3579 4058
3580 4061
3581 4064
3582 4059
3583 4061
3584 4059
3585 4064
3586 4060
3587 4064
3588 4065
3589 4061
3590 4059
3591 4061
3592 4061
3593 4060
3594 4060
3595 4061
3596 4059
3597 4061
3598 4059
3599 4059
3600 4061
3601 4067
3602 4059
3603 4061
3604 4059
3605 4064
3606 4060
3607 4054
3608 4059
3609 4064
3610 4059
3611 4061
3612 4061
3613 4065
3614 4057
3615 4059
3616 4065
3617 4065
3618 4061
3619 4064
3620 4064
3621 4064
3622 4061
3623 4058
3624 4058
3625 4060
3626 4061
3627 4058
3628 4059
3629 4060
3630 4059
3631 4061
3632 4064
3633 4064
3634 4061
3635 4059
3636 4060
3637 4061
3638 4060
3639 4059
3640 4061
3641 4066
3642 4057
3643 4064
3644 4058
3645 4061
3646 4061
3647 4057
3648 4061
3649 4058
3650 4060
3651 4065
3652 4060
3653 4061
3654 4064
3655 4061
3656 4060
3657 4060
3658 4060
3659 4061
3660 4061
3661 4060
3662 4061
3663 4058
3664 4061
3665 4060
3666 4061
3667 4064
3668 4064
3669 4061
3670 4064
3671 4059
3672 4060
3673 4059
3674 4059
3675 4061
3676 4059
3677 4060
3678 4064
3679 4064
3680 4064
3681 4061
3682 4057
3683 4060
3684 4061
3685 4061
3686 4064
3687 4059
3688 4061
3689 4061
3690 4060
3691 4061
3692 4060
3693 4064
3694 4058
