#Data from the TCD1304 linear CCD
#column 1 = pixelnumber , column 2 = pixelvalue
#Pixel 1-32 and 3679-3694 and are dummy pixels
#SH-period: 200    ICG-period: 100000    Integration time: 100.0 us
2 4037
3 4039
4 4058
5 4054
6 4055
7 4055
8 4056
9 4055
10 4057
11 4057
12 4054
13 4055
14 4058
15 4056
16 4055
17 4053
18 4057
19 4058
20 4057
21 4059
22 4057
23 4056
24 4057
25 4053
26 4060
27 4057
28 4054
29 4057
30 4057
31 4058
32 4058
34 4057
35 4056
36 4060
37 4055
38 4057
39 4059
40 4055
41 4059
42 4057
43 4057
44 4058
45 4056
46 4058
47 4057
48 4057
49 4057
50 4057
51 4059
52 4055
53 4060
54 4058
55 4058
56 4057
57 4058
58 4055
59 4062
60 4057
61 4057
62 4059
63 4057
64 4058
65 4056
66 4057
67 4057
68 4056
69 4057
70 4053
71 4054
72 4054
73 4060
74 4059
75 4057
76 4059
77 4055
78 4056
79 4056
80 4057
81 4059
82 4060
83 4057
84 4059
85 4059
86 4060
87 4059
88 4056
89 4059
90 4056
91 4057
92 4058
93 4058
94 4057
95 4058
96 4055
97 4057
98 4057
99 4056
100 4054
101 4061
102 4056
103 4058
104 4057
105 4057
106 4059
107 4059
108 4059
109 4056
110 4055
111 4055
112 4058
113 4056
114 4060
115 4055
116 4059
117 4057
118 4058
119 4055
120 4057
121 4056
122 4061
123 4055
124 4056
125 4056
126 4057
127 4056
128 4053
129 4055
130 4055
131 4057
132 4059
133 4053
134 4057
135 4059
136 4056
137 4058
138 4058
139 4057
140 4054
141 4054
142 4057
143 4055
144 4056
145 4056
146 4056
147 4053
148 4058
149 4057
150 4052
151 4056
152 4053
153 4057
154 4053
155 4058
156 4053
157 4057
158 4057
159 4057
160 4053
161 4056
162 4058
163 4057
164 4058
165 4060
166 4056
167 4060
168 4053
169 4058
170 4059
171 4054
172 4056
173 4061
174 4056
175 4057
176 4053
177 4057
178 4059
179 4059
180 4057
181 4057
182 4057
183 4057
184 4054
185 4058
186 4059
187 4059
188 4059
189 4056
190 4056
191 4056
192 4057
193 4058
194 4054
195 4061
196 4060
197 4059
198 4054
199 4057
200 4057
201 4060
202 4058
203 4059
204 4059
205 4058
206 4056
207 4058
208 4059
209 4057
210 4056
211 4061
212 4056
213 4056
214 4057
215 4057
216 4057
217 4058
218 4057
219 4056
220 4059
221 4053
222 4055
223 4055
224 4054
225 4056
226 4057
227 4056
228 4053
229 4054
230 4056
231 4056
232 4057
233 4055
234 4056
235 4057
236 4058
237 4059
238 4054
239 4060
240 4054
241 4057
242 4056
243 4057
244 4056
245 4055
246 4056
247 4055
248 4057
249 4056
250 4056
251 4057
252 4056
253 4058
254 4058
255 4058
256 4058
257 4059
258 4059
259 4057
260 4057
261 4059
262 4058
263 4057
264 4058
265 4059
266 4054
267 4059
268 4055
269 4059
270 4058
271 4054
272 4056
273 4057
274 4058
275 4055
276 4057
277 4057
278 4058
279 4057
280 4056
281 4058
282 4060
283 4058
284 4055
285 4061
286 4053
287 4059
288 4059
289 4054
290 4058
291 4057
292 4056
293 4057
294 4057
295 4057
296 4054
297 4057
298 4056
299 4059
300 4055
301 4060
302 4055
303 4058
304 4057
305 4058
306 4053
307 4061
308 4056
309 4057
310 4054
311 4058
312 4058
313 4057
314 4057
315 4058
316 4057
317 4058
318 4055
319 4060
320 4059
321 4058
322 4057
323 4057
324 4057
325 4061
326 4058
327 4057
328 4059
329 4057
330 4058
331 4060
332 4059
333 4057
334 4057
335 4057
336 4056
337 4055
338 4057
339 4059
340 4058
341 4057
342 4055
343 4055
344 4060
345 4061
346 4057
347 4064
348 4058
349 4058
350 4055
351 4059
352 4053
353 4059
354 4056
355 4055
356 4055
357 4056
358 4058
359 4057
360 4058
361 4057
362 4057
363 4060
364 4057
365 4059
366 4058
367 4057
368 4058
369 4055
370 4058
371 4058
372 4057
373 4054
374 4059
375 4058
376 4053
377 4057
378 4057
379 4060
380 4056
381 4056
382 4058
383 4059
384 4055
385 4059
386 4057
387 4057
388 4060
389 4055
390 4058
391 4060
392 4059
393 4057
394 4057
395 4059
396 4057
397 4057
398 4056
399 4060
400 4055
401 4060
402 4053
403 4064
404 4060
405 4056
406 4053
407 4058
408 4057
409 4060
410 4057
411 4055
412 4057
413 4057
414 4056
415 4057
416 4057
417 4060
418 4055
419 4059
420 4055
421 4057
422 4055
423 4059
424 4059
425 4056
426 4056
427 4058
428 4056
429 4057
430 4061
431 4057
432 4054
433 4060
434 4057
435 4057
436 4057
437 4056
438 4054
439 4058
440 4055
441 4058
442 4057
443 4057
444 4059
445 4056
446 4059
447 4058
448 4057
449 4059
450 4053
451 4060
452 4056
453 4057
454 4057
455 4060
456 4057
457 4055
458 4057
459 4059
460 4059
461 4055
462 4058
463 4059
464 4057
465 4060
466 4060
467 4058
468 4057
469 4056
470 4054
471 4058
472 4055
473 4056
474 4057
475 4057
476 4057
477 4060
478 4057
479 4058
480 4056
481 4058
482 4058
483 4057
484 4056
485 4057
486 4059
487 4056
488 4056
489 4059
490 4053
491 4057
492 4059
493 4057
494 4057
495 4058
496 4057
497 4058
498 4055
499 4060
500 4053
501 4064
502 4056
503 4057
504 4057
505 4057
506 4056
507 4057
508 4058
509 4057
510 4055
511 4057
512 4056
513 4059
514 4055
515 4055
516 4057
517 4056
518 4060
519 4059
520 4057
521 4059
522 4058
523 4058
524 4061
525 4056
526 4060
527 4058
528 4054
529 4058
530 4055
531 4057
532 4055
533 4058
534 4056
535 4055
536 4056
537 4057
538 4057
539 4061
540 4059
541 4055
542 4056
543 4057
544 4058
545 4055
546 4055
547 4060
548 4058
549 4059
550 4058
551 4059
552 4055
553 4059
554 4059
555 4057
556 4056
557 4059
558 4055
559 4061
560 4056
561 4057
562 4054
563 4057
564 4058
565 4055
566 4057
567 4054
568 4055
569 4058
570 4057
571 4056
572 4058
573 4057
574 4059
575 4056
576 4057
577 4059
578 4056
579 4057
580 4058
581 4059
582 4058
583 4054
584 4059
585 4058
586 4056
587 4059
588 4057
589 4057
590 4058
591 4059
592 4057
593 4058
594 4056
595 4057
596 4056
597 4056
598 4060
599 4057
600 4056
601 4059
602 4059
603 4056
604 4058
605 4059
606 4059
607 4056
608 4057
609 4058
610 4056
611 4058
612 4057
613 4058
614 4057
615 4058
616 4057
617 4058
618 4056
619 4056
620 4057
621 4057
622 4057
623 4056
624 4058
625 4061
626 4057
627 4053
628 4058
629 4060
630 4057
631 4059
632 4059
633 4055
634 4058
635 4056
636 4059
637 4056
638 4059
639 4054
640 4059
641 4056
642 4058
643 4057
644 4055
645 4056
646 4053
647 4059
648 4056
649 4059
650 4058
651 4059
652 4056
653 4057
654 4055
655 4060
656 4058
657 4060
658 4058
659 4057
660 4057
661 4053
662 4064
663 4057
664 4057
665 4058
666 4059
667 4058
668 4056
669 4060
670 4057
671 4059
672 4060
673 4057
674 4057
675 4056
676 4055
677 4060
678 4057
679 4057
680 4058
681 4060
682 4058
683 4056
684 4055
685 4057
686 4058
687 4064
688 4056
689 4057
690 4057
691 4060
692 4057
693 4059
694 4057
695 4058
696 4056
697 4059
698 4056
699 4059
700 4057
701 4061
702 4054
703 4059
704 4059
705 4053
706 4056
707 4057
708 4059
709 4057
710 4055
711 4057
712 4058
713 4056
714 4056
715 4057
716 4059
717 4057
718 4058
719 4055
720 4057
721 4060
722 4057
723 4056
724 4059
725 4058
726 4058
727 4055
728 4056
729 4060
730 4055
731 4064
732 4053
733 4056
734 4056
735 4059
736 4060
737 4058
738 4059
739 4057
740 4057
741 4058
742 4058
743 4060
744 4057
745 4061
746 4055
747 4059
748 4057
749 4055
750 4058
751 4058
752 4054
753 4060
754 4058
755 4057
756 4057
757 4058
758 4059
759 4057
760 4056
761 4056
762 4055
763 4059
764 4058
765 4057
766 4054
767 4059
768 4059
769 4057
770 4059
771 4056
772 4059
773 4057
774 4059
775 4058
776 4059
777 4055
778 4055
779 4058
780 4054
781 4058
782 4055
783 4055
784 4056
785 4060
786 4058
787 4058
788 4056
789 4054
790 4057
791 4061
792 4056
793 4057
794 4057
795 4059
796 4056
797 4059
798 4057
799 4058
800 4057
801 4060
802 4057
803 4055
804 4057
805 4057
806 4060
807 4057
808 4057
809 4059
810 4058
811 4058
812 4056
813 4057
814 4057
815 4058
816 4057
817 4056
818 4064
819 4057
820 4057
821 4055
822 4055
823 4057
824 4057
825 4058
826 4057
827 4064
828 4056
829 4057
830 4059
831 4058
832 4056
833 4057
834 4057
835 4058
836 4054
837 4058
838 4056
839 4056
840 4057
841 4057
842 4057
843 4057
844 4056
845 4057
846 4057
847 4061
848 4056
849 4059
850 4058
851 4058
852 4056
853 4058
854 4057
855 4060
856 4058
857 4059
858 4057
859 4059
860 4057
861 4060
862 4059
863 4056
864 4058
865 4059
866 4057
867 4057
868 4059
869 4059
870 4058
871 4059
872 4054
873 4059
874 4057
875 4059
876 4054
877 4057
878 4057
879 4056
880 4058
881 4058
882 4057
883 4057
884 4055
885 4059
886 4058
887 4057
888 4053
889 4057
890 4059
891 4056
892 4061
893 4058
894 4058
895 4059
896 4057
897 4056
898 4058
899 4057
900 4057
901 4060
902 4053
903 4054
904 4057
905 4056
906 4059
907 4060
908 4059
909 4055
910 4058
911 4054
912 4059
913 4054
914 4059
915 4057
916 4056
917 4056
918 4056
919 4056
920 4057
921 4053
922 4059
923 4058
924 4057
925 4058
926 4057
927 4057
928 4059
929 4056
930 4059
931 4057
932 4057
933 4059
934 4058
935 4061
936 4059
937 4059
938 4057
939 4058
940 4060
941 4057
942 4059
943 4059
944 4058
945 4059
946 4057
947 4057
948 4059
949 4057
950 4055
951 4061
952 4056
953 4050
954 4057
955 4055
956 4057
957 4057
958 4059
959 4057
960 4056
961 4055
962 4061
963 4057
964 4057
965 4056
966 4059
967 4057
968 4057
969 4061
970 4060
971 4060
972 4058
973 4057
974 4059
975 4055
976 4059
977 4060
978 4057
979 4058
980 4058
981 4055
982 4058
983 4055
984 4060
985 4057
986 4057
987 4058
988 4057
989 4059
990 4059
991 4057
992 4057
993 4060
994 4057
995 4055
996 4058
997 4058
998 4056
999 4057
1000 4057
1001 4061
1002 4056
1003 4064
1004 4059
1005 4060
1006 4057
1007 4057
1008 4056
1009 4059
1010 4053
1011 4054
1012 4057
1013 4056
1014 4059
1015 4057
1016 4060
1017 4057
1018 4057
1019 4057
1020 4057
1021 4059
1022 4056
1023 4057
1024 4059
1025 4057
1026 4057
1027 4059
1028 4057
1029 4057
1030 4058
1031 4056
1032 4054
1033 4059
1034 4057
1035 4055
1036 4057
1037 4057
1038 4054
1039 4055
1040 4059
1041 4057
1042 4055
1043 4058
1044 4059
1045 4055
1046 4057
1047 4058
1048 4059
1049 4057
1050 4057
1051 4058
1052 4057
1053 4055
1054 4058
1055 4057
1056 4058
1057 4056
1058 4056
1059 4057
1060 4059
1061 4058
1062 4059
1063 4059
1064 4055
1065 4057
1066 4055
1067 4058
1068 4059
1069 4056
1070 4057
1071 4059
1072 4059
1073 4060
1074 4061
1075 4055
1076 4055
1077 4058
1078 4064
1079 4056
1080 4055
1081 4057
1082 4059
1083 4059
1084 4056
1085 4060
1086 4057
1087 4057
1088 4057
1089 4057
1090 4057
1091 4058
1092 4057
1093 4061
1094 4058
1095 4057
1096 4059
1097 4056
1098 4057
1099 4056
1100 4056
1101 4064
1102 4053
1103 4057
1104 4055
1105 4059
1106 4058
1107 4057
1108 4057
1109 4057
1110 4059
1111 4059
1112 4056
1113 4057
1114 4057
1115 4059
1116 4057
1117 4059
1118 4057
1119 4057
1120 4058
1121 4053
1122 4059
1123 4055
1124 4060
1125 4057
1126 4053
1127 4059
1128 4057
1129 4054
1130 4057
1131 4057
1132 4060
1133 4055
1134 4056
1135 4060
1136 4059
1137 4055
1138 4057
1139 4056
1140 4057
1141 4056
1142 4054
1143 4057
1144 4057
1145 4057
1146 4056
1147 4057
1148 4053
1149 4059
1150 4056
1151 4061
1152 4056
1153 4061
1154 4057
1155 4055
1156 4053
1157 4056
1158 4055
1159 4059
1160 4057
1161 4055
1162 4058
1163 4060
1164 4056
1165 4059
1166 4059
1167 4058
1168 4059
1169 4056
1170 4060
1171 4058
1172 4059
1173 4060
1174 4057
1175 4060
1176 4055
1177 4057
1178 4057
1179 4056
1180 4059
1181 4057
1182 4056
1183 4060
1184 4060
1185 4055
1186 4055
1187 4058
1188 4057
1189 4059
1190 4057
1191 4060
1192 4059
1193 4055
1194 4057
1195 4057
1196 4055
1197 4055
1198 4056
1199 4057
1200 4056
1201 4057
1202 4052
1203 4057
1204 4055
1205 4057
1206 4060
1207 4057
1208 4057
1209 4057
1210 4059
1211 4054
1212 4059
1213 4055
1214 4059
1215 4058
1216 4057
1217 4060
1218 4057
1219 4058
1220 4055
1221 4058
1222 4058
1223 4057
1224 4057
1225 4057
1226 4055
1227 4055
1228 4058
1229 4056
1230 4056
1231 4059
1232 4055
1233 4058
1234 4057
1235 4057
1236 4055
1237 4058
1238 4056
1239 4055
1240 4056
1241 4059
1242 4058
1243 4053
1244 4060
1245 4055
1246 4055
1247 4058
1248 4057
1249 4057
1250 4059
1251 4060
1252 4055
1253 4058
1254 4056
1255 4057
1256 4058
1257 4060
1258 4053
1259 4057
1260 4055
1261 4052
1262 4057
1263 4056
1264 4057
1265 4060
1266 4055
1267 4057
1268 4059
1269 4058
1270 4057
1271 4058
1272 4055
1273 4056
1274 4057
1275 4059
1276 4058
1277 4057
1278 4056
1279 4056
1280 4056
1281 4056
1282 4059
1283 4053
1284 4055
1285 4057
1286 4057
1287 4057
1288 4057
1289 4058
1290 4057
1291 4058
1292 4056
1293 4057
1294 4056
1295 4056
1296 4057
1297 4057
1298 4053
1299 4057
1300 4056
1301 4058
1302 4054
1303 4057
1304 4054
1305 4057
1306 4057
1307 4056
1308 4053
1309 4057
1310 4057
1311 4055
1312 4056
1313 4055
1314 4057
1315 4054
1316 4055
1317 4057
1318 4054
1319 4057
1320 4057
1321 4057
1322 4055
1323 4058
1324 4055
1325 4054
1326 4057
1327 4055
1328 4057
1329 4056
1330 4055
1331 4057
1332 4057
1333 4061
1334 4055
1335 4057
1336 4054
1337 4055
1338 4055
1339 4057
1340 4057
1341 4059
1342 4055
1343 4057
1344 4053
1345 4055
1346 4056
1347 4057
1348 4054
1349 4061
1350 4054
1351 4064
1352 4053
1353 4059
1354 4057
1355 4055
1356 4059
1357 4055
1358 4056
1359 4059
1360 4055
1361 4056
1362 4058
1363 4053
1364 4060
1365 4058
1366 4059
1367 4055
1368 4056
1369 4054
1370 4056
1371 4057
1372 4055
1373 4055
1374 4057
1375 4055
1376 4058
1377 4059
1378 4055
1379 4059
1380 4056
1381 4057
1382 4053
1383 4058
1384 4058
1385 4057
1386 4056
1387 4057
1388 4055
1389 4057
1390 4055
1391 4059
1392 4056
1393 4057
1394 4056
1395 4053
1396 4057
1397 4060
1398 4053
1399 4059
1400 4059
1401 4064
1402 4054
1403 4059
1404 4057
1405 4057
1406 4059
1407 4055
1408 4056
1409 4057
1410 4060
1411 4057
1412 4056
1413 4056
1414 4056
1415 4060
1416 4057
1417 4059
1418 4055
1419 4057
1420 4059
1421 4056
1422 4057
1423 4055
1424 4057
1425 4053
1426 4055
1427 4056
1428 4057
1429 4057
1430 4055
1431 4055
1432 4058
1433 4055
1434 4057
1435 4057
1436 4054
1437 4057
1438 4056
1439 4056
1440 4057
1441 4059
1442 4057
1443 4058
1444 4057
1445 4058
1446 4054
1447 4057
1448 4053
1449 4056
1450 4054
1451 4059
1452 4054
1453 4058
1454 4054
1455 4057
1456 4055
1457 4057
1458 4053
1459 4057
1460 4055
1461 4055
1462 4057
1463 4056
1464 4056
1465 4057
1466 4053
1467 4059
1468 4054
1469 4055
1470 4058
1471 4057
1472 4057
1473 4057
1474 4056
1475 4060
1476 4053
1477 4057
1478 4055
1479 4059
1480 4056
1481 4057
1482 4057
1483 4057
1484 4057
1485 4060
1486 4054
1487 4056
1488 4056
1489 4057
1490 4057
1491 4057
1492 4057
1493 4056
1494 4059
1495 4057
1496 4057
1497 4057
1498 4056
1499 4057
1500 4056
1501 4061
1502 4056
1503 4059
1504 4055
1505 4057
1506 4058
1507 4057
1508 4055
1509 4057
1510 4056
1511 4056
1512 4057
1513 4055
1514 4061
1515 4056
1516 4057
1517 4058
1518 4059
1519 4058
1520 4057
1521 4058
1522 4057
1523 4055
1524 4059
1525 4061
1526 4052
1527 4059
1528 4057
1529 4059
1530 4057
1531 4059
1532 4057
1533 4057
1534 4057
1535 4057
1536 4055
1537 4057
1538 4056
1539 4057
1540 4056
1541 4059
1542 4055
1543 4057
1544 4057
1545 4057
1546 4057
1547 4057
1548 4059
1549 4057
1550 4057
1551 4060
1552 4054
1553 4058
1554 4058
1555 4057
1556 4058
1557 4059
1558 4056
1559 4056
1560 4057
1561 4057
1562 4059
1563 4059
1564 4057
1565 4057
1566 4055
1567 4061
1568 4057
1569 4058
1570 4058
1571 4057
1572 4057
1573 4057
1574 4057
1575 4057
1576 4060
1577 4054
1578 4059
1579 4059
1580 4057
1581 4058
1582 4056
1583 4060
1584 4055
1585 4059
1586 4057
1587 4059
1588 4057
1589 4059
1590 4059
1591 4055
1592 4059
1593 4055
1594 4057
1595 4056
1596 4056
1597 4058
1598 4058
1599 4061
1600 4056
1601 4064
1602 4055
1603 4057
1604 4058
1605 4056
1606 4057
1607 4059
1608 4054
1609 4059
1610 4059
1611 4057
1612 4057
1613 4059
1614 4058
1615 4059
1616 4057
1617 4057
1618 4053
1619 4057
1620 4055
1621 4060
1622 4055
1623 4064
1624 4057
1625 4056
1626 4057
1627 4057
1628 4061
1629 4057
1630 4057
1631 4057
1632 4060
1633 4058
1634 4057
1635 4057
1636 4056
1637 4059
1638 4061
1639 4059
1640 4056
1641 4061
1642 4060
1643 4058
1644 4059
1645 4056
1646 4055
1647 4055
1648 4057
1649 4055
1650 4056
1651 4061
1652 4056
1653 4059
1654 4058
1655 4057
1656 4059
1657 4056
1658 4057
1659 4054
1660 4057
1661 4056
1662 4057
1663 4060
1664 4055
1665 4060
1666 4056
1667 4057
1668 4058
1669 4057
1670 4056
1671 4057
1672 4055
1673 4057
1674 4058
1675 4057
1676 4064
1677 4058
1678 4059
1679 4058
1680 4057
1681 4059
1682 4058
1683 4059
1684 4059
1685 4055
1686 4055
1687 4057
1688 4055
1689 4057
1690 4055
1691 4058
1692 4058
1693 4059
1694 4054
1695 4060
1696 4053
1697 4057
1698 4060
1699 4057
1700 4055
1701 4058
1702 4055
1703 4059
1704 4059
1705 4059
1706 4056
1707 4058
1708 4056
1709 4059
1710 4059
1711 4057
1712 4058
1713 4058
1714 4059
1715 4057
1716 4056
1717 4059
1718 4055
1719 4057
1720 4058
1721 4054
1722 4057
1723 4059
1724 4059
1725 4057
1726 4058
1727 4056
1728 4055
1729 4058
1730 4057
1731 4056
1732 4055
1733 4061
1734 4057
1735 4057
1736 4057
1737 4059
1738 4055
1739 4055
1740 4057
1741 4054
1742 4058
1743 4057
1744 4057
1745 4056
1746 4056
1747 4058
1748 4059
1749 4055
1750 4055
1751 4061
1752 4054
1753 4057
1754 4056
1755 4056
1756 4059
1757 4060
1758 4058
1759 4056
1760 4057
1761 4058
1762 4057
1763 4057
1764 4056
1765 4057
1766 4058
1767 4057
1768 4058
1769 4059
1770 4059
1771 4059
1772 4056
1773 4056
1774 4057
1775 4057
1776 4053
1777 4059
1778 4057
1779 4061
1780 4055
1781 4057
1782 4064
1783 4058
1784 4057
1785 4060
1786 4057
1787 4060
1788 4057
1789 4058
1790 4057
1791 4055
1792 4057
1793 4060
1794 4059
1795 4059
1796 4057
1797 4057
1798 4054
1799 4057
1800 4057
1801 4064
1802 4053
1803 4056
1804 4057
1805 4057
1806 4058
1807 4059
1808 4058
1809 4056
1810 4057
1811 4059
1812 4057
1813 4058
1814 4057
1815 4058
1816 4057
1817 4059
1818 4059
1819 4057
1820 4057
1821 4057
1822 4059
1823 4059
1824 4061
1825 4057
1826 4057
1827 4056
1828 4057
1829 4057
1830 4064
1831 4054
1832 4056
1833 4053
1834 4059
1835 4059
1836 4057
1837 4058
1838 4057
1839 4054
1840 4058
1841 4060
1842 4056
1843 4059
1844 4053
1845 4059
1846 4055
1847 4055
1848 4059
1849 4055
1850 4059
1851 4060
1852 4057
1853 4058
1854 4058
1855 4057
1856 4056
1857 4059
1858 4059
1859 4060
1860 4057
1861 4061
1862 4059
1863 4058
1864 4059
1865 4053
1866 4058
1867 4060
1868 4057
1869 4056
1870 4060
1871 4055
1872 4059
1873 4057
1874 4059
1875 4058
1876 4056
1877 4057
1878 4058
1879 4056
1880 4064
1881 4058
1882 4057
1883 4064
1884 4056
1885 4058
1886 4055
1887 4059
1888 4056
1889 4057
1890 4056
1891 4059
1892 4057
1893 4059
1894 4056
1895 4060
1896 4056
1897 4055
1898 4060
1899 4056
1900 4058
1901 4064
1902 4053
1903 4058
1904 4057
1905 4059
1906 4057
1907 4057
1908 4060
1909 4057
1910 4057
1911 4057
1912 4057
1913 4056
1914 4056
1915 4057
1916 4060
1917 4057
1918 4053
1919 4056
1920 4057
1921 4056
1922 4058
1923 4054
1924 4059
1925 4056
1926 4058
1927 4055
1928 4059
1929 4059
1930 4057
1931 4057
1932 4057
1933 4055
1934 4060
1935 4059
1936 4054
1937 4059
1938 4057
1939 4059
1940 4060
1941 4054
1942 4059
1943 4056
1944 4056
1945 4055
1946 4055
1947 4057
1948 4057
1949 4061
1950 4056
1951 4064
1952 4055
1953 4055
1954 4059
1955 4057
1956 4057
1957 4060
1958 4064
1959 4057
1960 4058
1961 4054
1962 4055
1963 4060
1964 4060
1965 4058
1966 4056
1967 4059
1968 4058
1969 4057
1970 4057
1971 4057
1972 4056
1973 4057
1974 4060
1975 4058
1976 4055
1977 4058
1978 4057
1979 4058
1980 4055
1981 4055
1982 4056
1983 4061
1984 4059
1985 4059
1986 4057
1987 4059
1988 4052
1989 4064
1990 4057
1991 4055
1992 4057
1993 4055
1994 4059
1995 4057
1996 4057
1997 4057
1998 4055
1999 4059
2000 4053
2001 4059
2002 4057
2003 4058
2004 4055
2005 4057
2006 4057
2007 4059
2008 4055
2009 4057
2010 4058
2011 4060
2012 4057
2013 4059
2014 4055
2015 4054
2016 4055
2017 4061
2018 4060
2019 4055
2020 4057
2021 4058
2022 4055
2023 4056
2024 4059
2025 4055
2026 4057
2027 4057
2028 4057
2029 4057
2030 4057
2031 4056
2032 4058
2033 4059
2034 4057
2035 4059
2036 4056
2037 4056
2038 4055
2039 4056
2040 4056
2041 4057
2042 4056
2043 4056
2044 4057
2045 4056
2046 4058
2047 4056
2048 4060
2049 4059
2050 4058
2051 4060
2052 4054
2053 4058
2054 4061
2055 4056
2056 4060
2057 4059
2058 4057
2059 4059
2060 4058
2061 4058
2062 4057
2063 4057
2064 4056
2065 4056
2066 4058
2067 4055
2068 4055
2069 4057
2070 4057
2071 4057
2072 4061
2073 4057
2074 4057
2075 4059
2076 4064
2077 4055
2078 4056
2079 4056
2080 4059
2081 4055
2082 4057
2083 4057
2084 4054
2085 4057
2086 4060
2087 4058
2088 4057
2089 4055
2090 4055
2091 4060
2092 4056
2093 4058
2094 4057
2095 4055
2096 4058
2097 4060
2098 4057
2099 4059
2100 4055
2101 4061
2102 4057
2103 4060
2104 4061
2105 4057
2106 4058
2107 4057
2108 4057
2109 4058
2110 4057
2111 4054
2112 4056
2113 4057
2114 4059
2115 4058
2116 4057
2117 4057
2118 4056
2119 4057
2120 4059
2121 4057
2122 4055
2123 4059
2124 4058
2125 4057
2126 4057
2127 4055
2128 4057
2129 4056
2130 4060
2131 4056
2132 4056
2133 4059
2134 4056
2135 4054
2136 4064
2137 4057
2138 4056
2139 4056
2140 4059
2141 4054
2142 4054
2143 4057
2144 4058
2145 4056
2146 4059
2147 4056
2148 4054
2149 4057
2150 4054
2151 4056
2152 4054
2153 4055
2154 4057
2155 4059
2156 4059
2157 4057
2158 4056
2159 4056
2160 4055
2161 4057
2162 4055
2163 4055
2164 4055
2165 4055
2166 4058
2167 4057
2168 4056
2169 4056
2170 4059
2171 4057
2172 4059
2173 4058
2174 4059
2175 4056
2176 4059
2177 4059
2178 4057
2179 4059
2180 4057
2181 4061
2182 4057
2183 4057
2184 4055
2185 4057
2186 4059
2187 4057
2188 4058
2189 4056
2190 4059
2191 4059
2192 4055
2193 4060
2194 4055
2195 4058
2196 4059
2197 4057
2198 4059
2199 4059
2200 4057
2201 4061
2202 4052
2203 4059
2204 4056
2205 4058
2206 4059
2207 4057
2208 4056
2209 4056
2210 4055
2211 4059
2212 4056
2213 4057
2214 4059
2215 4057
2216 4058
2217 4059
2218 4057
2219 4059
2220 4059
2221 4057
2222 4057
2223 4058
2224 4059
2225 4061
2226 4054
2227 4064
2228 4056
2229 4055
2230 4057
2231 4058
2232 4057
2233 4059
2234 4057
2235 4055
2236 4061
2237 4059
2238 4055
2239 4057
2240 4053
2241 4057
2242 4059
2243 4060
2244 4055
2245 4059
2246 4057
2247 4057
2248 4055
2249 4059
2250 4057
2251 4064
2252 4056
2253 4054
2254 4058
2255 4057
2256 4058
2257 4056
2258 4057
2259 4060
2260 4055
2261 4060
2262 4058
2263 4053
2264 4055
2265 4057
2266 4054
2267 4058
2268 4058
2269 4059
2270 4059
2271 4059
2272 4057
2273 4057
2274 4057
2275 4057
2276 4059
2277 4058
2278 4055
2279 4059
2280 4060
2281 4057
2282 4056
2283 4058
2284 4056
2285 4054
2286 4064
2287 4059
2288 4056
2289 4054
2290 4057
2291 4059
2292 4057
2293 4059
2294 4057
2295 4057
2296 4059
2297 4056
2298 4056
2299 4059
2300 4053
2301 4056
2302 4057
2303 4055
2304 4058
2305 4058
2306 4057
2307 4057
2308 4052
2309 4058
2310 4055
2311 4060
2312 4059
2313 4055
2314 4061
2315 4056
2316 4057
2317 4055
2318 4059
2319 4057
2320 4057
2321 4058
2322 4057
2323 4058
2324 4055
2325 4057
2326 4055
2327 4057
2328 4057
2329 4056
2330 4053
2331 4056
2332 4056
2333 4053
2334 4056
2335 4058
2336 4053
2337 4057
2338 4053
2339 4055
2340 4057
2341 4055
2342 4057
2343 4054
2344 4057
2345 4057
2346 4053
2347 4057
2348 4055
2349 4059
2350 4056
2351 4056
2352 4052
2353 4056
2354 4051
2355 4056
2356 4055
2357 4053
2358 4056
2359 4051
2360 4053
2361 4059
2362 4055
2363 4055
2364 4054
2365 4056
2366 4052
2367 4056
2368 4055
2369 4054
2370 4057
2371 4052
2372 4055
2373 4055
2374 4057
2375 4052
2376 4057
2377 4057
2378 4055
2379 4055
2380 4057
2381 4057
2382 4055
2383 4055
2384 4058
2385 4055
2386 4056
2387 4058
2388 4052
2389 4056
2390 4061
2391 4056
2392 4056
2393 4059
2394 4054
2395 4055
2396 4056
2397 4055
2398 4057
2399 4059
2400 4056
2401 4060
2402 4054
2403 4055
2404 4053
2405 4058
2406 4053
2407 4056
2408 4058
2409 4056
2410 4053
2411 4058
2412 4057
2413 4053
2414 4056
2415 4054
2416 4055
2417 4057
2418 4057
2419 4059
2420 4058
2421 4055
2422 4060
2423 4059
2424 4059
2425 4056
2426 4058
2427 4060
2428 4055
2429 4056
2430 4057
2431 4057
2432 4056
2433 4059
2434 4059
2435 4058
2436 4057
2437 4056
2438 4055
2439 4059
2440 4057
2441 4055
2442 4055
2443 4057
2444 4059
2445 4058
2446 4057
2447 4060
2448 4054
2449 4064
2450 4057
2451 4059
2452 4051
2453 4059
2454 4058
2455 4057
2456 4055
2457 4058
2458 4058
2459 4057
2460 4059
2461 4061
2462 4056
2463 4058
2464 4054
2465 4056
2466 4054
2467 4056
2468 4057
2469 4054
2470 4055
2471 4056
2472 4055
2473 4057
2474 4057
2475 4057
2476 4056
2477 4057
2478 4056
2479 4055
2480 4056
2481 4056
2482 4057
2483 4055
2484 4059
2485 4052
2486 4060
2487 4061
2488 4059
2489 4056
2490 4054
2491 4059
2492 4056
2493 4055
2494 4054
2495 4055
2496 4058
2497 4055
2498 4056
2499 4059
2500 4054
2501 4057
2502 4056
2503 4057
2504 4058
2505 4058
2506 4056
2507 4056
2508 4055
2509 4056
2510 4060
2511 4059
2512 4058
2513 4057
2514 4059
2515 4057
2516 4056
2517 4056
2518 4058
2519 4057
2520 4056
2521 4057
2522 4056
2523 4054
2524 4058
2525 4056
2526 4057
2527 4057
2528 4055
2529 4059
2530 4057
2531 4064
2532 4056
2533 4057
2534 4064
2535 4058
2536 4057
2537 4054
2538 4057
2539 4059
2540 4061
2541 4059
2542 4054
2543 4056
2544 4055
2545 4058
2546 4057
2547 4056
2548 4060
2549 4058
2550 4054
2551 4059
2552 4057
2553 4058
2554 4056
2555 4057
2556 4058
2557 4057
2558 4055
2559 4058
2560 4057
2561 4056
2562 4056
2563 4057
2564 4055
2565 4057
2566 4055
2567 4058
2568 4057
2569 4055
2570 4060
2571 4056
2572 4058
2573 4056
2574 4058
2575 4055
2576 4056
2577 4055
2578 4057
2579 4059
2580 4054
2581 4058
2582 4056
2583 4055
2584 4055
2585 4057
2586 4056
2587 4057
2588 4058
2589 4057
2590 4061
2591 4057
2592 4054
2593 4056
2594 4056
2595 4054
2596 4057
2597 4059
2598 4056
2599 4060
2600 4053
2601 4059
2602 4055
2603 4055
2604 4055
2605 4058
2606 4054
2607 4057
2608 4057
2609 4057
2610 4057
2611 4055
2612 4056
2613 4057
2614 4055
2615 4052
2616 4059
2617 4053
2618 4055
2619 4057
2620 4054
2621 4057
2622 4061
2623 4059
2624 4053
2625 4057
2626 4053
2627 4056
2628 4057
2629 4059
2630 4056
2631 4060
2632 4054
2633 4058
2634 4056
2635 4055
2636 4057
2637 4056
2638 4057
2639 4059
2640 4057
2641 4054
2642 4059
2643 4059
2644 4055
2645 4055
2646 4057
2647 4060
2648 4053
2649 4059
2650 4054
2651 4058
2652 4057
2653 4054
2654 4054
2655 4057
2656 4055
2657 4060
2658 4053
2659 4056
2660 4056
2661 4057
2662 4057
2663 4056
2664 4057
2665 4055
2666 4055
2667 4059
2668 4058
2669 4057
2670 4053
2671 4057
2672 4057
2673 4056
2674 4057
2675 4057
2676 4054
2677 4059
2678 4057
2679 4055
2680 4057
2681 4059
2682 4055
2683 4057
2684 4053
2685 4058
2686 4057
2687 4057
2688 4056
2689 4056
2690 4054
2691 4055
2692 4055
2693 4057
2694 4052
2695 4055
2696 4054
2697 4055
2698 4054
2699 4058
2700 4057
2701 4057
2702 4051
2703 4056
2704 4057
2705 4059
2706 4057
2707 4057
2708 4057
2709 4056
2710 4055
2711 4060
2712 4057
2713 4060
2714 4054
2715 4057
2716 4056
2717 4057
2718 4055
2719 4056
2720 4055
2721 4055
2722 4055
2723 4053
2724 4057
2725 4057
2726 4056
2727 4057
2728 4057
2729 4057
2730 4055
2731 4059
2732 4057
2733 4059
2734 4056
2735 4057
2736 4057
2737 4057
2738 4054
2739 4055
2740 4054
2741 4057
2742 4054
2743 4057
2744 4054
2745 4058
2746 4057
2747 4058
2748 4056
2749 4057
2750 4057
2751 4057
2752 4055
2753 4055
2754 4055
2755 4056
2756 4060
2757 4054
2758 4056
2759 4055
2760 4056
2761 4053
2762 4057
2763 4058
2764 4054
2765 4055
2766 4053
2767 4055
2768 4057
2769 4059
2770 4057
2771 4055
2772 4057
2773 4057
2774 4056
2775 4057
2776 4056
2777 4057
2778 4057
2779 4056
2780 4057
2781 4053
2782 4056
2783 4055
2784 4055
2785 4057
2786 4055
2787 4061
2788 4057
2789 4058
2790 4056
2791 4053
2792 4056
2793 4057
2794 4056
2795 4060
2796 4054
2797 4058
2798 4053
2799 4056
2800 4055
2801 4057
2802 4052
2803 4057
2804 4055
2805 4055
2806 4056
2807 4055
2808 4057
2809 4058
2810 4055
2811 4056
2812 4057
2813 4053
2814 4057
2815 4057
2816 4054
2817 4056
2818 4058
2819 4058
2820 4059
2821 4054
2822 4061
2823 4055
2824 4055
2825 4057
2826 4055
2827 4057
2828 4059
2829 4057
2830 4056
2831 4059
2832 4058
2833 4059
2834 4057
2835 4056
2836 4053
2837 4057
2838 4055
2839 4057
2840 4057
2841 4057
2842 4056
2843 4056
2844 4053
2845 4055
2846 4059
2847 4057
2848 4054
2849 4057
2850 4055
2851 4057
2852 4056
2853 4056
2854 4057
2855 4059
2856 4057
2857 4057
2858 4056
2859 4057
2860 4057
2861 4056
2862 4061
2863 4055
2864 4056
2865 4055
2866 4057
2867 4058
2868 4056
2869 4055
2870 4058
2871 4060
2872 4057
2873 4059
2874 4059
2875 4053
2876 4055
2877 4055
2878 4054
2879 4057
2880 4058
2881 4060
2882 4056
2883 4057
2884 4059
2885 4059
2886 4055
2887 4057
2888 4057
2889 4055
2890 4055
2891 4057
2892 4057
2893 4058
2894 4053
2895 4057
2896 4058
2897 4059
2898 4059
2899 4057
2900 4056
2901 4064
2902 4053
2903 4056
2904 4061
2905 4055
2906 4055
2907 4058
2908 4056
2909 4059
2910 4057
2911 4057
2912 4056
2913 4059
2914 4056
2915 4057
2916 4056
2917 4059
2918 4058
2919 4057
2920 4055
2921 4055
2922 4057
2923 4056
2924 4054
2925 4057
2926 4058
2927 4056
2928 4058
2929 4055
2930 4058
2931 4056
2932 4056
2933 4057
2934 4056
2935 4058
2936 4055
2937 4059
2938 4058
2939 4053
2940 4056
2941 4055
2942 4053
2943 4057
2944 4057
2945 4056
2946 4058
2947 4057
2948 4056
2949 4056
2950 4058
2951 4059
2952 4053
2953 4057
2954 4055
2955 4060
2956 4057
2957 4059
2958 4061
2959 4057
2960 4060
2961 4058
2962 4057
2963 4055
2964 4057
2965 4056
2966 4056
2967 4060
2968 4055
2969 4060
2970 4056
2971 4056
2972 4059
2973 4056
2974 4059
2975 4057
2976 4053
2977 4058
2978 4057
2979 4059
2980 4057
2981 4057
2982 4054
2983 4057
2984 4058
2985 4057
2986 4057
2987 4056
2988 4056
2989 4059
2990 4059
2991 4056
2992 4057
2993 4057
2994 4057
2995 4057
2996 4055
2997 4057
2998 4055
2999 4059
3000 4060
3001 4059
3002 4051
3003 4057
3004 4058
3005 4057
3006 4059
3007 4056
3008 4057
3009 4058
3010 4057
3011 4060
3012 4057
3013 4059
3014 4057
3015 4058
3016 4059
3017 4059
3018 4060
3019 4059
3020 4055
3021 4059
3022 4058
3023 4057
3024 4057
3025 4054
3026 4053
3027 4057
3028 4059
3029 4052
3030 4056
3031 4057
3032 4056
3033 4057
3034 4054
3035 4061
3036 4053
3037 4058
3038 4054
3039 4057
3040 4057
3041 4059
3042 4057
3043 4056
3044 4057
3045 4057
3046 4055
3047 4058
3048 4055
3049 4057
3050 4055
3051 4061
3052 4055
3053 4060
3054 4057
3055 4057
3056 4057
3057 4058
3058 4057
3059 4059
3060 4059
3061 4056
3062 4054
3063 4060
3064 4056
3065 4059
3066 4055
3067 4056
3068 4054
3069 4060
3070 4056
3071 4058
3072 4056
3073 4057
3074 4064
3075 4059
3076 4059
3077 4059
3078 4059
3079 4057
3080 4056
3081 4056
3082 4053
3083 4059
3084 4057
3085 4058
3086 4057
3087 4057
3088 4055
3089 4057
3090 4057
3091 4056
3092 4056
3093 4055
3094 4059
3095 4056
3096 4057
3097 4059
3098 4060
3099 4060
3100 4055
3101 4061
3102 4057
3103 4057
3104 4053
3105 4060
3106 4055
3107 4057
3108 4057
3109 4058
3110 4059
3111 4057
3112 4057
3113 4057
3114 4055
3115 4057
3116 4058
3117 4056
3118 4057
3119 4056
3120 4055
3121 4059
3122 4057
3123 4056
3124 4058
3125 4057
3126 4059
3127 4055
3128 4057
3129 4055
3130 4055
3131 4060
3132 4056
3133 4061
3134 4057
3135 4057
3136 4056
3137 4057
3138 4057
3139 4059
3140 4059
3141 4057
3142 4059
3143 4055
3144 4061
3145 4054
3146 4059
3147 4059
3148 4057
3149 4057
3150 4057
3151 4061
3152 4057
3153 4056
3154 4055
3155 4059
3156 4059
3157 4057
3158 4057
3159 4059
3160 4055
3161 4055
3162 4057
3163 4060
3164 4057
3165 4055
3166 4056
3167 4057
3168 4059
3169 4053
3170 4055
3171 4056
3172 4058
3173 4057
3174 4057
3175 4057
3176 4055
3177 4061
3178 4056
3179 4059
3180 4056
3181 4056
3182 4059
3183 4057
3184 4058
3185 4059
3186 4058
3187 4060
3188 4059
3189 4058
3190 4059
3191 4059
3192 4057
3193 4056
3194 4057
3195 4057
3196 4054
3197 4060
3198 4058
3199 4057
3200 4054
3201 4059
3202 4053
3203 4064
3204 4055
3205 4055
3206 4057
3207 4057
3208 4057
3209 4058
3210 4060
3211 4057
3212 4057
3213 4059
3214 4056
3215 4060
3216 4055
3217 4059
3218 4058
3219 4060
3220 4057
3221 4057
3222 4058
3223 4058
3224 4058
3225 4057
3226 4057
3227 4061
3228 4057
3229 4057
3230 4059
3231 4061
3232 4057
3233 4056
3234 4056
3235 4056
3236 4054
3237 4058
3238 4059
3239 4057
3240 4054
3241 4058
3242 4060
3243 4056
3244 4059
3245 4056
3246 4059
3247 4057
3248 4054
3249 4064
3250 4057
3251 4059
3252 4060
3253 4056
3254 4059
3255 4058
3256 4057
3257 4061
3258 4057
3259 4059
3260 4057
3261 4059
3262 4059
3263 4057
3264 4056
3265 4057
3266 4059
3267 4055
3268 4056
3269 4057
3270 4059
3271 4057
3272 4059
3273 4059
3274 4057
3275 4053
3276 4056
3277 4060
3278 4057
3279 4059
3280 4059
3281 4061
3282 4057
3283 4058
3284 4057
3285 4058
3286 4057
3287 4057
3288 4057
3289 4058
3290 4058
3291 4061
3292 4058
3293 4059
3294 4055
3295 4054
3296 4055
3297 4060
3298 4057
3299 4064
3300 4056
3301 4057
3302 4055
3303 4058
3304 4056
3305 4060
3306 4056
3307 4057
3308 4057
3309 4059
3310 4058
3311 4056
3312 4057
3313 4056
3314 4056
3315 4056
3316 4057
3317 4057
3318 4056
3319 4057
3320 4059
3321 4055
3322 4057
3323 4059
3324 4053
3325 4057
3326 4057
3327 4057
3328 4058
3329 4059
3330 4061
3331 4058
3332 4057
3333 4059
3334 4057
3335 4057
3336 4058
3337 4057
3338 4057
3339 4057
3340 4055
3341 4057
3342 4056
3343 4060
3344 4058
3345 4057
3346 4060
3347 4057
3348 4058
3349 4059
3350 4058
3351 4059
3352 4055
3353 4057
3354 4057
3355 4057
3356 4058
3357 4060
3358 4056
3359 4055
3360 4059
3361 4054
3362 4059
3363 4055
3364 4057
3365 4059
3366 4059
3367 4055
3368 4060
3369 4052
3370 4064
3371 4056
3372 4058
3373 4057
3374 4058
3375 4056
3376 4059
3377 4057
3378 4057
3379 4056
3380 4057
3381 4057
3382 4057
3383 4058
3384 4057
3385 4064
3386 4056
3387 4054
3388 4058
3389 4059
3390 4058
3391 4056
3392 4060
3393 4056
3394 4056
3395 4059
3396 4060
3397 4057
3398 4056
3399 4060
3400 4057
3401 4060
3402 4056
3403 4057
3404 4057
3405 4054
3406 4058
3407 4060
3408 4057
3409 4055
3410 4057
3411 4058
3412 4059
3413 4059
3414 4055
3415 4052
3416 4057
3417 4065
3418 4055
3419 4058
3420 4057
3421 4057
3422 4059
3423 4058
3424 4056
3425 4053
3426 4056
3427 4061
3428 4057
3429 4055
3430 4059
3431 4058
3432 4056
3433 4060
3434 4057
3435 4055
3436 4057
3437 4055
3438 4053
3439 4058
3440 4058
3441 4058
3442 4057
3443 4057
3444 4056
3445 4056
3446 4057
3447 4055
3448 4064
3449 4057
3450 4055
3451 4064
3452 4057
3453 4056
3454 4058
3455 4057
3456 4057
3457 4056
3458 4057
3459 4056
3460 4061
3461 4056
3462 4059
3463 4058
3464 4058
3465 4056
3466 4058
3467 4058
3468 4057
3469 4059
3470 4057
3471 4057
3472 4059
3473 4056
3474 4057
3475 4056
3476 4058
3477 4057
3478 4057
3479 4059
3480 4059
3481 4059
3482 4059
3483 4057
3484 4058
3485 4057
3486 4056
3487 4061
3488 4056
3489 4055
3490 4056
3491 4058
3492 4056
3493 4058
3494 4059
3495 4055
3496 4057
3497 4056
3498 4060
3499 4057
3500 4056
3501 4064
3502 4054
3503 4059
3504 4056
3505 4058
3506 4057
3507 4058
3508 4059
3509 4057
3510 4051
3511 4061
3512 4058
3513 4055
3514 4058
3515 4061
3516 4054
3517 4061
3518 4055
3519 4056
3520 4057
3521 4055
3522 4055
3523 4057
3524 4058
3525 4057
3526 4061
3527 4061
3528 4057
3529 4057
3530 4056
3531 4056
3532 4053
3533 4058
3534 4058
3535 4057
3536 4056
3537 4059
3538 4057
3539 4058
3540 4057
3541 4058
3542 4057
3543 4059
3544 4057
3545 4061
3546 4058
3547 4055
3548 4055
3549 4064
3550 4056
3551 4059
3552 4055
3553 4053
3554 4056
3555 4059
3556 4057
3557 4057
3558 4057
3559 4058
3560 4057
3561 4057
3562 4057
3563 4056
3564 4059
3565 4056
3566 4058
3567 4061
3568 4055
3569 4059
3570 4059
3571 4058
3572 4058
3573 4056
3574 4061
3575 4055
3576 4057
3577 4055
3578 4060
3579 4059
3580 4061
3581 4056
3582 4057
3583 4058
3584 4057
3585 4060
3586 4054
3587 4059
3588 4057
3589 4055
3590 4059
3591 4056
3592 4055
3593 4059
3594 4057
3595 4057
3596 4059
3597 4058
3598 4059
3599 4061
3600 4054
3601 4061
3602 4058
3603 4057
3604 4057
3605 4060
3606 4054
3607 4054
3608 4064
3609 4059
3610 4064
3611 4058
3612 4059
3613 4060
3614 4064
3615 4059
3616 4056
3617 4059
3618 4065
3619 4057
3620 4059
3621 4059
3622 4053
3623 4055
3624 4057
3625 4058
3626 4058
3627 4058
3628 4052
3629 4058
3630 4059
3631 4060
3632 4056
3633 4058
3634 4056
3635 4058
3636 4059
3637 4058
3638 4059
3639 4057
3640 4059
3641 4054
3642 4054
3643 4059
3644 4060
3645 4059
3646 4056
3647 4055
3648 4057
3649 4057
3650 4057
3651 4064
3652 4053
3653 4061
3654 4055
3655 4056
3656 4058
3657 4056
3658 4061
3659 4058
3660 4057
3661 4055
3662 4057
3663 4058
3664 4058
3665 4057
3666 4057
3667 4057
3668 4057
3669 4058
3670 4058
3671 4057
3672 4059
3673 4057
3674 4060
3675 4057
3676 4056
3677 4057
3678 4055
3679 4057
3680 4059
3681 4059
3682 4057
3683 4059
3684 4060
3685 4055
3686 4057
3687 4060
3688 4057
3689 4055
3690 4057
3691 4056
3692 4055
3693 4059
3694 4054
