#Data from the TCD1304 linear CCD
#column 1 = pixelnumber , column 2 = pixelvalue
#Pixel 1-32 and 3679-3694 and are dummy pixels
#SH-period: 200    ICG-period: 100000    Integration time: 100.0 us
2 4044
3 4045
4 4058
5 4061
6 4059
7 4060
8 4060
9 4058
10 4057
11 4061
12 4056
13 4060
14 4064
15 4060
16 4055
17 4059
18 4057
19 4059
20 4057
21 4055
22 4056
23 4058
24 4059
25 4057
26 4059
27 4058
28 4055
29 4057
30 4058
31 4061
32 4058
34 4059
35 4058
36 4060
37 4059
38 4056
39 4057
40 4058
41 4058
42 4061
43 4059
44 4058
45 4056
46 4055
47 4057
48 4055
49 4058
50 4058
51 4064
52 4057
53 4064
54 4056
55 4062
56 4061
57 4060
58 4059
59 4059
60 4061
61 4057
62 4058
63 4058
64 4060
65 4064
66 4057
67 4056
68 4059
69 4059
70 4059
71 4058
72 4057
73 4058
74 4057
75 4061
76 4058
77 4059
78 4059
79 4058
80 4059
81 4058
82 4056
83 4059
84 4059
85 4059
86 4059
87 4057
88 4059
89 4057
90 4059
91 4058
92 4053
93 4057
94 4059
95 4059
96 4060
97 4059
98 4057
99 4055
100 4059
101 4060
102 4056
103 4064
104 4056
105 4058
106 4064
107 4060
108 4057
109 4057
110 4060
111 4060
112 4064
113 4060
114 4059
115 4057
116 4057
117 4059
118 4057
119 4057
120 4060
121 4058
122 4061
123 4057
124 4060
125 4057
126 4059
127 4059
128 4060
129 4059
130 4060
131 4057
132 4058
133 4057
134 4058
135 4058
136 4059
137 4059
138 4057
139 4057
140 4059
141 4058
142 4056
143 4059
144 4057
145 4057
146 4057
147 4055
148 4059
149 4059
150 4059
151 4064
152 4053
153 4061
154 4055
155 4059
156 4061
157 4057
158 4057
159 4059
160 4056
161 4059
162 4056
163 4060
164 4056
165 4057
166 4057
167 4059
168 4056
169 4060
170 4055
171 4057
172 4057
173 4059
174 4058
175 4059
176 4054
177 4059
178 4064
179 4056
180 4055
181 4060
182 4058
183 4058
184 4058
185 4058
186 4059
187 4064
188 4060
189 4057
190 4060
191 4057
192 4057
193 4059
194 4055
195 4059
196 4057
197 4060
198 4057
199 4064
200 4061
201 4059
202 4053
203 4064
204 4057
205 4059
206 4059
207 4057
208 4059
209 4059
210 4056
211 4057
212 4059
213 4058
214 4058
215 4061
216 4057
217 4061
218 4056
219 4061
220 4057
221 4060
222 4057
223 4060
224 4059
225 4058
226 4059
227 4056
228 4057
229 4056
230 4059
231 4061
232 4060
233 4056
234 4055
235 4061
236 4061
237 4059
238 4061
239 4059
240 4057
241 4057
242 4060
243 4059
244 4057
245 4057
246 4059
247 4061
248 4064
249 4059
250 4058
251 4061
252 4053
253 4064
254 4060
255 4060
256 4060
257 4055
258 4056
259 4064
260 4057
261 4060
262 4059
263 4059
264 4056
265 4059
266 4061
267 4057
268 4058
269 4061
270 4057
271 4057
272 4061
273 4055
274 4057
275 4056
276 4057
277 4057
278 4061
279 4057
280 4058
281 4059
282 4057
283 4058
284 4059
285 4064
286 4057
287 4061
288 4058
289 4058
290 4059
291 4057
292 4057
293 4060
294 4059
295 4059
296 4056
297 4059
298 4058
299 4058
300 4058
301 4064
302 4056
303 4059
304 4059
305 4058
306 4059
307 4057
308 4058
309 4058
310 4060
311 4060
312 4057
313 4059
314 4057
315 4061
316 4058
317 4060
318 4059
319 4058
320 4057
321 4060
322 4059
323 4060
324 4058
325 4061
326 4056
327 4056
328 4060
329 4060
330 4060
331 4058
332 4057
333 4058
334 4057
335 4059
336 4058
337 4058
338 4060
339 4060
340 4059
341 4057
342 4059
343 4057
344 4064
345 4057
346 4057
347 4060
348 4056
349 4058
350 4061
351 4061
352 4055
353 4061
354 4058
355 4056
356 4057
357 4059
358 4057
359 4057
360 4058
361 4057
362 4058
363 4060
364 4056
365 4061
366 4055
367 4059
368 4056
369 4060
370 4059
371 4057
372 4057
373 4058
374 4059
375 4059
376 4064
377 4057
378 4057
379 4060
380 4057
381 4061
382 4060
383 4059
384 4058
385 4064
386 4058
387 4064
388 4059
389 4058
390 4058
391 4058
392 4058
393 4060
394 4060
395 4059
396 4055
397 4064
398 4058
399 4061
400 4057
401 4064
402 4056
403 4061
404 4059
405 4056
406 4061
407 4059
408 4059
409 4059
410 4059
411 4058
412 4058
413 4056
414 4056
415 4064
416 4059
417 4054
418 4059
419 4059
420 4055
421 4064
422 4057
423 4058
424 4061
425 4059
426 4059
427 4057
428 4057
429 4058
430 4057
431 4060
432 4055
433 4059
434 4059
435 4060
436 4060
437 4059
438 4057
439 4055
440 4060
441 4059
442 4059
443 4060
444 4060
445 4056
446 4064
447 4061
448 4059
449 4058
450 4057
451 4064
452 4054
453 4060
454 4059
455 4059
456 4059
457 4061
458 4064
459 4058
460 4055
461 4060
462 4057
463 4064
464 4057
465 4061
466 4059
467 4059
468 4064
469 4057
470 4060
471 4059
472 4057
473 4061
474 4059
475 4058
476 4059
477 4057
478 4057
479 4057
480 4059
481 4056
482 4064
483 4057
484 4056
485 4059
486 4064
487 4059
488 4064
489 4058
490 4058
491 4058
492 4058
493 4059
494 4060
495 4061
496 4059
497 4059
498 4056
499 4060
500 4058
501 4064
502 4057
503 4057
504 4057
505 4057
506 4058
507 4059
508 4057
509 4061
510 4060
511 4059
512 4058
513 4060
514 4056
515 4057
516 4058
517 4057
518 4059
519 4059
520 4059
521 4059
522 4058
523 4058
524 4060
525 4059
526 4060
527 4060
528 4057
529 4060
530 4057
531 4057
532 4061
533 4061
534 4058
535 4064
536 4059
537 4060
538 4057
539 4056
540 4058
541 4060
542 4059
543 4059
544 4061
545 4058
546 4060
547 4060
548 4060
549 4060
550 4059
551 4064
552 4057
553 4060
554 4058
555 4056
556 4056
557 4061
558 4059
559 4058
560 4056
561 4059
562 4056
563 4059
564 4059
565 4057
566 4059
567 4064
568 4057
569 4058
570 4058
571 4058
572 4059
573 4064
574 4055
575 4059
576 4057
577 4057
578 4056
579 4059
580 4059
581 4064
582 4057
583 4058
584 4059
585 4060
586 4059
587 4061
588 4058
589 4055
590 4057
591 4060
592 4057
593 4057
594 4057
595 4059
596 4060
597 4060
598 4057
599 4058
600 4057
601 4064
602 4056
603 4060
604 4059
605 4059
606 4059
607 4060
608 4057
609 4061
610 4061
611 4059
612 4057
613 4058
614 4060
615 4064
616 4058
617 4057
618 4058
619 4059
620 4056
621 4058
622 4059
623 4058
624 4056
625 4059
626 4055
627 4057
628 4060
629 4058
630 4057
631 4058
632 4058
633 4059
634 4060
635 4060
636 4057
637 4057
638 4058
639 4058
640 4061
641 4055
642 4060
643 4058
644 4056
645 4058
646 4058
647 4059
648 4058
649 4056
650 4059
651 4064
652 4055
653 4059
654 4061
655 4058
656 4058
657 4059
658 4057
659 4061
660 4055
661 4061
662 4057
663 4061
664 4057
665 4064
666 4058
667 4060
668 4057
669 4058
670 4064
671 4058
672 4061
673 4057
674 4061
675 4064
676 4059
677 4058
678 4061
679 4057
680 4057
681 4060
682 4057
683 4057
684 4057
685 4057
686 4059
687 4059
688 4058
689 4064
690 4060
691 4057
692 4057
693 4060
694 4060
695 4056
696 4056
697 4057
698 4057
699 4061
700 4057
701 4064
702 4054
703 4059
704 4058
705 4058
706 4058
707 4059
708 4058
709 4060
710 4058
711 4057
712 4057
713 4060
714 4059
715 4058
716 4058
717 4057
718 4057
719 4058
720 4057
721 4061
722 4058
723 4057
724 4059
725 4060
726 4058
727 4057
728 4055
729 4060
730 4061
731 4059
732 4061
733 4064
734 4058
735 4060
736 4059
737 4064
738 4057
739 4064
740 4059
741 4059
742 4060
743 4058
744 4058
745 4061
746 4059
747 4055
748 4064
749 4057
750 4057
751 4059
752 4055
753 4057
754 4059
755 4059
756 4057
757 4058
758 4058
759 4057
760 4057
761 4060
762 4057
763 4057
764 4058
765 4060
766 4056
767 4058
768 4057
769 4055
770 4057
771 4061
772 4057
773 4055
774 4057
775 4057
776 4064
777 4057
778 4059
779 4057
780 4060
781 4057
782 4057
783 4059
784 4057
785 4064
786 4057
787 4059
788 4060
789 4055
790 4055
791 4059
792 4060
793 4058
794 4057
795 4059
796 4055
797 4059
798 4061
799 4058
800 4060
801 4060
802 4057
803 4059
804 4055
805 4061
806 4060
807 4054
808 4059
809 4055
810 4057
811 4060
812 4057
813 4058
814 4061
815 4056
816 4056
817 4059
818 4059
819 4057
820 4059
821 4057
822 4057
823 4061
824 4060
825 4059
826 4056
827 4058
828 4058
829 4053
830 4059
831 4059
832 4056
833 4058
834 4056
835 4058
836 4064
837 4058
838 4057
839 4060
840 4064
841 4059
842 4056
843 4057
844 4061
845 4058
846 4057
847 4056
848 4053
849 4061
850 4060
851 4061
852 4056
853 4060
854 4061
855 4060
856 4055
857 4057
858 4058
859 4057
860 4058
861 4060
862 4057
863 4058
864 4061
865 4059
866 4058
867 4061
868 4058
869 4059
870 4057
871 4061
872 4057
873 4059
874 4059
875 4058
876 4059
877 4059
878 4060
879 4060
880 4058
881 4056
882 4060
883 4057
884 4059
885 4064
886 4060
887 4060
888 4057
889 4057
890 4057
891 4057
892 4060
893 4059
894 4059
895 4058
896 4058
897 4058
898 4058
899 4060
900 4060
901 4059
902 4054
903 4059
904 4058
905 4058
906 4057
907 4060
908 4060
909 4064
910 4057
911 4060
912 4064
913 4057
914 4057
915 4060
916 4057
917 4059
918 4058
919 4057
920 4057
921 4057
922 4057
923 4058
924 4056
925 4056
926 4057
927 4058
928 4064
929 4061
930 4057
931 4058
932 4059
933 4056
934 4060
935 4060
936 4058
937 4057
938 4056
939 4059
940 4060
941 4059
942 4056
943 4059
944 4055
945 4060
946 4060
947 4057
948 4061
949 4059
950 4058
951 4064
952 4052
953 4058
954 4059
955 4060
956 4059
957 4059
958 4058
959 4057
960 4058
961 4061
962 4057
963 4059
964 4060
965 4064
966 4057
967 4055
968 4061
969 4054
970 4058
971 4060
972 4059
973 4057
974 4060
975 4057
976 4059
977 4058
978 4059
979 4057
980 4058
981 4059
982 4060
983 4057
984 4059
985 4059
986 4057
987 4060
988 4058
989 4060
990 4059
991 4059
992 4061
993 4058
994 4061
995 4060
996 4056
997 4057
998 4060
999 4059
1000 4062
1001 4064
1002 4057
1003 4059
1004 4059
1005 4064
1006 4062
1007 4059
1008 4061
1009 4059
1010 4060
1011 4061
1012 4057
1013 4058
1014 4058
1015 4061
1016 4058
1017 4059
1018 4061
1019 4061
1020 4058
1021 4056
1022 4060
1023 4058
1024 4054
1025 4057
1026 4061
1027 4056
1028 4061
1029 4056
1030 4064
1031 4058
1032 4059
1033 4059
1034 4059
1035 4061
1036 4059
1037 4055
1038 4059
1039 4057
1040 4059
1041 4059
1042 4060
1043 4060
1044 4059
1045 4058
1046 4061
1047 4060
1048 4058
1049 4060
1050 4057
1051 4061
1052 4057
1053 4057
1054 4061
1055 4059
1056 4061
1057 4061
1058 4061
1059 4056
1060 4057
1061 4058
1062 4057
1063 4059
1064 4061
1065 4058
1066 4057
1067 4058
1068 4057
1069 4055
1070 4061
1071 4059
1072 4057
1073 4064
1074 4057
1075 4057
1076 4059
1077 4060
1078 4059
1079 4059
1080 4059
1081 4057
1082 4059
1083 4057
1084 4058
1085 4061
1086 4058
1087 4054
1088 4057
1089 4060
1090 4059
1091 4058
1092 4059
1093 4059
1094 4059
1095 4060
1096 4056
1097 4059
1098 4060
1099 4060
1100 4059
1101 4064
1102 4059
1103 4061
1104 4056
1105 4061
1106 4060
1107 4059
1108 4058
1109 4059
1110 4059
1111 4060
1112 4059
1113 4061
1114 4064
1115 4061
1116 4057
1117 4064
1118 4059
1119 4061
1120 4059
1121 4058
1122 4061
1123 4060
1124 4056
1125 4056
1126 4057
1127 4059
1128 4059
1129 4060
1130 4057
1131 4058
1132 4057
1133 4055
1134 4057
1135 4060
1136 4059
1137 4057
1138 4057
1139 4061
1140 4058
1141 4058
1142 4059
1143 4059
1144 4060
1145 4059
1146 4059
1147 4057
1148 4057
1149 4064
1150 4057
1151 4064
1152 4056
1153 4057
1154 4057
1155 4058
1156 4055
1157 4058
1158 4056
1159 4058
1160 4061
1161 4057
1162 4060
1163 4064
1164 4057
1165 4059
1166 4057
1167 4060
1168 4057
1169 4058
1170 4058
1171 4061
1172 4057
1173 4059
1174 4059
1175 4057
1176 4059
1177 4060
1178 4057
1179 4059
1180 4057
1181 4059
1182 4057
1183 4059
1184 4060
1185 4061
1186 4057
1187 4061
1188 4054
1189 4058
1190 4061
1191 4057
1192 4057
1193 4059
1194 4060
1195 4058
1196 4059
1197 4057
1198 4060
1199 4057
1200 4058
1201 4064
1202 4056
1203 4061
1204 4059
1205 4059
1206 4057
1207 4059
1208 4058
1209 4056
1210 4057
1211 4059
1212 4056
1213 4057
1214 4057
1215 4058
1216 4057
1217 4059
1218 4061
1219 4057
1220 4058
1221 4055
1222 4057
1223 4060
1224 4064
1225 4058
1226 4056
1227 4057
1228 4058
1229 4057
1230 4059
1231 4057
1232 4061
1233 4059
1234 4057
1235 4057
1236 4056
1237 4060
1238 4061
1239 4059
1240 4061
1241 4057
1242 4055
1243 4061
1244 4057
1245 4057
1246 4061
1247 4057
1248 4064
1249 4060
1250 4054
1251 4064
1252 4054
1253 4058
1254 4058
1255 4061
1256 4061
1257 4064
1258 4061
1259 4058
1260 4059
1261 4056
1262 4058
1263 4057
1264 4057
1265 4061
1266 4057
1267 4059
1268 4064
1269 4060
1270 4058
1271 4060
1272 4058
1273 4055
1274 4060
1275 4060
1276 4060
1277 4057
1278 4061
1279 4059
1280 4059
1281 4058
1282 4059
1283 4060
1284 4058
1285 4057
1286 4058
1287 4060
1288 4057
1289 4055
1290 4058
1291 4059
1292 4057
1293 4061
1294 4059
1295 4056
1296 4060
1297 4059
1298 4058
1299 4058
1300 4056
1301 4061
1302 4055
1303 4058
1304 4059
1305 4061
1306 4059
1307 4059
1308 4055
1309 4061
1310 4057
1311 4059
1312 4059
1313 4057
1314 4058
1315 4060
1316 4061
1317 4057
1318 4060
1319 4064
1320 4058
1321 4056
1322 4059
1323 4060
1324 4059
1325 4056
1326 4057
1327 4061
1328 4057
1329 4057
1330 4055
1331 4058
1332 4057
1333 4060
1334 4057
1335 4060
1336 4059
1337 4057
1338 4057
1339 4058
1340 4057
1341 4060
1342 4059
1343 4060
1344 4058
1345 4058
1346 4057
1347 4057
1348 4057
1349 4060
1350 4059
1351 4060
1352 4055
1353 4058
1354 4059
1355 4058
1356 4060
1357 4057
1358 4060
1359 4060
1360 4060
1361 4060
1362 4061
1363 4058
1364 4059
1365 4059
1366 4056
1367 4056
1368 4059
1369 4056
1370 4058
1371 4058
1372 4059
1373 4058
1374 4059
1375 4056
1376 4060
1377 4057
1378 4060
1379 4059
1380 4061
1381 4057
1382 4057
1383 4058
1384 4058
1385 4059
1386 4057
1387 4059
1388 4057
1389 4060
1390 4061
1391 4059
1392 4060
1393 4058
1394 4059
1395 4057
1396 4058
1397 4059
1398 4060
1399 4059
1400 4055
1401 4060
1402 4054
1403 4056
1404 4059
1405 4057
1406 4055
1407 4059
1408 4060
1409 4057
1410 4059
1411 4056
1412 4056
1413 4060
1414 4059
1415 4059
1416 4058
1417 4058
1418 4060
1419 4059
1420 4059
1421 4060
1422 4061
1423 4058
1424 4059
1425 4061
1426 4059
1427 4057
1428 4060
1429 4057
1430 4058
1431 4059
1432 4061
1433 4059
1434 4060
1435 4061
1436 4059
1437 4057
1438 4057
1439 4058
1440 4064
1441 4059
1442 4059
1443 4064
1444 4056
1445 4058
1446 4059
1447 4056
1448 4059
1449 4059
1450 4057
1451 4064
1452 4057
1453 4059
1454 4056
1455 4058
1456 4060
1457 4064
1458 4059
1459 4061
1460 4060
1461 4059
1462 4056
1463 4060
1464 4060
1465 4058
1466 4061
1467 4058
1468 4060
1469 4058
1470 4060
1471 4057
1472 4059
1473 4058
1474 4060
1475 4058
1476 4058
1477 4056
1478 4057
1479 4059
1480 4060
1481 4059
1482 4057
1483 4057
1484 4055
1485 4060
1486 4057
1487 4055
1488 4056
1489 4056
1490 4062
1491 4057
1492 4056
1493 4059
1494 4059
1495 4061
1496 4058
1497 4059
1498 4064
1499 4059
1500 4059
1501 4061
1502 4053
1503 4060
1504 4053
1505 4059
1506 4061
1507 4057
1508 4055
1509 4059
1510 4060
1511 4061
1512 4057
1513 4059
1514 4060
1515 4064
1516 4059
1517 4058
1518 4060
1519 4058
1520 4060
1521 4060
1522 4057
1523 4060
1524 4060
1525 4060
1526 4057
1527 4060
1528 4057
1529 4057
1530 4057
1531 4057
1532 4058
1533 4056
1534 4060
1535 4059
1536 4059
1537 4064
1538 4058
1539 4057
1540 4061
1541 4057
1542 4058
1543 4058
1544 4057
1545 4060
1546 4064
1547 4057
1548 4060
1549 4058
1550 4059
1551 4059
1552 4056
1553 4062
1554 4061
1555 4058
1556 4059
1557 4058
1558 4058
1559 4061
1560 4057
1561 4057
1562 4061
1563 4060
1564 4057
1565 4060
1566 4058
1567 4057
1568 4058
1569 4056
1570 4059
1571 4060
1572 4061
1573 4056
1574 4056
1575 4057
1576 4057
1577 4059
1578 4060
1579 4058
1580 4056
1581 4059
1582 4060
1583 4057
1584 4061
1585 4056
1586 4058
1587 4061
1588 4057
1589 4057
1590 4059
1591 4058
1592 4061
1593 4058
1594 4058
1595 4058
1596 4059
1597 4059
1598 4057
1599 4059
1600 4059
1601 4061
1602 4054
1603 4059
1604 4059
1605 4057
1606 4058
1607 4060
1608 4058
1609 4059
1610 4058
1611 4060
1612 4059
1613 4059
1614 4056
1615 4059
1616 4061
1617 4059
1618 4055
1619 4058
1620 4055
1621 4056
1622 4064
1623 4054
1624 4053
1625 4064
1626 4057
1627 4054
1628 4057
1629 4059
1630 4055
1631 4060
1632 4060
1633 4055
1634 4061
1635 4059
1636 4060
1637 4064
1638 4057
1639 4055
1640 4058
1641 4059
1642 4059
1643 4058
1644 4059
1645 4060
1646 4058
1647 4064
1648 4055
1649 4058
1650 4057
1651 4064
1652 4056
1653 4060
1654 4056
1655 4059
1656 4058
1657 4058
1658 4057
1659 4059
1660 4057
1661 4056
1662 4058
1663 4059
1664 4058
1665 4057
1666 4058
1667 4057
1668 4057
1669 4056
1670 4060
1671 4056
1672 4058
1673 4060
1674 4058
1675 4059
1676 4060
1677 4064
1678 4061
1679 4056
1680 4059
1681 4060
1682 4056
1683 4057
1684 4058
1685 4061
1686 4061
1687 4061
1688 4058
1689 4054
1690 4064
1691 4053
1692 4057
1693 4064
1694 4057
1695 4058
1696 4057
1697 4059
1698 4059
1699 4056
1700 4058
1701 4059
1702 4055
1703 4058
1704 4058
1705 4059
1706 4057
1707 4059
1708 4061
1709 4061
1710 4057
1711 4057
1712 4061
1713 4058
1714 4059
1715 4060
1716 4056
1717 4060
1718 4059
1719 4058
1720 4056
1721 4058
1722 4056
1723 4064
1724 4060
1725 4059
1726 4059
1727 4055
1728 4059
1729 4059
1730 4057
1731 4060
1732 4058
1733 4059
1734 4056
1735 4060
1736 4057
1737 4058
1738 4060
1739 4057
1740 4057
1741 4057
1742 4058
1743 4059
1744 4059
1745 4058
1746 4059
1747 4058
1748 4057
1749 4056
1750 4060
1751 4064
1752 4055
1753 4059
1754 4060
1755 4057
1756 4059
1757 4057
1758 4059
1759 4061
1760 4064
1761 4059
1762 4057
1763 4060
1764 4056
1765 4061
1766 4058
1767 4057
1768 4058
1769 4060
1770 4055
1771 4055
1772 4061
1773 4058
1774 4057
1775 4059
1776 4059
1777 4060
1778 4060
1779 4057
1780 4058
1781 4057
1782 4059
1783 4058
1784 4056
1785 4055
1786 4058
1787 4059
1788 4060
1789 4057
1790 4059
1791 4057
1792 4056
1793 4057
1794 4060
1795 4057
1796 4058
1797 4060
1798 4060
1799 4057
1800 4057
1801 4061
1802 4057
1803 4057
1804 4056
1805 4059
1806 4057
1807 4059
1808 4055
1809 4059
1810 4057
1811 4060
1812 4057
1813 4057
1814 4057
1815 4059
1816 4061
1817 4059
1818 4054
1819 4058
1820 4059
1821 4057
1822 4059
1823 4059
1824 4060
1825 4057
1826 4061
1827 4059
1828 4061
1829 4057
1830 4059
1831 4061
1832 4057
1833 4059
1834 4056
1835 4057
1836 4057
1837 4058
1838 4058
1839 4059
1840 4064
1841 4059
1842 4059
1843 4058
1844 4064
1845 4058
1846 4057
1847 4057
1848 4059
1849 4060
1850 4059
1851 4060
1852 4056
1853 4064
1854 4059
1855 4058
1856 4060
1857 4058
1858 4059
1859 4059
1860 4058
1861 4059
1862 4058
1863 4055
1864 4058
1865 4064
1866 4055
1867 4058
1868 4055
1869 4060
1870 4061
1871 4064
1872 4059
1873 4057
1874 4058
1875 4060
1876 4056
1877 4059
1878 4058
1879 4061
1880 4059
1881 4061
1882 4057
1883 4060
1884 4060
1885 4059
1886 4053
1887 4060
1888 4060
1889 4058
1890 4060
1891 4057
1892 4061
1893 4057
1894 4058
1895 4059
1896 4058
1897 4060
1898 4061
1899 4058
1900 4057
1901 4064
1902 4052
1903 4059
1904 4060
1905 4053
1906 4059
1907 4061
1908 4058
1909 4056
1910 4061
1911 4056
1912 4058
1913 4058
1914 4059
1915 4060
1916 4058
1917 4058
1918 4058
1919 4060
1920 4055
1921 4059
1922 4057
1923 4059
1924 4060
1925 4061
1926 4060
1927 4059
1928 4059
1929 4058
1930 4060
1931 4059
1932 4059
1933 4060
1934 4060
1935 4059
1936 4060
1937 4059
1938 4058
1939 4059
1940 4064
1941 4060
1942 4057
1943 4060
1944 4058
1945 4059
1946 4056
1947 4058
1948 4057
1949 4059
1950 4057
1951 4061
1952 4057
1953 4061
1954 4058
1955 4058
1956 4064
1957 4064
1958 4058
1959 4059
1960 4060
1961 4057
1962 4056
1963 4059
1964 4059
1965 4058
1966 4058
1967 4056
1968 4059
1969 4057
1970 4061
1971 4056
1972 4059
1973 4059
1974 4057
1975 4060
1976 4059
1977 4059
1978 4057
1979 4064
1980 4058
1981 4059
1982 4064
1983 4059
1984 4057
1985 4060
1986 4058
1987 4058
1988 4060
1989 4064
1990 4057
1991 4061
1992 4056
1993 4059
1994 4059
1995 4061
1996 4059
1997 4059
1998 4057
1999 4059
2000 4060
2001 4064
2002 4055
2003 4058
2004 4058
2005 4058
2006 4060
2007 4058
2008 4058
2009 4058
2010 4058
2011 4059
2012 4056
2013 4057
2014 4057
2015 4060
2016 4060
2017 4058
2018 4058
2019 4059
2020 4059
2021 4059
2022 4060
2023 4059
2024 4058
2025 4057
2026 4057
2027 4061
2028 4064
2029 4060
2030 4058
2031 4060
2032 4057
2033 4056
2034 4054
2035 4058
2036 4059
2037 4058
2038 4061
2039 4060
2040 4059
2041 4058
2042 4060
2043 4061
2044 4057
2045 4058
2046 4061
2047 4061
2048 4058
2049 4059
2050 4061
2051 4064
2052 4057
2053 4056
2054 4060
2055 4064
2056 4056
2057 4058
2058 4059
2059 4060
2060 4055
2061 4061
2062 4060
2063 4061
2064 4057
2065 4056
2066 4059
2067 4058
2068 4058
2069 4059
2070 4059
2071 4058
2072 4057
2073 4058
2074 4057
2075 4059
2076 4064
2077 4058
2078 4059
2079 4058
2080 4059
2081 4057
2082 4057
2083 4060
2084 4057
2085 4059
2086 4059
2087 4059
2088 4057
2089 4059
2090 4058
2091 4061
2092 4055
2093 4061
2094 4057
2095 4060
2096 4059
2097 4059
2098 4060
2099 4059
2100 4059
2101 4064
2102 4057
2103 4057
2104 4060
2105 4058
2106 4060
2107 4060
2108 4056
2109 4056
2110 4059
2111 4059
2112 4055
2113 4057
2114 4058
2115 4061
2116 4058
2117 4058
2118 4058
2119 4058
2120 4061
2121 4060
2122 4058
2123 4059
2124 4057
2125 4060
2126 4061
2127 4059
2128 4059
2129 4059
2130 4060
2131 4058
2132 4059
2133 4061
2134 4057
2135 4056
2136 4058
2137 4056
2138 4059
2139 4058
2140 4058
2141 4057
2142 4057
2143 4060
2144 4055
2145 4059
2146 4058
2147 4059
2148 4057
2149 4059
2150 4058
2151 4059
2152 4059
2153 4060
2154 4064
2155 4064
2156 4059
2157 4061
2158 4057
2159 4060
2160 4056
2161 4058
2162 4057
2163 4060
2164 4060
2165 4060
2166 4057
2167 4059
2168 4054
2169 4059
2170 4058
2171 4056
2172 4061
2173 4064
2174 4057
2175 4058
2176 4060
2177 4060
2178 4056
2179 4058
2180 4061
2181 4059
2182 4060
2183 4058
2184 4057
2185 4061
2186 4055
2187 4057
2188 4060
2189 4060
2190 4061
2191 4058
2192 4057
2193 4057
2194 4059
2195 4057
2196 4059
2197 4057
2198 4054
2199 4061
2200 4058
2201 4064
2202 4057
2203 4062
2204 4057
2205 4061
2206 4059
2207 4059
2208 4059
2209 4059
2210 4058
2211 4058
2212 4059
2213 4061
2214 4058
2215 4058
2216 4058
2217 4060
2218 4057
2219 4061
2220 4060
2221 4057
2222 4064
2223 4060
2224 4058
2225 4058
2226 4058
2227 4056
2228 4056
2229 4059
2230 4059
2231 4059
2232 4057
2233 4061
2234 4059
2235 4057
2236 4058
2237 4059
2238 4059
2239 4061
2240 4061
2241 4058
2242 4057
2243 4059
2244 4056
2245 4057
2246 4058
2247 4057
2248 4060
2249 4057
2250 4059
2251 4064
2252 4058
2253 4060
2254 4058
2255 4058
2256 4056
2257 4058
2258 4060
2259 4058
2260 4057
2261 4058
2262 4061
2263 4058
2264 4057
2265 4060
2266 4057
2267 4059
2268 4061
2269 4059
2270 4055
2271 4060
2272 4058
2273 4060
2274 4059
2275 4059
2276 4057
2277 4057
2278 4061
2279 4058
2280 4053
2281 4061
2282 4057
2283 4064
2284 4059
2285 4058
2286 4055
2287 4057
2288 4061
2289 4054
2290 4058
2291 4060
2292 4056
2293 4060
2294 4055
2295 4058
2296 4059
2297 4057
2298 4059
2299 4059
2300 4059
2301 4061
2302 4053
2303 4060
2304 4058
2305 4059
2306 4057
2307 4059
2308 4057
2309 4057
2310 4058
2311 4060
2312 4056
2313 4059
2314 4055
2315 4065
2316 4055
2317 4058
2318 4059
2319 4056
2320 4061
2321 4060
2322 4056
2323 4059
2324 4059
2325 4056
2326 4055
2327 4059
2328 4060
2329 4059
2330 4061
2331 4059
2332 4060
2333 4061
2334 4060
2335 4060
2336 4059
2337 4059
2338 4054
2339 4060
2340 4059
2341 4059
2342 4057
2343 4059
2344 4061
2345 4061
2346 4061
2347 4055
2348 4056
2349 4056
2350 4059
2351 4064
2352 4056
2353 4058
2354 4057
2355 4057
2356 4056
2357 4061
2358 4056
2359 4061
2360 4061
2361 4058
2362 4059
2363 4058
2364 4060
2365 4059
2366 4058
2367 4059
2368 4057
2369 4057
2370 4064
2371 4058
2372 4059
2373 4059
2374 4061
2375 4057
2376 4059
2377 4059
2378 4058
2379 4056
2380 4057
2381 4058
2382 4059
2383 4061
2384 4058
2385 4057
2386 4059
2387 4057
2388 4059
2389 4056
2390 4059
2391 4057
2392 4059
2393 4058
2394 4058
2395 4058
2396 4059
2397 4060
2398 4058
2399 4058
2400 4061
2401 4060
2402 4056
2403 4059
2404 4059
2405 4061
2406 4058
2407 4060
2408 4061
2409 4061
2410 4058
2411 4064
2412 4061
2413 4056
2414 4059
2415 4060
2416 4059
2417 4056
2418 4059
2419 4059
2420 4064
2421 4057
2422 4056
2423 4061
2424 4057
2425 4056
2426 4057
2427 4055
2428 4059
2429 4059
2430 4057
2431 4059
2432 4057
2433 4059
2434 4058
2435 4057
2436 4058
2437 4057
2438 4055
2439 4059
2440 4060
2441 4056
2442 4057
2443 4059
2444 4059
2445 4064
2446 4058
2447 4057
2448 4060
2449 4056
2450 4058
2451 4060
2452 4055
2453 4060
2454 4057
2455 4058
2456 4058
2457 4061
2458 4058
2459 4058
2460 4057
2461 4064
2462 4057
2463 4057
2464 4057
2465 4060
2466 4057
2467 4057
2468 4057
2469 4058
2470 4059
2471 4057
2472 4057
2473 4059
2474 4061
2475 4058
2476 4058
2477 4056
2478 4060
2479 4056
2480 4059
2481 4057
2482 4064
2483 4058
2484 4056
2485 4057
2486 4059
2487 4057
2488 4057
2489 4056
2490 4060
2491 4059
2492 4057
2493 4057
2494 4055
2495 4057
2496 4056
2497 4060
2498 4057
2499 4059
2500 4060
2501 4059
2502 4055
2503 4060
2504 4057
2505 4060
2506 4059
2507 4058
2508 4058
2509 4058
2510 4057
2511 4058
2512 4057
2513 4059
2514 4058
2515 4058
2516 4057
2517 4057
2518 4057
2519 4057
2520 4059
2521 4064
2522 4059
2523 4059
2524 4059
2525 4059
2526 4058
2527 4059
2528 4059
2529 4058
2530 4057
2531 4057
2532 4057
2533 4059
2534 4059
2535 4056
2536 4058
2537 4057
2538 4058
2539 4057
2540 4060
2541 4057
2542 4058
2543 4060
2544 4064
2545 4060
2546 4060
2547 4064
2548 4059
2549 4059
2550 4053
2551 4064
2552 4059
2553 4059
2554 4056
2555 4058
2556 4057
2557 4057
2558 4059
2559 4059
2560 4056
2561 4057
2562 4056
2563 4059
2564 4060
2565 4059
2566 4059
2567 4057
2568 4059
2569 4058
2570 4064
2571 4058
2572 4060
2573 4057
2574 4058
2575 4059
2576 4058
2577 4058
2578 4058
2579 4058
2580 4057
2581 4058
2582 4056
2583 4061
2584 4057
2585 4058
2586 4059
2587 4058
2588 4059
2589 4058
2590 4064
2591 4064
2592 4056
2593 4061
2594 4060
2595 4058
2596 4056
2597 4057
2598 4057
2599 4054
2600 4059
2601 4060
2602 4057
2603 4058
2604 4059
2605 4058
2606 4058
2607 4060
2608 4054
2609 4061
2610 4056
2611 4064
2612 4056
2613 4059
2614 4057
2615 4060
2616 4060
2617 4055
2618 4057
2619 4058
2620 4057
2621 4061
2622 4056
2623 4056
2624 4061
2625 4058
2626 4059
2627 4055
2628 4058
2629 4059
2630 4056
2631 4057
2632 4060
2633 4057
2634 4058
2635 4055
2636 4058
2637 4061
2638 4059
2639 4058
2640 4057
2641 4059
2642 4057
2643 4058
2644 4058
2645 4057
2646 4064
2647 4056
2648 4057
2649 4056
2650 4058
2651 4060
2652 4057
2653 4058
2654 4058
2655 4064
2656 4057
2657 4058
2658 4057
2659 4058
2660 4058
2661 4057
2662 4057
2663 4057
2664 4057
2665 4057
2666 4055
2667 4057
2668 4056
2669 4057
2670 4058
2671 4057
2672 4059
2673 4055
2674 4055
2675 4059
2676 4056
2677 4057
2678 4057
2679 4058
2680 4058
2681 4056
2682 4057
2683 4064
2684 4055
2685 4058
2686 4058
2687 4058
2688 4057
2689 4058
2690 4057
2691 4059
2692 4058
2693 4059
2694 4057
2695 4061
2696 4058
2697 4059
2698 4059
2699 4059
2700 4057
2701 4057
2702 4055
2703 4058
2704 4056
2705 4053
2706 4060
2707 4057
2708 4059
2709 4059
2710 4058
2711 4058
2712 4057
2713 4057
2714 4059
2715 4060
2716 4057
2717 4057
2718 4059
2719 4060
2720 4059
2721 4058
2722 4059
2723 4057
2724 4061
2725 4060
2726 4057
2727 4060
2728 4058
2729 4057
2730 4055
2731 4057
2732 4054
2733 4057
2734 4056
2735 4055
2736 4060
2737 4055
2738 4060
2739 4056
2740 4061
2741 4057
2742 4059
2743 4055
2744 4059
2745 4060
2746 4057
2747 4057
2748 4055
2749 4058
2750 4057
2751 4060
2752 4053
2753 4059
2754 4059
2755 4058
2756 4055
2757 4057
2758 4055
2759 4059
2760 4057
2761 4059
2762 4058
2763 4055
2764 4059
2765 4058
2766 4056
2767 4059
2768 4059
2769 4058
2770 4054
2771 4060
2772 4057
2773 4059
2774 4055
2775 4058
2776 4057
2777 4056
2778 4058
2779 4057
2780 4057
2781 4059
2782 4056
2783 4057
2784 4061
2785 4055
2786 4056
2787 4060
2788 4058
2789 4058
2790 4060
2791 4057
2792 4059
2793 4055
2794 4057
2795 4053
2796 4058
2797 4059
2798 4061
2799 4058
2800 4056
2801 4061
2802 4053
2803 4057
2804 4056
2805 4057
2806 4056
2807 4058
2808 4058
2809 4060
2810 4055
2811 4059
2812 4055
2813 4060
2814 4057
2815 4061
2816 4059
2817 4056
2818 4057
2819 4060
2820 4057
2821 4057
2822 4055
2823 4060
2824 4059
2825 4057
2826 4059
2827 4058
2828 4056
2829 4056
2830 4058
2831 4057
2832 4058
2833 4057
2834 4054
2835 4058
2836 4058
2837 4060
2838 4059
2839 4056
2840 4064
2841 4057
2842 4055
2843 4056
2844 4055
2845 4059
2846 4055
2847 4054
2848 4056
2849 4056
2850 4058
2851 4061
2852 4055
2853 4058
2854 4056
2855 4059
2856 4057
2857 4056
2858 4054
2859 4060
2860 4056
2861 4057
2862 4059
2863 4058
2864 4057
2865 4057
2866 4059
2867 4060
2868 4056
2869 4057
2870 4059
2871 4056
2872 4059
2873 4058
2874 4058
2875 4059
2876 4060
2877 4058
2878 4054
2879 4058
2880 4059
2881 4057
2882 4055
2883 4057
2884 4059
2885 4059
2886 4058
2887 4057
2888 4059
2889 4060
2890 4056
2891 4057
2892 4058
2893 4054
2894 4057
2895 4056
2896 4058
2897 4064
2898 4058
2899 4059
2900 4057
2901 4064
2902 4058
2903 4059
2904 4057
2905 4059
2906 4059
2907 4057
2908 4062
2909 4055
2910 4064
2911 4056
2912 4058
2913 4060
2914 4054
2915 4059
2916 4059
2917 4058
2918 4058
2919 4055
2920 4058
2921 4057
2922 4057
2923 4064
2924 4060
2925 4058
2926 4061
2927 4060
2928 4056
2929 4055
2930 4064
2931 4057
2932 4057
2933 4059
2934 4060
2935 4060
2936 4060
2937 4059
2938 4056
2939 4057
2940 4056
2941 4064
2942 4059
2943 4056
2944 4057
2945 4055
2946 4059
2947 4057
2948 4059
2949 4058
2950 4061
2951 4064
2952 4054
2953 4059
2954 4057
2955 4056
2956 4058
2957 4059
2958 4059
2959 4060
2960 4057
2961 4057
2962 4060
2963 4058
2964 4064
2965 4064
2966 4057
2967 4059
2968 4058
2969 4059
2970 4057
2971 4059
2972 4061
2973 4057
2974 4060
2975 4060
2976 4064
2977 4058
2978 4064
2979 4058
2980 4060
2981 4058
2982 4061
2983 4057
2984 4057
2985 4057
2986 4057
2987 4058
2988 4061
2989 4060
2990 4059
2991 4058
2992 4060
2993 4057
2994 4059
2995 4059
2996 4061
2997 4060
2998 4055
2999 4056
3000 4059
3001 4064
3002 4054
3003 4061
3004 4061
3005 4057
3006 4059
3007 4059
3008 4060
3009 4060
3010 4057
3011 4061
3012 4059
3013 4057
3014 4057
3015 4060
3016 4057
3017 4057
3018 4057
3019 4058
3020 4057
3021 4057
3022 4059
3023 4057
3024 4057
3025 4060
3026 4058
3027 4055
3028 4060
3029 4056
3030 4056
3031 4061
3032 4058
3033 4057
3034 4057
3035 4059
3036 4058
3037 4059
3038 4056
3039 4057
3040 4060
3041 4056
3042 4064
3043 4059
3044 4055
3045 4057
3046 4056
3047 4064
3048 4057
3049 4058
3050 4057
3051 4062
3052 4054
3053 4060
3054 4057
3055 4057
3056 4057
3057 4060
3058 4061
3059 4057
3060 4059
3061 4056
3062 4057
3063 4060
3064 4058
3065 4058
3066 4058
3067 4059
3068 4060
3069 4059
3070 4059
3071 4057
3072 4057
3073 4057
3074 4057
3075 4059
3076 4057
3077 4056
3078 4060
3079 4058
3080 4056
3081 4060
3082 4059
3083 4057
3084 4057
3085 4056
3086 4060
3087 4057
3088 4059
3089 4056
3090 4058
3091 4064
3092 4057
3093 4059
3094 4059
3095 4059
3096 4056
3097 4064
3098 4060
3099 4056
3100 4061
3101 4064
3102 4053
3103 4060
3104 4061
3105 4060
3106 4060
3107 4061
3108 4057
3109 4057
3110 4058
3111 4060
3112 4061
3113 4059
3114 4060
3115 4059
3116 4057
3117 4056
3118 4059
3119 4061
3120 4057
3121 4058
3122 4059
3123 4057
3124 4055
3125 4059
3126 4060
3127 4055
3128 4059
3129 4059
3130 4057
3131 4061
3132 4057
3133 4052
3134 4059
3135 4055
3136 4059
3137 4058
3138 4060
3139 4057
3140 4059
3141 4060
3142 4058
3143 4058
3144 4058
3145 4059
3146 4057
3147 4064
3148 4058
3149 4060
3150 4058
3151 4059
3152 4052
3153 4059
3154 4058
3155 4059
3156 4058
3157 4057
3158 4059
3159 4057
3160 4059
3161 4061
3162 4057
3163 4055
3164 4056
3165 4058
3166 4056
3167 4056
3168 4059
3169 4058
3170 4059
3171 4061
3172 4059
3173 4056
3174 4059
3175 4057
3176 4057
3177 4055
3178 4060
3179 4058
3180 4058
3181 4059
3182 4057
3183 4058
3184 4060
3185 4057
3186 4059
3187 4064
3188 4059
3189 4057
3190 4061
3191 4061
3192 4056
3193 4064
3194 4056
3195 4059
3196 4056
3197 4059
3198 4058
3199 4058
3200 4057
3201 4058
3202 4055
3203 4061
3204 4055
3205 4058
3206 4060
3207 4064
3208 4057
3209 4059
3210 4061
3211 4060
3212 4060
3213 4061
3214 4057
3215 4061
3216 4057
3217 4061
3218 4060
3219 4058
3220 4059
3221 4059
3222 4060
3223 4057
3224 4058
3225 4064
3226 4057
3227 4059
3228 4056
3229 4060
3230 4057
3231 4061
3232 4060
3233 4060
3234 4059
3235 4056
3236 4061
3237 4055
3238 4060
3239 4058
3240 4058
3241 4059
3242 4059
3243 4061
3244 4061
3245 4059
3246 4057
3247 4058
3248 4059
3249 4059
3250 4059
3251 4064
3252 4057
3253 4057
3254 4059
3255 4059
3256 4061
3257 4059
3258 4059
3259 4061
3260 4059
3261 4057
3262 4058
3263 4060
3264 4058
3265 4060
3266 4057
3267 4058
3268 4056
3269 4058
3270 4056
3271 4057
3272 4061
3273 4061
3274 4057
3275 4059
3276 4057
3277 4064
3278 4056
3279 4057
3280 4059
3281 4060
3282 4058
3283 4060
3284 4059
3285 4057
3286 4057
3287 4053
3288 4056
3289 4058
3290 4059
3291 4057
3292 4061
3293 4059
3294 4060
3295 4059
3296 4058
3297 4064
3298 4058
3299 4058
3300 4056
3301 4064
3302 4050
3303 4062
3304 4058
3305 4060
3306 4057
3307 4060
3308 4057
3309 4058
3310 4059
3311 4060
3312 4056
3313 4057
3314 4064
3315 4058
3316 4060
3317 4061
3318 4058
3319 4057
3320 4055
3321 4060
3322 4061
3323 4058
3324 4057
3325 4064
3326 4060
3327 4055
3328 4057
3329 4059
3330 4057
3331 4058
3332 4058
3333 4057
3334 4059
3335 4057
3336 4060
3337 4057
3338 4060
3339 4058
3340 4061
3341 4058
3342 4058
3343 4060
3344 4057
3345 4060
3346 4059
3347 4058
3348 4058
3349 4059
3350 4060
3351 4061
3352 4056
3353 4060
3354 4057
3355 4058
3356 4056
3357 4064
3358 4053
3359 4059
3360 4057
3361 4056
3362 4057
3363 4059
3364 4058
3365 4061
3366 4060
3367 4058
3368 4060
3369 4057
3370 4060
3371 4060
3372 4064
3373 4057
3374 4057
3375 4059
3376 4056
3377 4059
3378 4057
3379 4060
3380 4060
3381 4059
3382 4064
3383 4057
3384 4059
3385 4060
3386 4059
3387 4060
3388 4058
3389 4057
3390 4061
3391 4061
3392 4059
3393 4056
3394 4057
3395 4060
3396 4057
3397 4059
3398 4059
3399 4058
3400 4060
3401 4064
3402 4057
3403 4057
3404 4060
3405 4061
3406 4064
3407 4062
3408 4057
3409 4060
3410 4061
3411 4056
3412 4059
3413 4057
3414 4057
3415 4061
3416 4058
3417 4057
3418 4058
3419 4059
3420 4055
3421 4058
3422 4058
3423 4057
3424 4056
3425 4057
3426 4058
3427 4057
3428 4056
3429 4057
3430 4058
3431 4059
3432 4056
3433 4057
3434 4056
3435 4059
3436 4059
3437 4059
3438 4056
3439 4059
3440 4057
3441 4056
3442 4057
3443 4058
3444 4058
3445 4059
3446 4058
3447 4059
3448 4060
3449 4054
3450 4059
3451 4060
3452 4059
3453 4059
3454 4059
3455 4057
3456 4056
3457 4060
3458 4056
3459 4058
3460 4064
3461 4059
3462 4057
3463 4058
3464 4060
3465 4059
3466 4055
3467 4059
3468 4059
3469 4054
3470 4058
3471 4060
3472 4057
3473 4057
3474 4057
3475 4058
3476 4059
3477 4055
3478 4060
3479 4064
3480 4056
3481 4057
3482 4059
3483 4058
3484 4060
3485 4059
3486 4059
3487 4057
3488 4059
3489 4059
3490 4059
3491 4057
3492 4060
3493 4058
3494 4060
3495 4058
3496 4061
3497 4058
3498 4056
3499 4064
3500 4060
3501 4064
3502 4057
3503 4061
3504 4057
3505 4064
3506 4057
3507 4059
3508 4064
3509 4060
3510 4056
3511 4059
3512 4059
3513 4060
3514 4058
3515 4058
3516 4054
3517 4055
3518 4060
3519 4058
3520 4055
3521 4059
3522 4057
3523 4058
3524 4057
3525 4059
3526 4058
3527 4060
3528 4057
3529 4060
3530 4055
3531 4057
3532 4060
3533 4058
3534 4059
3535 4061
3536 4060
3537 4059
3538 4058
3539 4061
3540 4057
3541 4060
3542 4059
3543 4061
3544 4059
3545 4060
3546 4057
3547 4057
3548 4062
3549 4061
3550 4061
3551 4061
3552 4057
3553 4059
3554 4058
3555 4059
3556 4060
3557 4060
3558 4058
3559 4061
3560 4060
3561 4059
3562 4059
3563 4064
3564 4058
3565 4061
3566 4057
3567 4059
3568 4058
3569 4057
3570 4060
3571 4057
3572 4057
3573 4059
3574 4060
3575 4056
3576 4061
3577 4057
3578 4060
3579 4060
3580 4058
3581 4060
3582 4058
3583 4058
3584 4061
3585 4061
3586 4058
3587 4057
3588 4059
3589 4059
3590 4059
3591 4059
3592 4061
3593 4058
3594 4060
3595 4059
3596 4059
3597 4059
3598 4058
3599 4059
3600 4057
3601 4066
3602 4056
3603 4061
3604 4061
3605 4059
3606 4060
3607 4059
3608 4059
3609 4057
3610 4060
3611 4060
3612 4059
3613 4060
3614 4055
3615 4060
3616 4061
3617 4060
3618 4057
3619 4060
3620 4057
3621 4058
3622 4058
3623 4057
3624 4056
3625 4059
3626 4056
3627 4056
3628 4057
3629 4058
3630 4058
3631 4057
3632 4059
3633 4064
3634 4058
3635 4060
3636 4060
3637 4059
3638 4057
3639 4060
3640 4059
3641 4056
3642 4057
3643 4060
3644 4061
3645 4059
3646 4056
3647 4059
3648 4056
3649 4058
3650 4059
3651 4060
3652 4056
3653 4062
3654 4058
3655 4064
3656 4056
3657 4059
3658 4059
3659 4061
3660 4058
3661 4057
3662 4059
3663 4058
3664 4058
3665 4060
3666 4055
3667 4061
3668 4059
3669 4061
3670 4056
3671 4061
3672 4061
3673 4060
3674 4057
3675 4059
3676 4057
3677 4055
3678 4059
3679 4060
3680 4058
3681 4059
3682 4059
3683 4060
3684 4059
3685 4060
3686 4057
3687 4057
3688 4059
3689 4061
3690 4059
3691 4059
3692 4057
3693 4060
3694 4059
