#Data from the TCD1304 linear CCD
#column 1 = pixelnumber , column 2 = pixelvalue
#Pixel 1-32 and 3679-3694 and are dummy pixels
#SH-period: 200    ICG-period: 100000    Integration time: 100.0 us
2 4037
3 4040
4 4057
5 4053
6 4057
7 4056
8 4055
9 4053
10 4053
11 4053
12 4053
13 4054
14 4053
15 4053
16 4053
17 4054
18 4051
19 4055
20 4056
21 4049
22 4056
23 4055
24 4053
25 4059
26 4054
27 4057
28 4057
29 4053
30 4051
31 4057
32 4053
34 4057
35 4057
36 4054
37 4059
38 4055
39 4057
40 4060
41 4057
42 4055
43 4058
44 4058
45 4054
46 4053
47 4058
48 4053
49 4057
50 4058
51 4057
52 4055
53 4057
54 4056
55 4056
56 4060
57 4057
58 4054
59 4055
60 4052
61 4056
62 4056
63 4055
64 4055
65 4057
66 4053
67 4057
68 4058
69 4053
70 4055
71 4055
72 4057
73 4055
74 4056
75 4055
76 4053
77 4055
78 4054
79 4058
80 4060
81 4055
82 4054
83 4057
84 4058
85 4057
86 4056
87 4057
88 4055
89 4055
90 4056
91 4056
92 4056
93 4059
94 4055
95 4056
96 4057
97 4057
98 4055
99 4056
100 4053
101 4057
102 4052
103 4056
104 4055
105 4056
106 4052
107 4054
108 4055
109 4057
110 4053
111 4057
112 4057
113 4057
114 4054
115 4056
116 4057
117 4055
118 4057
119 4055
120 4056
121 4055
122 4053
123 4053
124 4055
125 4055
126 4053
127 4054
128 4055
129 4054
130 4057
131 4058
132 4055
133 4055
134 4055
135 4057
136 4053
137 4058
138 4056
139 4058
140 4057
141 4055
142 4054
143 4055
144 4056
145 4056
146 4054
147 4057
148 4055
149 4061
150 4053
151 4056
152 4051
153 4059
154 4057
155 4056
156 4057
157 4057
158 4056
159 4057
160 4057
161 4057
162 4057
163 4061
164 4053
165 4056
166 4057
167 4056
168 4053
169 4056
170 4055
171 4052
172 4055
173 4057
174 4053
175 4055
176 4056
177 4057
178 4053
179 4056
180 4054
181 4052
182 4059
183 4058
184 4058
185 4054
186 4056
187 4057
188 4052
189 4055
190 4054
191 4051
192 4054
193 4052
194 4052
195 4053
196 4056
197 4053
198 4056
199 4061
200 4056
201 4057
202 4051
203 4057
204 4056
205 4057
206 4057
207 4056
208 4056
209 4055
210 4054
211 4056
212 4055
213 4054
214 4054
215 4054
216 4057
217 4057
218 4055
219 4059
220 4055
221 4055
222 4059
223 4056
224 4054
225 4056
226 4056
227 4055
228 4057
229 4055
230 4060
231 4059
232 4055
233 4054
234 4058
235 4056
236 4055
237 4054
238 4052
239 4057
240 4053
241 4057
242 4056
243 4055
244 4059
245 4055
246 4053
247 4055
248 4055
249 4054
250 4055
251 4058
252 4054
253 4057
254 4054
255 4057
256 4060
257 4055
258 4057
259 4059
260 4056
261 4056
262 4057
263 4055
264 4056
265 4057
266 4058
267 4057
268 4055
269 4057
270 4055
271 4054
272 4055
273 4053
274 4055
275 4057
276 4055
277 4056
278 4057
279 4059
280 4057
281 4055
282 4057
283 4054
284 4056
285 4057
286 4055
287 4055
288 4054
289 4054
290 4053
291 4056
292 4055
293 4055
294 4054
295 4057
296 4054
297 4059
298 4056
299 4052
300 4052
301 4054
302 4054
303 4061
304 4054
305 4057
306 4056
307 4056
308 4053
309 4058
310 4054
311 4057
312 4057
313 4060
314 4057
315 4055
316 4055
317 4058
318 4057
319 4058
320 4055
321 4051
322 4055
323 4056
324 4056
325 4057
326 4056
327 4057
328 4059
329 4057
330 4055
331 4055
332 4056
333 4054
334 4058
335 4057
336 4053
337 4057
338 4057
339 4060
340 4054
341 4056
342 4055
343 4056
344 4057
345 4053
346 4052
347 4058
348 4058
349 4056
350 4054
351 4059
352 4052
353 4060
354 4058
355 4053
356 4056
357 4059
358 4055
359 4058
360 4057
361 4058
362 4057
363 4057
364 4057
365 4056
366 4054
367 4058
368 4055
369 4055
370 4055
371 4052
372 4055
373 4054
374 4058
375 4058
376 4056
377 4054
378 4057
379 4055
380 4055
381 4057
382 4057
383 4055
384 4059
385 4056
386 4057
387 4055
388 4055
389 4058
390 4054
391 4057
392 4055
393 4055
394 4056
395 4053
396 4054
397 4058
398 4055
399 4054
400 4059
401 4059
402 4053
403 4059
404 4056
405 4056
406 4055
407 4054
408 4055
409 4057
410 4056
411 4056
412 4055
413 4059
414 4053
415 4056
416 4057
417 4053
418 4056
419 4057
420 4055
421 4056
422 4057
423 4056
424 4057
425 4058
426 4055
427 4056
428 4056
429 4056
430 4055
431 4058
432 4057
433 4055
434 4056
435 4059
436 4055
437 4057
438 4056
439 4053
440 4056
441 4059
442 4057
443 4058
444 4056
445 4049
446 4053
447 4056
448 4057
449 4056
450 4052
451 4064
452 4051
453 4055
454 4057
455 4056
456 4056
457 4059
458 4055
459 4056
460 4055
461 4054
462 4055
463 4053
464 4051
465 4057
466 4052
467 4055
468 4055
469 4056
470 4055
471 4055
472 4061
473 4056
474 4058
475 4052
476 4057
477 4059
478 4055
479 4056
480 4056
481 4059
482 4057
483 4055
484 4057
485 4055
486 4056
487 4057
488 4055
489 4055
490 4056
491 4056
492 4057
493 4059
494 4057
495 4055
496 4053
497 4058
498 4056
499 4059
500 4057
501 4056
502 4055
503 4053
504 4055
505 4053
506 4053
507 4055
508 4055
509 4058
510 4058
511 4055
512 4055
513 4055
514 4058
515 4053
516 4055
517 4057
518 4057
519 4057
520 4057
521 4056
522 4054
523 4053
524 4052
525 4060
526 4057
527 4057
528 4059
529 4056
530 4054
531 4057
532 4052
533 4055
534 4054
535 4054
536 4056
537 4060
538 4054
539 4057
540 4055
541 4059
542 4055
543 4057
544 4053
545 4056
546 4052
547 4056
548 4053
549 4059
550 4055
551 4059
552 4053
553 4057
554 4055
555 4056
556 4057
557 4056
558 4055
559 4057
560 4057
561 4055
562 4057
563 4064
564 4058
565 4059
566 4055
567 4054
568 4055
569 4055
570 4057
571 4056
572 4056
573 4057
574 4055
575 4057
576 4056
577 4055
578 4054
579 4056
580 4056
581 4060
582 4055
583 4058
584 4059
585 4057
586 4056
587 4055
588 4055
589 4054
590 4055
591 4055
592 4057
593 4058
594 4057
595 4059
596 4053
597 4054
598 4059
599 4053
600 4056
601 4060
602 4053
603 4051
604 4056
605 4053
606 4057
607 4057
608 4058
609 4058
610 4060
611 4054
612 4058
613 4060
614 4054
615 4053
616 4057
617 4056
618 4055
619 4054
620 4059
621 4055
622 4055
623 4057
624 4055
625 4056
626 4055
627 4058
628 4057
629 4059
630 4055
631 4056
632 4056
633 4056
634 4057
635 4056
636 4053
637 4059
638 4055
639 4053
640 4055
641 4055
642 4057
643 4058
644 4052
645 4057
646 4050
647 4055
648 4057
649 4058
650 4055
651 4055
652 4056
653 4057
654 4057
655 4055
656 4057
657 4057
658 4055
659 4055
660 4053
661 4060
662 4055
663 4053
664 4055
665 4054
666 4058
667 4054
668 4056
669 4057
670 4060
671 4055
672 4057
673 4057
674 4055
675 4056
676 4058
677 4054
678 4058
679 4059
680 4057
681 4060
682 4057
683 4057
684 4058
685 4058
686 4056
687 4056
688 4056
689 4056
690 4054
691 4056
692 4057
693 4058
694 4055
695 4060
696 4055
697 4059
698 4054
699 4055
700 4057
701 4059
702 4053
703 4059
704 4055
705 4053
706 4058
707 4059
708 4057
709 4055
710 4055
711 4057
712 4053
713 4055
714 4054
715 4056
716 4054
717 4057
718 4058
719 4060
720 4059
721 4053
722 4054
723 4056
724 4053
725 4054
726 4057
727 4056
728 4057
729 4058
730 4055
731 4053
732 4057
733 4052
734 4053
735 4057
736 4055
737 4055
738 4057
739 4056
740 4057
741 4061
742 4057
743 4056
744 4057
745 4057
746 4055
747 4055
748 4056
749 4055
750 4054
751 4059
752 4054
753 4058
754 4057
755 4058
756 4057
757 4058
758 4055
759 4056
760 4056
761 4060
762 4055
763 4056
764 4055
765 4054
766 4057
767 4058
768 4054
769 4056
770 4057
771 4056
772 4055
773 4056
774 4059
775 4053
776 4054
777 4056
778 4056
779 4060
780 4056
781 4057
782 4057
783 4057
784 4059
785 4057
786 4058
787 4055
788 4056
789 4057
790 4060
791 4058
792 4057
793 4055
794 4056
795 4057
796 4054
797 4055
798 4055
799 4055
800 4054
801 4059
802 4052
803 4053
804 4057
805 4056
806 4055
807 4059
808 4058
809 4059
810 4055
811 4055
812 4056
813 4058
814 4060
815 4057
816 4055
817 4057
818 4055
819 4055
820 4053
821 4054
822 4055
823 4056
824 4058
825 4058
826 4055
827 4057
828 4055
829 4060
830 4057
831 4055
832 4057
833 4057
834 4059
835 4057
836 4053
837 4057
838 4058
839 4054
840 4057
841 4058
842 4058
843 4059
844 4057
845 4052
846 4056
847 4057
848 4055
849 4053
850 4055
851 4064
852 4053
853 4057
854 4057
855 4055
856 4051
857 4056
858 4053
859 4057
860 4056
861 4056
862 4056
863 4056
864 4058
865 4057
866 4058
867 4061
868 4056
869 4057
870 4054
871 4059
872 4057
873 4058
874 4055
875 4055
876 4059
877 4057
878 4058
879 4053
880 4054
881 4053
882 4057
883 4056
884 4061
885 4055
886 4057
887 4055
888 4057
889 4057
890 4056
891 4057
892 4057
893 4059
894 4054
895 4053
896 4056
897 4056
898 4054
899 4060
900 4056
901 4057
902 4054
903 4054
904 4059
905 4056
906 4057
907 4056
908 4055
909 4061
910 4054
911 4058
912 4054
913 4053
914 4058
915 4053
916 4056
917 4058
918 4055
919 4055
920 4058
921 4055
922 4053
923 4059
924 4056
925 4059
926 4055
927 4057
928 4055
929 4056
930 4053
931 4057
932 4056
933 4052
934 4055
935 4053
936 4055
937 4057
938 4055
939 4058
940 4053
941 4053
942 4056
943 4054
944 4056
945 4055
946 4052
947 4059
948 4056
949 4055
950 4057
951 4057
952 4052
953 4056
954 4054
955 4057
956 4059
957 4057
958 4055
959 4057
960 4057
961 4057
962 4053
963 4056
964 4056
965 4056
966 4054
967 4053
968 4059
969 4059
970 4058
971 4057
972 4056
973 4055
974 4059
975 4054
976 4057
977 4059
978 4055
979 4055
980 4056
981 4059
982 4056
983 4061
984 4057
985 4055
986 4053
987 4055
988 4056
989 4056
990 4060
991 4056
992 4057
993 4058
994 4057
995 4057
996 4058
997 4056
998 4054
999 4060
1000 4057
1001 4059
1002 4052
1003 4055
1004 4058
1005 4057
1006 4053
1007 4053
1008 4059
1009 4058
1010 4056
1011 4057
1012 4055
1013 4053
1014 4058
1015 4056
1016 4055
1017 4056
1018 4057
1019 4055
1020 4054
1021 4058
1022 4056
1023 4056
1024 4057
1025 4055
1026 4057
1027 4057
1028 4055
1029 4057
1030 4059
1031 4059
1032 4056
1033 4055
1034 4060
1035 4057
1036 4053
1037 4057
1038 4055
1039 4055
1040 4057
1041 4057
1042 4057
1043 4059
1044 4057
1045 4055
1046 4057
1047 4055
1048 4056
1049 4057
1050 4056
1051 4061
1052 4057
1053 4057
1054 4052
1055 4059
1056 4055
1057 4057
1058 4057
1059 4056
1060 4056
1061 4056
1062 4055
1063 4057
1064 4055
1065 4053
1066 4059
1067 4056
1068 4055
1069 4056
1070 4058
1071 4055
1072 4055
1073 4055
1074 4056
1075 4054
1076 4056
1077 4058
1078 4057
1079 4055
1080 4055
1081 4056
1082 4056
1083 4057
1084 4056
1085 4055
1086 4055
1087 4056
1088 4056
1089 4057
1090 4057
1091 4058
1092 4053
1093 4055
1094 4053
1095 4056
1096 4057
1097 4059
1098 4057
1099 4056
1100 4055
1101 4057
1102 4053
1103 4056
1104 4055
1105 4053
1106 4056
1107 4054
1108 4056
1109 4057
1110 4057
1111 4056
1112 4055
1113 4054
1114 4056
1115 4055
1116 4055
1117 4055
1118 4055
1119 4058
1120 4057
1121 4057
1122 4058
1123 4057
1124 4057
1125 4054
1126 4055
1127 4059
1128 4054
1129 4057
1130 4056
1131 4055
1132 4053
1133 4059
1134 4058
1135 4056
1136 4054
1137 4053
1138 4056
1139 4053
1140 4059
1141 4057
1142 4053
1143 4057
1144 4058
1145 4055
1146 4054
1147 4055
1148 4056
1149 4058
1150 4056
1151 4059
1152 4053
1153 4058
1154 4057
1155 4055
1156 4056
1157 4055
1158 4056
1159 4057
1160 4053
1161 4059
1162 4058
1163 4056
1164 4060
1165 4053
1166 4054
1167 4058
1168 4056
1169 4057
1170 4055
1171 4057
1172 4052
1173 4055
1174 4052
1175 4056
1176 4058
1177 4060
1178 4055
1179 4057
1180 4058
1181 4053
1182 4059
1183 4057
1184 4058
1185 4052
1186 4057
1187 4058
1188 4057
1189 4059
1190 4055
1191 4055
1192 4056
1193 4061
1194 4056
1195 4057
1196 4055
1197 4055
1198 4057
1199 4055
1200 4054
1201 4059
1202 4058
1203 4059
1204 4057
1205 4057
1206 4054
1207 4057
1208 4056
1209 4059
1210 4054
1211 4058
1212 4056
1213 4057
1214 4057
1215 4061
1216 4054
1217 4058
1218 4057
1219 4055
1220 4055
1221 4057
1222 4058
1223 4057
1224 4053
1225 4056
1226 4056
1227 4059
1228 4053
1229 4055
1230 4053
1231 4055
1232 4056
1233 4054
1234 4056
1235 4057
1236 4060
1237 4053
1238 4056
1239 4056
1240 4054
1241 4059
1242 4055
1243 4055
1244 4055
1245 4058
1246 4056
1247 4057
1248 4054
1249 4053
1250 4057
1251 4064
1252 4055
1253 4059
1254 4055
1255 4054
1256 4057
1257 4050
1258 4055
1259 4057
1260 4052
1261 4055
1262 4056
1263 4053
1264 4057
1265 4060
1266 4055
1267 4059
1268 4057
1269 4058
1270 4056
1271 4055
1272 4053
1273 4055
1274 4055
1275 4056
1276 4056
1277 4058
1278 4056
1279 4055
1280 4057
1281 4057
1282 4056
1283 4057
1284 4057
1285 4056
1286 4055
1287 4058
1288 4056
1289 4053
1290 4059
1291 4061
1292 4057
1293 4056
1294 4057
1295 4060
1296 4054
1297 4059
1298 4053
1299 4057
1300 4054
1301 4057
1302 4052
1303 4052
1304 4056
1305 4055
1306 4056
1307 4057
1308 4057
1309 4057
1310 4054
1311 4054
1312 4057
1313 4058
1314 4058
1315 4061
1316 4057
1317 4058
1318 4057
1319 4054
1320 4055
1321 4058
1322 4055
1323 4055
1324 4057
1325 4054
1326 4054
1327 4057
1328 4057
1329 4056
1330 4054
1331 4059
1332 4058
1333 4053
1334 4058
1335 4055
1336 4056
1337 4055
1338 4055
1339 4055
1340 4056
1341 4057
1342 4053
1343 4059
1344 4057
1345 4056
1346 4054
1347 4056
1348 4055
1349 4054
1350 4057
1351 4058
1352 4057
1353 4057
1354 4055
1355 4057
1356 4056
1357 4057
1358 4056
1359 4058
1360 4055
1361 4058
1362 4053
1363 4055
1364 4056
1365 4057
1366 4054
1367 4053
1368 4054
1369 4057
1370 4057
1371 4058
1372 4058
1373 4056
1374 4054
1375 4057
1376 4056
1377 4051
1378 4057
1379 4054
1380 4052
1381 4055
1382 4053
1383 4057
1384 4056
1385 4055
1386 4058
1387 4057
1388 4056
1389 4059
1390 4056
1391 4053
1392 4058
1393 4055
1394 4055
1395 4057
1396 4054
1397 4058
1398 4054
1399 4055
1400 4055
1401 4059
1402 4050
1403 4054
1404 4057
1405 4053
1406 4059
1407 4058
1408 4055
1409 4061
1410 4056
1411 4054
1412 4061
1413 4054
1414 4054
1415 4057
1416 4058
1417 4057
1418 4057
1419 4055
1420 4056
1421 4057
1422 4054
1423 4057
1424 4053
1425 4054
1426 4055
1427 4057
1428 4052
1429 4057
1430 4056
1431 4056
1432 4055
1433 4056
1434 4059
1435 4057
1436 4055
1437 4060
1438 4056
1439 4057
1440 4053
1441 4054
1442 4057
1443 4058
1444 4053
1445 4057
1446 4057
1447 4055
1448 4052
1449 4054
1450 4056
1451 4057
1452 4055
1453 4056
1454 4054
1455 4055
1456 4053
1457 4058
1458 4057
1459 4055
1460 4056
1461 4056
1462 4060
1463 4057
1464 4057
1465 4055
1466 4055
1467 4055
1468 4057
1469 4056
1470 4057
1471 4061
1472 4055
1473 4055
1474 4056
1475 4058
1476 4056
1477 4056
1478 4058
1479 4056
1480 4059
1481 4056
1482 4052
1483 4054
1484 4058
1485 4057
1486 4057
1487 4056
1488 4056
1489 4059
1490 4055
1491 4055
1492 4058
1493 4057
1494 4053
1495 4057
1496 4056
1497 4058
1498 4056
1499 4057
1500 4058
1501 4057
1502 4056
1503 4056
1504 4055
1505 4061
1506 4054
1507 4052
1508 4056
1509 4059
1510 4054
1511 4053
1512 4057
1513 4055
1514 4056
1515 4057
1516 4059
1517 4055
1518 4058
1519 4059
1520 4055
1521 4058
1522 4057
1523 4057
1524 4057
1525 4055
1526 4056
1527 4060
1528 4053
1529 4056
1530 4057
1531 4055
1532 4054
1533 4059
1534 4058
1535 4052
1536 4056
1537 4055
1538 4053
1539 4054
1540 4056
1541 4058
1542 4055
1543 4057
1544 4057
1545 4057
1546 4057
1547 4056
1548 4055
1549 4055
1550 4055
1551 4056
1552 4055
1553 4059
1554 4056
1555 4057
1556 4056
1557 4057
1558 4058
1559 4060
1560 4056
1561 4055
1562 4053
1563 4055
1564 4056
1565 4057
1566 4055
1567 4059
1568 4056
1569 4061
1570 4055
1571 4059
1572 4052
1573 4056
1574 4053
1575 4056
1576 4055
1577 4057
1578 4056
1579 4057
1580 4057
1581 4057
1582 4054
1583 4055
1584 4056
1585 4057
1586 4056
1587 4057
1588 4057
1589 4055
1590 4053
1591 4057
1592 4054
1593 4057
1594 4053
1595 4057
1596 4059
1597 4058
1598 4053
1599 4058
1600 4056
1601 4060
1602 4053
1603 4060
1604 4054
1605 4057
1606 4056
1607 4057
1608 4055
1609 4058
1610 4058
1611 4056
1612 4059
1613 4055
1614 4058
1615 4058
1616 4057
1617 4056
1618 4055
1619 4053
1620 4053
1621 4055
1622 4054
1623 4055
1624 4057
1625 4053
1626 4057
1627 4055
1628 4059
1629 4056
1630 4055
1631 4057
1632 4058
1633 4056
1634 4055
1635 4057
1636 4054
1637 4059
1638 4059
1639 4057
1640 4054
1641 4057
1642 4054
1643 4057
1644 4056
1645 4058
1646 4055
1647 4058
1648 4056
1649 4060
1650 4057
1651 4059
1652 4051
1653 4059
1654 4054
1655 4059
1656 4057
1657 4056
1658 4055
1659 4057
1660 4061
1661 4055
1662 4055
1663 4059
1664 4054
1665 4057
1666 4057
1667 4059
1668 4059
1669 4059
1670 4059
1671 4057
1672 4053
1673 4059
1674 4053
1675 4057
1676 4056
1677 4052
1678 4058
1679 4056
1680 4057
1681 4057
1682 4056
1683 4055
1684 4061
1685 4058
1686 4055
1687 4058
1688 4053
1689 4057
1690 4054
1691 4061
1692 4053
1693 4055
1694 4060
1695 4057
1696 4053
1697 4057
1698 4056
1699 4053
1700 4056
1701 4056
1702 4052
1703 4056
1704 4054
1705 4054
1706 4056
1707 4056
1708 4057
1709 4057
1710 4058
1711 4055
1712 4057
1713 4055
1714 4055
1715 4056
1716 4058
1717 4057
1718 4055
1719 4059
1720 4054
1721 4055
1722 4052
1723 4057
1724 4056
1725 4055
1726 4057
1727 4058
1728 4055
1729 4057
1730 4057
1731 4058
1732 4055
1733 4053
1734 4059
1735 4055
1736 4057
1737 4059
1738 4053
1739 4057
1740 4057
1741 4056
1742 4055
1743 4055
1744 4052
1745 4054
1746 4053
1747 4057
1748 4056
1749 4057
1750 4054
1751 4057
1752 4052
1753 4055
1754 4055
1755 4054
1756 4058
1757 4057
1758 4057
1759 4058
1760 4056
1761 4060
1762 4054
1763 4061
1764 4053
1765 4055
1766 4057
1767 4057
1768 4053
1769 4058
1770 4051
1771 4058
1772 4059
1773 4060
1774 4057
1775 4054
1776 4053
1777 4057
1778 4058
1779 4057
1780 4056
1781 4056
1782 4056
1783 4053
1784 4055
1785 4058
1786 4055
1787 4057
1788 4057
1789 4053
1790 4056
1791 4061
1792 4057
1793 4059
1794 4056
1795 4056
1796 4056
1797 4057
1798 4058
1799 4055
1800 4055
1801 4060
1802 4057
1803 4059
1804 4056
1805 4058
1806 4057
1807 4059
1808 4055
1809 4058
1810 4056
1811 4056
1812 4056
1813 4053
1814 4057
1815 4056
1816 4057
1817 4056
1818 4057
1819 4059
1820 4055
1821 4057
1822 4053
1823 4056
1824 4057
1825 4056
1826 4058
1827 4056
1828 4056
1829 4055
1830 4057
1831 4058
1832 4054
1833 4057
1834 4057
1835 4055
1836 4057
1837 4057
1838 4059
1839 4057
1840 4058
1841 4058
1842 4057
1843 4056
1844 4056
1845 4059
1846 4052
1847 4057
1848 4055
1849 4053
1850 4056
1851 4061
1852 4053
1853 4057
1854 4057
1855 4059
1856 4056
1857 4057
1858 4056
1859 4056
1860 4054
1861 4055
1862 4053
1863 4058
1864 4055
1865 4057
1866 4059
1867 4054
1868 4056
1869 4056
1870 4056
1871 4056
1872 4053
1873 4057
1874 4058
1875 4058
1876 4057
1877 4056
1878 4055
1879 4057
1880 4056
1881 4059
1882 4055
1883 4057
1884 4055
1885 4055
1886 4055
1887 4057
1888 4055
1889 4055
1890 4056
1891 4058
1892 4059
1893 4055
1894 4055
1895 4055
1896 4053
1897 4056
1898 4053
1899 4059
1900 4057
1901 4060
1902 4053
1903 4061
1904 4060
1905 4056
1906 4055
1907 4054
1908 4055
1909 4058
1910 4057
1911 4057
1912 4054
1913 4056
1914 4056
1915 4057
1916 4057
1917 4057
1918 4056
1919 4056
1920 4054
1921 4056
1922 4053
1923 4057
1924 4055
1925 4056
1926 4057
1927 4056
1928 4057
1929 4056
1930 4055
1931 4057
1932 4056
1933 4057
1934 4058
1935 4055
1936 4057
1937 4059
1938 4057
1939 4055
1940 4056
1941 4057
1942 4053
1943 4057
1944 4057
1945 4057
1946 4055
1947 4055
1948 4055
1949 4058
1950 4057
1951 4061
1952 4053
1953 4057
1954 4054
1955 4058
1956 4061
1957 4053
1958 4056
1959 4057
1960 4053
1961 4055
1962 4054
1963 4054
1964 4055
1965 4059
1966 4055
1967 4053
1968 4055
1969 4057
1970 4056
1971 4055
1972 4057
1973 4059
1974 4055
1975 4059
1976 4053
1977 4060
1978 4057
1979 4058
1980 4058
1981 4057
1982 4053
1983 4055
1984 4057
1985 4056
1986 4056
1987 4055
1988 4056
1989 4056
1990 4057
1991 4054
1992 4055
1993 4057
1994 4055
1995 4057
1996 4055
1997 4056
1998 4053
1999 4055
2000 4057
2001 4060
2002 4051
2003 4053
2004 4055
2005 4053
2006 4056
2007 4057
2008 4053
2009 4055
2010 4054
2011 4057
2012 4057
2013 4059
2014 4053
2015 4055
2016 4059
2017 4056
2018 4055
2019 4055
2020 4055
2021 4056
2022 4054
2023 4053
2024 4055
2025 4058
2026 4053
2027 4057
2028 4055
2029 4055
2030 4054
2031 4057
2032 4054
2033 4055
2034 4057
2035 4054
2036 4054
2037 4053
2038 4055
2039 4053
2040 4056
2041 4059
2042 4055
2043 4057
2044 4057
2045 4057
2046 4055
2047 4057
2048 4056
2049 4053
2050 4056
2051 4060
2052 4052
2053 4054
2054 4057
2055 4052
2056 4054
2057 4052
2058 4057
2059 4056
2060 4056
2061 4055
2062 4057
2063 4056
2064 4053
2065 4057
2066 4057
2067 4056
2068 4055
2069 4057
2070 4054
2071 4059
2072 4059
2073 4057
2074 4057
2075 4057
2076 4058
2077 4058
2078 4059
2079 4057
2080 4058
2081 4057
2082 4064
2083 4055
2084 4056
2085 4057
2086 4055
2087 4057
2088 4055
2089 4056
2090 4055
2091 4058
2092 4056
2093 4053
2094 4058
2095 4054
2096 4055
2097 4053
2098 4052
2099 4057
2100 4057
2101 4060
2102 4056
2103 4057
2104 4056
2105 4060
2106 4055
2107 4058
2108 4057
2109 4061
2110 4055
2111 4055
2112 4055
2113 4058
2114 4057
2115 4053
2116 4059
2117 4058
2118 4058
2119 4060
2120 4058
2121 4056
2122 4059
2123 4055
2124 4057
2125 4055
2126 4054
2127 4053
2128 4056
2129 4057
2130 4055
2131 4056
2132 4058
2133 4053
2134 4053
2135 4056
2136 4054
2137 4052
2138 4057
2139 4059
2140 4057
2141 4059
2142 4059
2143 4058
2144 4059
2145 4056
2146 4058
2147 4058
2148 4055
2149 4053
2150 4055
2151 4059
2152 4055
2153 4056
2154 4052
2155 4055
2156 4057
2157 4057
2158 4057
2159 4057
2160 4056
2161 4054
2162 4053
2163 4054
2164 4056
2165 4054
2166 4055
2167 4059
2168 4053
2169 4058
2170 4054
2171 4056
2172 4057
2173 4058
2174 4053
2175 4054
2176 4058
2177 4056
2178 4054
2179 4055
2180 4057
2181 4055
2182 4054
2183 4055
2184 4059
2185 4052
2186 4058
2187 4057
2188 4052
2189 4055
2190 4055
2191 4057
2192 4057
2193 4055
2194 4056
2195 4058
2196 4054
2197 4055
2198 4057
2199 4056
2200 4057
2201 4059
2202 4053
2203 4057
2204 4057
2205 4055
2206 4056
2207 4056
2208 4054
2209 4056
2210 4057
2211 4056
2212 4056
2213 4058
2214 4056
2215 4057
2216 4057
2217 4057
2218 4055
2219 4057
2220 4059
2221 4054
2222 4059
2223 4055
2224 4055
2225 4055
2226 4056
2227 4056
2228 4056
2229 4058
2230 4056
2231 4056
2232 4057
2233 4055
2234 4056
2235 4055
2236 4057
2237 4052
2238 4053
2239 4053
2240 4053
2241 4059
2242 4055
2243 4055
2244 4057
2245 4054
2246 4056
2247 4057
2248 4056
2249 4055
2250 4055
2251 4061
2252 4056
2253 4057
2254 4055
2255 4059
2256 4060
2257 4059
2258 4056
2259 4057
2260 4053
2261 4058
2262 4057
2263 4054
2264 4057
2265 4053
2266 4053
2267 4054
2268 4059
2269 4056
2270 4057
2271 4055
2272 4055
2273 4057
2274 4055
2275 4057
2276 4055
2277 4056
2278 4055
2279 4054
2280 4059
2281 4056
2282 4059
2283 4056
2284 4064
2285 4056
2286 4053
2287 4055
2288 4054
2289 4054
2290 4053
2291 4058
2292 4053
2293 4054
2294 4057
2295 4055
2296 4055
2297 4056
2298 4055
2299 4055
2300 4053
2301 4059
2302 4053
2303 4054
2304 4055
2305 4055
2306 4054
2307 4055
2308 4057
2309 4055
2310 4057
2311 4055
2312 4054
2313 4056
2314 4056
2315 4059
2316 4053
2317 4054
2318 4054
2319 4058
2320 4057
2321 4057
2322 4059
2323 4054
2324 4055
2325 4055
2326 4055
2327 4058
2328 4057
2329 4056
2330 4058
2331 4055
2332 4058
2333 4052
2334 4059
2335 4057
2336 4054
2337 4055
2338 4056
2339 4060
2340 4055
2341 4057
2342 4056
2343 4057
2344 4055
2345 4057
2346 4052
2347 4056
2348 4053
2349 4057
2350 4056
2351 4061
2352 4055
2353 4056
2354 4053
2355 4059
2356 4056
2357 4057
2358 4053
2359 4056
2360 4051
2361 4055
2362 4055
2363 4058
2364 4055
2365 4055
2366 4053
2367 4057
2368 4057
2369 4053
2370 4054
2371 4056
2372 4053
2373 4054
2374 4052
2375 4052
2376 4059
2377 4054
2378 4053
2379 4055
2380 4053
2381 4056
2382 4056
2383 4055
2384 4060
2385 4054
2386 4057
2387 4057
2388 4056
2389 4058
2390 4055
2391 4057
2392 4058
2393 4059
2394 4057
2395 4057
2396 4057
2397 4055
2398 4053
2399 4056
2400 4054
2401 4061
2402 4054
2403 4056
2404 4055
2405 4055
2406 4053
2407 4060
2408 4057
2409 4060
2410 4056
2411 4056
2412 4057
2413 4055
2414 4056
2415 4060
2416 4054
2417 4056
2418 4057
2419 4054
2420 4055
2421 4053
2422 4055
2423 4056
2424 4059
2425 4057
2426 4056
2427 4059
2428 4055
2429 4059
2430 4056
2431 4058
2432 4056
2433 4053
2434 4055
2435 4056
2436 4055
2437 4056
2438 4056
2439 4057
2440 4059
2441 4055
2442 4051
2443 4057
2444 4054
2445 4056
2446 4057
2447 4053
2448 4054
2449 4058
2450 4053
2451 4057
2452 4055
2453 4057
2454 4055
2455 4056
2456 4059
2457 4056
2458 4058
2459 4060
2460 4055
2461 4057
2462 4054
2463 4057
2464 4057
2465 4058
2466 4053
2467 4053
2468 4055
2469 4052
2470 4057
2471 4057
2472 4054
2473 4053
2474 4058
2475 4057
2476 4056
2477 4057
2478 4059
2479 4057
2480 4056
2481 4056
2482 4055
2483 4053
2484 4059
2485 4055
2486 4056
2487 4055
2488 4053
2489 4057
2490 4056
2491 4056
2492 4056
2493 4059
2494 4055
2495 4057
2496 4055
2497 4058
2498 4057
2499 4057
2500 4056
2501 4058
2502 4053
2503 4057
2504 4057
2505 4059
2506 4057
2507 4052
2508 4056
2509 4056
2510 4057
2511 4057
2512 4057
2513 4057
2514 4055
2515 4054
2516 4057
2517 4061
2518 4057
2519 4057
2520 4054
2521 4054
2522 4055
2523 4057
2524 4055
2525 4052
2526 4056
2527 4059
2528 4055
2529 4055
2530 4057
2531 4059
2532 4055
2533 4055
2534 4058
2535 4057
2536 4056
2537 4055
2538 4054
2539 4057
2540 4052
2541 4055
2542 4054
2543 4055
2544 4054
2545 4054
2546 4056
2547 4055
2548 4055
2549 4058
2550 4058
2551 4064
2552 4048
2553 4054
2554 4057
2555 4055
2556 4056
2557 4054
2558 4057
2559 4057
2560 4055
2561 4057
2562 4056
2563 4057
2564 4057
2565 4060
2566 4055
2567 4060
2568 4055
2569 4057
2570 4054
2571 4054
2572 4052
2573 4057
2574 4056
2575 4056
2576 4057
2577 4056
2578 4055
2579 4057
2580 4056
2581 4059
2582 4056
2583 4056
2584 4055
2585 4056
2586 4056
2587 4055
2588 4054
2589 4057
2590 4055
2591 4056
2592 4054
2593 4053
2594 4059
2595 4055
2596 4051
2597 4054
2598 4056
2599 4052
2600 4057
2601 4059
2602 4052
2603 4058
2604 4057
2605 4057
2606 4054
2607 4057
2608 4056
2609 4059
2610 4055
2611 4059
2612 4056
2613 4055
2614 4055
2615 4057
2616 4056
2617 4053
2618 4056
2619 4055
2620 4057
2621 4055
2622 4055
2623 4057
2624 4059
2625 4053
2626 4056
2627 4054
2628 4053
2629 4055
2630 4051
2631 4056
2632 4053
2633 4053
2634 4052
2635 4056
2636 4056
2637 4055
2638 4055
2639 4054
2640 4055
2641 4056
2642 4055
2643 4053
2644 4054
2645 4064
2646 4057
2647 4057
2648 4058
2649 4057
2650 4058
2651 4061
2652 4056
2653 4053
2654 4056
2655 4054
2656 4053
2657 4056
2658 4055
2659 4057
2660 4058
2661 4055
2662 4055
2663 4050
2664 4055
2665 4060
2666 4053
2667 4055
2668 4053
2669 4056
2670 4058
2671 4055
2672 4053
2673 4056
2674 4057
2675 4055
2676 4056
2677 4051
2678 4057
2679 4055
2680 4056
2681 4055
2682 4055
2683 4054
2684 4056
2685 4054
2686 4056
2687 4055
2688 4054
2689 4057
2690 4054
2691 4057
2692 4056
2693 4054
2694 4055
2695 4055
2696 4057
2697 4051
2698 4057
2699 4056
2700 4054
2701 4056
2702 4053
2703 4052
2704 4055
2705 4054
2706 4059
2707 4056
2708 4054
2709 4058
2710 4055
2711 4057
2712 4055
2713 4057
2714 4055
2715 4055
2716 4053
2717 4054
2718 4052
2719 4056
2720 4055
2721 4055
2722 4056
2723 4057
2724 4053
2725 4058
2726 4055
2727 4057
2728 4052
2729 4058
2730 4057
2731 4053
2732 4055
2733 4053
2734 4055
2735 4053
2736 4052
2737 4056
2738 4053
2739 4056
2740 4056
2741 4053
2742 4056
2743 4057
2744 4057
2745 4054
2746 4057
2747 4055
2748 4056
2749 4058
2750 4052
2751 4059
2752 4055
2753 4056
2754 4051
2755 4057
2756 4056
2757 4057
2758 4056
2759 4061
2760 4056
2761 4064
2762 4057
2763 4054
2764 4054
2765 4054
2766 4057
2767 4055
2768 4052
2769 4058
2770 4054
2771 4055
2772 4053
2773 4057
2774 4056
2775 4059
2776 4057
2777 4053
2778 4053
2779 4053
2780 4054
2781 4053
2782 4052
2783 4053
2784 4058
2785 4053
2786 4056
2787 4058
2788 4053
2789 4057
2790 4057
2791 4052
2792 4055
2793 4057
2794 4053
2795 4056
2796 4055
2797 4058
2798 4052
2799 4061
2800 4052
2801 4056
2802 4055
2803 4061
2804 4054
2805 4057
2806 4057
2807 4053
2808 4056
2809 4057
2810 4056
2811 4055
2812 4053
2813 4055
2814 4055
2815 4058
2816 4055
2817 4055
2818 4056
2819 4055
2820 4055
2821 4057
2822 4055
2823 4055
2824 4057
2825 4053
2826 4051
2827 4057
2828 4050
2829 4055
2830 4060
2831 4057
2832 4055
2833 4054
2834 4057
2835 4057
2836 4056
2837 4058
2838 4057
2839 4054
2840 4054
2841 4054
2842 4056
2843 4053
2844 4054
2845 4057
2846 4057
2847 4056
2848 4056
2849 4055
2850 4054
2851 4060
2852 4052
2853 4059
2854 4057
2855 4054
2856 4052
2857 4052
2858 4054
2859 4058
2860 4056
2861 4055
2862 4057
2863 4055
2864 4052
2865 4057
2866 4055
2867 4054
2868 4057
2869 4056
2870 4053
2871 4060
2872 4056
2873 4055
2874 4058
2875 4055
2876 4055
2877 4056
2878 4057
2879 4055
2880 4053
2881 4057
2882 4056
2883 4055
2884 4054
2885 4054
2886 4053
2887 4057
2888 4054
2889 4057
2890 4059
2891 4057
2892 4055
2893 4056
2894 4057
2895 4058
2896 4056
2897 4053
2898 4055
2899 4057
2900 4054
2901 4059
2902 4057
2903 4057
2904 4054
2905 4056
2906 4059
2907 4054
2908 4061
2909 4057
2910 4055
2911 4057
2912 4059
2913 4056
2914 4058
2915 4059
2916 4056
2917 4059
2918 4061
2919 4057
2920 4053
2921 4057
2922 4058
2923 4058
2924 4059
2925 4055
2926 4059
2927 4057
2928 4057
2929 4057
2930 4058
2931 4057
2932 4057
2933 4055
2934 4056
2935 4058
2936 4056
2937 4058
2938 4056
2939 4058
2940 4056
2941 4056
2942 4054
2943 4057
2944 4058
2945 4052
2946 4056
2947 4055
2948 4054
2949 4057
2950 4058
2951 4060
2952 4055
2953 4055
2954 4057
2955 4056
2956 4053
2957 4058
2958 4054
2959 4064
2960 4053
2961 4056
2962 4057
2963 4057
2964 4056
2965 4058
2966 4057
2967 4059
2968 4056
2969 4058
2970 4058
2971 4059
2972 4056
2973 4056
2974 4055
2975 4057
2976 4055
2977 4058
2978 4056
2979 4060
2980 4055
2981 4055
2982 4053
2983 4056
2984 4055
2985 4052
2986 4054
2987 4055
2988 4054
2989 4056
2990 4056
2991 4055
2992 4059
2993 4060
2994 4054
2995 4058
2996 4054
2997 4059
2998 4056
2999 4059
3000 4055
3001 4058
3002 4055
3003 4057
3004 4057
3005 4054
3006 4055
3007 4056
3008 4057
3009 4060
3010 4057
3011 4054
3012 4061
3013 4054
3014 4059
3015 4057
3016 4058
3017 4056
3018 4058
3019 4057
3020 4057
3021 4057
3022 4054
3023 4057
3024 4056
3025 4055
3026 4052
3027 4055
3028 4057
3029 4057
3030 4056
3031 4057
3032 4056
3033 4053
3034 4057
3035 4055
3036 4057
3037 4055
3038 4059
3039 4057
3040 4053
3041 4056
3042 4054
3043 4058
3044 4053
3045 4057
3046 4055
3047 4055
3048 4057
3049 4056
3050 4058
3051 4057
3052 4054
3053 4058
3054 4056
3055 4053
3056 4058
3057 4055
3058 4059
3059 4060
3060 4056
3061 4059
3062 4055
3063 4055
3064 4060
3065 4057
3066 4055
3067 4055
3068 4056
3069 4059
3070 4057
3071 4057
3072 4053
3073 4064
3074 4057
3075 4056
3076 4057
3077 4054
3078 4055
3079 4056
3080 4057
3081 4059
3082 4053
3083 4059
3084 4057
3085 4057
3086 4057
3087 4053
3088 4056
3089 4057
3090 4055
3091 4057
3092 4056
3093 4058
3094 4056
3095 4056
3096 4056
3097 4055
3098 4054
3099 4055
3100 4057
3101 4060
3102 4056
3103 4055
3104 4059
3105 4057
3106 4055
3107 4054
3108 4057
3109 4059
3110 4057
3111 4055
3112 4056
3113 4053
3114 4055
3115 4059
3116 4055
3117 4055
3118 4054
3119 4053
3120 4057
3121 4057
3122 4055
3123 4057
3124 4055
3125 4057
3126 4056
3127 4055
3128 4057
3129 4055
3130 4055
3131 4053
3132 4057
3133 4056
3134 4061
3135 4057
3136 4057
3137 4058
3138 4060
3139 4055
3140 4053
3141 4055
3142 4057
3143 4058
3144 4055
3145 4054
3146 4057
3147 4060
3148 4055
3149 4055
3150 4058
3151 4058
3152 4055
3153 4055
3154 4055
3155 4060
3156 4056
3157 4059
3158 4056
3159 4060
3160 4055
3161 4053
3162 4057
3163 4055
3164 4057
3165 4056
3166 4054
3167 4059
3168 4055
3169 4056
3170 4055
3171 4056
3172 4057
3173 4057
3174 4053
3175 4059
3176 4055
3177 4055
3178 4054
3179 4057
3180 4056
3181 4057
3182 4058
3183 4053
3184 4057
3185 4056
3186 4055
3187 4055
3188 4057
3189 4055
3190 4058
3191 4056
3192 4055
3193 4056
3194 4054
3195 4057
3196 4054
3197 4058
3198 4054
3199 4056
3200 4054
3201 4058
3202 4051
3203 4057
3204 4057
3205 4057
3206 4060
3207 4056
3208 4058
3209 4059
3210 4053
3211 4055
3212 4053
3213 4056
3214 4059
3215 4054
3216 4056
3217 4055
3218 4056
3219 4054
3220 4056
3221 4056
3222 4055
3223 4057
3224 4057
3225 4057
3226 4057
3227 4058
3228 4057
3229 4054
3230 4058
3231 4057
3232 4057
3233 4057
3234 4055
3235 4057
3236 4057
3237 4056
3238 4056
3239 4055
3240 4057
3241 4057
3242 4060
3243 4055
3244 4057
3245 4055
3246 4056
3247 4058
3248 4057
3249 4056
3250 4054
3251 4057
3252 4055
3253 4056
3254 4057
3255 4059
3256 4053
3257 4059
3258 4055
3259 4060
3260 4056
3261 4059
3262 4057
3263 4057
3264 4056
3265 4056
3266 4057
3267 4058
3268 4056
3269 4055
3270 4058
3271 4058
3272 4055
3273 4058
3274 4057
3275 4054
3276 4056
3277 4056
3278 4056
3279 4055
3280 4057
3281 4056
3282 4057
3283 4053
3284 4053
3285 4054
3286 4055
3287 4058
3288 4057
3289 4056
3290 4057
3291 4056
3292 4053
3293 4059
3294 4057
3295 4055
3296 4052
3297 4059
3298 4057
3299 4056
3300 4055
3301 4058
3302 4051
3303 4060
3304 4056
3305 4059
3306 4059
3307 4054
3308 4056
3309 4059
3310 4060
3311 4056
3312 4054
3313 4053
3314 4059
3315 4057
3316 4054
3317 4058
3318 4054
3319 4055
3320 4057
3321 4055
3322 4056
3323 4059
3324 4057
3325 4057
3326 4058
3327 4056
3328 4056
3329 4054
3330 4058
3331 4054
3332 4055
3333 4055
3334 4059
3335 4058
3336 4053
3337 4057
3338 4056
3339 4059
3340 4054
3341 4055
3342 4057
3343 4057
3344 4057
3345 4057
3346 4056
3347 4055
3348 4058
3349 4056
3350 4057
3351 4059
3352 4055
3353 4056
3354 4058
3355 4057
3356 4057
3357 4056
3358 4054
3359 4055
3360 4056
3361 4056
3362 4055
3363 4060
3364 4056
3365 4056
3366 4056
3367 4057
3368 4055
3369 4057
3370 4053
3371 4057
3372 4059
3373 4055
3374 4056
3375 4055
3376 4054
3377 4055
3378 4053
3379 4058
3380 4055
3381 4058
3382 4057
3383 4058
3384 4058
3385 4061
3386 4055
3387 4055
3388 4057
3389 4057
3390 4056
3391 4056
3392 4056
3393 4058
3394 4054
3395 4059
3396 4056
3397 4053
3398 4053
3399 4055
3400 4055
3401 4058
3402 4051
3403 4059
3404 4055
3405 4053
3406 4060
3407 4057
3408 4057
3409 4059
3410 4057
3411 4053
3412 4055
3413 4057
3414 4058
3415 4059
3416 4057
3417 4054
3418 4057
3419 4060
3420 4054
3421 4059
3422 4056
3423 4057
3424 4058
3425 4055
3426 4054
3427 4052
3428 4058
3429 4057
3430 4056
3431 4060
3432 4058
3433 4057
3434 4055
3435 4057
3436 4055
3437 4055
3438 4054
3439 4057
3440 4055
3441 4058
3442 4054
3443 4054
3444 4054
3445 4056
3446 4055
3447 4064
3448 4055
3449 4053
3450 4059
3451 4061
3452 4054
3453 4057
3454 4059
3455 4057
3456 4058
3457 4056
3458 4054
3459 4058
3460 4056
3461 4056
3462 4057
3463 4059
3464 4055
3465 4056
3466 4055
3467 4056
3468 4058
3469 4057
3470 4057
3471 4057
3472 4058
3473 4056
3474 4056
3475 4058
3476 4057
3477 4060
3478 4056
3479 4056
3480 4061
3481 4056
3482 4052
3483 4058
3484 4056
3485 4054
3486 4054
3487 4057
3488 4058
3489 4054
3490 4056
3491 4057
3492 4061
3493 4057
3494 4056
3495 4056
3496 4057
3497 4060
3498 4059
3499 4056
3500 4054
3501 4061
3502 4049
3503 4058
3504 4059
3505 4057
3506 4057
3507 4061
3508 4052
3509 4055
3510 4055
3511 4055
3512 4053
3513 4054
3514 4057
3515 4057
3516 4055
3517 4057
3518 4055
3519 4055
3520 4056
3521 4057
3522 4057
3523 4055
3524 4057
3525 4055
3526 4054
3527 4053
3528 4057
3529 4056
3530 4054
3531 4059
3532 4057
3533 4057
3534 4059
3535 4060
3536 4056
3537 4058
3538 4058
3539 4055
3540 4057
3541 4057
3542 4054
3543 4056
3544 4058
3545 4055
3546 4059
3547 4055
3548 4057
3549 4058
3550 4057
3551 4058
3552 4053
3553 4056
3554 4056
3555 4057
3556 4057
3557 4058
3558 4053
3559 4056
3560 4057
3561 4054
3562 4057
3563 4058
3564 4056
3565 4058
3566 4057
3567 4056
3568 4058
3569 4057
3570 4057
3571 4057
3572 4057
3573 4059
3574 4056
3575 4057
3576 4055
3577 4055
3578 4055
3579 4057
3580 4055
3581 4057
3582 4054
3583 4058
3584 4058
3585 4056
3586 4056
3587 4055
3588 4057
3589 4055
3590 4061
3591 4057
3592 4057
3593 4055
3594 4057
3595 4058
3596 4055
3597 4055
3598 4056
3599 4057
3600 4052
3601 4061
3602 4056
3603 4057
3604 4055
3605 4059
3606 4056
3607 4058
3608 4058
3609 4057
3610 4059
3611 4056
3612 4057
3613 4057
3614 4053
3615 4055
3616 4054
3617 4057
3618 4058
3619 4057
3620 4055
3621 4057
3622 4057
3623 4055
3624 4056
3625 4055
3626 4059
3627 4055
3628 4059
3629 4057
3630 4059
3631 4057
3632 4056
3633 4053
3634 4053
3635 4057
3636 4053
3637 4059
3638 4059
3639 4059
3640 4056
3641 4055
3642 4055
3643 4055
3644 4056
3645 4056
3646 4053
3647 4059
3648 4058
3649 4054
3650 4057
3651 4059
3652 4052
3653 4055
3654 4059
3655 4059
3656 4055
3657 4057
3658 4057
3659 4056
3660 4057
3661 4057
3662 4057
3663 4055
3664 4055
3665 4059
3666 4057
3667 4057
3668 4056
3669 4057
3670 4055
3671 4054
3672 4055
3673 4057
3674 4057
3675 4057
3676 4060
3677 4054
3678 4056
3679 4056
3680 4056
3681 4059
3682 4055
3683 4055
3684 4058
3685 4056
3686 4055
3687 4056
3688 4056
3689 4056
3690 4053
3691 4056
3692 4057
3693 4057
3694 4055
