#Data from the TCD1304 linear CCD
#column 1 = pixelnumber , column 2 = pixelvalue
#Pixel 1-32 and 3679-3694 and are dummy pixels
#SH-period: 200    ICG-period: 100000    Integration time: 100.0 us
2 4044
3 4045
4 4061
5 4060
6 4059
7 4057
8 4058
9 4061
10 4057
11 4058
12 4057
13 4060
14 4055
15 4059
16 4057
17 4061
18 4058
19 4058
20 4061
21 4054
22 4059
23 4057
24 4057
25 4056
26 4059
27 4057
28 4059
29 4059
30 4056
31 4056
32 4060
34 4058
35 4064
36 4059
37 4057
38 4059
39 4060
40 4056
41 4058
42 4058
43 4060
44 4053
45 4060
46 4058
47 4059
48 4057
49 4058
50 4059
51 4061
52 4056
53 4059
54 4056
55 4060
56 4060
57 4058
58 4059
59 4057
60 4058
61 4060
62 4057
63 4064
64 4055
65 4060
66 4059
67 4060
68 4058
69 4057
70 4057
71 4060
72 4057
73 4057
74 4057
75 4059
76 4059
77 4060
78 4057
79 4057
80 4059
81 4064
82 4058
83 4056
84 4060
85 4060
86 4056
87 4064
88 4064
89 4064
90 4059
91 4061
92 4059
93 4060
94 4059
95 4064
96 4061
97 4059
98 4058
99 4059
100 4057
101 4064
102 4057
103 4060
104 4057
105 4060
106 4058
107 4059
108 4058
109 4059
110 4060
111 4057
112 4057
113 4057
114 4060
115 4059
116 4057
117 4064
118 4057
119 4059
120 4060
121 4057
122 4060
123 4064
124 4057
125 4058
126 4060
127 4059
128 4058
129 4059
130 4058
131 4057
132 4059
133 4059
134 4060
135 4056
136 4059
137 4059
138 4060
139 4059
140 4060
141 4059
142 4055
143 4057
144 4056
145 4060
146 4057
147 4058
148 4057
149 4057
150 4061
151 4064
152 4051
153 4059
154 4058
155 4057
156 4062
157 4059
158 4060
159 4057
160 4058
161 4057
162 4059
163 4059
164 4056
165 4059
166 4059
167 4054
168 4060
169 4057
170 4060
171 4057
172 4064
173 4059
174 4058
175 4059
176 4061
177 4059
178 4059
179 4058
180 4057
181 4059
182 4060
183 4059
184 4059
185 4058
186 4061
187 4061
188 4061
189 4057
190 4058
191 4057
192 4059
193 4059
194 4057
195 4064
196 4060
197 4057
198 4060
199 4057
200 4060
201 4064
202 4055
203 4059
204 4056
205 4056
206 4057
207 4058
208 4061
209 4058
210 4057
211 4060
212 4057
213 4057
214 4057
215 4064
216 4057
217 4060
218 4064
219 4057
220 4060
221 4059
222 4061
223 4058
224 4061
225 4057
226 4060
227 4057
228 4057
229 4064
230 4058
231 4061
232 4059
233 4057
234 4056
235 4058
236 4060
237 4058
238 4060
239 4058
240 4060
241 4057
242 4058
243 4055
244 4055
245 4059
246 4057
247 4057
248 4060
249 4059
250 4059
251 4064
252 4054
253 4060
254 4060
255 4059
256 4057
257 4057
258 4057
259 4058
260 4058
261 4060
262 4059
263 4058
264 4054
265 4057
266 4057
267 4059
268 4057
269 4061
270 4059
271 4057
272 4060
273 4059
274 4056
275 4059
276 4057
277 4057
278 4055
279 4060
280 4060
281 4060
282 4058
283 4060
284 4059
285 4058
286 4059
287 4061
288 4057
289 4057
290 4059
291 4057
292 4059
293 4064
294 4056
295 4064
296 4059
297 4057
298 4056
299 4061
300 4057
301 4061
302 4057
303 4057
304 4059
305 4057
306 4057
307 4064
308 4061
309 4057
310 4059
311 4059
312 4059
313 4057
314 4059
315 4058
316 4058
317 4059
318 4059
319 4058
320 4061
321 4055
322 4057
323 4060
324 4058
325 4059
326 4058
327 4057
328 4060
329 4057
330 4059
331 4059
332 4060
333 4060
334 4058
335 4059
336 4057
337 4058
338 4059
339 4059
340 4064
341 4054
342 4059
343 4056
344 4059
345 4058
346 4059
347 4060
348 4060
349 4057
350 4059
351 4064
352 4056
353 4059
354 4058
355 4058
356 4060
357 4059
358 4053
359 4056
360 4064
361 4057
362 4059
363 4056
364 4057
365 4059
366 4058
367 4057
368 4059
369 4059
370 4059
371 4057
372 4057
373 4057
374 4059
375 4060
376 4059
377 4057
378 4059
379 4060
380 4058
381 4056
382 4058
383 4058
384 4058
385 4059
386 4060
387 4060
388 4058
389 4060
390 4061
391 4057
392 4060
393 4058
394 4056
395 4057
396 4057
397 4059
398 4057
399 4059
400 4053
401 4064
402 4053
403 4064
404 4059
405 4058
406 4059
407 4058
408 4056
409 4057
410 4054
411 4060
412 4061
413 4057
414 4057
415 4058
416 4058
417 4060
418 4059
419 4059
420 4060
421 4056
422 4059
423 4059
424 4058
425 4058
426 4058
427 4057
428 4057
429 4058
430 4057
431 4058
432 4061
433 4058
434 4057
435 4057
436 4059
437 4061
438 4058
439 4056
440 4059
441 4060
442 4057
443 4059
444 4056
445 4059
446 4061
447 4058
448 4057
449 4059
450 4059
451 4064
452 4057
453 4061
454 4059
455 4059
456 4060
457 4059
458 4057
459 4054
460 4058
461 4059
462 4059
463 4064
464 4059
465 4059
466 4061
467 4060
468 4058
469 4057
470 4056
471 4056
472 4058
473 4057
474 4055
475 4064
476 4061
477 4058
478 4058
479 4058
480 4059
481 4061
482 4059
483 4057
484 4059
485 4060
486 4056
487 4064
488 4057
489 4057
490 4059
491 4061
492 4058
493 4059
494 4057
495 4059
496 4058
497 4060
498 4064
499 4056
500 4059
501 4064
502 4056
503 4057
504 4059
505 4061
506 4057
507 4061
508 4060
509 4056
510 4059
511 4059
512 4057
513 4059
514 4059
515 4055
516 4057
517 4060
518 4057
519 4058
520 4060
521 4058
522 4060
523 4060
524 4061
525 4057
526 4059
527 4057
528 4057
529 4059
530 4057
531 4059
532 4061
533 4053
534 4057
535 4057
536 4057
537 4060
538 4060
539 4057
540 4064
541 4056
542 4061
543 4057
544 4056
545 4059
546 4059
547 4054
548 4059
549 4059
550 4059
551 4064
552 4055
553 4058
554 4056
555 4060
556 4064
557 4057
558 4057
559 4057
560 4059
561 4058
562 4058
563 4059
564 4057
565 4058
566 4057
567 4060
568 4060
569 4057
570 4059
571 4061
572 4057
573 4060
574 4057
575 4060
576 4058
577 4064
578 4056
579 4060
580 4059
581 4056
582 4060
583 4058
584 4058
585 4059
586 4057
587 4061
588 4057
589 4061
590 4058
591 4064
592 4059
593 4058
594 4057
595 4060
596 4056
597 4057
598 4057
599 4060
600 4057
601 4061
602 4054
603 4057
604 4057
605 4058
606 4060
607 4061
608 4061
609 4056
610 4059
611 4060
612 4061
613 4057
614 4059
615 4060
616 4056
617 4060
618 4060
619 4059
620 4057
621 4058
622 4056
623 4058
624 4059
625 4059
626 4060
627 4060
628 4060
629 4057
630 4057
631 4059
632 4059
633 4057
634 4059
635 4059
636 4059
637 4061
638 4058
639 4058
640 4057
641 4061
642 4060
643 4060
644 4057
645 4060
646 4057
647 4060
648 4060
649 4058
650 4057
651 4064
652 4057
653 4057
654 4059
655 4061
656 4056
657 4056
658 4059
659 4059
660 4059
661 4060
662 4058
663 4060
664 4058
665 4060
666 4059
667 4058
668 4061
669 4057
670 4061
671 4064
672 4061
673 4056
674 4057
675 4059
676 4058
677 4058
678 4061
679 4059
680 4059
681 4061
682 4058
683 4059
684 4058
685 4061
686 4058
687 4059
688 4058
689 4055
690 4061
691 4059
692 4056
693 4059
694 4059
695 4059
696 4055
697 4064
698 4061
699 4061
700 4056
701 4060
702 4055
703 4058
704 4058
705 4059
706 4064
707 4060
708 4057
709 4058
710 4059
711 4058
712 4060
713 4055
714 4059
715 4061
716 4057
717 4059
718 4060
719 4059
720 4061
721 4058
722 4061
723 4064
724 4059
725 4061
726 4055
727 4060
728 4056
729 4060
730 4059
731 4064
732 4060
733 4059
734 4058
735 4057
736 4058
737 4064
738 4057
739 4058
740 4056
741 4064
742 4059
743 4061
744 4054
745 4060
746 4058
747 4057
748 4057
749 4060
750 4059
751 4064
752 4057
753 4059
754 4059
755 4059
756 4057
757 4059
758 4055
759 4061
760 4057
761 4060
762 4060
763 4060
764 4060
765 4061
766 4055
767 4059
768 4058
769 4064
770 4060
771 4060
772 4059
773 4060
774 4060
775 4059
776 4056
777 4059
778 4059
779 4060
780 4056
781 4058
782 4056
783 4057
784 4061
785 4060
786 4055
787 4057
788 4061
789 4055
790 4061
791 4058
792 4060
793 4059
794 4057
795 4060
796 4056
797 4057
798 4059
799 4060
800 4057
801 4059
802 4057
803 4059
804 4056
805 4057
806 4057
807 4057
808 4064
809 4058
810 4058
811 4059
812 4056
813 4064
814 4060
815 4057
816 4056
817 4058
818 4056
819 4057
820 4057
821 4058
822 4059
823 4060
824 4059
825 4059
826 4056
827 4060
828 4060
829 4059
830 4058
831 4058
832 4057
833 4060
834 4060
835 4060
836 4058
837 4060
838 4058
839 4057
840 4060
841 4059
842 4057
843 4061
844 4060
845 4059
846 4057
847 4064
848 4057
849 4058
850 4060
851 4060
852 4057
853 4058
854 4058
855 4060
856 4059
857 4058
858 4058
859 4059
860 4055
861 4059
862 4057
863 4056
864 4059
865 4057
866 4056
867 4057
868 4056
869 4056
870 4060
871 4058
872 4057
873 4060
874 4060
875 4059
876 4061
877 4059
878 4059
879 4064
880 4057
881 4059
882 4058
883 4059
884 4058
885 4055
886 4058
887 4059
888 4057
889 4058
890 4060
891 4059
892 4057
893 4058
894 4057
895 4060
896 4059
897 4064
898 4058
899 4060
900 4057
901 4064
902 4057
903 4059
904 4057
905 4056
906 4059
907 4060
908 4056
909 4064
910 4057
911 4059
912 4060
913 4060
914 4058
915 4064
916 4059
917 4056
918 4058
919 4059
920 4056
921 4060
922 4060
923 4057
924 4058
925 4060
926 4058
927 4059
928 4064
929 4057
930 4056
931 4057
932 4064
933 4059
934 4057
935 4057
936 4057
937 4059
938 4057
939 4057
940 4058
941 4058
942 4058
943 4056
944 4057
945 4064
946 4060
947 4059
948 4058
949 4059
950 4060
951 4064
952 4060
953 4064
954 4059
955 4059
956 4064
957 4055
958 4059
959 4061
960 4057
961 4057
962 4059
963 4058
964 4059
965 4061
966 4057
967 4064
968 4057
969 4057
970 4064
971 4058
972 4058
973 4057
974 4057
975 4057
976 4057
977 4060
978 4056
979 4061
980 4058
981 4064
982 4061
983 4058
984 4061
985 4057
986 4064
987 4059
988 4059
989 4057
990 4058
991 4059
992 4061
993 4058
994 4060
995 4060
996 4057
997 4059
998 4058
999 4058
1000 4059
1001 4061
1002 4055
1003 4057
1004 4059
1005 4059
1006 4056
1007 4061
1008 4056
1009 4064
1010 4057
1011 4059
1012 4060
1013 4059
1014 4060
1015 4056
1016 4059
1017 4060
1018 4060
1019 4054
1020 4061
1021 4055
1022 4057
1023 4060
1024 4057
1025 4057
1026 4059
1027 4059
1028 4059
1029 4060
1030 4056
1031 4057
1032 4059
1033 4060
1034 4059
1035 4061
1036 4059
1037 4060
1038 4057
1039 4061
1040 4061
1041 4059
1042 4064
1043 4058
1044 4055
1045 4057
1046 4059
1047 4057
1048 4058
1049 4057
1050 4060
1051 4061
1052 4057
1053 4057
1054 4060
1055 4059
1056 4058
1057 4061
1058 4057
1059 4059
1060 4061
1061 4058
1062 4059
1063 4056
1064 4059
1065 4059
1066 4057
1067 4059
1068 4060
1069 4059
1070 4059
1071 4056
1072 4060
1073 4057
1074 4056
1075 4061
1076 4058
1077 4059
1078 4056
1079 4057
1080 4057
1081 4059
1082 4060
1083 4060
1084 4057
1085 4059
1086 4059
1087 4056
1088 4064
1089 4057
1090 4058
1091 4057
1092 4059
1093 4060
1094 4055
1095 4060
1096 4059
1097 4058
1098 4054
1099 4064
1100 4061
1101 4060
1102 4059
1103 4059
1104 4059
1105 4057
1106 4056
1107 4060
1108 4057
1109 4057
1110 4061
1111 4060
1112 4061
1113 4057
1114 4058
1115 4059
1116 4061
1117 4056
1118 4057
1119 4061
1120 4059
1121 4058
1122 4057
1123 4060
1124 4057
1125 4055
1126 4061
1127 4060
1128 4055
1129 4060
1130 4060
1131 4060
1132 4057
1133 4058
1134 4057
1135 4057
1136 4058
1137 4059
1138 4056
1139 4057
1140 4058
1141 4064
1142 4060
1143 4060
1144 4056
1145 4060
1146 4059
1147 4060
1148 4058
1149 4056
1150 4058
1151 4064
1152 4058
1153 4064
1154 4059
1155 4059
1156 4058
1157 4060
1158 4057
1159 4056
1160 4060
1161 4059
1162 4055
1163 4064
1164 4060
1165 4057
1166 4061
1167 4060
1168 4056
1169 4058
1170 4058
1171 4059
1172 4061
1173 4059
1174 4058
1175 4064
1176 4057
1177 4060
1178 4060
1179 4058
1180 4055
1181 4059
1182 4057
1183 4059
1184 4055
1185 4061
1186 4058
1187 4058
1188 4058
1189 4058
1190 4057
1191 4059
1192 4057
1193 4060
1194 4059
1195 4060
1196 4057
1197 4059
1198 4057
1199 4058
1200 4058
1201 4061
1202 4056
1203 4060
1204 4058
1205 4060
1206 4064
1207 4059
1208 4059
1209 4057
1210 4061
1211 4058
1212 4059
1213 4056
1214 4056
1215 4058
1216 4060
1217 4058
1218 4060
1219 4056
1220 4061
1221 4060
1222 4059
1223 4061
1224 4058
1225 4058
1226 4060
1227 4057
1228 4061
1229 4058
1230 4058
1231 4060
1232 4064
1233 4056
1234 4057
1235 4060
1236 4056
1237 4059
1238 4059
1239 4059
1240 4060
1241 4057
1242 4057
1243 4058
1244 4056
1245 4059
1246 4059
1247 4058
1248 4058
1249 4060
1250 4061
1251 4065
1252 4059
1253 4058
1254 4057
1255 4057
1256 4064
1257 4057
1258 4055
1259 4059
1260 4057
1261 4059
1262 4060
1263 4058
1264 4056
1265 4059
1266 4059
1267 4057
1268 4056
1269 4057
1270 4064
1271 4060
1272 4059
1273 4059
1274 4060
1275 4058
1276 4064
1277 4058
1278 4060
1279 4057
1280 4060
1281 4057
1282 4060
1283 4059
1284 4061
1285 4059
1286 4058
1287 4060
1288 4061
1289 4060
1290 4064
1291 4058
1292 4059
1293 4058
1294 4057
1295 4060
1296 4059
1297 4058
1298 4056
1299 4057
1300 4058
1301 4064
1302 4054
1303 4064
1304 4059
1305 4058
1306 4058
1307 4064
1308 4057
1309 4060
1310 4057
1311 4056
1312 4060
1313 4061
1314 4057
1315 4058
1316 4064
1317 4058
1318 4057
1319 4059
1320 4056
1321 4056
1322 4061
1323 4058
1324 4059
1325 4061
1326 4059
1327 4059
1328 4057
1329 4058
1330 4057
1331 4058
1332 4056
1333 4064
1334 4058
1335 4055
1336 4060
1337 4060
1338 4061
1339 4060
1340 4057
1341 4059
1342 4060
1343 4059
1344 4057
1345 4059
1346 4058
1347 4059
1348 4059
1349 4060
1350 4058
1351 4061
1352 4055
1353 4057
1354 4056
1355 4059
1356 4058
1357 4057
1358 4064
1359 4056
1360 4059
1361 4064
1362 4060
1363 4060
1364 4057
1365 4061
1366 4058
1367 4064
1368 4060
1369 4057
1370 4060
1371 4061
1372 4060
1373 4060
1374 4056
1375 4058
1376 4057
1377 4058
1378 4057
1379 4058
1380 4057
1381 4055
1382 4059
1383 4058
1384 4061
1385 4058
1386 4060
1387 4058
1388 4060
1389 4059
1390 4061
1391 4059
1392 4059
1393 4061
1394 4056
1395 4064
1396 4060
1397 4057
1398 4057
1399 4058
1400 4055
1401 4064
1402 4059
1403 4060
1404 4057
1405 4059
1406 4058
1407 4057
1408 4059
1409 4064
1410 4060
1411 4058
1412 4057
1413 4057
1414 4058
1415 4061
1416 4060
1417 4058
1418 4059
1419 4057
1420 4059
1421 4059
1422 4056
1423 4064
1424 4060
1425 4060
1426 4057
1427 4059
1428 4057
1429 4056
1430 4060
1431 4054
1432 4058
1433 4058
1434 4058
1435 4055
1436 4056
1437 4059
1438 4058
1439 4060
1440 4060
1441 4058
1442 4060
1443 4064
1444 4057
1445 4057
1446 4057
1447 4058
1448 4054
1449 4057
1450 4060
1451 4058
1452 4057
1453 4056
1454 4059
1455 4058
1456 4060
1457 4057
1458 4059
1459 4058
1460 4056
1461 4058
1462 4059
1463 4057
1464 4058
1465 4059
1466 4059
1467 4058
1468 4058
1469 4055
1470 4059
1471 4058
1472 4057
1473 4059
1474 4061
1475 4058
1476 4060
1477 4059
1478 4060
1479 4060
1480 4059
1481 4059
1482 4059
1483 4055
1484 4059
1485 4060
1486 4057
1487 4061
1488 4059
1489 4057
1490 4060
1491 4061
1492 4058
1493 4057
1494 4056
1495 4064
1496 4059
1497 4057
1498 4060
1499 4058
1500 4059
1501 4059
1502 4055
1503 4060
1504 4059
1505 4060
1506 4055
1507 4059
1508 4057
1509 4060
1510 4061
1511 4058
1512 4060
1513 4059
1514 4057
1515 4059
1516 4060
1517 4056
1518 4056
1519 4059
1520 4059
1521 4058
1522 4059
1523 4060
1524 4059
1525 4057
1526 4060
1527 4056
1528 4057
1529 4064
1530 4057
1531 4056
1532 4056
1533 4059
1534 4058
1535 4060
1536 4055
1537 4059
1538 4059
1539 4057
1540 4059
1541 4057
1542 4057
1543 4059
1544 4060
1545 4064
1546 4059
1547 4059
1548 4059
1549 4059
1550 4059
1551 4064
1552 4053
1553 4057
1554 4059
1555 4061
1556 4059
1557 4057
1558 4058
1559 4057
1560 4064
1561 4064
1562 4059
1563 4059
1564 4056
1565 4057
1566 4055
1567 4061
1568 4060
1569 4058
1570 4060
1571 4057
1572 4058
1573 4059
1574 4060
1575 4058
1576 4057
1577 4059
1578 4056
1579 4058
1580 4059
1581 4059
1582 4058
1583 4059
1584 4058
1585 4056
1586 4059
1587 4056
1588 4059
1589 4056
1590 4058
1591 4057
1592 4059
1593 4060
1594 4055
1595 4060
1596 4057
1597 4060
1598 4058
1599 4057
1600 4059
1601 4061
1602 4057
1603 4057
1604 4057
1605 4061
1606 4057
1607 4064
1608 4057
1609 4059
1610 4059
1611 4057
1612 4057
1613 4059
1614 4057
1615 4064
1616 4057
1617 4057
1618 4058
1619 4056
1620 4061
1621 4060
1622 4059
1623 4060
1624 4058
1625 4055
1626 4061
1627 4059
1628 4057
1629 4057
1630 4058
1631 4058
1632 4058
1633 4055
1634 4052
1635 4057
1636 4059
1637 4057
1638 4059
1639 4057
1640 4055
1641 4058
1642 4060
1643 4059
1644 4057
1645 4059
1646 4058
1647 4054
1648 4057
1649 4057
1650 4056
1651 4058
1652 4057
1653 4057
1654 4061
1655 4058
1656 4057
1657 4058
1658 4058
1659 4056
1660 4058
1661 4058
1662 4057
1663 4059
1664 4053
1665 4064
1666 4055
1667 4059
1668 4054
1669 4054
1670 4057
1671 4057
1672 4053
1673 4056
1674 4058
1675 4057
1676 4057
1677 4057
1678 4058
1679 4057
1680 4057
1681 4055
1682 4058
1683 4057
1684 4056
1685 4057
1686 4054
1687 4057
1688 4057
1689 4057
1690 4056
1691 4053
1692 4058
1693 4056
1694 4056
1695 4057
1696 4059
1697 4057
1698 4059
1699 4057
1700 4055
1701 4064
1702 4056
1703 4055
1704 4054
1705 4059
1706 4057
1707 4057
1708 4057
1709 4060
1710 4058
1711 4061
1712 4058
1713 4057
1714 4060
1715 4059
1716 4056
1717 4057
1718 4057
1719 4058
1720 4061
1721 4059
1722 4060
1723 4059
1724 4057
1725 4059
1726 4059
1727 4061
1728 4059
1729 4057
1730 4064
1731 4057
1732 4057
1733 4060
1734 4057
1735 4059
1736 4059
1737 4058
1738 4059
1739 4057
1740 4060
1741 4059
1742 4058
1743 4057
1744 4058
1745 4058
1746 4058
1747 4058
1748 4055
1749 4061
1750 4059
1751 4060
1752 4059
1753 4059
1754 4060
1755 4060
1756 4058
1757 4059
1758 4057
1759 4055
1760 4059
1761 4061
1762 4058
1763 4057
1764 4059
1765 4061
1766 4059
1767 4058
1768 4064
1769 4057
1770 4060
1771 4057
1772 4056
1773 4064
1774 4057
1775 4060
1776 4059
1777 4059
1778 4060
1779 4061
1780 4057
1781 4060
1782 4057
1783 4056
1784 4059
1785 4058
1786 4056
1787 4058
1788 4056
1789 4060
1790 4057
1791 4059
1792 4064
1793 4059
1794 4056
1795 4061
1796 4057
1797 4060
1798 4057
1799 4056
1800 4064
1801 4064
1802 4055
1803 4058
1804 4060
1805 4059
1806 4058
1807 4058
1808 4064
1809 4057
1810 4061
1811 4061
1812 4056
1813 4061
1814 4059
1815 4058
1816 4056
1817 4064
1818 4056
1819 4058
1820 4061
1821 4057
1822 4064
1823 4061
1824 4058
1825 4059
1826 4057
1827 4058
1828 4058
1829 4060
1830 4058
1831 4059
1832 4061
1833 4061
1834 4058
1835 4058
1836 4056
1837 4059
1838 4059
1839 4061
1840 4060
1841 4059
1842 4059
1843 4058
1844 4056
1845 4057
1846 4056
1847 4059
1848 4058
1849 4058
1850 4057
1851 4064
1852 4057
1853 4060
1854 4057
1855 4057
1856 4060
1857 4060
1858 4059
1859 4064
1860 4059
1861 4058
1862 4060
1863 4057
1864 4058
1865 4058
1866 4060
1867 4057
1868 4061
1869 4061
1870 4055
1871 4057
1872 4059
1873 4058
1874 4064
1875 4058
1876 4060
1877 4060
1878 4059
1879 4057
1880 4062
1881 4057
1882 4059
1883 4059
1884 4059
1885 4055
1886 4058
1887 4064
1888 4056
1889 4059
1890 4060
1891 4060
1892 4060
1893 4059
1894 4057
1895 4060
1896 4059
1897 4059
1898 4056
1899 4064
1900 4060
1901 4064
1902 4054
1903 4058
1904 4056
1905 4057
1906 4059
1907 4059
1908 4059
1909 4059
1910 4061
1911 4057
1912 4059
1913 4057
1914 4057
1915 4049
1916 4059
1917 4057
1918 4059
1919 4058
1920 4060
1921 4059
1922 4056
1923 4055
1924 4057
1925 4059
1926 4058
1927 4060
1928 4058
1929 4058
1930 4059
1931 4061
1932 4059
1933 4057
1934 4060
1935 4059
1936 4061
1937 4057
1938 4057
1939 4060
1940 4059
1941 4057
1942 4061
1943 4060
1944 4061
1945 4064
1946 4057
1947 4055
1948 4055
1949 4057
1950 4061
1951 4061
1952 4059
1953 4061
1954 4061
1955 4058
1956 4060
1957 4057
1958 4064
1959 4060
1960 4055
1961 4058
1962 4056
1963 4057
1964 4056
1965 4058
1966 4058
1967 4059
1968 4058
1969 4057
1970 4061
1971 4058
1972 4056
1973 4059
1974 4060
1975 4060
1976 4059
1977 4057
1978 4060
1979 4059
1980 4058
1981 4061
1982 4061
1983 4054
1984 4059
1985 4060
1986 4059
1987 4060
1988 4058
1989 4060
1990 4060
1991 4058
1992 4061
1993 4059
1994 4058
1995 4059
1996 4064
1997 4059
1998 4057
1999 4064
2000 4060
2001 4064
2002 4056
2003 4058
2004 4058
2005 4064
2006 4058
2007 4064
2008 4060
2009 4058
2010 4060
2011 4057
2012 4058
2013 4057
2014 4059
2015 4060
2016 4057
2017 4064
2018 4059
2019 4057
2020 4060
2021 4056
2022 4060
2023 4061
2024 4060
2025 4057
2026 4059
2027 4064
2028 4059
2029 4059
2030 4056
2031 4059
2032 4060
2033 4057
2034 4060
2035 4060
2036 4060
2037 4059
2038 4056
2039 4059
2040 4058
2041 4058
2042 4057
2043 4059
2044 4054
2045 4058
2046 4060
2047 4055
2048 4060
2049 4056
2050 4059
2051 4061
2052 4058
2053 4059
2054 4057
2055 4060
2056 4059
2057 4057
2058 4059
2059 4064
2060 4057
2061 4061
2062 4057
2063 4060
2064 4058
2065 4059
2066 4054
2067 4051
2068 4059
2069 4057
2070 4058
2071 4059
2072 4060
2073 4059
2074 4058
2075 4056
2076 4056
2077 4059
2078 4057
2079 4059
2080 4057
2081 4059
2082 4056
2083 4059
2084 4057
2085 4056
2086 4061
2087 4058
2088 4060
2089 4057
2090 4057
2091 4060
2092 4060
2093 4056
2094 4057
2095 4064
2096 4056
2097 4058
2098 4059
2099 4059
2100 4057
2101 4061
2102 4056
2103 4061
2104 4061
2105 4060
2106 4056
2107 4059
2108 4061
2109 4056
2110 4058
2111 4059
2112 4056
2113 4058
2114 4056
2115 4061
2116 4061
2117 4059
2118 4061
2119 4058
2120 4058
2121 4059
2122 4059
2123 4059
2124 4059
2125 4059
2126 4058
2127 4061
2128 4061
2129 4058
2130 4059
2131 4060
2132 4060
2133 4059
2134 4057
2135 4061
2136 4060
2137 4057
2138 4056
2139 4058
2140 4059
2141 4061
2142 4059
2143 4060
2144 4054
2145 4058
2146 4058
2147 4061
2148 4059
2149 4060
2150 4058
2151 4064
2152 4054
2153 4060
2154 4057
2155 4061
2156 4055
2157 4060
2158 4059
2159 4060
2160 4057
2161 4059
2162 4057
2163 4056
2164 4056
2165 4058
2166 4056
2167 4056
2168 4057
2169 4057
2170 4057
2171 4061
2172 4057
2173 4058
2174 4061
2175 4058
2176 4059
2177 4058
2178 4061
2179 4057
2180 4060
2181 4057
2182 4060
2183 4060
2184 4060
2185 4057
2186 4057
2187 4064
2188 4057
2189 4058
2190 4057
2191 4059
2192 4056
2193 4058
2194 4056
2195 4058
2196 4060
2197 4059
2198 4058
2199 4056
2200 4061
2201 4061
2202 4058
2203 4059
2204 4056
2205 4055
2206 4059
2207 4060
2208 4059
2209 4064
2210 4057
2211 4058
2212 4056
2213 4060
2214 4058
2215 4059
2216 4061
2217 4059
2218 4059
2219 4057
2220 4060
2221 4056
2222 4061
2223 4055
2224 4057
2225 4057
2226 4059
2227 4060
2228 4059
2229 4064
2230 4061
2231 4059
2232 4061
2233 4058
2234 4058
2235 4059
2236 4055
2237 4060
2238 4058
2239 4060
2240 4059
2241 4057
2242 4059
2243 4060
2244 4058
2245 4059
2246 4060
2247 4059
2248 4059
2249 4057
2250 4061
2251 4060
2252 4058
2253 4055
2254 4057
2255 4061
2256 4059
2257 4064
2258 4059
2259 4055
2260 4057
2261 4064
2262 4056
2263 4054
2264 4057
2265 4057
2266 4058
2267 4056
2268 4059
2269 4058
2270 4061
2271 4058
2272 4059
2273 4058
2274 4059
2275 4060
2276 4059
2277 4059
2278 4058
2279 4060
2280 4060
2281 4059
2282 4058
2283 4061
2284 4059
2285 4060
2286 4058
2287 4061
2288 4059
2289 4057
2290 4058
2291 4060
2292 4057
2293 4060
2294 4058
2295 4061
2296 4057
2297 4061
2298 4056
2299 4057
2300 4057
2301 4064
2302 4056
2303 4059
2304 4057
2305 4058
2306 4058
2307 4061
2308 4057
2309 4059
2310 4058
2311 4059
2312 4060
2313 4059
2314 4056
2315 4058
2316 4061
2317 4056
2318 4059
2319 4055
2320 4059
2321 4060
2322 4057
2323 4059
2324 4057
2325 4061
2326 4056
2327 4058
2328 4060
2329 4059
2330 4060
2331 4058
2332 4060
2333 4057
2334 4061
2335 4059
2336 4056
2337 4060
2338 4056
2339 4057
2340 4059
2341 4056
2342 4058
2343 4058
2344 4059
2345 4060
2346 4060
2347 4059
2348 4058
2349 4057
2350 4057
2351 4064
2352 4055
2353 4064
2354 4058
2355 4056
2356 4064
2357 4057
2358 4056
2359 4061
2360 4059
2361 4057
2362 4059
2363 4060
2364 4058
2365 4056
2366 4059
2367 4058
2368 4058
2369 4055
2370 4061
2371 4059
2372 4057
2373 4058
2374 4060
2375 4055
2376 4057
2377 4054
2378 4059
2379 4061
2380 4056
2381 4059
2382 4058
2383 4058
2384 4058
2385 4060
2386 4059
2387 4059
2388 4056
2389 4061
2390 4059
2391 4060
2392 4059
2393 4061
2394 4059
2395 4059
2396 4058
2397 4061
2398 4057
2399 4057
2400 4060
2401 4064
2402 4056
2403 4058
2404 4057
2405 4060
2406 4058
2407 4061
2408 4057
2409 4059
2410 4060
2411 4059
2412 4060
2413 4059
2414 4059
2415 4061
2416 4056
2417 4059
2418 4057
2419 4058
2420 4057
2421 4055
2422 4056
2423 4057
2424 4057
2425 4059
2426 4057
2427 4058
2428 4061
2429 4057
2430 4060
2431 4059
2432 4055
2433 4056
2434 4059
2435 4057
2436 4058
2437 4057
2438 4061
2439 4059
2440 4060
2441 4057
2442 4060
2443 4057
2444 4058
2445 4057
2446 4056
2447 4064
2448 4056
2449 4058
2450 4058
2451 4061
2452 4055
2453 4060
2454 4060
2455 4057
2456 4059
2457 4061
2458 4060
2459 4060
2460 4057
2461 4064
2462 4057
2463 4060
2464 4060
2465 4061
2466 4058
2467 4060
2468 4060
2469 4057
2470 4057
2471 4057
2472 4060
2473 4059
2474 4059
2475 4061
2476 4059
2477 4060
2478 4060
2479 4058
2480 4061
2481 4060
2482 4060
2483 4058
2484 4058
2485 4060
2486 4057
2487 4059
2488 4059
2489 4060
2490 4057
2491 4055
2492 4059
2493 4061
2494 4056
2495 4061
2496 4058
2497 4059
2498 4058
2499 4059
2500 4058
2501 4064
2502 4055
2503 4057
2504 4057
2505 4057
2506 4057
2507 4061
2508 4057
2509 4057
2510 4060
2511 4057
2512 4056
2513 4060
2514 4059
2515 4057
2516 4057
2517 4058
2518 4056
2519 4060
2520 4059
2521 4057
2522 4058
2523 4059
2524 4059
2525 4060
2526 4058
2527 4061
2528 4059
2529 4064
2530 4057
2531 4060
2532 4059
2533 4059
2534 4057
2535 4059
2536 4060
2537 4057
2538 4059
2539 4059
2540 4057
2541 4054
2542 4058
2543 4055
2544 4057
2545 4059
2546 4059
2547 4056
2548 4058
2549 4059
2550 4061
2551 4060
2552 4053
2553 4059
2554 4058
2555 4060
2556 4064
2557 4057
2558 4059
2559 4057
2560 4060
2561 4055
2562 4057
2563 4061
2564 4059
2565 4060
2566 4060
2567 4057
2568 4056
2569 4057
2570 4059
2571 4056
2572 4057
2573 4057
2574 4059
2575 4058
2576 4055
2577 4058
2578 4058
2579 4056
2580 4060
2581 4055
2582 4055
2583 4057
2584 4057
2585 4057
2586 4056
2587 4059
2588 4057
2589 4059
2590 4056
2591 4060
2592 4058
2593 4060
2594 4057
2595 4058
2596 4057
2597 4058
2598 4057
2599 4056
2600 4059
2601 4064
2602 4055
2603 4060
2604 4055
2605 4060
2606 4055
2607 4059
2608 4059
2609 4058
2610 4064
2611 4059
2612 4059
2613 4060
2614 4055
2615 4059
2616 4059
2617 4059
2618 4056
2619 4056
2620 4057
2621 4059
2622 4060
2623 4059
2624 4057
2625 4060
2626 4056
2627 4060
2628 4058
2629 4059
2630 4060
2631 4057
2632 4059
2633 4060
2634 4053
2635 4056
2636 4061
2637 4059
2638 4060
2639 4058
2640 4060
2641 4059
2642 4061
2643 4060
2644 4060
2645 4057
2646 4064
2647 4057
2648 4060
2649 4060
2650 4056
2651 4058
2652 4054
2653 4058
2654 4060
2655 4057
2656 4055
2657 4060
2658 4055
2659 4059
2660 4060
2661 4064
2662 4058
2663 4061
2664 4059
2665 4057
2666 4057
2667 4057
2668 4064
2669 4058
2670 4056
2671 4058
2672 4060
2673 4058
2674 4055
2675 4056
2676 4057
2677 4055
2678 4056
2679 4057
2680 4057
2681 4058
2682 4057
2683 4055
2684 4056
2685 4060
2686 4057
2687 4055
2688 4064
2689 4060
2690 4058
2691 4059
2692 4058
2693 4058
2694 4055
2695 4064
2696 4057
2697 4055
2698 4058
2699 4060
2700 4057
2701 4064
2702 4053
2703 4058
2704 4059
2705 4061
2706 4059
2707 4055
2708 4055
2709 4060
2710 4057
2711 4060
2712 4055
2713 4060
2714 4057
2715 4057
2716 4057
2717 4056
2718 4057
2719 4053
2720 4058
2721 4059
2722 4058
2723 4058
2724 4057
2725 4056
2726 4060
2727 4057
2728 4058
2729 4057
2730 4057
2731 4057
2732 4060
2733 4058
2734 4055
2735 4057
2736 4059
2737 4055
2738 4059
2739 4058
2740 4056
2741 4060
2742 4056
2743 4056
2744 4058
2745 4055
2746 4057
2747 4056
2748 4058
2749 4058
2750 4058
2751 4057
2752 4054
2753 4060
2754 4055
2755 4059
2756 4058
2757 4060
2758 4057
2759 4057
2760 4058
2761 4058
2762 4060
2763 4055
2764 4058
2765 4058
2766 4058
2767 4060
2768 4057
2769 4058
2770 4054
2771 4056
2772 4054
2773 4055
2774 4056
2775 4056
2776 4060
2777 4055
2778 4057
2779 4057
2780 4061
2781 4057
2782 4061
2783 4061
2784 4055
2785 4059
2786 4054
2787 4058
2788 4057
2789 4057
2790 4059
2791 4056
2792 4058
2793 4059
2794 4060
2795 4059
2796 4053
2797 4059
2798 4056
2799 4059
2800 4055
2801 4061
2802 4056
2803 4057
2804 4057
2805 4059
2806 4057
2807 4058
2808 4059
2809 4057
2810 4056
2811 4059
2812 4057
2813 4060
2814 4056
2815 4061
2816 4056
2817 4057
2818 4059
2819 4057
2820 4057
2821 4056
2822 4057
2823 4056
2824 4057
2825 4061
2826 4055
2827 4059
2828 4057
2829 4057
2830 4057
2831 4058
2832 4064
2833 4057
2834 4057
2835 4061
2836 4058
2837 4057
2838 4059
2839 4058
2840 4057
2841 4058
2842 4058
2843 4064
2844 4056
2845 4061
2846 4057
2847 4056
2848 4061
2849 4059
2850 4058
2851 4064
2852 4051
2853 4060
2854 4059
2855 4060
2856 4055
2857 4060
2858 4057
2859 4059
2860 4059
2861 4057
2862 4056
2863 4057
2864 4064
2865 4058
2866 4057
2867 4058
2868 4059
2869 4061
2870 4057
2871 4059
2872 4058
2873 4057
2874 4058
2875 4058
2876 4058
2877 4061
2878 4059
2879 4057
2880 4061
2881 4064
2882 4058
2883 4059
2884 4057
2885 4060
2886 4060
2887 4057
2888 4059
2889 4064
2890 4061
2891 4059
2892 4064
2893 4057
2894 4057
2895 4057
2896 4055
2897 4057
2898 4057
2899 4060
2900 4054
2901 4064
2902 4057
2903 4055
2904 4059
2905 4060
2906 4056
2907 4059
2908 4055
2909 4060
2910 4057
2911 4058
2912 4059
2913 4061
2914 4060
2915 4058
2916 4064
2917 4058
2918 4059
2919 4058
2920 4060
2921 4060
2922 4060
2923 4060
2924 4059
2925 4059
2926 4057
2927 4058
2928 4057
2929 4060
2930 4059
2931 4057
2932 4056
2933 4057
2934 4061
2935 4058
2936 4064
2937 4061
2938 4058
2939 4058
2940 4056
2941 4064
2942 4057
2943 4056
2944 4058
2945 4059
2946 4059
2947 4057
2948 4058
2949 4064
2950 4057
2951 4060
2952 4056
2953 4059
2954 4057
2955 4057
2956 4059
2957 4060
2958 4059
2959 4060
2960 4059
2961 4059
2962 4058
2963 4064
2964 4056
2965 4058
2966 4057
2967 4061
2968 4056
2969 4061
2970 4056
2971 4058
2972 4061
2973 4057
2974 4058
2975 4057
2976 4058
2977 4056
2978 4055
2979 4059
2980 4057
2981 4060
2982 4059
2983 4058
2984 4057
2985 4059
2986 4064
2987 4061
2988 4059
2989 4061
2990 4060
2991 4059
2992 4055
2993 4061
2994 4059
2995 4056
2996 4055
2997 4056
2998 4059
2999 4057
3000 4058
3001 4061
3002 4054
3003 4059
3004 4057
3005 4060
3006 4056
3007 4059
3008 4059
3009 4059
3010 4060
3011 4059
3012 4058
3013 4057
3014 4061
3015 4060
3016 4057
3017 4057
3018 4059
3019 4060
3020 4059
3021 4060
3022 4056
3023 4058
3024 4061
3025 4056
3026 4057
3027 4057
3028 4060
3029 4059
3030 4059
3031 4061
3032 4058
3033 4057
3034 4057
3035 4058
3036 4058
3037 4060
3038 4058
3039 4058
3040 4057
3041 4059
3042 4060
3043 4057
3044 4055
3045 4064
3046 4057
3047 4059
3048 4059
3049 4059
3050 4060
3051 4064
3052 4053
3053 4060
3054 4057
3055 4057
3056 4058
3057 4059
3058 4057
3059 4058
3060 4057
3061 4064
3062 4057
3063 4058
3064 4059
3065 4059
3066 4057
3067 4058
3068 4061
3069 4056
3070 4057
3071 4057
3072 4059
3073 4059
3074 4057
3075 4060
3076 4060
3077 4057
3078 4056
3079 4060
3080 4058
3081 4061
3082 4057
3083 4064
3084 4057
3085 4059
3086 4060
3087 4057
3088 4058
3089 4059
3090 4059
3091 4059
3092 4058
3093 4057
3094 4057
3095 4059
3096 4056
3097 4059
3098 4064
3099 4056
3100 4058
3101 4064
3102 4057
3103 4059
3104 4059
3105 4058
3106 4057
3107 4061
3108 4057
3109 4061
3110 4058
3111 4064
3112 4054
3113 4059
3114 4059
3115 4057
3116 4060
3117 4064
3118 4057
3119 4058
3120 4059
3121 4057
3122 4060
3123 4060
3124 4064
3125 4055
3126 4059
3127 4061
3128 4060
3129 4054
3130 4060
3131 4059
3132 4064
3133 4059
3134 4057
3135 4060
3136 4057
3137 4057
3138 4058
3139 4064
3140 4059
3141 4058
3142 4059
3143 4058
3144 4060
3145 4059
3146 4057
3147 4058
3148 4057
3149 4057
3150 4056
3151 4064
3152 4054
3153 4057
3154 4058
3155 4058
3156 4059
3157 4059
3158 4060
3159 4057
3160 4057
3161 4061
3162 4054
3163 4059
3164 4061
3165 4061
3166 4055
3167 4061
3168 4061
3169 4057
3170 4059
3171 4059
3172 4061
3173 4057
3174 4058
3175 4064
3176 4059
3177 4060
3178 4059
3179 4061
3180 4059
3181 4059
3182 4064
3183 4055
3184 4057
3185 4057
3186 4061
3187 4064
3188 4057
3189 4057
3190 4059
3191 4057
3192 4058
3193 4064
3194 4056
3195 4061
3196 4058
3197 4058
3198 4058
3199 4059
3200 4059
3201 4060
3202 4053
3203 4061
3204 4057
3205 4058
3206 4057
3207 4058
3208 4058
3209 4059
3210 4057
3211 4061
3212 4057
3213 4058
3214 4061
3215 4059
3216 4056
3217 4060
3218 4058
3219 4061
3220 4064
3221 4059
3222 4059
3223 4057
3224 4060
3225 4061
3226 4059
3227 4059
3228 4056
3229 4064
3230 4059
3231 4060
3232 4061
3233 4060
3234 4061
3235 4059
3236 4057
3237 4056
3238 4058
3239 4058
3240 4059
3241 4059
3242 4059
3243 4060
3244 4056
3245 4060
3246 4059
3247 4059
3248 4058
3249 4060
3250 4057
3251 4061
3252 4058
3253 4061
3254 4064
3255 4061
3256 4060
3257 4059
3258 4059
3259 4060
3260 4056
3261 4059
3262 4064
3263 4064
3264 4057
3265 4059
3266 4057
3267 4059
3268 4061
3269 4060
3270 4059
3271 4058
3272 4057
3273 4064
3274 4061
3275 4057
3276 4060
3277 4057
3278 4060
3279 4061
3280 4057
3281 4060
3282 4059
3283 4055
3284 4059
3285 4053
3286 4057
3287 4061
3288 4057
3289 4058
3290 4059
3291 4064
3292 4059
3293 4057
3294 4058
3295 4059
3296 4056
3297 4057
3298 4058
3299 4058
3300 4059
3301 4064
3302 4053
3303 4058
3304 4056
3305 4060
3306 4059
3307 4061
3308 4056
3309 4055
3310 4060
3311 4058
3312 4060
3313 4061
3314 4059
3315 4061
3316 4057
3317 4057
3318 4060
3319 4059
3320 4059
3321 4060
3322 4058
3323 4060
3324 4060
3325 4057
3326 4060
3327 4057
3328 4057
3329 4058
3330 4055
3331 4058
3332 4060
3333 4057
3334 4058
3335 4059
3336 4058
3337 4056
3338 4057
3339 4059
3340 4058
3341 4057
3342 4057
3343 4059
3344 4060
3345 4057
3346 4059
3347 4057
3348 4056
3349 4058
3350 4060
3351 4060
3352 4057
3353 4060
3354 4055
3355 4058
3356 4061
3357 4064
3358 4059
3359 4057
3360 4059
3361 4060
3362 4058
3363 4060
3364 4056
3365 4060
3366 4056
3367 4061
3368 4059
3369 4059
3370 4059
3371 4057
3372 4059
3373 4058
3374 4059
3375 4060
3376 4057
3377 4059
3378 4059
3379 4060
3380 4060
3381 4060
3382 4058
3383 4059
3384 4057
3385 4059
3386 4059
3387 4058
3388 4057
3389 4060
3390 4057
3391 4059
3392 4059
3393 4060
3394 4058
3395 4061
3396 4060
3397 4064
3398 4060
3399 4057
3400 4058
3401 4064
3402 4053
3403 4064
3404 4056
3405 4058
3406 4056
3407 4056
3408 4056
3409 4057
3410 4059
3411 4055
3412 4059
3413 4059
3414 4060
3415 4055
3416 4058
3417 4059
3418 4059
3419 4060
3420 4058
3421 4058
3422 4059
3423 4059
3424 4060
3425 4060
3426 4057
3427 4060
3428 4057
3429 4060
3430 4060
3431 4056
3432 4060
3433 4059
3434 4060
3435 4061
3436 4057
3437 4059
3438 4056
3439 4060
3440 4057
3441 4060
3442 4058
3443 4055
3444 4058
3445 4064
3446 4058
3447 4057
3448 4057
3449 4058
3450 4059
3451 4059
3452 4058
3453 4061
3454 4059
3455 4057
3456 4056
3457 4064
3458 4059
3459 4061
3460 4060
3461 4060
3462 4059
3463 4060
3464 4058
3465 4060
3466 4059
3467 4058
3468 4053
3469 4059
3470 4057
3471 4057
3472 4059
3473 4059
3474 4060
3475 4055
3476 4059
3477 4064
3478 4057
3479 4056
3480 4058
3481 4056
3482 4059
3483 4061
3484 4057
3485 4064
3486 4057
3487 4058
3488 4058
3489 4059
3490 4056
3491 4059
3492 4060
3493 4059
3494 4056
3495 4058
3496 4059
3497 4059
3498 4059
3499 4057
3500 4057
3501 4061
3502 4054
3503 4061
3504 4060
3505 4058
3506 4061
3507 4061
3508 4057
3509 4059
3510 4055
3511 4060
3512 4057
3513 4058
3514 4057
3515 4064
3516 4058
3517 4057
3518 4056
3519 4059
3520 4060
3521 4059
3522 4061
3523 4058
3524 4060
3525 4058
3526 4057
3527 4058
3528 4061
3529 4056
3530 4056
3531 4058
3532 4057
3533 4056
3534 4059
3535 4058
3536 4057
3537 4056
3538 4058
3539 4060
3540 4058
3541 4059
3542 4058
3543 4061
3544 4057
3545 4064
3546 4061
3547 4057
3548 4058
3549 4061
3550 4060
3551 4060
3552 4056
3553 4060
3554 4060
3555 4058
3556 4060
3557 4060
3558 4059
3559 4059
3560 4060
3561 4059
3562 4061
3563 4061
3564 4057
3565 4059
3566 4055
3567 4057
3568 4059
3569 4058
3570 4055
3571 4059
3572 4060
3573 4060
3574 4059
3575 4058
3576 4060
3577 4057
3578 4058
3579 4058
3580 4059
3581 4057
3582 4060
3583 4059
3584 4059
3585 4064
3586 4059
3587 4059
3588 4060
3589 4056
3590 4057
3591 4060
3592 4058
3593 4057
3594 4057
3595 4057
3596 4058
3597 4059
3598 4057
3599 4060
3600 4064
3601 4061
3602 4053
3603 4058
3604 4061
3605 4061
3606 4061
3607 4055
3608 4059
3609 4061
3610 4059
3611 4059
3612 4057
3613 4058
3614 4059
3615 4061
3616 4059
3617 4058
3618 4060
3619 4057
3620 4061
3621 4059
3622 4057
3623 4057
3624 4056
3625 4058
3626 4057
3627 4061
3628 4064
3629 4060
3630 4058
3631 4056
3632 4061
3633 4055
3634 4059
3635 4057
3636 4058
3637 4057
3638 4055
3639 4057
3640 4056
3641 4060
3642 4058
3643 4057
3644 4057
3645 4057
3646 4057
3647 4059
3648 4056
3649 4058
3650 4058
3651 4064
3652 4057
3653 4061
3654 4054
3655 4059
3656 4059
3657 4059
3658 4058
3659 4059
3660 4055
3661 4061
3662 4054
3663 4057
3664 4058
3665 4059
3666 4058
3667 4055
3668 4056
3669 4056
3670 4058
3671 4054
3672 4057
3673 4055
3674 4058
3675 4059
3676 4057
3677 4060
3678 4057
3679 4057
3680 4057
3681 4055
3682 4058
3683 4058
3684 4057
3685 4057
3686 4056
3687 4057
3688 4055
3689 4057
3690 4057
3691 4057
3692 4057
3693 4057
3694 4058
