#Data from the TCD1304 linear CCD
#column 1 = pixelnumber , column 2 = pixelvalue
#Pixel 1-32 and 3679-3694 and are dummy pixels
#SH-period: 200    ICG-period: 100000    Integration time: 100.0 us
2 4040
3 4042
4 4061
5 4061
6 4059
7 4064
8 4058
9 4060
10 4064
11 4064
12 4061
13 4060
14 4061
15 4064
16 4064
17 4064
18 4064
19 4061
20 4060
21 4065
22 4064
23 4059
24 4061
25 4060
26 4064
27 4060
28 4061
29 4064
30 4060
31 4061
32 4064
34 4061
35 4064
36 4060
37 4061
38 4060
39 4059
40 4061
41 4060
42 4060
43 4062
44 4060
45 4064
46 4058
47 4064
48 4064
49 4064
50 4060
51 4060
52 4057
53 4065
54 4064
55 4060
56 4064
57 4064
58 4059
59 4064
60 4060
61 4060
62 4061
63 4057
64 4061
65 4064
66 4061
67 4059
68 4060
69 4066
70 4059
71 4064
72 4061
73 4060
74 4064
75 4064
76 4061
77 4065
78 4064
79 4060
80 4064
81 4066
82 4060
83 4061
84 4061
85 4060
86 4060
87 4061
88 4064
89 4060
90 4059
91 4064
92 4058
93 4064
94 4060
95 4064
96 4059
97 4064
98 4064
99 4062
100 4064
101 4067
102 4057
103 4060
104 4059
105 4064
106 4061
107 4064
108 4061
109 4064
110 4060
111 4064
112 4064
113 4059
114 4060
115 4064
116 4064
117 4060
118 4060
119 4064
120 4064
121 4064
122 4061
123 4064
124 4060
125 4064
126 4060
127 4064
128 4064
129 4061
130 4060
131 4061
132 4058
133 4064
134 4060
135 4064
136 4060
137 4061
138 4064
139 4061
140 4064
141 4060
142 4061
143 4061
144 4061
145 4059
146 4064
147 4064
148 4058
149 4058
150 4061
151 4060
152 4058
153 4065
154 4059
155 4061
156 4060
157 4061
158 4061
159 4064
160 4059
161 4064
162 4060
163 4060
164 4059
165 4064
166 4061
167 4064
168 4057
169 4064
170 4058
171 4057
172 4061
173 4064
174 4061
175 4064
176 4064
177 4064
178 4060
179 4064
180 4064
181 4065
182 4060
183 4060
184 4064
185 4064
186 4058
187 4060
188 4064
189 4064
190 4060
191 4064
192 4059
193 4061
194 4061
195 4060
196 4064
197 4064
198 4058
199 4064
200 4064
201 4064
202 4058
203 4064
204 4064
205 4064
206 4064
207 4057
208 4059
209 4058
210 4064
211 4064
212 4061
213 4061
214 4060
215 4064
216 4061
217 4060
218 4064
219 4064
220 4061
221 4064
222 4064
223 4064
224 4060
225 4064
226 4064
227 4059
228 4061
229 4058
230 4061
231 4064
232 4061
233 4064
234 4064
235 4060
236 4061
237 4064
238 4060
239 4064
240 4064
241 4064
242 4059
243 4064
244 4064
245 4064
246 4059
247 4060
248 4061
249 4064
250 4059
251 4064
252 4056
253 4062
254 4060
255 4064
256 4062
257 4062
258 4064
259 4064
260 4059
261 4064
262 4057
263 4064
264 4060
265 4059
266 4064
267 4061
268 4060
269 4064
270 4059
271 4060
272 4064
273 4061
274 4060
275 4064
276 4061
277 4060
278 4064
279 4065
280 4064
281 4062
282 4061
283 4064
284 4064
285 4064
286 4061
287 4064
288 4061
289 4061
290 4061
291 4060
292 4064
293 4065
294 4059
295 4061
296 4064
297 4061
298 4057
299 4060
300 4064
301 4065
302 4060
303 4064
304 4061
305 4064
306 4064
307 4061
308 4064
309 4058
310 4064
311 4064
312 4064
313 4064
314 4064
315 4064
316 4059
317 4060
318 4060
319 4060
320 4064
321 4062
322 4061
323 4059
324 4064
325 4064
326 4060
327 4061
328 4064
329 4064
330 4060
331 4064
332 4061
333 4061
334 4054
335 4064
336 4060
337 4061
338 4064
339 4064
340 4061
341 4059
342 4064
343 4064
344 4061
345 4059
346 4061
347 4060
348 4057
349 4064
350 4064
351 4065
352 4058
353 4058
354 4061
355 4061
356 4060
357 4059
358 4064
359 4060
360 4064
361 4059
362 4061
363 4064
364 4061
365 4061
366 4061
367 4061
368 4064
369 4059
370 4060
371 4059
372 4064
373 4059
374 4061
375 4057
376 4064
377 4064
378 4061
379 4064
380 4064
381 4057
382 4064
383 4061
384 4060
385 4057
386 4064
387 4061
388 4059
389 4064
390 4060
391 4064
392 4059
393 4065
394 4062
395 4065
396 4064
397 4060
398 4059
399 4064
400 4060
401 4064
402 4058
403 4061
404 4061
405 4064
406 4058
407 4064
408 4058
409 4061
410 4064
411 4064
412 4061
413 4060
414 4059
415 4061
416 4064
417 4064
418 4060
419 4064
420 4061
421 4061
422 4059
423 4059
424 4060
425 4065
426 4061
427 4065
428 4064
429 4064
430 4064
431 4064
432 4057
433 4064
434 4061
435 4064
436 4064
437 4064
438 4060
439 4059
440 4057
441 4064
442 4061
443 4060
444 4061
445 4064
446 4064
447 4064
448 4057
449 4064
450 4064
451 4065
452 4061
453 4064
454 4060
455 4061
456 4064
457 4058
458 4059
459 4061
460 4061
461 4064
462 4064
463 4061
464 4064
465 4061
466 4061
467 4060
468 4064
469 4064
470 4060
471 4061
472 4064
473 4059
474 4059
475 4060
476 4060
477 4064
478 4064
479 4061
480 4064
481 4064
482 4064
483 4064
484 4061
485 4060
486 4065
487 4064
488 4060
489 4064
490 4059
491 4059
492 4061
493 4064
494 4059
495 4060
496 4058
497 4061
498 4057
499 4056
500 4060
501 4064
502 4055
503 4058
504 4060
505 4059
506 4059
507 4061
508 4058
509 4058
510 4061
511 4060
512 4058
513 4064
514 4058
515 4061
516 4058
517 4064
518 4059
519 4064
520 4060
521 4059
522 4060
523 4061
524 4059
525 4059
526 4061
527 4061
528 4061
529 4064
530 4060
531 4059
532 4061
533 4057
534 4064
535 4064
536 4059
537 4058
538 4060
539 4058
540 4061
541 4064
542 4059
543 4058
544 4065
545 4060
546 4059
547 4064
548 4059
549 4060
550 4064
551 4064
552 4057
553 4064
554 4060
555 4061
556 4064
557 4064
558 4061
559 4061
560 4059
561 4064
562 4055
563 4060
564 4061
565 4060
566 4060
567 4064
568 4059
569 4061
570 4064
571 4064
572 4061
573 4059
574 4061
575 4064
576 4064
577 4059
578 4064
579 4061
580 4057
581 4064
582 4065
583 4060
584 4064
585 4060
586 4066
587 4060
588 4064
589 4061
590 4064
591 4064
592 4064
593 4064
594 4064
595 4061
596 4061
597 4059
598 4064
599 4065
600 4059
601 4064
602 4059
603 4059
604 4064
605 4064
606 4059
607 4064
608 4061
609 4061
610 4064
611 4064
612 4064
613 4059
614 4064
615 4061
616 4064
617 4061
618 4060
619 4064
620 4060
621 4064
622 4064
623 4064
624 4060
625 4064
626 4061
627 4064
628 4060
629 4060
630 4064
631 4064
632 4057
633 4060
634 4060
635 4058
636 4059
637 4061
638 4064
639 4059
640 4056
641 4064
642 4057
643 4059
644 4061
645 4065
646 4059
647 4059
648 4060
649 4059
650 4059
651 4067
652 4060
653 4064
654 4064
655 4064
656 4061
657 4064
658 4061
659 4060
660 4060
661 4064
662 4059
663 4064
664 4060
665 4061
666 4064
667 4060
668 4061
669 4064
670 4059
671 4061
672 4064
673 4059
674 4064
675 4064
676 4064
677 4058
678 4064
679 4061
680 4061
681 4064
682 4059
683 4064
684 4060
685 4060
686 4064
687 4060
688 4060
689 4060
690 4059
691 4064
692 4061
693 4060
694 4060
695 4060
696 4064
697 4061
698 4061
699 4064
700 4059
701 4066
702 4054
703 4062
704 4064
705 4060
706 4061
707 4064
708 4060
709 4060
710 4061
711 4060
712 4058
713 4064
714 4057
715 4060
716 4064
717 4064
718 4058
719 4060
720 4061
721 4064
722 4060
723 4060
724 4061
725 4064
726 4064
727 4064
728 4059
729 4060
730 4061
731 4064
732 4064
733 4058
734 4059
735 4064
736 4064
737 4061
738 4059
739 4061
740 4061
741 4061
742 4061
743 4064
744 4064
745 4064
746 4064
747 4060
748 4059
749 4060
750 4064
751 4064
752 4060
753 4064
754 4061
755 4064
756 4064
757 4059
758 4064
759 4064
760 4064
761 4065
762 4055
763 4059
764 4064
765 4061
766 4064
767 4064
768 4061
769 4061
770 4064
771 4059
772 4060
773 4064
774 4064
775 4064
776 4061
777 4060
778 4060
779 4061
780 4059
781 4064
782 4061
783 4064
784 4059
785 4061
786 4064
787 4059
788 4060
789 4064
790 4061
791 4060
792 4060
793 4058
794 4059
795 4064
796 4060
797 4058
798 4064
799 4059
800 4058
801 4065
802 4056
803 4064
804 4059
805 4057
806 4057
807 4060
808 4057
809 4059
810 4060
811 4064
812 4058
813 4060
814 4060
815 4057
816 4057
817 4060
818 4060
819 4064
820 4056
821 4060
822 4060
823 4060
824 4058
825 4059
826 4058
827 4057
828 4059
829 4064
830 4061
831 4055
832 4064
833 4060
834 4059
835 4060
836 4064
837 4060
838 4058
839 4058
840 4055
841 4060
842 4061
843 4059
844 4056
845 4060
846 4057
847 4059
848 4059
849 4057
850 4057
851 4064
852 4060
853 4056
854 4064
855 4056
856 4060
857 4058
858 4060
859 4060
860 4060
861 4060
862 4059
863 4059
864 4059
865 4057
866 4058
867 4058
868 4057
869 4058
870 4056
871 4061
872 4058
873 4060
874 4060
875 4058
876 4061
877 4060
878 4056
879 4060
880 4060
881 4064
882 4059
883 4060
884 4059
885 4061
886 4060
887 4057
888 4056
889 4059
890 4056
891 4059
892 4057
893 4061
894 4060
895 4064
896 4058
897 4061
898 4055
899 4057
900 4056
901 4060
902 4058
903 4061
904 4057
905 4061
906 4059
907 4055
908 4058
909 4056
910 4056
911 4060
912 4059
913 4059
914 4061
915 4060
916 4055
917 4060
918 4057
919 4057
920 4058
921 4058
922 4057
923 4064
924 4059
925 4059
926 4064
927 4059
928 4056
929 4061
930 4059
931 4059
932 4059
933 4057
934 4057
935 4060
936 4060
937 4057
938 4057
939 4058
940 4058
941 4059
942 4061
943 4059
944 4058
945 4060
946 4059
947 4055
948 4057
949 4057
950 4059
951 4064
952 4058
953 4056
954 4057
955 4057
956 4064
957 4060
958 4060
959 4059
960 4059
961 4057
962 4059
963 4058
964 4058
965 4058
966 4059
967 4064
968 4059
969 4058
970 4060
971 4061
972 4057
973 4057
974 4060
975 4058
976 4060
977 4061
978 4056
979 4059
980 4060
981 4057
982 4058
983 4064
984 4061
985 4059
986 4059
987 4058
988 4060
989 4060
990 4057
991 4059
992 4060
993 4055
994 4055
995 4061
996 4060
997 4056
998 4059
999 4060
1000 4057
1001 4064
1002 4056
1003 4061
1004 4060
1005 4060
1006 4061
1007 4061
1008 4056
1009 4060
1010 4058
1011 4060
1012 4058
1013 4056
1014 4060
1015 4059
1016 4057
1017 4057
1018 4061
1019 4060
1020 4058
1021 4058
1022 4056
1023 4058
1024 4060
1025 4060
1026 4061
1027 4064
1028 4060
1029 4061
1030 4058
1031 4058
1032 4056
1033 4058
1034 4059
1035 4057
1036 4060
1037 4069
1038 4055
1039 4059
1040 4056
1041 4057
1042 4059
1043 4061
1044 4059
1045 4060
1046 4061
1047 4060
1048 4060
1049 4059
1050 4057
1051 4064
1052 4056
1053 4061
1054 4058
1055 4057
1056 4057
1057 4064
1058 4058
1059 4057
1060 4059
1061 4060
1062 4061
1063 4058
1064 4058
1065 4061
1066 4060
1067 4056
1068 4057
1069 4057
1070 4061
1071 4059
1072 4057
1073 4058
1074 4061
1075 4055
1076 4058
1077 4058
1078 4060
1079 4058
1080 4061
1081 4057
1082 4064
1083 4059
1084 4058
1085 4057
1086 4059
1087 4058
1088 4059
1089 4059
1090 4059
1091 4059
1092 4057
1093 4060
1094 4057
1095 4064
1096 4060
1097 4059
1098 4059
1099 4059
1100 4058
1101 4064
1102 4056
1103 4061
1104 4057
1105 4060
1106 4057
1107 4061
1108 4060
1109 4064
1110 4059
1111 4058
1112 4059
1113 4057
1114 4057
1115 4058
1116 4061
1117 4060
1118 4059
1119 4064
1120 4057
1121 4061
1122 4059
1123 4060
1124 4059
1125 4057
1126 4061
1127 4064
1128 4060
1129 4060
1130 4060
1131 4059
1132 4064
1133 4060
1134 4064
1135 4059
1136 4059
1137 4059
1138 4059
1139 4060
1140 4057
1141 4059
1142 4060
1143 4060
1144 4056
1145 4064
1146 4056
1147 4056
1148 4061
1149 4059
1150 4059
1151 4064
1152 4057
1153 4058
1154 4059
1155 4059
1156 4061
1157 4058
1158 4064
1159 4057
1160 4059
1161 4061
1162 4059
1163 4058
1164 4059
1165 4059
1166 4057
1167 4060
1168 4060
1169 4059
1170 4059
1171 4061
1172 4057
1173 4058
1174 4059
1175 4057
1176 4057
1177 4064
1178 4059
1179 4057
1180 4059
1181 4061
1182 4059
1183 4059
1184 4056
1185 4057
1186 4061
1187 4062
1188 4057
1189 4059
1190 4059
1191 4058
1192 4060
1193 4061
1194 4058
1195 4060
1196 4064
1197 4058
1198 4060
1199 4064
1200 4060
1201 4064
1202 4055
1203 4059
1204 4061
1205 4056
1206 4058
1207 4059
1208 4058
1209 4058
1210 4059
1211 4057
1212 4061
1213 4059
1214 4061
1215 4058
1216 4058
1217 4061
1218 4060
1219 4056
1220 4057
1221 4058
1222 4058
1223 4057
1224 4060
1225 4060
1226 4061
1227 4057
1228 4057
1229 4060
1230 4061
1231 4061
1232 4059
1233 4064
1234 4055
1235 4064
1236 4064
1237 4064
1238 4057
1239 4064
1240 4060
1241 4061
1242 4060
1243 4060
1244 4058
1245 4064
1246 4060
1247 4060
1248 4064
1249 4057
1250 4061
1251 4065
1252 4057
1253 4058
1254 4059
1255 4059
1256 4059
1257 4061
1258 4061
1259 4059
1260 4057
1261 4064
1262 4061
1263 4059
1264 4060
1265 4061
1266 4059
1267 4064
1268 4061
1269 4058
1270 4061
1271 4060
1272 4057
1273 4061
1274 4064
1275 4058
1276 4064
1277 4059
1278 4060
1279 4058
1280 4064
1281 4064
1282 4060
1283 4064
1284 4060
1285 4066
1286 4066
1287 4064
1288 4061
1289 4061
1290 4060
1291 4064
1292 4064
1293 4061
1294 4059
1295 4064
1296 4064
1297 4064
1298 4064
1299 4064
1300 4064
1301 4064
1302 4059
1303 4064
1304 4060
1305 4065
1306 4058
1307 4059
1308 4061
1309 4064
1310 4061
1311 4064
1312 4064
1313 4064
1314 4064
1315 4064
1316 4058
1317 4064
1318 4064
1319 4061
1320 4061
1321 4061
1322 4059
1323 4060
1324 4061
1325 4065
1326 4064
1327 4061
1328 4060
1329 4064
1330 4058
1331 4059
1332 4059
1333 4060
1334 4060
1335 4059
1336 4064
1337 4058
1338 4061
1339 4060
1340 4064
1341 4061
1342 4059
1343 4064
1344 4061
1345 4061
1346 4061
1347 4061
1348 4065
1349 4064
1350 4061
1351 4066
1352 4064
1353 4061
1354 4060
1355 4064
1356 4060
1357 4064
1358 4064
1359 4061
1360 4061
1361 4065
1362 4064
1363 4064
1364 4057
1365 4065
1366 4060
1367 4064
1368 4065
1369 4064
1370 4064
1371 4064
1372 4057
1373 4064
1374 4064
1375 4064
1376 4060
1377 4061
1378 4061
1379 4064
1380 4061
1381 4064
1382 4061
1383 4064
1384 4059
1385 4064
1386 4061
1387 4059
1388 4060
1389 4064
1390 4059
1391 4064
1392 4059
1393 4065
1394 4061
1395 4061
1396 4060
1397 4061
1398 4061
1399 4064
1400 4064
1401 4064
1402 4059
1403 4056
1404 4064
1405 4064
1406 4061
1407 4061
1408 4061
1409 4061
1410 4061
1411 4064
1412 4060
1413 4064
1414 4064
1415 4061
1416 4064
1417 4064
1418 4061
1419 4064
1420 4060
1421 4061
1422 4064
1423 4059
1424 4064
1425 4060
1426 4059
1427 4064
1428 4064
1429 4060
1430 4064
1431 4059
1432 4064
1433 4061
1434 4061
1435 4061
1436 4064
1437 4059
1438 4064
1439 4064
1440 4064
1441 4060
1442 4064
1443 4061
1444 4064
1445 4064
1446 4064
1447 4064
1448 4061
1449 4064
1450 4061
1451 4064
1452 4064
1453 4064
1454 4061
1455 4064
1456 4064
1457 4064
1458 4064
1459 4064
1460 4064
1461 4064
1462 4064
1463 4061
1464 4061
1465 4061
1466 4060
1467 4060
1468 4064
1469 4059
1470 4060
1471 4064
1472 4064
1473 4064
1474 4064
1475 4061
1476 4061
1477 4064
1478 4064
1479 4061
1480 4064
1481 4061
1482 4060
1483 4065
1484 4064
1485 4064
1486 4061
1487 4061
1488 4059
1489 4060
1490 4059
1491 4061
1492 4064
1493 4060
1494 4061
1495 4059
1496 4064
1497 4064
1498 4059
1499 4064
1500 4060
1501 4064
1502 4059
1503 4064
1504 4060
1505 4064
1506 4058
1507 4064
1508 4060
1509 4064
1510 4061
1511 4064
1512 4059
1513 4061
1514 4060
1515 4060
1516 4064
1517 4064
1518 4059
1519 4061
1520 4060
1521 4061
1522 4061
1523 4064
1524 4064
1525 4060
1526 4060
1527 4060
1528 4064
1529 4064
1530 4064
1531 4066
1532 4058
1533 4061
1534 4059
1535 4064
1536 4064
1537 4064
1538 4060
1539 4060
1540 4064
1541 4064
1542 4064
1543 4060
1544 4064
1545 4064
1546 4061
1547 4061
1548 4059
1549 4064
1550 4061
1551 4065
1552 4059
1553 4060
1554 4061
1555 4064
1556 4061
1557 4064
1558 4064
1559 4064
1560 4060
1561 4066
1562 4060
1563 4061
1564 4059
1565 4064
1566 4064
1567 4061
1568 4059
1569 4067
1570 4061
1571 4064
1572 4061
1573 4061
1574 4059
1575 4060
1576 4061
1577 4064
1578 4064
1579 4060
1580 4064
1581 4060
1582 4061
1583 4060
1584 4061
1585 4061
1586 4064
1587 4060
1588 4060
1589 4059
1590 4064
1591 4060
1592 4060
1593 4065
1594 4059
1595 4064
1596 4059
1597 4060
1598 4060
1599 4065
1600 4059
1601 4068
1602 4059
1603 4064
1604 4064
1605 4064
1606 4060
1607 4064
1608 4064
1609 4059
1610 4064
1611 4061
1612 4064
1613 4061
1614 4060
1615 4064
1616 4059
1617 4064
1618 4060
1619 4058
1620 4064
1621 4064
1622 4065
1623 4060
1624 4061
1625 4060
1626 4060
1627 4064
1628 4060
1629 4064
1630 4060
1631 4061
1632 4060
1633 4064
1634 4060
1635 4064
1636 4064
1637 4061
1638 4059
1639 4060
1640 4060
1641 4061
1642 4060
1643 4060
1644 4064
1645 4061
1646 4061
1647 4059
1648 4064
1649 4064
1650 4058
1651 4064
1652 4060
1653 4064
1654 4059
1655 4065
1656 4064
1657 4061
1658 4064
1659 4064
1660 4061
1661 4061
1662 4065
1663 4064
1664 4065
1665 4060
1666 4058
1667 4060
1668 4064
1669 4064
1670 4065
1671 4061
1672 4064
1673 4064
1674 4064
1675 4064
1676 4064
1677 4064
1678 4064
1679 4061
1680 4060
1681 4064
1682 4060
1683 4061
1684 4064
1685 4059
1686 4061
1687 4064
1688 4061
1689 4061
1690 4064
1691 4064
1692 4061
1693 4059
1694 4061
1695 4061
1696 4064
1697 4057
1698 4059
1699 4064
1700 4064
1701 4064
1702 4058
1703 4064
1704 4059
1705 4064
1706 4060
1707 4064
1708 4064
1709 4060
1710 4059
1711 4064
1712 4064
1713 4061
1714 4064
1715 4061
1716 4060
1717 4064
1718 4064
1719 4064
1720 4059
1721 4061
1722 4064
1723 4060
1724 4060
1725 4064
1726 4060
1727 4057
1728 4064
1729 4060
1730 4064
1731 4065
1732 4059
1733 4064
1734 4058
1735 4061
1736 4061
1737 4060
1738 4064
1739 4059
1740 4064
1741 4064
1742 4059
1743 4065
1744 4064
1745 4064
1746 4058
1747 4061
1748 4060
1749 4064
1750 4060
1751 4065
1752 4059
1753 4064
1754 4058
1755 4060
1756 4064
1757 4061
1758 4062
1759 4060
1760 4059
1761 4064
1762 4064
1763 4059
1764 4064
1765 4062
1766 4059
1767 4064
1768 4064
1769 4064
1770 4061
1771 4059
1772 4064
1773 4057
1774 4061
1775 4061
1776 4060
1777 4064
1778 4061
1779 4064
1780 4064
1781 4064
1782 4061
1783 4059
1784 4064
1785 4064
1786 4065
1787 4058
1788 4058
1789 4061
1790 4064
1791 4064
1792 4060
1793 4064
1794 4061
1795 4064
1796 4064
1797 4064
1798 4059
1799 4064
1800 4061
1801 4061
1802 4061
1803 4059
1804 4064
1805 4064
1806 4064
1807 4059
1808 4059
1809 4061
1810 4061
1811 4065
1812 4064
1813 4065
1814 4060
1815 4059
1816 4061
1817 4061
1818 4064
1819 4059
1820 4060
1821 4065
1822 4061
1823 4058
1824 4061
1825 4064
1826 4057
1827 4061
1828 4060
1829 4055
1830 4061
1831 4064
1832 4059
1833 4059
1834 4060
1835 4060
1836 4060
1837 4065
1838 4060
1839 4064
1840 4064
1841 4060
1842 4060
1843 4061
1844 4065
1845 4061
1846 4061
1847 4064
1848 4064
1849 4064
1850 4059
1851 4064
1852 4057
1853 4064
1854 4064
1855 4060
1856 4060
1857 4064
1858 4061
1859 4065
1860 4064
1861 4059
1862 4061
1863 4064
1864 4059
1865 4059
1866 4060
1867 4061
1868 4064
1869 4060
1870 4060
1871 4060
1872 4064
1873 4056
1874 4064
1875 4064
1876 4059
1877 4060
1878 4064
1879 4058
1880 4064
1881 4064
1882 4060
1883 4064
1884 4064
1885 4060
1886 4064
1887 4060
1888 4064
1889 4060
1890 4064
1891 4060
1892 4060
1893 4064
1894 4059
1895 4064
1896 4064
1897 4064
1898 4058
1899 4061
1900 4059
1901 4064
1902 4055
1903 4064
1904 4061
1905 4056
1906 4060
1907 4059
1908 4064
1909 4061
1910 4059
1911 4064
1912 4061
1913 4058
1914 4060
1915 4064
1916 4060
1917 4059
1918 4061
1919 4060
1920 4061
1921 4064
1922 4059
1923 4058
1924 4060
1925 4061
1926 4059
1927 4060
1928 4061
1929 4060
1930 4060
1931 4058
1932 4064
1933 4064
1934 4056
1935 4064
1936 4061
1937 4060
1938 4059
1939 4061
1940 4060
1941 4061
1942 4057
1943 4060
1944 4062
1945 4061
1946 4060
1947 4061
1948 4059
1949 4061
1950 4061
1951 4064
1952 4060
1953 4061
1954 4064
1955 4061
1956 4059
1957 4061
1958 4061
1959 4059
1960 4064
1961 4060
1962 4060
1963 4064
1964 4064
1965 4060
1966 4064
1967 4064
1968 4061
1969 4059
1970 4059
1971 4064
1972 4061
1973 4059
1974 4065
1975 4064
1976 4060
1977 4064
1978 4064
1979 4060
1980 4064
1981 4064
1982 4064
1983 4060
1984 4061
1985 4064
1986 4061
1987 4061
1988 4059
1989 4064
1990 4064
1991 4059
1992 4064
1993 4061
1994 4061
1995 4064
1996 4064
1997 4061
1998 4057
1999 4060
2000 4060
2001 4068
2002 4060
2003 4061
2004 4061
2005 4061
2006 4064
2007 4060
2008 4059
2009 4064
2010 4064
2011 4060
2012 4064
2013 4059
2014 4060
2015 4065
2016 4064
2017 4060
2018 4058
2019 4064
2020 4064
2021 4058
2022 4059
2023 4059
2024 4057
2025 4064
2026 4059
2027 4060
2028 4059
2029 4059
2030 4064
2031 4064
2032 4064
2033 4064
2034 4064
2035 4061
2036 4061
2037 4064
2038 4059
2039 4057
2040 4061
2041 4060
2042 4064
2043 4064
2044 4065
2045 4064
2046 4060
2047 4061
2048 4057
2049 4060
2050 4064
2051 4066
2052 4061
2053 4064
2054 4064
2055 4058
2056 4064
2057 4059
2058 4061
2059 4064
2060 4061
2061 4060
2062 4064
2063 4061
2064 4059
2065 4061
2066 4059
2067 4064
2068 4061
2069 4064
2070 4061
2071 4061
2072 4061
2073 4064
2074 4060
2075 4061
2076 4060
2077 4064
2078 4064
2079 4064
2080 4056
2081 4064
2082 4064
2083 4064
2084 4064
2085 4061
2086 4064
2087 4060
2088 4064
2089 4064
2090 4056
2091 4064
2092 4059
2093 4064
2094 4061
2095 4061
2096 4064
2097 4060
2098 4057
2099 4061
2100 4064
2101 4061
2102 4056
2103 4064
2104 4061
2105 4064
2106 4061
2107 4061
2108 4061
2109 4064
2110 4059
2111 4065
2112 4060
2113 4060
2114 4064
2115 4059
2116 4061
2117 4064
2118 4057
2119 4061
2120 4060
2121 4061
2122 4060
2123 4065
2124 4061
2125 4060
2126 4064
2127 4059
2128 4064
2129 4064
2130 4060
2131 4060
2132 4064
2133 4057
2134 4059
2135 4064
2136 4065
2137 4064
2138 4059
2139 4060
2140 4057
2141 4059
2142 4059
2143 4059
2144 4059
2145 4064
2146 4064
2147 4061
2148 4064
2149 4061
2150 4061
2151 4064
2152 4057
2153 4061
2154 4064
2155 4064
2156 4059
2157 4066
2158 4061
2159 4064
2160 4064
2161 4060
2162 4064
2163 4065
2164 4055
2165 4064
2166 4057
2167 4060
2168 4060
2169 4059
2170 4064
2171 4064
2172 4060
2173 4060
2174 4061
2175 4060
2176 4062
2177 4064
2178 4064
2179 4064
2180 4059
2181 4061
2182 4061
2183 4064
2184 4061
2185 4060
2186 4061
2187 4065
2188 4061
2189 4060
2190 4064
2191 4059
2192 4060
2193 4060
2194 4064
2195 4064
2196 4060
2197 4064
2198 4061
2199 4059
2200 4058
2201 4065
2202 4064
2203 4064
2204 4060
2205 4064
2206 4061
2207 4061
2208 4061
2209 4058
2210 4059
2211 4061
2212 4064
2213 4064
2214 4060
2215 4059
2216 4064
2217 4061
2218 4060
2219 4061
2220 4059
2221 4057
2222 4064
2223 4064
2224 4060
2225 4061
2226 4057
2227 4064
2228 4064
2229 4065
2230 4061
2231 4060
2232 4064
2233 4060
2234 4062
2235 4060
2236 4064
2237 4061
2238 4061
2239 4060
2240 4059
2241 4064
2242 4058
2243 4061
2244 4064
2245 4058
2246 4061
2247 4059
2248 4061
2249 4060
2250 4057
2251 4064
2252 4058
2253 4064
2254 4064
2255 4061
2256 4057
2257 4058
2258 4057
2259 4058
2260 4060
2261 4061
2262 4064
2263 4061
2264 4059
2265 4061
2266 4057
2267 4059
2268 4060
2269 4060
2270 4060
2271 4064
2272 4061
2273 4060
2274 4059
2275 4060
2276 4059
2277 4060
2278 4064
2279 4058
2280 4064
2281 4061
2282 4064
2283 4061
2284 4060
2285 4061
2286 4061
2287 4061
2288 4064
2289 4061
2290 4061
2291 4061
2292 4060
2293 4064
2294 4064
2295 4061
2296 4059
2297 4064
2298 4060
2299 4061
2300 4064
2301 4064
2302 4059
2303 4061
2304 4061
2305 4064
2306 4064
2307 4064
2308 4058
2309 4064
2310 4061
2311 4064
2312 4064
2313 4061
2314 4064
2315 4064
2316 4064
2317 4065
2318 4064
2319 4064
2320 4064
2321 4064
2322 4060
2323 4060
2324 4061
2325 4060
2326 4064
2327 4059
2328 4061
2329 4064
2330 4061
2331 4064
2332 4058
2333 4059
2334 4059
2335 4059
2336 4061
2337 4061
2338 4057
2339 4065
2340 4060
2341 4060
2342 4067
2343 4064
2344 4059
2345 4061
2346 4061
2347 4064
2348 4059
2349 4061
2350 4061
2351 4068
2352 4056
2353 4064
2354 4060
2355 4066
2356 4064
2357 4064
2358 4059
2359 4064
2360 4060
2361 4060
2362 4060
2363 4064
2364 4059
2365 4064
2366 4064
2367 4064
2368 4061
2369 4065
2370 4061
2371 4059
2372 4061
2373 4064
2374 4061
2375 4064
2376 4061
2377 4061
2378 4061
2379 4064
2380 4060
2381 4064
2382 4061
2383 4064
2384 4064
2385 4064
2386 4064
2387 4065
2388 4064
2389 4061
2390 4059
2391 4064
2392 4064
2393 4061
2394 4060
2395 4060
2396 4060
2397 4064
2398 4058
2399 4061
2400 4060
2401 4064
2402 4055
2403 4064
2404 4059
2405 4064
2406 4064
2407 4061
2408 4061
2409 4060
2410 4061
2411 4061
2412 4060
2413 4060
2414 4062
2415 4060
2416 4060
2417 4064
2418 4061
2419 4064
2420 4060
2421 4059
2422 4060
2423 4064
2424 4064
2425 4059
2426 4060
2427 4060
2428 4060
2429 4064
2430 4064
2431 4064
2432 4059
2433 4061
2434 4060
2435 4058
2436 4064
2437 4057
2438 4060
2439 4059
2440 4060
2441 4061
2442 4057
2443 4064
2444 4058
2445 4064
2446 4061
2447 4061
2448 4061
2449 4060
2450 4061
2451 4066
2452 4061
2453 4061
2454 4064
2455 4061
2456 4061
2457 4060
2458 4064
2459 4059
2460 4061
2461 4064
2462 4061
2463 4064
2464 4057
2465 4064
2466 4064
2467 4059
2468 4061
2469 4064
2470 4064
2471 4059
2472 4064
2473 4060
2474 4061
2475 4064
2476 4058
2477 4064
2478 4061
2479 4059
2480 4060
2481 4064
2482 4061
2483 4060
2484 4059
2485 4061
2486 4060
2487 4064
2488 4061
2489 4060
2490 4064
2491 4060
2492 4064
2493 4060
2494 4061
2495 4059
2496 4060
2497 4057
2498 4058
2499 4064
2500 4060
2501 4061
2502 4057
2503 4061
2504 4057
2505 4061
2506 4059
2507 4064
2508 4060
2509 4059
2510 4060
2511 4064
2512 4061
2513 4061
2514 4059
2515 4062
2516 4061
2517 4061
2518 4061
2519 4064
2520 4060
2521 4064
2522 4059
2523 4060
2524 4064
2525 4060
2526 4060
2527 4060
2528 4060
2529 4064
2530 4061
2531 4061
2532 4064
2533 4064
2534 4060
2535 4064
2536 4064
2537 4064
2538 4064
2539 4064
2540 4059
2541 4061
2542 4060
2543 4064
2544 4064
2545 4061
2546 4061
2547 4060
2548 4059
2549 4059
2550 4064
2551 4064
2552 4059
2553 4061
2554 4064
2555 4064
2556 4061
2557 4057
2558 4064
2559 4061
2560 4059
2561 4060
2562 4064
2563 4064
2564 4060
2565 4061
2566 4064
2567 4060
2568 4061
2569 4060
2570 4064
2571 4060
2572 4057
2573 4059
2574 4059
2575 4058
2576 4057
2577 4064
2578 4059
2579 4064
2580 4058
2581 4061
2582 4064
2583 4059
2584 4060
2585 4064
2586 4061
2587 4059
2588 4061
2589 4064
2590 4060
2591 4061
2592 4064
2593 4061
2594 4061
2595 4060
2596 4061
2597 4060
2598 4057
2599 4059
2600 4061
2601 4064
2602 4055
2603 4059
2604 4064
2605 4061
2606 4064
2607 4064
2608 4056
2609 4061
2610 4058
2611 4064
2612 4060
2613 4064
2614 4060
2615 4059
2616 4059
2617 4064
2618 4061
2619 4064
2620 4064
2621 4064
2622 4062
2623 4064
2624 4061
2625 4061
2626 4060
2627 4064
2628 4061
2629 4064
2630 4058
2631 4064
2632 4061
2633 4064
2634 4061
2635 4061
2636 4059
2637 4060
2638 4064
2639 4059
2640 4060
2641 4059
2642 4057
2643 4059
2644 4060
2645 4064
2646 4060
2647 4060
2648 4064
2649 4064
2650 4061
2651 4064
2652 4061
2653 4064
2654 4057
2655 4064
2656 4064
2657 4060
2658 4061
2659 4061
2660 4060
2661 4064
2662 4058
2663 4060
2664 4061
2665 4061
2666 4059
2667 4064
2668 4061
2669 4058
2670 4064
2671 4061
2672 4059
2673 4059
2674 4061
2675 4061
2676 4061
2677 4064
2678 4064
2679 4060
2680 4064
2681 4064
2682 4060
2683 4065
2684 4059
2685 4064
2686 4064
2687 4058
2688 4059
2689 4057
2690 4058
2691 4060
2692 4058
2693 4061
2694 4060
2695 4060
2696 4060
2697 4058
2698 4060
2699 4059
2700 4059
2701 4064
2702 4059
2703 4060
2704 4064
2705 4059
2706 4058
2707 4060
2708 4059
2709 4059
2710 4064
2711 4061
2712 4060
2713 4058
2714 4058
2715 4059
2716 4055
2717 4059
2718 4059
2719 4059
2720 4060
2721 4060
2722 4059
2723 4056
2724 4059
2725 4059
2726 4059
2727 4060
2728 4057
2729 4059
2730 4057
2731 4060
2732 4057
2733 4060
2734 4056
2735 4059
2736 4059
2737 4059
2738 4058
2739 4056
2740 4058
2741 4057
2742 4064
2743 4057
2744 4060
2745 4058
2746 4059
2747 4061
2748 4064
2749 4059
2750 4059
2751 4064
2752 4055
2753 4064
2754 4061
2755 4061
2756 4059
2757 4061
2758 4064
2759 4061
2760 4055
2761 4064
2762 4060
2763 4060
2764 4060
2765 4059
2766 4060
2767 4058
2768 4059
2769 4064
2770 4057
2771 4065
2772 4057
2773 4064
2774 4058
2775 4060
2776 4064
2777 4061
2778 4060
2779 4064
2780 4060
2781 4059
2782 4060
2783 4061
2784 4064
2785 4059
2786 4060
2787 4064
2788 4061
2789 4065
2790 4061
2791 4057
2792 4064
2793 4064
2794 4059
2795 4059
2796 4061
2797 4058
2798 4060
2799 4061
2800 4058
2801 4064
2802 4060
2803 4059
2804 4064
2805 4064
2806 4059
2807 4059
2808 4060
2809 4064
2810 4059
2811 4061
2812 4061
2813 4057
2814 4059
2815 4058
2816 4060
2817 4059
2818 4060
2819 4058
2820 4061
2821 4060
2822 4064
2823 4064
2824 4061
2825 4060
2826 4059
2827 4065
2828 4060
2829 4061
2830 4059
2831 4059
2832 4060
2833 4064
2834 4064
2835 4061
2836 4061
2837 4064
2838 4064
2839 4057
2840 4061
2841 4061
2842 4064
2843 4064
2844 4064
2845 4060
2846 4064
2847 4060
2848 4060
2849 4064
2850 4060
2851 4066
2852 4061
2853 4064
2854 4064
2855 4064
2856 4059
2857 4060
2858 4061
2859 4060
2860 4058
2861 4065
2862 4059
2863 4064
2864 4064
2865 4064
2866 4064
2867 4061
2868 4064
2869 4061
2870 4061
2871 4064
2872 4064
2873 4065
2874 4064
2875 4059
2876 4064
2877 4060
2878 4064
2879 4064
2880 4061
2881 4061
2882 4059
2883 4061
2884 4061
2885 4064
2886 4064
2887 4060
2888 4059
2889 4060
2890 4064
2891 4064
2892 4061
2893 4061
2894 4064
2895 4058
2896 4064
2897 4064
2898 4060
2899 4064
2900 4061
2901 4065
2902 4064
2903 4060
2904 4064
2905 4065
2906 4061
2907 4060
2908 4064
2909 4064
2910 4061
2911 4064
2912 4064
2913 4060
2914 4059
2915 4065
2916 4064
2917 4064
2918 4064
2919 4059
2920 4061
2921 4064
2922 4060
2923 4060
2924 4064
2925 4061
2926 4060
2927 4065
2928 4064
2929 4061
2930 4061
2931 4059
2932 4061
2933 4064
2934 4064
2935 4064
2936 4065
2937 4064
2938 4064
2939 4059
2940 4064
2941 4064
2942 4060
2943 4064
2944 4061
2945 4060
2946 4061
2947 4064
2948 4059
2949 4064
2950 4065
2951 4061
2952 4060
2953 4061
2954 4059
2955 4058
2956 4059
2957 4064
2958 4064
2959 4059
2960 4059
2961 4064
2962 4060
2963 4060
2964 4064
2965 4064
2966 4064
2967 4061
2968 4064
2969 4058
2970 4060
2971 4064
2972 4064
2973 4064
2974 4064
2975 4060
2976 4059
2977 4064
2978 4058
2979 4065
2980 4061
2981 4061
2982 4059
2983 4062
2984 4064
2985 4064
2986 4064
2987 4060
2988 4064
2989 4064
2990 4060
2991 4064
2992 4064
2993 4064
2994 4061
2995 4060
2996 4060
2997 4064
2998 4059
2999 4065
3000 4064
3001 4065
3002 4060
3003 4060
3004 4064
3005 4064
3006 4062
3007 4064
3008 4064
3009 4065
3010 4064
3011 4064
3012 4060
3013 4061
3014 4064
3015 4067
3016 4060
3017 4064
3018 4060
3019 4064
3020 4058
3021 4064
3022 4064
3023 4061
3024 4064
3025 4064
3026 4064
3027 4060
3028 4064
3029 4064
3030 4064
3031 4061
3032 4064
3033 4064
3034 4061
3035 4060
3036 4064
3037 4061
3038 4057
3039 4061
3040 4061
3041 4064
3042 4060
3043 4061
3044 4064
3045 4064
3046 4064
3047 4058
3048 4060
3049 4064
3050 4061
3051 4065
3052 4061
3053 4061
3054 4060
3055 4060
3056 4064
3057 4064
3058 4064
3059 4058
3060 4064
3061 4064
3062 4060
3063 4060
3064 4064
3065 4064
3066 4060
3067 4061
3068 4059
3069 4061
3070 4064
3071 4065
3072 4058
3073 4060
3074 4064
3075 4064
3076 4064
3077 4064
3078 4064
3079 4064
3080 4064
3081 4061
3082 4064
3083 4064
3084 4058
3085 4061
3086 4061
3087 4064
3088 4061
3089 4060
3090 4059
3091 4061
3092 4060
3093 4064
3094 4057
3095 4060
3096 4060
3097 4059
3098 4059
3099 4058
3100 4061
3101 4066
3102 4057
3103 4064
3104 4059
3105 4061
3106 4064
3107 4059
3108 4065
3109 4064
3110 4061
3111 4061
3112 4061
3113 4061
3114 4061
3115 4059
3116 4064
3117 4064
3118 4060
3119 4064
3120 4061
3121 4065
3122 4059
3123 4058
3124 4061
3125 4059
3126 4061
3127 4064
3128 4061
3129 4060
3130 4064
3131 4060
3132 4061
3133 4064
3134 4059
3135 4064
3136 4061
3137 4059
3138 4061
3139 4060
3140 4059
3141 4058
3142 4060
3143 4064
3144 4064
3145 4061
3146 4061
3147 4061
3148 4059
3149 4062
3150 4060
3151 4065
3152 4056
3153 4064
3154 4060
3155 4059
3156 4059
3157 4064
3158 4059
3159 4064
3160 4059
3161 4061
3162 4057
3163 4058
3164 4059
3165 4064
3166 4060
3167 4059
3168 4058
3169 4059
3170 4059
3171 4060
3172 4058
3173 4058
3174 4061
3175 4060
3176 4058
3177 4064
3178 4059
3179 4058
3180 4058
3181 4064
3182 4058
3183 4061
3184 4061
3185 4057
3186 4058
3187 4064
3188 4060
3189 4057
3190 4059
3191 4059
3192 4058
3193 4064
3194 4059
3195 4057
3196 4059
3197 4058
3198 4060
3199 4059
3200 4058
3201 4065
3202 4058
3203 4061
3204 4058
3205 4060
3206 4057
3207 4058
3208 4060
3209 4060
3210 4057
3211 4057
3212 4055
3213 4060
3214 4061
3215 4056
3216 4057
3217 4059
3218 4058
3219 4059
3220 4057
3221 4060
3222 4058
3223 4061
3224 4059
3225 4056
3226 4059
3227 4059
3228 4060
3229 4061
3230 4061
3231 4060
3232 4055
3233 4057
3234 4061
3235 4059
3236 4057
3237 4060
3238 4058
3239 4059
3240 4064
3241 4060
3242 4061
3243 4060
3244 4058
3245 4058
3246 4060
3247 4056
3248 4058
3249 4064
3250 4059
3251 4064
3252 4059
3253 4059
3254 4059
3255 4061
3256 4058
3257 4060
3258 4059
3259 4059
3260 4060
3261 4064
3262 4058
3263 4060
3264 4059
3265 4061
3266 4061
3267 4061
3268 4059
3269 4061
3270 4057
3271 4060
3272 4061
3273 4059
3274 4064
3275 4064
3276 4064
3277 4060
3278 4061
3279 4059
3280 4064
3281 4060
3282 4064
3283 4064
3284 4059
3285 4059
3286 4060
3287 4060
3288 4064
3289 4059
3290 4064
3291 4061
3292 4064
3293 4064
3294 4065
3295 4065
3296 4064
3297 4064
3298 4064
3299 4064
3300 4065
3301 4061
3302 4060
3303 4065
3304 4060
3305 4065
3306 4060
3307 4060
3308 4064
3309 4060
3310 4059
3311 4064
3312 4059
3313 4061
3314 4064
3315 4061
3316 4064
3317 4064
3318 4064
3319 4064
3320 4060
3321 4061
3322 4064
3323 4064
3324 4059
3325 4061
3326 4060
3327 4059
3328 4064
3329 4064
3330 4061
3331 4060
3332 4059
3333 4060
3334 4061
3335 4061
3336 4064
3337 4064
3338 4059
3339 4059
3340 4064
3341 4057
3342 4064
3343 4064
3344 4064
3345 4058
3346 4064
3347 4058
3348 4058
3349 4064
3350 4057
3351 4065
3352 4058
3353 4061
3354 4060
3355 4060
3356 4064
3357 4061
3358 4060
3359 4064
3360 4061
3361 4064
3362 4064
3363 4061
3364 4061
3365 4064
3366 4059
3367 4061
3368 4065
3369 4064
3370 4058
3371 4061
3372 4064
3373 4064
3374 4060
3375 4064
3376 4064
3377 4060
3378 4064
3379 4064
3380 4064
3381 4060
3382 4064
3383 4066
3384 4064
3385 4064
3386 4064
3387 4059
3388 4061
3389 4064
3390 4061
3391 4061
3392 4060
3393 4064
3394 4059
3395 4060
3396 4061
3397 4060
3398 4060
3399 4060
3400 4064
3401 4061
3402 4059
3403 4064
3404 4061
3405 4064
3406 4064
3407 4059
3408 4064
3409 4064
3410 4064
3411 4064
3412 4060
3413 4061
3414 4061
3415 4065
3416 4060
3417 4064
3418 4064
3419 4064
3420 4061
3421 4064
3422 4064
3423 4058
3424 4064
3425 4061
3426 4061
3427 4061
3428 4058
3429 4064
3430 4065
3431 4064
3432 4061
3433 4060
3434 4064
3435 4061
3436 4064
3437 4061
3438 4064
3439 4060
3440 4064
3441 4061
3442 4061
3443 4059
3444 4061
3445 4061
3446 4060
3447 4064
3448 4061
3449 4061
3450 4062
3451 4064
3452 4061
3453 4056
3454 4061
3455 4061
3456 4064
3457 4064
3458 4064
3459 4064
3460 4061
3461 4061
3462 4059
3463 4061
3464 4064
3465 4064
3466 4064
3467 4064
3468 4061
3469 4064
3470 4060
3471 4061
3472 4064
3473 4064
3474 4064
3475 4064
3476 4064
3477 4064
3478 4059
3479 4059
3480 4065
3481 4060
3482 4060
3483 4064
3484 4060
3485 4061
3486 4060
3487 4061
3488 4066
3489 4057
3490 4064
3491 4064
3492 4060
3493 4064
3494 4064
3495 4057
3496 4064
3497 4064
3498 4064
3499 4064
3500 4058
3501 4065
3502 4059
3503 4064
3504 4060
3505 4060
3506 4064
3507 4065
3508 4060
3509 4064
3510 4059
3511 4064
3512 4061
3513 4064
3514 4060
3515 4064
3516 4061
3517 4064
3518 4064
3519 4061
3520 4059
3521 4060
3522 4061
3523 4058
3524 4064
3525 4060
3526 4064
3527 4064
3528 4064
3529 4061
3530 4059
3531 4064
3532 4065
3533 4061
3534 4059
3535 4064
3536 4059
3537 4064
3538 4061
3539 4061
3540 4059
3541 4061
3542 4060
3543 4060
3544 4064
3545 4058
3546 4064
3547 4064
3548 4059
3549 4064
3550 4060
3551 4066
3552 4058
3553 4065
3554 4059
3555 4064
3556 4061
3557 4061
3558 4059
3559 4060
3560 4064
3561 4064
3562 4058
3563 4064
3564 4061
3565 4060
3566 4061
3567 4061
3568 4061
3569 4064
3570 4059
3571 4061
3572 4061
3573 4057
3574 4058
3575 4064
3576 4058
3577 4061
3578 4064
3579 4061
3580 4060
3581 4064
3582 4058
3583 4061
3584 4060
3585 4057
3586 4064
3587 4064
3588 4064
3589 4064
3590 4064
3591 4065
3592 4064
3593 4064
3594 4060
3595 4064
3596 4058
3597 4061
3598 4059
3599 4058
3600 4062
3601 4067
3602 4061
3603 4057
3604 4058
3605 4059
3606 4061
3607 4060
3608 4061
3609 4064
3610 4064
3611 4064
3612 4061
3613 4059
3614 4061
3615 4061
3616 4058
3617 4060
3618 4064
3619 4061
3620 4064
3621 4064
3622 4064
3623 4064
3624 4064
3625 4064
3626 4061
3627 4064
3628 4061
3629 4061
3630 4064
3631 4064
3632 4061
3633 4064
3634 4064
3635 4064
3636 4064
3637 4064
3638 4064
3639 4064
3640 4064
3641 4064
3642 4060
3643 4061
3644 4065
3645 4064
3646 4061
3647 4064
3648 4061
3649 4064
3650 4059
3651 4065
3652 4059
3653 4061
3654 4065
3655 4060
3656 4061
3657 4064
3658 4061
3659 4064
3660 4059
3661 4064
3662 4060
3663 4064
3664 4061
3665 4060
3666 4059
3667 4064
3668 4064
3669 4059
3670 4059
3671 4065
3672 4058
3673 4064
3674 4058
3675 4059
3676 4064
3677 4060
3678 4061
3679 4061
3680 4059
3681 4061
3682 4061
3683 4061
3684 4059
3685 4061
3686 4061
3687 4064
3688 4060
3689 4064
3690 4064
3691 4064
3692 4064
3693 4060
3694 4059
