#Data from the TCD1304 linear CCD
#column 1 = pixelnumber , column 2 = pixelvalue
#Pixel 1-32 and 3679-3694 and are dummy pixels
#SH-period: 200    ICG-period: 100000    Integration time: 100.0 us
2 4036
3 4037
4 4055
5 4047
6 4054
7 4056
8 4053
9 4055
10 4053
11 4055
12 4051
13 4056
14 4055
15 4052
16 4057
17 4051
18 4052
19 4053
20 4054
21 4052
22 4052
23 4052
24 4052
25 4052
26 4053
27 4053
28 4051
29 4055
30 4056
31 4055
32 4059
34 4053
35 4055
36 4057
37 4052
38 4053
39 4054
40 4055
41 4057
42 4053
43 4055
44 4053
45 4056
46 4056
47 4055
48 4053
49 4052
50 4053
51 4056
52 4051
53 4051
54 4052
55 4057
56 4053
57 4055
58 4054
59 4055
60 4057
61 4058
62 4051
63 4053
64 4055
65 4055
66 4057
67 4050
68 4056
69 4053
70 4054
71 4056
72 4054
73 4055
74 4056
75 4052
76 4055
77 4056
78 4053
79 4054
80 4055
81 4056
82 4053
83 4056
84 4049
85 4055
86 4055
87 4056
88 4053
89 4055
90 4053
91 4057
92 4056
93 4054
94 4059
95 4057
96 4055
97 4057
98 4053
99 4054
100 4052
101 4054
102 4053
103 4053
104 4049
105 4054
106 4052
107 4055
108 4054
109 4057
110 4053
111 4055
112 4052
113 4053
114 4053
115 4053
116 4051
117 4050
118 4055
119 4055
120 4052
121 4054
122 4055
123 4055
124 4057
125 4051
126 4053
127 4053
128 4053
129 4055
130 4055
131 4055
132 4054
133 4053
134 4054
135 4053
136 4054
137 4055
138 4053
139 4054
140 4053
141 4055
142 4056
143 4053
144 4055
145 4052
146 4056
147 4053
148 4054
149 4051
150 4055
151 4059
152 4047
153 4056
154 4059
155 4053
156 4054
157 4055
158 4054
159 4056
160 4053
161 4053
162 4053
163 4054
164 4055
165 4056
166 4054
167 4056
168 4054
169 4055
170 4053
171 4059
172 4056
173 4052
174 4056
175 4053
176 4053
177 4055
178 4054
179 4056
180 4056
181 4055
182 4053
183 4055
184 4053
185 4056
186 4053
187 4055
188 4053
189 4056
190 4053
191 4052
192 4052
193 4053
194 4053
195 4059
196 4053
197 4056
198 4055
199 4055
200 4055
201 4064
202 4055
203 4061
204 4054
205 4064
206 4056
207 4055
208 4056
209 4056
210 4058
211 4055
212 4055
213 4056
214 4055
215 4055
216 4059
217 4057
218 4053
219 4054
220 4056
221 4055
222 4059
223 4057
224 4054
225 4057
226 4058
227 4060
228 4057
229 4059
230 4056
231 4057
232 4053
233 4053
234 4057
235 4053
236 4056
237 4055
238 4056
239 4055
240 4057
241 4057
242 4052
243 4055
244 4055
245 4057
246 4058
247 4055
248 4057
249 4056
250 4055
251 4061
252 4053
253 4058
254 4057
255 4054
256 4058
257 4057
258 4054
259 4056
260 4054
261 4057
262 4055
263 4054
264 4055
265 4057
266 4056
267 4057
268 4055
269 4056
270 4056
271 4057
272 4056
273 4055
274 4056
275 4057
276 4056
277 4056
278 4053
279 4055
280 4058
281 4055
282 4055
283 4056
284 4056
285 4055
286 4057
287 4057
288 4057
289 4057
290 4053
291 4058
292 4055
293 4055
294 4055
295 4056
296 4059
297 4055
298 4056
299 4055
300 4057
301 4057
302 4052
303 4055
304 4057
305 4056
306 4056
307 4056
308 4053
309 4056
310 4059
311 4057
312 4056
313 4058
314 4056
315 4053
316 4058
317 4057
318 4059
319 4057
320 4056
321 4058
322 4055
323 4059
324 4052
325 4056
326 4056
327 4059
328 4059
329 4056
330 4058
331 4054
332 4056
333 4057
334 4057
335 4059
336 4057
337 4055
338 4055
339 4057
340 4052
341 4056
342 4059
343 4057
344 4056
345 4058
346 4056
347 4057
348 4056
349 4057
350 4053
351 4058
352 4051
353 4054
354 4056
355 4056
356 4055
357 4057
358 4055
359 4056
360 4056
361 4057
362 4058
363 4057
364 4056
365 4057
366 4057
367 4057
368 4055
369 4058
370 4055
371 4059
372 4054
373 4056
374 4056
375 4057
376 4059
377 4055
378 4055
379 4057
380 4057
381 4056
382 4055
383 4053
384 4053
385 4054
386 4056
387 4057
388 4056
389 4057
390 4056
391 4060
392 4055
393 4058
394 4053
395 4058
396 4059
397 4053
398 4054
399 4057
400 4054
401 4059
402 4057
403 4057
404 4055
405 4058
406 4053
407 4057
408 4055
409 4055
410 4055
411 4058
412 4057
413 4053
414 4055
415 4055
416 4059
417 4053
418 4058
419 4055
420 4055
421 4055
422 4054
423 4055
424 4055
425 4056
426 4055
427 4056
428 4054
429 4055
430 4056
431 4057
432 4053
433 4056
434 4056
435 4054
436 4057
437 4056
438 4057
439 4055
440 4055
441 4056
442 4056
443 4056
444 4059
445 4057
446 4053
447 4055
448 4054
449 4059
450 4057
451 4059
452 4054
453 4059
454 4056
455 4057
456 4057
457 4057
458 4055
459 4057
460 4057
461 4057
462 4056
463 4055
464 4054
465 4056
466 4056
467 4058
468 4054
469 4057
470 4057
471 4055
472 4057
473 4056
474 4060
475 4057
476 4056
477 4056
478 4056
479 4056
480 4054
481 4058
482 4054
483 4056
484 4054
485 4056
486 4055
487 4057
488 4053
489 4053
490 4056
491 4056
492 4056
493 4059
494 4056
495 4057
496 4057
497 4057
498 4057
499 4057
500 4058
501 4057
502 4054
503 4057
504 4053
505 4058
506 4056
507 4053
508 4054
509 4057
510 4057
511 4057
512 4055
513 4058
514 4056
515 4056
516 4057
517 4054
518 4058
519 4054
520 4053
521 4057
522 4056
523 4056
524 4056
525 4056
526 4058
527 4058
528 4057
529 4056
530 4055
531 4056
532 4053
533 4058
534 4055
535 4055
536 4057
537 4057
538 4053
539 4058
540 4054
541 4055
542 4054
543 4057
544 4056
545 4056
546 4057
547 4058
548 4054
549 4057
550 4053
551 4056
552 4055
553 4059
554 4053
555 4057
556 4056
557 4057
558 4056
559 4056
560 4056
561 4059
562 4054
563 4054
564 4059
565 4058
566 4056
567 4055
568 4059
569 4053
570 4057
571 4056
572 4055
573 4056
574 4053
575 4058
576 4057
577 4059
578 4053
579 4054
580 4058
581 4055
582 4052
583 4057
584 4055
585 4055
586 4053
587 4057
588 4053
589 4053
590 4055
591 4055
592 4058
593 4054
594 4057
595 4055
596 4053
597 4054
598 4056
599 4060
600 4055
601 4056
602 4055
603 4056
604 4055
605 4057
606 4055
607 4052
608 4054
609 4056
610 4056
611 4053
612 4057
613 4056
614 4056
615 4054
616 4057
617 4056
618 4053
619 4057
620 4054
621 4056
622 4055
623 4054
624 4053
625 4056
626 4056
627 4059
628 4055
629 4054
630 4051
631 4056
632 4053
633 4055
634 4058
635 4052
636 4053
637 4057
638 4056
639 4053
640 4055
641 4055
642 4052
643 4056
644 4055
645 4055
646 4055
647 4055
648 4054
649 4054
650 4054
651 4060
652 4055
653 4058
654 4055
655 4056
656 4053
657 4059
658 4056
659 4054
660 4056
661 4057
662 4056
663 4054
664 4056
665 4055
666 4059
667 4055
668 4059
669 4057
670 4055
671 4055
672 4056
673 4054
674 4055
675 4058
676 4057
677 4059
678 4052
679 4059
680 4056
681 4064
682 4055
683 4055
684 4053
685 4055
686 4057
687 4054
688 4055
689 4057
690 4054
691 4059
692 4052
693 4056
694 4056
695 4052
696 4057
697 4055
698 4058
699 4054
700 4057
701 4064
702 4054
703 4061
704 4055
705 4058
706 4055
707 4056
708 4054
709 4057
710 4059
711 4058
712 4055
713 4056
714 4052
715 4057
716 4055
717 4055
718 4057
719 4056
720 4054
721 4053
722 4056
723 4056
724 4057
725 4057
726 4056
727 4054
728 4057
729 4058
730 4056
731 4056
732 4055
733 4055
734 4061
735 4057
736 4057
737 4056
738 4057
739 4056
740 4054
741 4057
742 4055
743 4058
744 4054
745 4054
746 4056
747 4058
748 4057
749 4057
750 4056
751 4059
752 4053
753 4056
754 4053
755 4056
756 4057
757 4056
758 4053
759 4054
760 4060
761 4053
762 4055
763 4057
764 4055
765 4055
766 4053
767 4057
768 4057
769 4054
770 4055
771 4058
772 4055
773 4056
774 4055
775 4060
776 4057
777 4056
778 4056
779 4054
780 4054
781 4060
782 4057
783 4056
784 4054
785 4057
786 4055
787 4061
788 4054
789 4056
790 4055
791 4056
792 4056
793 4058
794 4053
795 4060
796 4057
797 4059
798 4057
799 4056
800 4057
801 4059
802 4054
803 4057
804 4054
805 4053
806 4057
807 4061
808 4055
809 4057
810 4056
811 4055
812 4056
813 4057
814 4053
815 4056
816 4056
817 4054
818 4057
819 4056
820 4055
821 4054
822 4054
823 4052
824 4055
825 4056
826 4054
827 4054
828 4055
829 4058
830 4056
831 4059
832 4060
833 4057
834 4059
835 4054
836 4061
837 4056
838 4057
839 4055
840 4055
841 4057
842 4058
843 4053
844 4055
845 4057
846 4055
847 4051
848 4057
849 4053
850 4059
851 4057
852 4050
853 4055
854 4053
855 4057
856 4055
857 4057
858 4055
859 4057
860 4055
861 4053
862 4055
863 4057
864 4054
865 4054
866 4054
867 4056
868 4056
869 4056
870 4055
871 4055
872 4057
873 4054
874 4057
875 4056
876 4057
877 4053
878 4051
879 4056
880 4054
881 4057
882 4054
883 4055
884 4055
885 4059
886 4057
887 4058
888 4056
889 4060
890 4055
891 4059
892 4055
893 4056
894 4058
895 4056
896 4056
897 4060
898 4057
899 4056
900 4057
901 4061
902 4049
903 4056
904 4057
905 4055
906 4059
907 4055
908 4054
909 4057
910 4054
911 4057
912 4057
913 4059
914 4056
915 4056
916 4060
917 4056
918 4055
919 4058
920 4057
921 4055
922 4058
923 4057
924 4056
925 4055
926 4058
927 4057
928 4057
929 4057
930 4057
931 4055
932 4056
933 4054
934 4057
935 4056
936 4058
937 4057
938 4056
939 4058
940 4057
941 4057
942 4056
943 4057
944 4052
945 4055
946 4053
947 4053
948 4053
949 4057
950 4057
951 4059
952 4052
953 4056
954 4057
955 4055
956 4055
957 4055
958 4058
959 4057
960 4056
961 4055
962 4057
963 4058
964 4056
965 4057
966 4064
967 4053
968 4055
969 4053
970 4057
971 4055
972 4053
973 4056
974 4055
975 4057
976 4059
977 4057
978 4057
979 4058
980 4055
981 4057
982 4056
983 4061
984 4056
985 4052
986 4052
987 4057
988 4057
989 4055
990 4055
991 4055
992 4053
993 4056
994 4057
995 4059
996 4057
997 4057
998 4057
999 4054
1000 4057
1001 4059
1002 4055
1003 4058
1004 4057
1005 4055
1006 4055
1007 4057
1008 4057
1009 4054
1010 4057
1011 4057
1012 4056
1013 4055
1014 4054
1015 4056
1016 4056
1017 4054
1018 4058
1019 4055
1020 4055
1021 4056
1022 4058
1023 4058
1024 4058
1025 4061
1026 4054
1027 4057
1028 4057
1029 4057
1030 4059
1031 4057
1032 4055
1033 4054
1034 4054
1035 4058
1036 4057
1037 4057
1038 4055
1039 4057
1040 4053
1041 4060
1042 4053
1043 4056
1044 4055
1045 4053
1046 4060
1047 4059
1048 4052
1049 4053
1050 4057
1051 4061
1052 4054
1053 4057
1054 4057
1055 4059
1056 4057
1057 4064
1058 4057
1059 4056
1060 4057
1061 4056
1062 4054
1063 4055
1064 4056
1065 4054
1066 4058
1067 4055
1068 4055
1069 4058
1070 4059
1071 4055
1072 4055
1073 4057
1074 4056
1075 4055
1076 4057
1077 4057
1078 4055
1079 4056
1080 4054
1081 4055
1082 4055
1083 4058
1084 4058
1085 4056
1086 4056
1087 4057
1088 4059
1089 4061
1090 4056
1091 4060
1092 4060
1093 4056
1094 4059
1095 4055
1096 4057
1097 4055
1098 4057
1099 4057
1100 4057
1101 4058
1102 4057
1103 4055
1104 4058
1105 4056
1106 4057
1107 4056
1108 4055
1109 4055
1110 4057
1111 4056
1112 4054
1113 4057
1114 4054
1115 4054
1116 4056
1117 4056
1118 4056
1119 4054
1120 4057
1121 4059
1122 4056
1123 4058
1124 4057
1125 4056
1126 4055
1127 4055
1128 4055
1129 4056
1130 4057
1131 4054
1132 4057
1133 4053
1134 4054
1135 4057
1136 4052
1137 4056
1138 4057
1139 4057
1140 4057
1141 4057
1142 4053
1143 4056
1144 4057
1145 4056
1146 4057
1147 4056
1148 4053
1149 4057
1150 4055
1151 4058
1152 4053
1153 4057
1154 4060
1155 4057
1156 4058
1157 4057
1158 4059
1159 4058
1160 4056
1161 4059
1162 4057
1163 4057
1164 4053
1165 4057
1166 4059
1167 4057
1168 4054
1169 4054
1170 4056
1171 4056
1172 4057
1173 4055
1174 4055
1175 4055
1176 4055
1177 4056
1178 4056
1179 4055
1180 4056
1181 4057
1182 4059
1183 4056
1184 4056
1185 4057
1186 4055
1187 4059
1188 4057
1189 4053
1190 4052
1191 4057
1192 4054
1193 4059
1194 4057
1195 4057
1196 4056
1197 4057
1198 4056
1199 4055
1200 4057
1201 4059
1202 4057
1203 4055
1204 4056
1205 4058
1206 4055
1207 4060
1208 4057
1209 4051
1210 4058
1211 4058
1212 4056
1213 4052
1214 4056
1215 4056
1216 4055
1217 4055
1218 4058
1219 4056
1220 4057
1221 4054
1222 4054
1223 4057
1224 4057
1225 4056
1226 4057
1227 4054
1228 4057
1229 4057
1230 4054
1231 4059
1232 4058
1233 4056
1234 4057
1235 4059
1236 4055
1237 4058
1238 4055
1239 4060
1240 4055
1241 4057
1242 4059
1243 4056
1244 4057
1245 4057
1246 4057
1247 4058
1248 4053
1249 4057
1250 4053
1251 4060
1252 4055
1253 4056
1254 4058
1255 4056
1256 4060
1257 4056
1258 4055
1259 4057
1260 4055
1261 4054
1262 4053
1263 4056
1264 4056
1265 4057
1266 4058
1267 4056
1268 4055
1269 4055
1270 4058
1271 4055
1272 4057
1273 4055
1274 4055
1275 4059
1276 4053
1277 4057
1278 4053
1279 4056
1280 4056
1281 4058
1282 4055
1283 4053
1284 4060
1285 4056
1286 4059
1287 4054
1288 4056
1289 4056
1290 4054
1291 4057
1292 4056
1293 4057
1294 4055
1295 4057
1296 4056
1297 4053
1298 4057
1299 4057
1300 4054
1301 4059
1302 4054
1303 4056
1304 4055
1305 4056
1306 4055
1307 4056
1308 4055
1309 4054
1310 4058
1311 4059
1312 4055
1313 4056
1314 4055
1315 4053
1316 4060
1317 4059
1318 4057
1319 4057
1320 4057
1321 4057
1322 4049
1323 4059
1324 4054
1325 4057
1326 4056
1327 4057
1328 4057
1329 4061
1330 4057
1331 4054
1332 4057
1333 4053
1334 4055
1335 4054
1336 4057
1337 4058
1338 4050
1339 4054
1340 4055
1341 4059
1342 4057
1343 4056
1344 4056
1345 4057
1346 4057
1347 4056
1348 4057
1349 4055
1350 4058
1351 4058
1352 4045
1353 4056
1354 4056
1355 4057
1356 4056
1357 4056
1358 4057
1359 4055
1360 4052
1361 4057
1362 4057
1363 4058
1364 4055
1365 4057
1366 4057
1367 4055
1368 4057
1369 4058
1370 4059
1371 4060
1372 4059
1373 4056
1374 4055
1375 4056
1376 4055
1377 4055
1378 4055
1379 4058
1380 4060
1381 4054
1382 4057
1383 4056
1384 4057
1385 4053
1386 4054
1387 4059
1388 4056
1389 4053
1390 4056
1391 4056
1392 4056
1393 4058
1394 4057
1395 4057
1396 4055
1397 4055
1398 4057
1399 4057
1400 4051
1401 4060
1402 4051
1403 4057
1404 4057
1405 4054
1406 4057
1407 4055
1408 4056
1409 4057
1410 4055
1411 4057
1412 4055
1413 4057
1414 4057
1415 4054
1416 4057
1417 4057
1418 4056
1419 4056
1420 4057
1421 4056
1422 4054
1423 4057
1424 4057
1425 4056
1426 4058
1427 4055
1428 4058
1429 4056
1430 4055
1431 4059
1432 4055
1433 4056
1434 4056
1435 4056
1436 4057
1437 4055
1438 4057
1439 4056
1440 4057
1441 4056
1442 4059
1443 4057
1444 4055
1445 4060
1446 4054
1447 4056
1448 4059
1449 4060
1450 4056
1451 4060
1452 4055
1453 4057
1454 4056
1455 4054
1456 4053
1457 4056
1458 4056
1459 4055
1460 4055
1461 4054
1462 4056
1463 4057
1464 4056
1465 4058
1466 4055
1467 4054
1468 4057
1469 4058
1470 4056
1471 4056
1472 4054
1473 4056
1474 4057
1475 4057
1476 4056
1477 4055
1478 4057
1479 4056
1480 4059
1481 4056
1482 4056
1483 4054
1484 4057
1485 4055
1486 4056
1487 4055
1488 4059
1489 4058
1490 4053
1491 4056
1492 4055
1493 4054
1494 4053
1495 4057
1496 4054
1497 4056
1498 4057
1499 4056
1500 4059
1501 4060
1502 4054
1503 4060
1504 4055
1505 4056
1506 4056
1507 4057
1508 4057
1509 4059
1510 4055
1511 4055
1512 4057
1513 4055
1514 4058
1515 4056
1516 4058
1517 4057
1518 4056
1519 4057
1520 4058
1521 4056
1522 4056
1523 4059
1524 4059
1525 4057
1526 4055
1527 4057
1528 4058
1529 4053
1530 4056
1531 4055
1532 4055
1533 4059
1534 4052
1535 4059
1536 4057
1537 4056
1538 4059
1539 4056
1540 4055
1541 4059
1542 4054
1543 4057
1544 4057
1545 4057
1546 4056
1547 4055
1548 4057
1549 4060
1550 4059
1551 4061
1552 4054
1553 4055
1554 4057
1555 4056
1556 4055
1557 4060
1558 4057
1559 4057
1560 4056
1561 4056
1562 4055
1563 4057
1564 4059
1565 4060
1566 4057
1567 4055
1568 4055
1569 4054
1570 4055
1571 4056
1572 4055
1573 4055
1574 4056
1575 4055
1576 4056
1577 4056
1578 4055
1579 4058
1580 4060
1581 4057
1582 4057
1583 4057
1584 4058
1585 4054
1586 4058
1587 4057
1588 4056
1589 4055
1590 4053
1591 4055
1592 4057
1593 4056
1594 4058
1595 4056
1596 4058
1597 4055
1598 4055
1599 4055
1600 4056
1601 4060
1602 4057
1603 4055
1604 4057
1605 4055
1606 4057
1607 4059
1608 4055
1609 4054
1610 4055
1611 4056
1612 4055
1613 4057
1614 4057
1615 4055
1616 4057
1617 4057
1618 4055
1619 4056
1620 4056
1621 4059
1622 4056
1623 4053
1624 4056
1625 4056
1626 4058
1627 4059
1628 4056
1629 4057
1630 4058
1631 4057
1632 4056
1633 4055
1634 4056
1635 4057
1636 4054
1637 4060
1638 4058
1639 4058
1640 4055
1641 4059
1642 4054
1643 4057
1644 4059
1645 4056
1646 4057
1647 4055
1648 4058
1649 4056
1650 4054
1651 4060
1652 4053
1653 4058
1654 4055
1655 4056
1656 4054
1657 4055
1658 4059
1659 4055
1660 4056
1661 4055
1662 4057
1663 4056
1664 4054
1665 4055
1666 4056
1667 4058
1668 4054
1669 4055
1670 4056
1671 4056
1672 4056
1673 4056
1674 4059
1675 4056
1676 4053
1677 4058
1678 4052
1679 4055
1680 4055
1681 4058
1682 4057
1683 4059
1684 4057
1685 4055
1686 4056
1687 4057
1688 4055
1689 4057
1690 4056
1691 4053
1692 4053
1693 4057
1694 4056
1695 4058
1696 4054
1697 4057
1698 4056
1699 4060
1700 4057
1701 4056
1702 4056
1703 4055
1704 4056
1705 4060
1706 4055
1707 4055
1708 4055
1709 4057
1710 4055
1711 4059
1712 4053
1713 4057
1714 4056
1715 4055
1716 4058
1717 4053
1718 4057
1719 4055
1720 4058
1721 4059
1722 4057
1723 4059
1724 4057
1725 4055
1726 4055
1727 4059
1728 4057
1729 4057
1730 4057
1731 4056
1732 4057
1733 4056
1734 4053
1735 4056
1736 4056
1737 4055
1738 4055
1739 4057
1740 4055
1741 4058
1742 4057
1743 4055
1744 4057
1745 4054
1746 4055
1747 4054
1748 4058
1749 4055
1750 4056
1751 4060
1752 4055
1753 4055
1754 4057
1755 4055
1756 4056
1757 4054
1758 4058
1759 4061
1760 4056
1761 4053
1762 4057
1763 4057
1764 4053
1765 4055
1766 4054
1767 4054
1768 4056
1769 4058
1770 4058
1771 4057
1772 4055
1773 4057
1774 4057
1775 4056
1776 4055
1777 4055
1778 4054
1779 4056
1780 4055
1781 4058
1782 4059
1783 4056
1784 4056
1785 4055
1786 4056
1787 4056
1788 4057
1789 4054
1790 4054
1791 4059
1792 4060
1793 4059
1794 4056
1795 4055
1796 4054
1797 4054
1798 4057
1799 4057
1800 4055
1801 4060
1802 4057
1803 4056
1804 4055
1805 4056
1806 4056
1807 4055
1808 4057
1809 4052
1810 4056
1811 4058
1812 4056
1813 4059
1814 4059
1815 4057
1816 4057
1817 4056
1818 4061
1819 4057
1820 4056
1821 4057
1822 4053
1823 4053
1824 4057
1825 4055
1826 4056
1827 4057
1828 4058
1829 4057
1830 4055
1831 4055
1832 4055
1833 4058
1834 4056
1835 4057
1836 4055
1837 4059
1838 4058
1839 4055
1840 4055
1841 4056
1842 4059
1843 4055
1844 4056
1845 4060
1846 4056
1847 4055
1848 4056
1849 4056
1850 4053
1851 4059
1852 4054
1853 4058
1854 4056
1855 4055
1856 4055
1857 4058
1858 4061
1859 4057
1860 4056
1861 4056
1862 4054
1863 4058
1864 4056
1865 4057
1866 4056
1867 4052
1868 4054
1869 4055
1870 4057
1871 4057
1872 4053
1873 4058
1874 4055
1875 4056
1876 4056
1877 4057
1878 4056
1879 4059
1880 4057
1881 4058
1882 4055
1883 4058
1884 4056
1885 4057
1886 4055
1887 4055
1888 4053
1889 4055
1890 4057
1891 4058
1892 4058
1893 4059
1894 4056
1895 4058
1896 4056
1897 4056
1898 4054
1899 4054
1900 4060
1901 4057
1902 4054
1903 4058
1904 4058
1905 4057
1906 4058
1907 4058
1908 4058
1909 4057
1910 4051
1911 4056
1912 4054
1913 4058
1914 4055
1915 4055
1916 4058
1917 4058
1918 4057
1919 4056
1920 4056
1921 4058
1922 4056
1923 4059
1924 4058
1925 4059
1926 4053
1927 4056
1928 4059
1929 4056
1930 4056
1931 4055
1932 4057
1933 4059
1934 4055
1935 4056
1936 4057
1937 4057
1938 4057
1939 4058
1940 4060
1941 4056
1942 4056
1943 4056
1944 4056
1945 4057
1946 4057
1947 4056
1948 4054
1949 4056
1950 4057
1951 4059
1952 4053
1953 4055
1954 4059
1955 4055
1956 4057
1957 4053
1958 4056
1959 4055
1960 4057
1961 4056
1962 4057
1963 4058
1964 4056
1965 4056
1966 4059
1967 4056
1968 4053
1969 4055
1970 4055
1971 4056
1972 4056
1973 4056
1974 4060
1975 4056
1976 4055
1977 4055
1978 4058
1979 4056
1980 4054
1981 4057
1982 4054
1983 4057
1984 4057
1985 4057
1986 4055
1987 4053
1988 4055
1989 4055
1990 4057
1991 4055
1992 4055
1993 4056
1994 4054
1995 4057
1996 4058
1997 4059
1998 4055
1999 4056
2000 4056
2001 4057
2002 4050
2003 4057
2004 4054
2005 4057
2006 4058
2007 4055
2008 4056
2009 4054
2010 4055
2011 4059
2012 4057
2013 4055
2014 4055
2015 4054
2016 4057
2017 4056
2018 4056
2019 4058
2020 4054
2021 4054
2022 4053
2023 4055
2024 4054
2025 4055
2026 4055
2027 4059
2028 4055
2029 4059
2030 4053
2031 4056
2032 4056
2033 4058
2034 4061
2035 4058
2036 4058
2037 4053
2038 4058
2039 4057
2040 4055
2041 4057
2042 4052
2043 4055
2044 4057
2045 4057
2046 4054
2047 4058
2048 4055
2049 4054
2050 4058
2051 4057
2052 4050
2053 4057
2054 4054
2055 4055
2056 4055
2057 4054
2058 4055
2059 4058
2060 4055
2061 4058
2062 4057
2063 4057
2064 4055
2065 4059
2066 4055
2067 4055
2068 4058
2069 4055
2070 4055
2071 4056
2072 4057
2073 4056
2074 4055
2075 4057
2076 4057
2077 4055
2078 4056
2079 4055
2080 4057
2081 4056
2082 4055
2083 4054
2084 4053
2085 4060
2086 4057
2087 4056
2088 4058
2089 4057
2090 4055
2091 4055
2092 4058
2093 4057
2094 4056
2095 4054
2096 4056
2097 4059
2098 4055
2099 4057
2100 4057
2101 4055
2102 4055
2103 4057
2104 4057
2105 4052
2106 4054
2107 4059
2108 4056
2109 4054
2110 4057
2111 4055
2112 4055
2113 4056
2114 4054
2115 4056
2116 4058
2117 4053
2118 4057
2119 4057
2120 4057
2121 4056
2122 4059
2123 4060
2124 4057
2125 4057
2126 4064
2127 4055
2128 4059
2129 4056
2130 4055
2131 4060
2132 4055
2133 4056
2134 4055
2135 4055
2136 4056
2137 4057
2138 4057
2139 4056
2140 4056
2141 4056
2142 4056
2143 4053
2144 4057
2145 4057
2146 4056
2147 4059
2148 4052
2149 4064
2150 4058
2151 4058
2152 4056
2153 4055
2154 4056
2155 4056
2156 4056
2157 4054
2158 4056
2159 4057
2160 4054
2161 4059
2162 4057
2163 4056
2164 4056
2165 4057
2166 4057
2167 4059
2168 4058
2169 4059
2170 4058
2171 4057
2172 4053
2173 4057
2174 4057
2175 4058
2176 4053
2177 4057
2178 4059
2179 4053
2180 4056
2181 4057
2182 4058
2183 4057
2184 4054
2185 4056
2186 4056
2187 4055
2188 4056
2189 4056
2190 4053
2191 4057
2192 4053
2193 4059
2194 4057
2195 4053
2196 4057
2197 4056
2198 4059
2199 4058
2200 4055
2201 4057
2202 4057
2203 4058
2204 4057
2205 4058
2206 4057
2207 4056
2208 4057
2209 4057
2210 4057
2211 4054
2212 4056
2213 4057
2214 4056
2215 4056
2216 4058
2217 4054
2218 4058
2219 4057
2220 4059
2221 4060
2222 4055
2223 4055
2224 4057
2225 4055
2226 4060
2227 4056
2228 4055
2229 4057
2230 4057
2231 4058
2232 4057
2233 4055
2234 4056
2235 4057
2236 4055
2237 4059
2238 4057
2239 4058
2240 4053
2241 4057
2242 4057
2243 4058
2244 4056
2245 4059
2246 4053
2247 4060
2248 4057
2249 4058
2250 4057
2251 4060
2252 4054
2253 4053
2254 4056
2255 4059
2256 4052
2257 4057
2258 4054
2259 4055
2260 4057
2261 4056
2262 4057
2263 4057
2264 4059
2265 4059
2266 4057
2267 4054
2268 4055
2269 4056
2270 4053
2271 4058
2272 4057
2273 4053
2274 4056
2275 4057
2276 4057
2277 4058
2278 4056
2279 4059
2280 4057
2281 4058
2282 4055
2283 4054
2284 4057
2285 4057
2286 4057
2287 4058
2288 4055
2289 4054
2290 4055
2291 4057
2292 4059
2293 4058
2294 4055
2295 4064
2296 4057
2297 4055
2298 4056
2299 4057
2300 4057
2301 4058
2302 4054
2303 4057
2304 4057
2305 4057
2306 4059
2307 4057
2308 4058
2309 4057
2310 4054
2311 4055
2312 4059
2313 4057
2314 4055
2315 4054
2316 4058
2317 4055
2318 4056
2319 4058
2320 4056
2321 4057
2322 4054
2323 4057
2324 4053
2325 4057
2326 4055
2327 4055
2328 4053
2329 4056
2330 4055
2331 4059
2332 4054
2333 4053
2334 4055
2335 4056
2336 4057
2337 4058
2338 4057
2339 4060
2340 4058
2341 4064
2342 4058
2343 4057
2344 4056
2345 4057
2346 4056
2347 4055
2348 4057
2349 4057
2350 4058
2351 4059
2352 4055
2353 4057
2354 4056
2355 4055
2356 4057
2357 4055
2358 4056
2359 4056
2360 4055
2361 4054
2362 4056
2363 4057
2364 4053
2365 4057
2366 4056
2367 4055
2368 4055
2369 4054
2370 4057
2371 4053
2372 4057
2373 4056
2374 4058
2375 4055
2376 4059
2377 4056
2378 4053
2379 4052
2380 4056
2381 4055
2382 4056
2383 4057
2384 4054
2385 4057
2386 4056
2387 4057
2388 4055
2389 4061
2390 4056
2391 4058
2392 4058
2393 4055
2394 4055
2395 4057
2396 4056
2397 4056
2398 4058
2399 4054
2400 4055
2401 4060
2402 4055
2403 4055
2404 4055
2405 4056
2406 4054
2407 4057
2408 4057
2409 4059
2410 4056
2411 4056
2412 4055
2413 4055
2414 4056
2415 4057
2416 4056
2417 4058
2418 4057
2419 4059
2420 4058
2421 4056
2422 4057
2423 4052
2424 4054
2425 4055
2426 4057
2427 4056
2428 4055
2429 4054
2430 4055
2431 4061
2432 4057
2433 4058
2434 4055
2435 4054
2436 4053
2437 4055
2438 4056
2439 4060
2440 4056
2441 4058
2442 4054
2443 4055
2444 4059
2445 4057
2446 4054
2447 4055
2448 4058
2449 4057
2450 4056
2451 4055
2452 4050
2453 4056
2454 4057
2455 4057
2456 4055
2457 4057
2458 4054
2459 4056
2460 4055
2461 4058
2462 4056
2463 4059
2464 4055
2465 4052
2466 4052
2467 4057
2468 4058
2469 4058
2470 4055
2471 4053
2472 4057
2473 4054
2474 4059
2475 4056
2476 4055
2477 4057
2478 4055
2479 4056
2480 4057
2481 4054
2482 4058
2483 4055
2484 4054
2485 4055
2486 4059
2487 4059
2488 4057
2489 4052
2490 4056
2491 4057
2492 4054
2493 4054
2494 4057
2495 4056
2496 4057
2497 4056
2498 4059
2499 4057
2500 4055
2501 4057
2502 4053
2503 4053
2504 4057
2505 4057
2506 4055
2507 4056
2508 4057
2509 4059
2510 4055
2511 4057
2512 4054
2513 4056
2514 4054
2515 4055
2516 4057
2517 4055
2518 4053
2519 4053
2520 4058
2521 4056
2522 4055
2523 4055
2524 4055
2525 4056
2526 4056
2527 4055
2528 4056
2529 4058
2530 4053
2531 4056
2532 4054
2533 4057
2534 4055
2535 4056
2536 4052
2537 4056
2538 4057
2539 4056
2540 4053
2541 4060
2542 4053
2543 4057
2544 4052
2545 4058
2546 4058
2547 4056
2548 4057
2549 4057
2550 4059
2551 4057
2552 4051
2553 4056
2554 4053
2555 4053
2556 4052
2557 4058
2558 4054
2559 4057
2560 4054
2561 4055
2562 4056
2563 4057
2564 4055
2565 4053
2566 4056
2567 4055
2568 4052
2569 4053
2570 4056
2571 4057
2572 4055
2573 4056
2574 4056
2575 4055
2576 4057
2577 4052
2578 4055
2579 4053
2580 4056
2581 4059
2582 4056
2583 4059
2584 4057
2585 4056
2586 4056
2587 4057
2588 4054
2589 4053
2590 4053
2591 4058
2592 4053
2593 4054
2594 4055
2595 4056
2596 4052
2597 4054
2598 4056
2599 4052
2600 4054
2601 4060
2602 4052
2603 4057
2604 4057
2605 4056
2606 4053
2607 4053
2608 4058
2609 4057
2610 4056
2611 4055
2612 4055
2613 4057
2614 4057
2615 4056
2616 4054
2617 4055
2618 4055
2619 4054
2620 4055
2621 4059
2622 4054
2623 4055
2624 4054
2625 4056
2626 4055
2627 4053
2628 4052
2629 4056
2630 4051
2631 4059
2632 4058
2633 4053
2634 4056
2635 4055
2636 4050
2637 4055
2638 4052
2639 4051
2640 4051
2641 4054
2642 4053
2643 4055
2644 4056
2645 4057
2646 4053
2647 4054
2648 4054
2649 4055
2650 4057
2651 4056
2652 4054
2653 4054
2654 4053
2655 4054
2656 4051
2657 4056
2658 4055
2659 4055
2660 4055
2661 4056
2662 4056
2663 4055
2664 4054
2665 4057
2666 4057
2667 4057
2668 4054
2669 4052
2670 4051
2671 4055
2672 4058
2673 4055
2674 4056
2675 4055
2676 4053
2677 4059
2678 4052
2679 4055
2680 4056
2681 4055
2682 4055
2683 4053
2684 4055
2685 4056
2686 4052
2687 4054
2688 4058
2689 4056
2690 4054
2691 4056
2692 4058
2693 4052
2694 4053
2695 4054
2696 4055
2697 4057
2698 4053
2699 4053
2700 4053
2701 4061
2702 4052
2703 4056
2704 4055
2705 4055
2706 4056
2707 4055
2708 4055
2709 4055
2710 4055
2711 4056
2712 4057
2713 4055
2714 4055
2715 4055
2716 4056
2717 4058
2718 4052
2719 4055
2720 4055
2721 4054
2722 4055
2723 4058
2724 4055
2725 4052
2726 4055
2727 4055
2728 4053
2729 4059
2730 4055
2731 4058
2732 4058
2733 4054
2734 4056
2735 4055
2736 4056
2737 4054
2738 4054
2739 4054
2740 4057
2741 4054
2742 4055
2743 4057
2744 4057
2745 4053
2746 4055
2747 4055
2748 4053
2749 4054
2750 4054
2751 4057
2752 4053
2753 4056
2754 4056
2755 4056
2756 4050
2757 4055
2758 4055
2759 4053
2760 4055
2761 4056
2762 4054
2763 4057
2764 4056
2765 4057
2766 4053
2767 4055
2768 4054
2769 4056
2770 4056
2771 4055
2772 4056
2773 4056
2774 4053
2775 4054
2776 4057
2777 4054
2778 4055
2779 4056
2780 4055
2781 4053
2782 4057
2783 4056
2784 4056
2785 4058
2786 4055
2787 4058
2788 4053
2789 4057
2790 4051
2791 4056
2792 4053
2793 4055
2794 4054
2795 4055
2796 4055
2797 4053
2798 4056
2799 4055
2800 4057
2801 4057
2802 4051
2803 4057
2804 4054
2805 4055
2806 4055
2807 4056
2808 4058
2809 4057
2810 4053
2811 4057
2812 4055
2813 4059
2814 4059
2815 4057
2816 4054
2817 4053
2818 4056
2819 4054
2820 4057
2821 4054
2822 4057
2823 4054
2824 4056
2825 4056
2826 4054
2827 4055
2828 4053
2829 4056
2830 4054
2831 4052
2832 4053
2833 4053
2834 4052
2835 4056
2836 4054
2837 4056
2838 4053
2839 4055
2840 4057
2841 4055
2842 4055
2843 4056
2844 4057
2845 4058
2846 4053
2847 4055
2848 4052
2849 4057
2850 4054
2851 4057
2852 4049
2853 4058
2854 4055
2855 4057
2856 4057
2857 4057
2858 4057
2859 4055
2860 4055
2861 4059
2862 4057
2863 4054
2864 4055
2865 4055
2866 4059
2867 4054
2868 4053
2869 4052
2870 4056
2871 4055
2872 4055
2873 4054
2874 4059
2875 4054
2876 4059
2877 4055
2878 4055
2879 4053
2880 4055
2881 4058
2882 4056
2883 4053
2884 4059
2885 4058
2886 4055
2887 4060
2888 4057
2889 4055
2890 4056
2891 4058
2892 4059
2893 4051
2894 4057
2895 4057
2896 4057
2897 4055
2898 4056
2899 4055
2900 4055
2901 4059
2902 4053
2903 4055
2904 4057
2905 4055
2906 4055
2907 4056
2908 4055
2909 4056
2910 4057
2911 4058
2912 4054
2913 4056
2914 4056
2915 4055
2916 4057
2917 4057
2918 4056
2919 4054
2920 4054
2921 4054
2922 4053
2923 4056
2924 4057
2925 4054
2926 4052
2927 4058
2928 4056
2929 4059
2930 4057
2931 4054
2932 4057
2933 4057
2934 4058
2935 4055
2936 4057
2937 4056
2938 4055
2939 4059
2940 4056
2941 4056
2942 4057
2943 4057
2944 4055
2945 4055
2946 4055
2947 4057
2948 4057
2949 4055
2950 4055
2951 4059
2952 4053
2953 4056
2954 4057
2955 4058
2956 4056
2957 4053
2958 4054
2959 4056
2960 4057
2961 4053
2962 4056
2963 4057
2964 4057
2965 4053
2966 4054
2967 4057
2968 4055
2969 4059
2970 4054
2971 4053
2972 4058
2973 4055
2974 4056
2975 4055
2976 4057
2977 4057
2978 4055
2979 4057
2980 4057
2981 4055
2982 4056
2983 4058
2984 4053
2985 4055
2986 4057
2987 4056
2988 4054
2989 4059
2990 4056
2991 4057
2992 4056
2993 4057
2994 4055
2995 4059
2996 4057
2997 4053
2998 4055
2999 4056
3000 4055
3001 4064
3002 4055
3003 4055
3004 4059
3005 4056
3006 4057
3007 4056
3008 4054
3009 4054
3010 4054
3011 4059
3012 4056
3013 4057
3014 4055
3015 4055
3016 4059
3017 4055
3018 4056
3019 4055
3020 4058
3021 4056
3022 4055
3023 4055
3024 4057
3025 4058
3026 4055
3027 4056
3028 4054
3029 4056
3030 4057
3031 4055
3032 4058
3033 4057
3034 4055
3035 4056
3036 4057
3037 4057
3038 4054
3039 4056
3040 4054
3041 4055
3042 4055
3043 4057
3044 4056
3045 4058
3046 4060
3047 4055
3048 4056
3049 4057
3050 4055
3051 4059
3052 4051
3053 4057
3054 4057
3055 4056
3056 4057
3057 4055
3058 4058
3059 4055
3060 4055
3061 4057
3062 4055
3063 4057
3064 4059
3065 4055
3066 4055
3067 4055
3068 4053
3069 4057
3070 4056
3071 4057
3072 4055
3073 4057
3074 4055
3075 4054
3076 4055
3077 4059
3078 4056
3079 4054
3080 4057
3081 4058
3082 4056
3083 4058
3084 4055
3085 4056
3086 4057
3087 4057
3088 4055
3089 4056
3090 4057
3091 4059
3092 4055
3093 4057
3094 4057
3095 4058
3096 4057
3097 4053
3098 4057
3099 4056
3100 4056
3101 4061
3102 4054
3103 4059
3104 4054
3105 4059
3106 4055
3107 4058
3108 4057
3109 4060
3110 4054
3111 4057
3112 4054
3113 4055
3114 4057
3115 4054
3116 4059
3117 4054
3118 4058
3119 4055
3120 4054
3121 4055
3122 4055
3123 4054
3124 4055
3125 4053
3126 4057
3127 4056
3128 4056
3129 4059
3130 4053
3131 4055
3132 4057
3133 4057
3134 4059
3135 4057
3136 4057
3137 4056
3138 4056
3139 4055
3140 4055
3141 4060
3142 4053
3143 4058
3144 4054
3145 4057
3146 4055
3147 4057
3148 4058
3149 4055
3150 4057
3151 4064
3152 4055
3153 4059
3154 4053
3155 4055
3156 4053
3157 4054
3158 4055
3159 4056
3160 4054
3161 4055
3162 4056
3163 4055
3164 4058
3165 4055
3166 4056
3167 4059
3168 4057
3169 4056
3170 4057
3171 4057
3172 4055
3173 4057
3174 4058
3175 4057
3176 4056
3177 4053
3178 4059
3179 4056
3180 4053
3181 4059
3182 4057
3183 4055
3184 4055
3185 4055
3186 4055
3187 4058
3188 4053
3189 4057
3190 4057
3191 4060
3192 4053
3193 4055
3194 4056
3195 4058
3196 4058
3197 4052
3198 4053
3199 4059
3200 4054
3201 4057
3202 4058
3203 4057
3204 4055
3205 4055
3206 4053
3207 4056
3208 4058
3209 4057
3210 4058
3211 4056
3212 4056
3213 4055
3214 4057
3215 4054
3216 4058
3217 4056
3218 4057
3219 4055
3220 4057
3221 4057
3222 4055
3223 4059
3224 4060
3225 4058
3226 4060
3227 4053
3228 4055
3229 4053
3230 4057
3231 4054
3232 4052
3233 4059
3234 4053
3235 4055
3236 4056
3237 4057
3238 4056
3239 4056
3240 4056
3241 4058
3242 4055
3243 4058
3244 4053
3245 4055
3246 4056
3247 4054
3248 4060
3249 4057
3250 4055
3251 4057
3252 4056
3253 4053
3254 4054
3255 4055
3256 4053
3257 4055
3258 4059
3259 4055
3260 4057
3261 4059
3262 4053
3263 4057
3264 4060
3265 4057
3266 4057
3267 4053
3268 4057
3269 4056
3270 4054
3271 4057
3272 4056
3273 4057
3274 4057
3275 4053
3276 4057
3277 4059
3278 4054
3279 4057
3280 4059
3281 4060
3282 4057
3283 4058
3284 4059
3285 4054
3286 4053
3287 4058
3288 4055
3289 4055
3290 4056
3291 4057
3292 4055
3293 4059
3294 4055
3295 4057
3296 4053
3297 4058
3298 4055
3299 4057
3300 4053
3301 4058
3302 4054
3303 4058
3304 4056
3305 4056
3306 4055
3307 4057
3308 4055
3309 4057
3310 4055
3311 4057
3312 4054
3313 4058
3314 4056
3315 4056
3316 4057
3317 4059
3318 4059
3319 4056
3320 4059
3321 4057
3322 4057
3323 4058
3324 4057
3325 4053
3326 4055
3327 4057
3328 4057
3329 4059
3330 4055
3331 4055
3332 4056
3333 4057
3334 4057
3335 4055
3336 4056
3337 4054
3338 4058
3339 4054
3340 4056
3341 4057
3342 4057
3343 4054
3344 4059
3345 4059
3346 4059
3347 4058
3348 4060
3349 4057
3350 4056
3351 4059
3352 4055
3353 4056
3354 4054
3355 4055
3356 4057
3357 4053
3358 4056
3359 4055
3360 4055
3361 4058
3362 4057
3363 4057
3364 4056
3365 4054
3366 4057
3367 4056
3368 4057
3369 4059
3370 4052
3371 4058
3372 4057
3373 4057
3374 4055
3375 4055
3376 4057
3377 4058
3378 4061
3379 4057
3380 4057
3381 4058
3382 4056
3383 4057
3384 4053
3385 4056
3386 4057
3387 4058
3388 4057
3389 4057
3390 4053
3391 4057
3392 4057
3393 4055
3394 4057
3395 4057
3396 4058
3397 4053
3398 4055
3399 4058
3400 4057
3401 4061
3402 4055
3403 4053
3404 4057
3405 4057
3406 4059
3407 4057
3408 4058
3409 4057
3410 4055
3411 4059
3412 4053
3413 4054
3414 4056
3415 4061
3416 4057
3417 4056
3418 4056
3419 4058
3420 4057
3421 4058
3422 4057
3423 4059
3424 4059
3425 4055
3426 4053
3427 4058
3428 4055
3429 4057
3430 4055
3431 4056
3432 4058
3433 4057
3434 4054
3435 4056
3436 4056
3437 4059
3438 4057
3439 4057
3440 4056
3441 4056
3442 4053
3443 4057
3444 4058
3445 4053
3446 4057
3447 4056
3448 4058
3449 4053
3450 4055
3451 4060
3452 4056
3453 4054
3454 4053
3455 4057
3456 4058
3457 4057
3458 4055
3459 4053
3460 4060
3461 4056
3462 4055
3463 4056
3464 4053
3465 4054
3466 4058
3467 4057
3468 4056
3469 4059
3470 4057
3471 4059
3472 4055
3473 4055
3474 4055
3475 4057
3476 4055
3477 4057
3478 4061
3479 4056
3480 4057
3481 4056
3482 4060
3483 4057
3484 4059
3485 4059
3486 4056
3487 4056
3488 4055
3489 4057
3490 4057
3491 4059
3492 4053
3493 4057
3494 4057
3495 4056
3496 4052
3497 4060
3498 4056
3499 4060
3500 4055
3501 4061
3502 4054
3503 4061
3504 4058
3505 4057
3506 4058
3507 4053
3508 4054
3509 4053
3510 4058
3511 4060
3512 4055
3513 4057
3514 4057
3515 4056
3516 4059
3517 4057
3518 4056
3519 4057
3520 4057
3521 4060
3522 4058
3523 4050
3524 4055
3525 4058
3526 4053
3527 4055
3528 4057
3529 4058
3530 4060
3531 4054
3532 4058
3533 4055
3534 4057
3535 4058
3536 4056
3537 4054
3538 4054
3539 4056
3540 4054
3541 4057
3542 4057
3543 4058
3544 4057
3545 4057
3546 4057
3547 4059
3548 4058
3549 4053
3550 4056
3551 4057
3552 4052
3553 4057
3554 4055
3555 4058
3556 4057
3557 4057
3558 4057
3559 4053
3560 4058
3561 4056
3562 4055
3563 4055
3564 4056
3565 4054
3566 4061
3567 4055
3568 4058
3569 4055
3570 4056
3571 4055
3572 4057
3573 4053
3574 4057
3575 4056
3576 4057
3577 4056
3578 4058
3579 4057
3580 4058
3581 4057
3582 4056
3583 4057
3584 4055
3585 4055
3586 4056
3587 4056
3588 4059
3589 4057
3590 4055
3591 4059
3592 4055
3593 4059
3594 4054
3595 4056
3596 4054
3597 4056
3598 4056
3599 4057
3600 4052
3601 4058
3602 4054
3603 4059
3604 4056
3605 4056
3606 4053
3607 4058
3608 4057
3609 4053
3610 4057
3611 4055
3612 4053
3613 4056
3614 4057
3615 4053
3616 4061
3617 4054
3618 4056
3619 4058
3620 4057
3621 4057
3622 4057
3623 4058
3624 4060
3625 4055
3626 4057
3627 4054
3628 4056
3629 4057
3630 4053
3631 4058
3632 4053
3633 4054
3634 4056
3635 4055
3636 4057
3637 4057
3638 4057
3639 4053
3640 4055
3641 4054
3642 4055
3643 4056
3644 4056
3645 4057
3646 4055
3647 4059
3648 4057
3649 4058
3650 4057
3651 4057
3652 4052
3653 4059
3654 4057
3655 4057
3656 4054
3657 4057
3658 4056
3659 4058
3660 4059
3661 4057
3662 4052
3663 4058
3664 4055
3665 4055
3666 4059
3667 4059
3668 4054
3669 4057
3670 4057
3671 4057
3672 4055
3673 4055
3674 4056
3675 4059
3676 4054
3677 4055
3678 4056
3679 4054
3680 4055
3681 4058
3682 4056
3683 4056
3684 4056
3685 4056
3686 4056
3687 4059
3688 4057
3689 4056
3690 4053
3691 4058
3692 4056
3693 4059
3694 4059
