#Data from the TCD1304 linear CCD
#column 1 = pixelnumber , column 2 = pixelvalue
#Pixel 1-32 and 3679-3694 and are dummy pixels
#SH-period: 200    ICG-period: 100000    Integration time: 100.0 us
2 4041
3 4039
4 4057
5 4057
6 4058
7 4056
8 4056
9 4059
10 4054
11 4057
12 4056
13 4057
14 4056
15 4055
16 4054
17 4055
18 4057
19 4056
20 4053
21 4056
22 4054
23 4054
24 4056
25 4056
26 4056
27 4053
28 4053
29 4060
30 4057
31 4057
32 4053
34 4059
35 4054
36 4057
37 4056
38 4053
39 4055
40 4057
41 4053
42 4053
43 4057
44 4055
45 4056
46 4057
47 4056
48 4058
49 4059
50 4056
51 4057
52 4055
53 4056
54 4054
55 4055
56 4053
57 4053
58 4058
59 4056
60 4054
61 4051
62 4054
63 4053
64 4053
65 4055
66 4053
67 4053
68 4055
69 4061
70 4051
71 4058
72 4052
73 4056
74 4056
75 4057
76 4053
77 4056
78 4057
79 4052
80 4060
81 4061
82 4055
83 4056
84 4056
85 4054
86 4056
87 4057
88 4057
89 4057
90 4057
91 4059
92 4055
93 4055
94 4056
95 4055
96 4056
97 4053
98 4056
99 4059
100 4054
101 4059
102 4059
103 4051
104 4055
105 4056
106 4056
107 4056
108 4058
109 4057
110 4058
111 4059
112 4055
113 4056
114 4059
115 4056
116 4055
117 4053
118 4055
119 4056
120 4054
121 4058
122 4055
123 4058
124 4056
125 4057
126 4057
127 4056
128 4055
129 4055
130 4058
131 4057
132 4057
133 4058
134 4059
135 4057
136 4057
137 4056
138 4055
139 4055
140 4054
141 4056
142 4055
143 4064
144 4057
145 4059
146 4057
147 4056
148 4056
149 4058
150 4057
151 4058
152 4054
153 4056
154 4059
155 4055
156 4057
157 4058
158 4057
159 4055
160 4056
161 4057
162 4058
163 4057
164 4056
165 4058
166 4058
167 4056
168 4054
169 4054
170 4055
171 4057
172 4061
173 4055
174 4060
175 4059
176 4058
177 4055
178 4059
179 4060
180 4053
181 4057
182 4054
183 4055
184 4059
185 4058
186 4056
187 4057
188 4057
189 4055
190 4056
191 4055
192 4055
193 4057
194 4053
195 4058
196 4057
197 4057
198 4055
199 4057
200 4052
201 4061
202 4055
203 4058
204 4055
205 4058
206 4056
207 4053
208 4055
209 4055
210 4054
211 4056
212 4057
213 4057
214 4054
215 4056
216 4053
217 4055
218 4057
219 4057
220 4053
221 4056
222 4056
223 4059
224 4055
225 4059
226 4054
227 4055
228 4055
229 4059
230 4056
231 4056
232 4054
233 4055
234 4058
235 4055
236 4056
237 4059
238 4052
239 4058
240 4060
241 4056
242 4054
243 4059
244 4056
245 4057
246 4055
247 4053
248 4055
249 4058
250 4057
251 4057
252 4053
253 4053
254 4055
255 4057
256 4056
257 4056
258 4058
259 4057
260 4057
261 4056
262 4057
263 4057
264 4058
265 4055
266 4052
267 4053
268 4061
269 4057
270 4056
271 4056
272 4055
273 4059
274 4053
275 4057
276 4060
277 4057
278 4056
279 4057
280 4055
281 4055
282 4057
283 4054
284 4055
285 4056
286 4054
287 4058
288 4057
289 4052
290 4054
291 4053
292 4054
293 4054
294 4055
295 4057
296 4059
297 4056
298 4055
299 4057
300 4057
301 4061
302 4054
303 4054
304 4055
305 4057
306 4055
307 4057
308 4055
309 4057
310 4057
311 4056
312 4056
313 4058
314 4057
315 4057
316 4055
317 4055
318 4058
319 4056
320 4057
321 4054
322 4055
323 4056
324 4058
325 4057
326 4061
327 4058
328 4060
329 4054
330 4059
331 4059
332 4057
333 4055
334 4058
335 4057
336 4056
337 4057
338 4052
339 4057
340 4057
341 4057
342 4054
343 4060
344 4055
345 4056
346 4055
347 4056
348 4055
349 4058
350 4055
351 4061
352 4055
353 4057
354 4059
355 4057
356 4056
357 4056
358 4056
359 4054
360 4056
361 4053
362 4058
363 4058
364 4055
365 4056
366 4057
367 4056
368 4057
369 4055
370 4059
371 4057
372 4058
373 4053
374 4056
375 4058
376 4054
377 4057
378 4057
379 4056
380 4056
381 4053
382 4057
383 4056
384 4054
385 4056
386 4054
387 4056
388 4057
389 4060
390 4059
391 4058
392 4055
393 4058
394 4057
395 4056
396 4056
397 4058
398 4052
399 4057
400 4056
401 4064
402 4055
403 4059
404 4053
405 4053
406 4058
407 4056
408 4056
409 4055
410 4054
411 4057
412 4057
413 4055
414 4057
415 4058
416 4056
417 4055
418 4056
419 4056
420 4057
421 4053
422 4056
423 4057
424 4056
425 4056
426 4053
427 4057
428 4057
429 4053
430 4056
431 4057
432 4052
433 4059
434 4058
435 4058
436 4057
437 4060
438 4057
439 4059
440 4055
441 4059
442 4050
443 4056
444 4055
445 4055
446 4056
447 4057
448 4056
449 4058
450 4057
451 4059
452 4055
453 4055
454 4053
455 4057
456 4054
457 4057
458 4057
459 4056
460 4056
461 4056
462 4054
463 4059
464 4055
465 4056
466 4056
467 4054
468 4059
469 4054
470 4051
471 4053
472 4056
473 4055
474 4057
475 4056
476 4060
477 4056
478 4057
479 4055
480 4057
481 4056
482 4056
483 4053
484 4059
485 4057
486 4056
487 4058
488 4055
489 4055
490 4055
491 4056
492 4055
493 4060
494 4057
495 4058
496 4055
497 4056
498 4056
499 4057
500 4054
501 4059
502 4053
503 4058
504 4058
505 4055
506 4054
507 4058
508 4055
509 4058
510 4057
511 4056
512 4056
513 4058
514 4057
515 4057
516 4057
517 4055
518 4056
519 4056
520 4054
521 4057
522 4056
523 4058
524 4056
525 4058
526 4057
527 4056
528 4057
529 4059
530 4056
531 4057
532 4053
533 4060
534 4055
535 4053
536 4057
537 4057
538 4055
539 4060
540 4055
541 4056
542 4057
543 4055
544 4055
545 4053
546 4057
547 4055
548 4056
549 4057
550 4056
551 4060
552 4055
553 4057
554 4059
555 4056
556 4059
557 4057
558 4057
559 4061
560 4053
561 4056
562 4057
563 4056
564 4058
565 4055
566 4059
567 4056
568 4057
569 4059
570 4058
571 4057
572 4056
573 4055
574 4055
575 4057
576 4055
577 4056
578 4053
579 4054
580 4054
581 4059
582 4064
583 4057
584 4057
585 4060
586 4057
587 4059
588 4057
589 4058
590 4054
591 4057
592 4056
593 4056
594 4053
595 4058
596 4054
597 4058
598 4055
599 4059
600 4055
601 4057
602 4053
603 4061
604 4054
605 4056
606 4055
607 4060
608 4059
609 4058
610 4054
611 4056
612 4054
613 4060
614 4057
615 4055
616 4055
617 4055
618 4059
619 4057
620 4053
621 4057
622 4057
623 4057
624 4057
625 4057
626 4055
627 4055
628 4054
629 4057
630 4056
631 4059
632 4053
633 4058
634 4059
635 4056
636 4058
637 4056
638 4055
639 4055
640 4058
641 4057
642 4052
643 4057
644 4057
645 4055
646 4053
647 4058
648 4057
649 4057
650 4056
651 4057
652 4057
653 4055
654 4054
655 4057
656 4058
657 4055
658 4060
659 4057
660 4056
661 4053
662 4057
663 4058
664 4059
665 4052
666 4056
667 4055
668 4057
669 4055
670 4056
671 4056
672 4055
673 4060
674 4053
675 4057
676 4054
677 4056
678 4055
679 4056
680 4060
681 4054
682 4057
683 4057
684 4054
685 4057
686 4057
687 4058
688 4057
689 4058
690 4057
691 4056
692 4055
693 4057
694 4057
695 4055
696 4057
697 4057
698 4057
699 4058
700 4056
701 4059
702 4050
703 4058
704 4055
705 4058
706 4058
707 4055
708 4054
709 4056
710 4060
711 4060
712 4051
713 4056
714 4054
715 4054
716 4057
717 4059
718 4055
719 4055
720 4057
721 4055
722 4057
723 4054
724 4057
725 4056
726 4055
727 4055
728 4064
729 4057
730 4057
731 4054
732 4059
733 4056
734 4057
735 4051
736 4054
737 4055
738 4057
739 4059
740 4056
741 4059
742 4053
743 4056
744 4055
745 4057
746 4058
747 4055
748 4056
749 4059
750 4054
751 4064
752 4053
753 4057
754 4055
755 4055
756 4057
757 4057
758 4056
759 4054
760 4058
761 4053
762 4056
763 4056
764 4057
765 4054
766 4058
767 4053
768 4058
769 4055
770 4058
771 4056
772 4057
773 4055
774 4057
775 4055
776 4058
777 4059
778 4056
779 4058
780 4057
781 4056
782 4057
783 4059
784 4057
785 4056
786 4059
787 4055
788 4057
789 4057
790 4055
791 4056
792 4057
793 4058
794 4057
795 4055
796 4056
797 4057
798 4057
799 4059
800 4053
801 4060
802 4053
803 4056
804 4054
805 4054
806 4059
807 4055
808 4055
809 4058
810 4054
811 4055
812 4057
813 4057
814 4059
815 4057
816 4055
817 4056
818 4060
819 4057
820 4055
821 4055
822 4055
823 4054
824 4055
825 4057
826 4056
827 4056
828 4054
829 4059
830 4055
831 4058
832 4057
833 4056
834 4056
835 4061
836 4055
837 4056
838 4058
839 4057
840 4056
841 4054
842 4054
843 4059
844 4054
845 4058
846 4055
847 4058
848 4058
849 4057
850 4053
851 4058
852 4053
853 4055
854 4059
855 4058
856 4054
857 4061
858 4056
859 4054
860 4057
861 4059
862 4055
863 4057
864 4056
865 4060
866 4059
867 4055
868 4059
869 4057
870 4054
871 4057
872 4055
873 4056
874 4058
875 4057
876 4058
877 4055
878 4059
879 4058
880 4057
881 4058
882 4057
883 4058
884 4055
885 4059
886 4057
887 4057
888 4055
889 4057
890 4054
891 4056
892 4053
893 4056
894 4054
895 4057
896 4054
897 4056
898 4055
899 4058
900 4056
901 4058
902 4057
903 4055
904 4057
905 4056
906 4057
907 4058
908 4055
909 4057
910 4055
911 4058
912 4055
913 4054
914 4055
915 4054
916 4055
917 4055
918 4058
919 4055
920 4055
921 4059
922 4056
923 4055
924 4061
925 4054
926 4059
927 4055
928 4056
929 4058
930 4054
931 4055
932 4058
933 4055
934 4058
935 4056
936 4055
937 4056
938 4054
939 4055
940 4059
941 4053
942 4058
943 4058
944 4052
945 4057
946 4057
947 4053
948 4053
949 4057
950 4055
951 4058
952 4053
953 4053
954 4056
955 4056
956 4056
957 4059
958 4055
959 4055
960 4057
961 4056
962 4057
963 4055
964 4056
965 4057
966 4060
967 4060
968 4054
969 4057
970 4056
971 4054
972 4052
973 4057
974 4056
975 4055
976 4055
977 4057
978 4054
979 4057
980 4057
981 4057
982 4056
983 4054
984 4056
985 4058
986 4057
987 4055
988 4055
989 4053
990 4057
991 4058
992 4054
993 4057
994 4055
995 4057
996 4056
997 4057
998 4056
999 4056
1000 4055
1001 4059
1002 4052
1003 4057
1004 4058
1005 4057
1006 4055
1007 4057
1008 4053
1009 4056
1010 4057
1011 4053
1012 4057
1013 4054
1014 4059
1015 4057
1016 4056
1017 4055
1018 4057
1019 4055
1020 4052
1021 4057
1022 4056
1023 4055
1024 4056
1025 4057
1026 4059
1027 4058
1028 4056
1029 4056
1030 4057
1031 4053
1032 4055
1033 4056
1034 4055
1035 4056
1036 4052
1037 4057
1038 4055
1039 4057
1040 4054
1041 4054
1042 4059
1043 4056
1044 4055
1045 4061
1046 4056
1047 4058
1048 4056
1049 4055
1050 4056
1051 4059
1052 4053
1053 4055
1054 4053
1055 4057
1056 4053
1057 4055
1058 4058
1059 4057
1060 4057
1061 4057
1062 4056
1063 4056
1064 4057
1065 4056
1066 4054
1067 4054
1068 4058
1069 4055
1070 4055
1071 4059
1072 4055
1073 4057
1074 4055
1075 4056
1076 4057
1077 4055
1078 4057
1079 4057
1080 4053
1081 4056
1082 4056
1083 4056
1084 4056
1085 4055
1086 4054
1087 4053
1088 4057
1089 4054
1090 4055
1091 4057
1092 4053
1093 4056
1094 4056
1095 4059
1096 4056
1097 4056
1098 4057
1099 4055
1100 4055
1101 4059
1102 4053
1103 4055
1104 4056
1105 4057
1106 4057
1107 4058
1108 4056
1109 4056
1110 4055
1111 4057
1112 4054
1113 4055
1114 4057
1115 4053
1116 4055
1117 4052
1118 4057
1119 4057
1120 4054
1121 4058
1122 4053
1123 4057
1124 4055
1125 4057
1126 4056
1127 4058
1128 4054
1129 4056
1130 4055
1131 4059
1132 4053
1133 4055
1134 4057
1135 4058
1136 4059
1137 4060
1138 4057
1139 4057
1140 4054
1141 4057
1142 4053
1143 4058
1144 4055
1145 4055
1146 4055
1147 4055
1148 4054
1149 4054
1150 4055
1151 4059
1152 4055
1153 4055
1154 4053
1155 4055
1156 4059
1157 4057
1158 4058
1159 4054
1160 4056
1161 4056
1162 4056
1163 4058
1164 4054
1165 4057
1166 4055
1167 4054
1168 4059
1169 4055
1170 4054
1171 4060
1172 4055
1173 4054
1174 4058
1175 4056
1176 4057
1177 4059
1178 4056
1179 4059
1180 4058
1181 4055
1182 4055
1183 4057
1184 4057
1185 4053
1186 4057
1187 4056
1188 4057
1189 4053
1190 4057
1191 4057
1192 4054
1193 4057
1194 4056
1195 4056
1196 4057
1197 4057
1198 4057
1199 4058
1200 4055
1201 4057
1202 4054
1203 4056
1204 4060
1205 4057
1206 4053
1207 4056
1208 4057
1209 4059
1210 4055
1211 4057
1212 4056
1213 4055
1214 4058
1215 4055
1216 4056
1217 4053
1218 4060
1219 4056
1220 4053
1221 4054
1222 4054
1223 4054
1224 4056
1225 4055
1226 4056
1227 4055
1228 4055
1229 4058
1230 4053
1231 4059
1232 4055
1233 4057
1234 4059
1235 4056
1236 4059
1237 4058
1238 4056
1239 4055
1240 4056
1241 4054
1242 4057
1243 4056
1244 4056
1245 4057
1246 4054
1247 4058
1248 4053
1249 4057
1250 4057
1251 4058
1252 4052
1253 4056
1254 4054
1255 4055
1256 4058
1257 4057
1258 4056
1259 4058
1260 4054
1261 4058
1262 4054
1263 4056
1264 4055
1265 4056
1266 4054
1267 4056
1268 4057
1269 4055
1270 4057
1271 4059
1272 4056
1273 4057
1274 4057
1275 4056
1276 4055
1277 4059
1278 4057
1279 4053
1280 4055
1281 4053
1282 4056
1283 4057
1284 4054
1285 4053
1286 4058
1287 4057
1288 4055
1289 4053
1290 4057
1291 4057
1292 4054
1293 4057
1294 4057
1295 4055
1296 4053
1297 4057
1298 4055
1299 4060
1300 4055
1301 4059
1302 4053
1303 4059
1304 4055
1305 4056
1306 4058
1307 4057
1308 4055
1309 4056
1310 4057
1311 4060
1312 4052
1313 4056
1314 4057
1315 4058
1316 4057
1317 4055
1318 4056
1319 4056
1320 4059
1321 4056
1322 4057
1323 4056
1324 4057
1325 4055
1326 4053
1327 4057
1328 4055
1329 4055
1330 4057
1331 4057
1332 4055
1333 4057
1334 4055
1335 4053
1336 4057
1337 4057
1338 4056
1339 4058
1340 4055
1341 4055
1342 4054
1343 4057
1344 4057
1345 4057
1346 4056
1347 4058
1348 4055
1349 4058
1350 4053
1351 4060
1352 4053
1353 4057
1354 4057
1355 4057
1356 4056
1357 4056
1358 4055
1359 4057
1360 4052
1361 4058
1362 4058
1363 4057
1364 4057
1365 4054
1366 4057
1367 4058
1368 4053
1369 4057
1370 4059
1371 4057
1372 4058
1373 4053
1374 4054
1375 4056
1376 4060
1377 4053
1378 4055
1379 4057
1380 4056
1381 4053
1382 4055
1383 4057
1384 4056
1385 4058
1386 4057
1387 4054
1388 4058
1389 4060
1390 4056
1391 4053
1392 4057
1393 4055
1394 4057
1395 4053
1396 4055
1397 4057
1398 4053
1399 4055
1400 4058
1401 4056
1402 4051
1403 4057
1404 4052
1405 4057
1406 4057
1407 4054
1408 4056
1409 4057
1410 4055
1411 4060
1412 4057
1413 4059
1414 4058
1415 4055
1416 4053
1417 4056
1418 4057
1419 4055
1420 4058
1421 4056
1422 4054
1423 4057
1424 4057
1425 4056
1426 4055
1427 4055
1428 4057
1429 4056
1430 4053
1431 4060
1432 4057
1433 4055
1434 4055
1435 4056
1436 4054
1437 4058
1438 4055
1439 4056
1440 4061
1441 4056
1442 4057
1443 4057
1444 4055
1445 4060
1446 4053
1447 4057
1448 4053
1449 4057
1450 4053
1451 4061
1452 4053
1453 4060
1454 4059
1455 4054
1456 4053
1457 4061
1458 4056
1459 4053
1460 4058
1461 4055
1462 4056
1463 4056
1464 4055
1465 4058
1466 4057
1467 4054
1468 4057
1469 4056
1470 4056
1471 4058
1472 4055
1473 4054
1474 4056
1475 4058
1476 4057
1477 4057
1478 4058
1479 4056
1480 4057
1481 4058
1482 4055
1483 4056
1484 4058
1485 4056
1486 4059
1487 4056
1488 4053
1489 4054
1490 4059
1491 4059
1492 4056
1493 4054
1494 4064
1495 4057
1496 4057
1497 4058
1498 4055
1499 4057
1500 4060
1501 4058
1502 4055
1503 4053
1504 4058
1505 4059
1506 4054
1507 4055
1508 4054
1509 4060
1510 4055
1511 4059
1512 4056
1513 4056
1514 4053
1515 4057
1516 4058
1517 4057
1518 4056
1519 4055
1520 4058
1521 4060
1522 4050
1523 4059
1524 4054
1525 4060
1526 4053
1527 4057
1528 4056
1529 4057
1530 4057
1531 4057
1532 4058
1533 4056
1534 4058
1535 4057
1536 4058
1537 4057
1538 4053
1539 4058
1540 4057
1541 4057
1542 4057
1543 4057
1544 4053
1545 4057
1546 4057
1547 4056
1548 4059
1549 4056
1550 4055
1551 4060
1552 4054
1553 4055
1554 4056
1555 4056
1556 4054
1557 4059
1558 4056
1559 4054
1560 4053
1561 4057
1562 4057
1563 4058
1564 4055
1565 4052
1566 4058
1567 4057
1568 4055
1569 4057
1570 4053
1571 4055
1572 4055
1573 4056
1574 4057
1575 4058
1576 4055
1577 4058
1578 4055
1579 4057
1580 4057
1581 4056
1582 4056
1583 4056
1584 4057
1585 4053
1586 4056
1587 4056
1588 4057
1589 4059
1590 4061
1591 4055
1592 4056
1593 4053
1594 4056
1595 4057
1596 4057
1597 4056
1598 4053
1599 4059
1600 4057
1601 4061
1602 4055
1603 4057
1604 4055
1605 4059
1606 4056
1607 4056
1608 4057
1609 4059
1610 4056
1611 4057
1612 4056
1613 4056
1614 4056
1615 4058
1616 4055
1617 4058
1618 4058
1619 4055
1620 4053
1621 4054
1622 4056
1623 4056
1624 4056
1625 4055
1626 4057
1627 4057
1628 4057
1629 4055
1630 4053
1631 4060
1632 4056
1633 4053
1634 4055
1635 4058
1636 4055
1637 4059
1638 4055
1639 4057
1640 4057
1641 4057
1642 4054
1643 4059
1644 4054
1645 4056
1646 4055
1647 4058
1648 4055
1649 4056
1650 4055
1651 4057
1652 4051
1653 4059
1654 4055
1655 4057
1656 4055
1657 4061
1658 4056
1659 4058
1660 4055
1661 4059
1662 4055
1663 4058
1664 4057
1665 4055
1666 4057
1667 4054
1668 4059
1669 4054
1670 4057
1671 4055
1672 4055
1673 4055
1674 4055
1675 4056
1676 4057
1677 4057
1678 4055
1679 4056
1680 4055
1681 4057
1682 4055
1683 4055
1684 4056
1685 4057
1686 4057
1687 4056
1688 4059
1689 4055
1690 4055
1691 4059
1692 4054
1693 4058
1694 4056
1695 4057
1696 4055
1697 4055
1698 4060
1699 4057
1700 4059
1701 4057
1702 4055
1703 4057
1704 4056
1705 4056
1706 4058
1707 4055
1708 4056
1709 4058
1710 4051
1711 4057
1712 4058
1713 4054
1714 4056
1715 4057
1716 4054
1717 4054
1718 4058
1719 4057
1720 4056
1721 4056
1722 4056
1723 4057
1724 4054
1725 4055
1726 4055
1727 4058
1728 4059
1729 4055
1730 4056
1731 4059
1732 4057
1733 4055
1734 4057
1735 4058
1736 4057
1737 4055
1738 4057
1739 4056
1740 4056
1741 4057
1742 4053
1743 4056
1744 4053
1745 4058
1746 4055
1747 4058
1748 4057
1749 4057
1750 4053
1751 4061
1752 4053
1753 4057
1754 4057
1755 4053
1756 4058
1757 4053
1758 4056
1759 4058
1760 4053
1761 4056
1762 4055
1763 4054
1764 4053
1765 4059
1766 4055
1767 4057
1768 4061
1769 4054
1770 4055
1771 4055
1772 4055
1773 4054
1774 4052
1775 4059
1776 4057
1777 4057
1778 4057
1779 4056
1780 4057
1781 4054
1782 4055
1783 4057
1784 4057
1785 4056
1786 4058
1787 4054
1788 4058
1789 4058
1790 4055
1791 4056
1792 4053
1793 4057
1794 4055
1795 4054
1796 4053
1797 4059
1798 4054
1799 4058
1800 4054
1801 4057
1802 4050
1803 4056
1804 4055
1805 4055
1806 4055
1807 4057
1808 4055
1809 4059
1810 4057
1811 4057
1812 4052
1813 4056
1814 4056
1815 4057
1816 4058
1817 4053
1818 4056
1819 4056
1820 4056
1821 4057
1822 4053
1823 4056
1824 4057
1825 4057
1826 4057
1827 4059
1828 4056
1829 4057
1830 4055
1831 4057
1832 4059
1833 4056
1834 4057
1835 4057
1836 4055
1837 4056
1838 4056
1839 4055
1840 4055
1841 4056
1842 4057
1843 4056
1844 4055
1845 4056
1846 4055
1847 4056
1848 4060
1849 4057
1850 4054
1851 4059
1852 4052
1853 4058
1854 4055
1855 4056
1856 4056
1857 4057
1858 4056
1859 4060
1860 4053
1861 4053
1862 4058
1863 4056
1864 4056
1865 4057
1866 4054
1867 4056
1868 4057
1869 4055
1870 4056
1871 4056
1872 4057
1873 4058
1874 4053
1875 4057
1876 4056
1877 4059
1878 4057
1879 4056
1880 4057
1881 4057
1882 4057
1883 4056
1884 4053
1885 4057
1886 4055
1887 4056
1888 4056
1889 4058
1890 4057
1891 4057
1892 4053
1893 4061
1894 4055
1895 4055
1896 4053
1897 4055
1898 4055
1899 4056
1900 4057
1901 4059
1902 4052
1903 4056
1904 4056
1905 4059
1906 4057
1907 4055
1908 4053
1909 4057
1910 4054
1911 4058
1912 4056
1913 4055
1914 4055
1915 4053
1916 4059
1917 4052
1918 4056
1919 4056
1920 4055
1921 4057
1922 4055
1923 4057
1924 4054
1925 4057
1926 4058
1927 4050
1928 4055
1929 4054
1930 4053
1931 4055
1932 4055
1933 4055
1934 4055
1935 4059
1936 4060
1937 4055
1938 4057
1939 4058
1940 4054
1941 4059
1942 4058
1943 4056
1944 4056
1945 4055
1946 4056
1947 4057
1948 4053
1949 4054
1950 4056
1951 4059
1952 4053
1953 4057
1954 4056
1955 4055
1956 4057
1957 4054
1958 4055
1959 4056
1960 4057
1961 4057
1962 4058
1963 4057
1964 4056
1965 4057
1966 4054
1967 4055
1968 4059
1969 4053
1970 4057
1971 4055
1972 4056
1973 4057
1974 4055
1975 4060
1976 4057
1977 4057
1978 4056
1979 4060
1980 4057
1981 4057
1982 4057
1983 4056
1984 4056
1985 4059
1986 4057
1987 4056
1988 4057
1989 4056
1990 4056
1991 4057
1992 4055
1993 4059
1994 4056
1995 4054
1996 4054
1997 4054
1998 4056
1999 4057
2000 4057
2001 4057
2002 4057
2003 4058
2004 4055
2005 4058
2006 4056
2007 4056
2008 4056
2009 4055
2010 4056
2011 4056
2012 4056
2013 4056
2014 4057
2015 4056
2016 4060
2017 4056
2018 4057
2019 4055
2020 4060
2021 4056
2022 4055
2023 4057
2024 4054
2025 4054
2026 4059
2027 4057
2028 4052
2029 4056
2030 4056
2031 4061
2032 4056
2033 4058
2034 4057
2035 4056
2036 4059
2037 4056
2038 4056
2039 4053
2040 4059
2041 4056
2042 4058
2043 4056
2044 4053
2045 4056
2046 4052
2047 4055
2048 4055
2049 4057
2050 4056
2051 4061
2052 4056
2053 4064
2054 4055
2055 4056
2056 4054
2057 4057
2058 4055
2059 4056
2060 4056
2061 4057
2062 4059
2063 4056
2064 4057
2065 4055
2066 4056
2067 4057
2068 4055
2069 4056
2070 4058
2071 4055
2072 4057
2073 4059
2074 4053
2075 4057
2076 4058
2077 4057
2078 4057
2079 4057
2080 4053
2081 4054
2082 4054
2083 4057
2084 4054
2085 4055
2086 4055
2087 4056
2088 4052
2089 4058
2090 4056
2091 4054
2092 4057
2093 4055
2094 4055
2095 4054
2096 4057
2097 4057
2098 4053
2099 4054
2100 4053
2101 4060
2102 4049
2103 4057
2104 4056
2105 4053
2106 4057
2107 4057
2108 4052
2109 4055
2110 4055
2111 4056
2112 4055
2113 4056
2114 4056
2115 4057
2116 4055
2117 4057
2118 4057
2119 4056
2120 4057
2121 4057
2122 4058
2123 4057
2124 4057
2125 4055
2126 4055
2127 4056
2128 4056
2129 4056
2130 4054
2131 4056
2132 4057
2133 4056
2134 4054
2135 4056
2136 4055
2137 4055
2138 4053
2139 4055
2140 4055
2141 4058
2142 4051
2143 4058
2144 4055
2145 4052
2146 4055
2147 4057
2148 4058
2149 4055
2150 4056
2151 4056
2152 4056
2153 4057
2154 4054
2155 4056
2156 4057
2157 4057
2158 4057
2159 4056
2160 4056
2161 4059
2162 4055
2163 4056
2164 4058
2165 4056
2166 4055
2167 4056
2168 4060
2169 4054
2170 4056
2171 4057
2172 4053
2173 4060
2174 4053
2175 4057
2176 4057
2177 4060
2178 4052
2179 4054
2180 4058
2181 4053
2182 4054
2183 4057
2184 4054
2185 4057
2186 4058
2187 4058
2188 4057
2189 4056
2190 4055
2191 4059
2192 4057
2193 4057
2194 4057
2195 4057
2196 4055
2197 4059
2198 4059
2199 4054
2200 4053
2201 4059
2202 4053
2203 4055
2204 4054
2205 4057
2206 4058
2207 4055
2208 4056
2209 4057
2210 4055
2211 4055
2212 4054
2213 4056
2214 4057
2215 4059
2216 4057
2217 4055
2218 4059
2219 4057
2220 4056
2221 4056
2222 4055
2223 4056
2224 4054
2225 4057
2226 4053
2227 4059
2228 4056
2229 4057
2230 4053
2231 4056
2232 4054
2233 4054
2234 4056
2235 4056
2236 4053
2237 4058
2238 4058
2239 4056
2240 4057
2241 4056
2242 4054
2243 4057
2244 4054
2245 4055
2246 4057
2247 4053
2248 4053
2249 4057
2250 4056
2251 4060
2252 4053
2253 4054
2254 4055
2255 4056
2256 4054
2257 4057
2258 4054
2259 4055
2260 4059
2261 4055
2262 4056
2263 4054
2264 4057
2265 4057
2266 4059
2267 4054
2268 4056
2269 4055
2270 4053
2271 4057
2272 4058
2273 4060
2274 4056
2275 4055
2276 4056
2277 4055
2278 4055
2279 4057
2280 4057
2281 4055
2282 4056
2283 4056
2284 4057
2285 4056
2286 4059
2287 4059
2288 4054
2289 4057
2290 4058
2291 4056
2292 4056
2293 4057
2294 4053
2295 4057
2296 4055
2297 4056
2298 4055
2299 4055
2300 4055
2301 4059
2302 4054
2303 4057
2304 4059
2305 4057
2306 4049
2307 4055
2308 4059
2309 4054
2310 4055
2311 4057
2312 4054
2313 4057
2314 4056
2315 4053
2316 4056
2317 4055
2318 4055
2319 4053
2320 4056
2321 4055
2322 4053
2323 4056
2324 4056
2325 4056
2326 4053
2327 4055
2328 4054
2329 4052
2330 4056
2331 4057
2332 4055
2333 4054
2334 4056
2335 4055
2336 4056
2337 4053
2338 4053
2339 4056
2340 4052
2341 4054
2342 4057
2343 4055
2344 4054
2345 4057
2346 4050
2347 4056
2348 4056
2349 4059
2350 4057
2351 4057
2352 4055
2353 4055
2354 4057
2355 4057
2356 4057
2357 4056
2358 4053
2359 4055
2360 4053
2361 4055
2362 4059
2363 4056
2364 4054
2365 4057
2366 4056
2367 4057
2368 4058
2369 4056
2370 4054
2371 4055
2372 4055
2373 4054
2374 4056
2375 4054
2376 4055
2377 4057
2378 4056
2379 4057
2380 4057
2381 4055
2382 4055
2383 4055
2384 4057
2385 4056
2386 4055
2387 4056
2388 4057
2389 4054
2390 4057
2391 4055
2392 4054
2393 4057
2394 4057
2395 4056
2396 4055
2397 4051
2398 4055
2399 4056
2400 4056
2401 4059
2402 4052
2403 4055
2404 4053
2405 4057
2406 4055
2407 4056
2408 4057
2409 4060
2410 4054
2411 4057
2412 4057
2413 4056
2414 4055
2415 4059
2416 4053
2417 4055
2418 4058
2419 4055
2420 4055
2421 4055
2422 4056
2423 4053
2424 4057
2425 4056
2426 4057
2427 4056
2428 4056
2429 4054
2430 4057
2431 4053
2432 4053
2433 4060
2434 4054
2435 4053
2436 4059
2437 4056
2438 4056
2439 4057
2440 4054
2441 4058
2442 4057
2443 4058
2444 4057
2445 4056
2446 4057
2447 4055
2448 4056
2449 4057
2450 4053
2451 4056
2452 4054
2453 4053
2454 4058
2455 4056
2456 4056
2457 4056
2458 4055
2459 4056
2460 4056
2461 4059
2462 4052
2463 4056
2464 4055
2465 4055
2466 4055
2467 4055
2468 4058
2469 4053
2470 4054
2471 4060
2472 4052
2473 4054
2474 4054
2475 4059
2476 4058
2477 4057
2478 4054
2479 4056
2480 4053
2481 4056
2482 4056
2483 4056
2484 4056
2485 4056
2486 4057
2487 4057
2488 4057
2489 4059
2490 4055
2491 4056
2492 4055
2493 4058
2494 4055
2495 4053
2496 4059
2497 4054
2498 4056
2499 4055
2500 4058
2501 4055
2502 4053
2503 4057
2504 4057
2505 4058
2506 4056
2507 4055
2508 4064
2509 4057
2510 4054
2511 4055
2512 4056
2513 4056
2514 4057
2515 4059
2516 4059
2517 4054
2518 4056
2519 4056
2520 4057
2521 4056
2522 4054
2523 4056
2524 4054
2525 4055
2526 4053
2527 4053
2528 4055
2529 4058
2530 4054
2531 4060
2532 4058
2533 4056
2534 4056
2535 4057
2536 4057
2537 4057
2538 4053
2539 4058
2540 4057
2541 4056
2542 4055
2543 4055
2544 4054
2545 4055
2546 4056
2547 4057
2548 4054
2549 4056
2550 4054
2551 4059
2552 4053
2553 4059
2554 4057
2555 4054
2556 4056
2557 4059
2558 4057
2559 4056
2560 4053
2561 4056
2562 4056
2563 4053
2564 4056
2565 4054
2566 4053
2567 4056
2568 4056
2569 4059
2570 4054
2571 4057
2572 4053
2573 4054
2574 4056
2575 4055
2576 4054
2577 4057
2578 4056
2579 4057
2580 4055
2581 4057
2582 4055
2583 4053
2584 4053
2585 4055
2586 4055
2587 4056
2588 4058
2589 4054
2590 4054
2591 4056
2592 4053
2593 4060
2594 4056
2595 4058
2596 4055
2597 4057
2598 4058
2599 4055
2600 4057
2601 4057
2602 4053
2603 4057
2604 4054
2605 4056
2606 4055
2607 4054
2608 4052
2609 4054
2610 4055
2611 4057
2612 4052
2613 4054
2614 4053
2615 4057
2616 4054
2617 4053
2618 4057
2619 4056
2620 4054
2621 4057
2622 4053
2623 4053
2624 4056
2625 4057
2626 4057
2627 4055
2628 4057
2629 4057
2630 4055
2631 4056
2632 4056
2633 4055
2634 4052
2635 4055
2636 4057
2637 4060
2638 4053
2639 4051
2640 4056
2641 4056
2642 4052
2643 4056
2644 4054
2645 4056
2646 4057
2647 4055
2648 4055
2649 4054
2650 4055
2651 4055
2652 4051
2653 4058
2654 4056
2655 4056
2656 4054
2657 4059
2658 4056
2659 4053
2660 4055
2661 4054
2662 4052
2663 4057
2664 4055
2665 4055
2666 4057
2667 4055
2668 4057
2669 4057
2670 4055
2671 4056
2672 4056
2673 4053
2674 4054
2675 4053
2676 4051
2677 4056
2678 4054
2679 4056
2680 4057
2681 4056
2682 4057
2683 4055
2684 4054
2685 4059
2686 4053
2687 4055
2688 4057
2689 4055
2690 4055
2691 4057
2692 4054
2693 4058
2694 4054
2695 4053
2696 4057
2697 4053
2698 4058
2699 4055
2700 4055
2701 4059
2702 4053
2703 4057
2704 4052
2705 4059
2706 4056
2707 4055
2708 4059
2709 4054
2710 4054
2711 4053
2712 4057
2713 4055
2714 4053
2715 4055
2716 4055
2717 4054
2718 4057
2719 4059
2720 4055
2721 4054
2722 4055
2723 4058
2724 4053
2725 4055
2726 4056
2727 4056
2728 4056
2729 4056
2730 4057
2731 4057
2732 4057
2733 4054
2734 4058
2735 4054
2736 4055
2737 4055
2738 4055
2739 4053
2740 4057
2741 4052
2742 4053
2743 4056
2744 4053
2745 4056
2746 4055
2747 4057
2748 4055
2749 4058
2750 4056
2751 4058
2752 4052
2753 4055
2754 4053
2755 4056
2756 4053
2757 4053
2758 4053
2759 4057
2760 4055
2761 4055
2762 4056
2763 4055
2764 4056
2765 4058
2766 4055
2767 4053
2768 4057
2769 4054
2770 4054
2771 4057
2772 4053
2773 4054
2774 4054
2775 4055
2776 4053
2777 4055
2778 4056
2779 4052
2780 4056
2781 4057
2782 4055
2783 4058
2784 4055
2785 4055
2786 4052
2787 4057
2788 4052
2789 4054
2790 4057
2791 4054
2792 4056
2793 4057
2794 4053
2795 4054
2796 4059
2797 4055
2798 4055
2799 4054
2800 4057
2801 4056
2802 4052
2803 4054
2804 4058
2805 4054
2806 4056
2807 4057
2808 4056
2809 4054
2810 4057
2811 4057
2812 4055
2813 4057
2814 4055
2815 4057
2816 4056
2817 4053
2818 4057
2819 4055
2820 4055
2821 4055
2822 4057
2823 4051
2824 4053
2825 4058
2826 4057
2827 4056
2828 4057
2829 4053
2830 4053
2831 4056
2832 4055
2833 4053
2834 4058
2835 4054
2836 4056
2837 4057
2838 4056
2839 4056
2840 4056
2841 4056
2842 4055
2843 4055
2844 4055
2845 4055
2846 4057
2847 4054
2848 4059
2849 4059
2850 4056
2851 4056
2852 4053
2853 4057
2854 4057
2855 4056
2856 4059
2857 4056
2858 4057
2859 4055
2860 4057
2861 4056
2862 4053
2863 4056
2864 4057
2865 4055
2866 4054
2867 4054
2868 4054
2869 4055
2870 4054
2871 4060
2872 4053
2873 4057
2874 4053
2875 4053
2876 4055
2877 4056
2878 4056
2879 4055
2880 4056
2881 4056
2882 4056
2883 4057
2884 4056
2885 4053
2886 4053
2887 4056
2888 4057
2889 4057
2890 4055
2891 4058
2892 4055
2893 4059
2894 4055
2895 4060
2896 4056
2897 4055
2898 4058
2899 4059
2900 4053
2901 4061
2902 4052
2903 4057
2904 4057
2905 4053
2906 4053
2907 4056
2908 4055
2909 4056
2910 4053
2911 4057
2912 4058
2913 4053
2914 4053
2915 4057
2916 4058
2917 4053
2918 4057
2919 4058
2920 4055
2921 4055
2922 4055
2923 4059
2924 4057
2925 4055
2926 4056
2927 4053
2928 4055
2929 4057
2930 4055
2931 4061
2932 4054
2933 4054
2934 4058
2935 4055
2936 4053
2937 4055
2938 4054
2939 4055
2940 4053
2941 4055
2942 4049
2943 4061
2944 4052
2945 4056
2946 4053
2947 4055
2948 4052
2949 4059
2950 4056
2951 4059
2952 4052
2953 4056
2954 4057
2955 4056
2956 4054
2957 4057
2958 4055
2959 4055
2960 4058
2961 4057
2962 4057
2963 4057
2964 4054
2965 4056
2966 4054
2967 4052
2968 4055
2969 4061
2970 4054
2971 4057
2972 4059
2973 4055
2974 4057
2975 4055
2976 4058
2977 4055
2978 4056
2979 4060
2980 4054
2981 4056
2982 4053
2983 4056
2984 4055
2985 4057
2986 4054
2987 4057
2988 4055
2989 4056
2990 4056
2991 4055
2992 4056
2993 4057
2994 4058
2995 4055
2996 4053
2997 4054
2998 4055
2999 4055
3000 4057
3001 4056
3002 4053
3003 4059
3004 4055
3005 4055
3006 4055
3007 4056
3008 4056
3009 4056
3010 4053
3011 4057
3012 4057
3013 4057
3014 4054
3015 4056
3016 4057
3017 4053
3018 4057
3019 4057
3020 4058
3021 4058
3022 4056
3023 4053
3024 4054
3025 4056
3026 4056
3027 4053
3028 4056
3029 4055
3030 4053
3031 4059
3032 4053
3033 4055
3034 4056
3035 4054
3036 4056
3037 4057
3038 4055
3039 4059
3040 4055
3041 4057
3042 4054
3043 4058
3044 4055
3045 4057
3046 4055
3047 4058
3048 4056
3049 4055
3050 4057
3051 4059
3052 4052
3053 4057
3054 4058
3055 4055
3056 4056
3057 4055
3058 4056
3059 4059
3060 4054
3061 4056
3062 4054
3063 4056
3064 4056
3065 4056
3066 4056
3067 4056
3068 4057
3069 4055
3070 4056
3071 4057
3072 4051
3073 4054
3074 4056
3075 4057
3076 4056
3077 4057
3078 4057
3079 4053
3080 4055
3081 4057
3082 4054
3083 4053
3084 4059
3085 4055
3086 4057
3087 4055
3088 4058
3089 4058
3090 4057
3091 4053
3092 4053
3093 4055
3094 4057
3095 4057
3096 4057
3097 4055
3098 4059
3099 4055
3100 4056
3101 4060
3102 4055
3103 4058
3104 4053
3105 4055
3106 4054
3107 4057
3108 4052
3109 4054
3110 4052
3111 4055
3112 4057
3113 4055
3114 4057
3115 4056
3116 4057
3117 4053
3118 4055
3119 4053
3120 4055
3121 4055
3122 4053
3123 4057
3124 4054
3125 4055
3126 4056
3127 4052
3128 4057
3129 4058
3130 4055
3131 4055
3132 4056
3133 4056
3134 4053
3135 4057
3136 4055
3137 4055
3138 4055
3139 4053
3140 4053
3141 4054
3142 4053
3143 4056
3144 4056
3145 4055
3146 4055
3147 4055
3148 4052
3149 4055
3150 4055
3151 4056
3152 4049
3153 4053
3154 4055
3155 4058
3156 4057
3157 4052
3158 4055
3159 4053
3160 4057
3161 4056
3162 4053
3163 4054
3164 4054
3165 4055
3166 4055
3167 4054
3168 4054
3169 4050
3170 4053
3171 4055
3172 4054
3173 4056
3174 4054
3175 4053
3176 4054
3177 4051
3178 4055
3179 4054
3180 4053
3181 4056
3182 4056
3183 4052
3184 4057
3185 4053
3186 4054
3187 4055
3188 4053
3189 4053
3190 4053
3191 4057
3192 4049
3193 4057
3194 4054
3195 4056
3196 4052
3197 4054
3198 4057
3199 4054
3200 4051
3201 4058
3202 4054
3203 4053
3204 4057
3205 4056
3206 4053
3207 4055
3208 4056
3209 4054
3210 4054
3211 4057
3212 4052
3213 4055
3214 4055
3215 4049
3216 4056
3217 4052
3218 4056
3219 4055
3220 4054
3221 4054
3222 4055
3223 4055
3224 4057
3225 4055
3226 4053
3227 4057
3228 4056
3229 4052
3230 4050
3231 4056
3232 4056
3233 4054
3234 4055
3235 4052
3236 4052
3237 4056
3238 4056
3239 4055
3240 4054
3241 4053
3242 4053
3243 4053
3244 4055
3245 4053
3246 4053
3247 4052
3248 4053
3249 4054
3250 4055
3251 4057
3252 4054
3253 4053
3254 4053
3255 4053
3256 4052
3257 4054
3258 4053
3259 4053
3260 4059
3261 4053
3262 4051
3263 4054
3264 4051
3265 4059
3266 4057
3267 4055
3268 4058
3269 4059
3270 4056
3271 4053
3272 4058
3273 4055
3274 4055
3275 4057
3276 4056
3277 4055
3278 4053
3279 4058
3280 4054
3281 4055
3282 4059
3283 4055
3284 4053
3285 4056
3286 4055
3287 4054
3288 4055
3289 4055
3290 4053
3291 4053
3292 4060
3293 4056
3294 4054
3295 4057
3296 4055
3297 4056
3298 4056
3299 4056
3300 4057
3301 4057
3302 4052
3303 4054
3304 4053
3305 4057
3306 4060
3307 4058
3308 4056
3309 4055
3310 4058
3311 4057
3312 4057
3313 4055
3314 4057
3315 4055
3316 4057
3317 4057
3318 4059
3319 4059
3320 4057
3321 4055
3322 4053
3323 4061
3324 4057
3325 4055
3326 4057
3327 4055
3328 4057
3329 4055
3330 4055
3331 4057
3332 4056
3333 4054
3334 4058
3335 4056
3336 4056
3337 4056
3338 4053
3339 4056
3340 4054
3341 4056
3342 4055
3343 4057
3344 4055
3345 4055
3346 4053
3347 4057
3348 4058
3349 4056
3350 4056
3351 4064
3352 4050
3353 4058
3354 4054
3355 4054
3356 4058
3357 4058
3358 4057
3359 4056
3360 4058
3361 4054
3362 4056
3363 4056
3364 4056
3365 4052
3366 4054
3367 4053
3368 4056
3369 4057
3370 4055
3371 4055
3372 4057
3373 4057
3374 4056
3375 4057
3376 4057
3377 4053
3378 4057
3379 4059
3380 4054
3381 4056
3382 4055
3383 4057
3384 4054
3385 4058
3386 4057
3387 4060
3388 4056
3389 4059
3390 4053
3391 4055
3392 4056
3393 4057
3394 4055
3395 4055
3396 4055
3397 4055
3398 4057
3399 4058
3400 4052
3401 4057
3402 4053
3403 4056
3404 4056
3405 4056
3406 4055
3407 4059
3408 4053
3409 4056
3410 4055
3411 4054
3412 4053
3413 4055
3414 4057
3415 4056
3416 4057
3417 4053
3418 4055
3419 4057
3420 4055
3421 4057
3422 4054
3423 4055
3424 4053
3425 4057
3426 4057
3427 4055
3428 4055
3429 4053
3430 4057
3431 4055
3432 4054
3433 4057
3434 4056
3435 4054
3436 4055
3437 4057
3438 4056
3439 4053
3440 4055
3441 4055
3442 4055
3443 4060
3444 4055
3445 4056
3446 4056
3447 4055
3448 4056
3449 4054
3450 4055
3451 4057
3452 4054
3453 4053
3454 4054
3455 4056
3456 4054
3457 4054
3458 4056
3459 4057
3460 4057
3461 4055
3462 4055
3463 4059
3464 4052
3465 4056
3466 4056
3467 4055
3468 4055
3469 4055
3470 4056
3471 4057
3472 4055
3473 4059
3474 4054
3475 4055
3476 4054
3477 4055
3478 4056
3479 4055
3480 4055
3481 4055
3482 4059
3483 4055
3484 4055
3485 4056
3486 4055
3487 4057
3488 4058
3489 4059
3490 4053
3491 4057
3492 4054
3493 4057
3494 4056
3495 4055
3496 4057
3497 4058
3498 4055
3499 4057
3500 4054
3501 4061
3502 4051
3503 4055
3504 4055
3505 4056
3506 4058
3507 4052
3508 4058
3509 4053
3510 4055
3511 4056
3512 4058
3513 4060
3514 4054
3515 4058
3516 4057
3517 4057
3518 4056
3519 4055
3520 4058
3521 4055
3522 4057
3523 4054
3524 4057
3525 4056
3526 4053
3527 4056
3528 4057
3529 4059
3530 4056
3531 4056
3532 4061
3533 4056
3534 4054
3535 4057
3536 4055
3537 4053
3538 4058
3539 4056
3540 4059
3541 4056
3542 4058
3543 4059
3544 4056
3545 4057
3546 4054
3547 4060
3548 4055
3549 4059
3550 4057
3551 4057
3552 4053
3553 4057
3554 4056
3555 4060
3556 4056
3557 4057
3558 4054
3559 4056
3560 4057
3561 4053
3562 4056
3563 4059
3564 4057
3565 4057
3566 4056
3567 4057
3568 4057
3569 4058
3570 4055
3571 4056
3572 4054
3573 4057
3574 4054
3575 4060
3576 4058
3577 4052
3578 4057
3579 4055
3580 4059
3581 4054
3582 4056
3583 4059
3584 4054
3585 4059
3586 4055
3587 4059
3588 4060
3589 4054
3590 4055
3591 4054
3592 4057
3593 4058
3594 4057
3595 4059
3596 4057
3597 4059
3598 4057
3599 4055
3600 4057
3601 4059
3602 4055
3603 4057
3604 4059
3605 4053
3606 4058
3607 4059
3608 4055
3609 4060
3610 4055
3611 4060
3612 4057
3613 4057
3614 4056
3615 4057
3616 4057
3617 4056
3618 4056
3619 4053
3620 4058
3621 4060
3622 4058
3623 4055
3624 4055
3625 4057
3626 4053
3627 4058
3628 4055
3629 4056
3630 4053
3631 4053
3632 4055
3633 4056
3634 4059
3635 4057
3636 4057
3637 4057
3638 4057
3639 4055
3640 4053
3641 4057
3642 4055
3643 4057
3644 4054
3645 4059
3646 4057
3647 4057
3648 4056
3649 4058
3650 4057
3651 4061
3652 4052
3653 4053
3654 4059
3655 4057
3656 4056
3657 4055
3658 4057
3659 4057
3660 4059
3661 4059
3662 4058
3663 4056
3664 4057
3665 4057
3666 4054
3667 4054
3668 4054
3669 4055
3670 4056
3671 4057
3672 4057
3673 4055
3674 4054
3675 4055
3676 4055
3677 4057
3678 4056
3679 4058
3680 4056
3681 4057
3682 4055
3683 4056
3684 4058
3685 4054
3686 4057
3687 4055
3688 4057
3689 4059
3690 4056
3691 4057
3692 4057
3693 4055
3694 4055
