#Data from the TCD1304 linear CCD
#column 1 = pixelnumber , column 2 = pixelvalue
#Pixel 1-32 and 3679-3694 and are dummy pixels
#SH-period: 200    ICG-period: 100000    Integration time: 100.0 us
2 4037
3 4039
4 4058
5 4060
6 4058
7 4057
8 4056
9 4057
10 4061
11 4059
12 4059
13 4059
14 4058
15 4059
16 4057
17 4060
18 4060
19 4058
20 4057
21 4057
22 4058
23 4058
24 4060
25 4061
26 4059
27 4062
28 4058
29 4057
30 4056
31 4057
32 4060
34 4060
35 4057
36 4057
37 4057
38 4057
39 4060
40 4060
41 4059
42 4057
43 4057
44 4056
45 4059
46 4060
47 4060
48 4059
49 4060
50 4060
51 4064
52 4055
53 4064
54 4055
55 4061
56 4057
57 4057
58 4058
59 4057
60 4060
61 4060
62 4057
63 4057
64 4060
65 4061
66 4061
67 4060
68 4060
69 4060
70 4061
71 4058
72 4057
73 4059
74 4059
75 4061
76 4060
77 4060
78 4058
79 4056
80 4056
81 4059
82 4060
83 4059
84 4061
85 4064
86 4057
87 4061
88 4059
89 4059
90 4057
91 4055
92 4058
93 4060
94 4061
95 4058
96 4058
97 4060
98 4059
99 4061
100 4061
101 4061
102 4057
103 4059
104 4058
105 4057
106 4060
107 4064
108 4059
109 4064
110 4059
111 4060
112 4058
113 4056
114 4060
115 4059
116 4060
117 4061
118 4061
119 4061
120 4057
121 4059
122 4059
123 4059
124 4057
125 4060
126 4060
127 4060
128 4057
129 4061
130 4058
131 4058
132 4060
133 4058
134 4059
135 4057
136 4059
137 4056
138 4057
139 4060
140 4057
141 4060
142 4059
143 4060
144 4060
145 4060
146 4057
147 4057
148 4058
149 4060
150 4058
151 4058
152 4057
153 4059
154 4060
155 4061
156 4057
157 4057
158 4058
159 4060
160 4058
161 4064
162 4061
163 4056
164 4060
165 4057
166 4059
167 4059
168 4058
169 4060
170 4056
171 4064
172 4059
173 4056
174 4058
175 4064
176 4058
177 4058
178 4057
179 4060
180 4055
181 4059
182 4058
183 4060
184 4060
185 4060
186 4059
187 4064
188 4054
189 4060
190 4060
191 4059
192 4057
193 4059
194 4058
195 4058
196 4056
197 4053
198 4058
199 4060
200 4055
201 4064
202 4056
203 4057
204 4060
205 4060
206 4057
207 4061
208 4060
209 4059
210 4057
211 4059
212 4060
213 4060
214 4060
215 4059
216 4058
217 4060
218 4059
219 4058
220 4060
221 4059
222 4057
223 4060
224 4057
225 4058
226 4058
227 4061
228 4055
229 4057
230 4060
231 4058
232 4057
233 4059
234 4060
235 4060
236 4061
237 4061
238 4058
239 4060
240 4058
241 4058
242 4058
243 4062
244 4053
245 4055
246 4058
247 4060
248 4058
249 4058
250 4056
251 4061
252 4055
253 4060
254 4059
255 4061
256 4059
257 4060
258 4064
259 4061
260 4058
261 4059
262 4061
263 4056
264 4060
265 4058
266 4057
267 4058
268 4059
269 4057
270 4059
271 4064
272 4057
273 4058
274 4064
275 4059
276 4056
277 4058
278 4057
279 4058
280 4061
281 4061
282 4057
283 4057
284 4059
285 4059
286 4057
287 4064
288 4057
289 4059
290 4058
291 4058
292 4057
293 4060
294 4055
295 4064
296 4059
297 4059
298 4059
299 4060
300 4060
301 4060
302 4056
303 4059
304 4059
305 4059
306 4057
307 4057
308 4057
309 4053
310 4060
311 4059
312 4060
313 4060
314 4061
315 4055
316 4057
317 4059
318 4057
319 4060
320 4060
321 4056
322 4059
323 4060
324 4059
325 4059
326 4064
327 4056
328 4060
329 4058
330 4058
331 4060
332 4061
333 4060
334 4060
335 4057
336 4056
337 4061
338 4055
339 4060
340 4057
341 4060
342 4057
343 4056
344 4064
345 4061
346 4057
347 4060
348 4061
349 4060
350 4061
351 4065
352 4056
353 4059
354 4056
355 4059
356 4061
357 4059
358 4064
359 4059
360 4061
361 4064
362 4058
363 4061
364 4058
365 4058
366 4059
367 4061
368 4060
369 4064
370 4058
371 4060
372 4064
373 4058
374 4057
375 4058
376 4059
377 4057
378 4058
379 4059
380 4060
381 4059
382 4061
383 4060
384 4058
385 4057
386 4059
387 4057
388 4060
389 4061
390 4057
391 4058
392 4061
393 4059
394 4061
395 4057
396 4057
397 4060
398 4057
399 4059
400 4057
401 4064
402 4053
403 4057
404 4059
405 4059
406 4057
407 4059
408 4056
409 4058
410 4064
411 4059
412 4055
413 4059
414 4060
415 4060
416 4064
417 4060
418 4060
419 4056
420 4057
421 4064
422 4057
423 4060
424 4057
425 4064
426 4058
427 4058
428 4058
429 4059
430 4060
431 4059
432 4057
433 4058
434 4057
435 4057
436 4059
437 4064
438 4058
439 4060
440 4060
441 4057
442 4058
443 4060
444 4064
445 4058
446 4058
447 4064
448 4061
449 4057
450 4057
451 4064
452 4056
453 4060
454 4056
455 4060
456 4059
457 4058
458 4059
459 4061
460 4055
461 4058
462 4058
463 4058
464 4059
465 4059
466 4060
467 4060
468 4060
469 4061
470 4059
471 4061
472 4056
473 4058
474 4060
475 4060
476 4058
477 4064
478 4055
479 4061
480 4057
481 4060
482 4059
483 4060
484 4059
485 4058
486 4060
487 4059
488 4058
489 4060
490 4058
491 4061
492 4058
493 4059
494 4057
495 4060
496 4059
497 4060
498 4059
499 4056
500 4058
501 4066
502 4053
503 4057
504 4059
505 4060
506 4058
507 4059
508 4061
509 4061
510 4059
511 4057
512 4057
513 4054
514 4057
515 4055
516 4060
517 4058
518 4064
519 4060
520 4057
521 4060
522 4060
523 4057
524 4056
525 4058
526 4059
527 4060
528 4057
529 4060
530 4056
531 4061
532 4057
533 4055
534 4064
535 4057
536 4059
537 4057
538 4055
539 4060
540 4060
541 4058
542 4061
543 4059
544 4060
545 4059
546 4056
547 4064
548 4054
549 4060
550 4059
551 4059
552 4059
553 4056
554 4060
555 4056
556 4060
557 4057
558 4059
559 4058
560 4058
561 4061
562 4060
563 4056
564 4064
565 4058
566 4060
567 4061
568 4059
569 4057
570 4059
571 4058
572 4058
573 4064
574 4061
575 4059
576 4057
577 4058
578 4059
579 4060
580 4064
581 4061
582 4060
583 4064
584 4061
585 4057
586 4055
587 4058
588 4060
589 4060
590 4058
591 4064
592 4061
593 4059
594 4059
595 4059
596 4058
597 4060
598 4057
599 4057
600 4057
601 4061
602 4053
603 4060
604 4060
605 4059
606 4058
607 4060
608 4060
609 4057
610 4061
611 4059
612 4060
613 4064
614 4057
615 4060
616 4057
617 4058
618 4059
619 4064
620 4057
621 4059
622 4057
623 4058
624 4058
625 4057
626 4061
627 4056
628 4057
629 4057
630 4059
631 4057
632 4061
633 4060
634 4059
635 4058
636 4059
637 4060
638 4059
639 4057
640 4059
641 4059
642 4057
643 4058
644 4061
645 4060
646 4057
647 4057
648 4059
649 4059
650 4061
651 4061
652 4054
653 4059
654 4057
655 4059
656 4054
657 4059
658 4057
659 4057
660 4059
661 4060
662 4060
663 4059
664 4060
665 4059
666 4057
667 4058
668 4061
669 4057
670 4060
671 4064
672 4059
673 4061
674 4059
675 4059
676 4064
677 4059
678 4057
679 4059
680 4060
681 4060
682 4057
683 4064
684 4057
685 4059
686 4059
687 4057
688 4060
689 4060
690 4057
691 4059
692 4058
693 4057
694 4058
695 4058
696 4059
697 4060
698 4058
699 4061
700 4059
701 4060
702 4054
703 4055
704 4058
705 4060
706 4058
707 4064
708 4056
709 4057
710 4064
711 4059
712 4059
713 4059
714 4060
715 4061
716 4059
717 4060
718 4059
719 4060
720 4060
721 4061
722 4060
723 4057
724 4056
725 4064
726 4058
727 4059
728 4059
729 4059
730 4058
731 4060
732 4058
733 4057
734 4060
735 4057
736 4058
737 4058
738 4059
739 4057
740 4056
741 4060
742 4058
743 4061
744 4059
745 4060
746 4057
747 4056
748 4060
749 4059
750 4056
751 4064
752 4057
753 4058
754 4058
755 4057
756 4059
757 4064
758 4056
759 4064
760 4060
761 4060
762 4059
763 4059
764 4060
765 4059
766 4058
767 4060
768 4057
769 4060
770 4057
771 4061
772 4057
773 4060
774 4058
775 4061
776 4055
777 4057
778 4057
779 4059
780 4059
781 4057
782 4060
783 4057
784 4058
785 4058
786 4058
787 4057
788 4058
789 4064
790 4058
791 4059
792 4058
793 4057
794 4056
795 4064
796 4059
797 4059
798 4061
799 4059
800 4057
801 4064
802 4056
803 4057
804 4059
805 4056
806 4059
807 4060
808 4059
809 4059
810 4057
811 4059
812 4056
813 4060
814 4058
815 4060
816 4058
817 4058
818 4053
819 4064
820 4055
821 4061
822 4059
823 4058
824 4057
825 4060
826 4060
827 4058
828 4059
829 4058
830 4059
831 4060
832 4059
833 4058
834 4058
835 4058
836 4057
837 4057
838 4058
839 4059
840 4060
841 4058
842 4058
843 4059
844 4058
845 4056
846 4060
847 4059
848 4061
849 4057
850 4059
851 4060
852 4055
853 4060
854 4056
855 4064
856 4058
857 4058
858 4055
859 4059
860 4059
861 4058
862 4055
863 4056
864 4060
865 4059
866 4060
867 4058
868 4057
869 4059
870 4056
871 4059
872 4059
873 4058
874 4059
875 4057
876 4064
877 4060
878 4059
879 4064
880 4056
881 4057
882 4057
883 4057
884 4057
885 4061
886 4056
887 4056
888 4056
889 4064
890 4058
891 4058
892 4059
893 4060
894 4059
895 4054
896 4057
897 4060
898 4057
899 4064
900 4060
901 4064
902 4055
903 4064
904 4057
905 4057
906 4059
907 4064
908 4057
909 4058
910 4064
911 4059
912 4057
913 4057
914 4061
915 4058
916 4057
917 4058
918 4059
919 4060
920 4060
921 4060
922 4061
923 4061
924 4058
925 4058
926 4060
927 4058
928 4059
929 4058
930 4060
931 4058
932 4056
933 4058
934 4061
935 4059
936 4058
937 4058
938 4058
939 4059
940 4064
941 4058
942 4060
943 4059
944 4058
945 4060
946 4059
947 4060
948 4059
949 4057
950 4061
951 4065
952 4055
953 4059
954 4059
955 4057
956 4056
957 4060
958 4058
959 4059
960 4057
961 4054
962 4059
963 4056
964 4064
965 4057
966 4058
967 4058
968 4064
969 4057
970 4064
971 4058
972 4058
973 4057
974 4057
975 4057
976 4061
977 4061
978 4061
979 4059
980 4061
981 4057
982 4057
983 4059
984 4057
985 4059
986 4061
987 4061
988 4058
989 4060
990 4059
991 4061
992 4058
993 4057
994 4058
995 4061
996 4058
997 4056
998 4061
999 4057
1000 4058
1001 4064
1002 4055
1003 4058
1004 4058
1005 4059
1006 4057
1007 4059
1008 4057
1009 4058
1010 4057
1011 4059
1012 4059
1013 4060
1014 4064
1015 4059
1016 4059
1017 4057
1018 4056
1019 4058
1020 4059
1021 4058
1022 4059
1023 4060
1024 4060
1025 4059
1026 4061
1027 4059
1028 4064
1029 4057
1030 4059
1031 4057
1032 4056
1033 4060
1034 4056
1035 4054
1036 4060
1037 4058
1038 4057
1039 4060
1040 4058
1041 4061
1042 4059
1043 4060
1044 4059
1045 4059
1046 4059
1047 4060
1048 4056
1049 4060
1050 4057
1051 4065
1052 4055
1053 4061
1054 4060
1055 4060
1056 4058
1057 4060
1058 4057
1059 4064
1060 4058
1061 4061
1062 4058
1063 4057
1064 4056
1065 4055
1066 4058
1067 4061
1068 4060
1069 4059
1070 4058
1071 4061
1072 4060
1073 4058
1074 4056
1075 4058
1076 4059
1077 4058
1078 4056
1079 4061
1080 4056
1081 4061
1082 4058
1083 4057
1084 4060
1085 4058
1086 4060
1087 4061
1088 4055
1089 4057
1090 4058
1091 4060
1092 4057
1093 4056
1094 4059
1095 4061
1096 4057
1097 4061
1098 4057
1099 4058
1100 4060
1101 4059
1102 4056
1103 4057
1104 4061
1105 4061
1106 4056
1107 4058
1108 4064
1109 4059
1110 4057
1111 4061
1112 4060
1113 4057
1114 4064
1115 4058
1116 4060
1117 4057
1118 4058
1119 4064
1120 4057
1121 4060
1122 4057
1123 4061
1124 4060
1125 4057
1126 4060
1127 4059
1128 4058
1129 4058
1130 4059
1131 4059
1132 4059
1133 4061
1134 4058
1135 4059
1136 4061
1137 4058
1138 4053
1139 4059
1140 4060
1141 4059
1142 4064
1143 4057
1144 4058
1145 4058
1146 4061
1147 4059
1148 4059
1149 4056
1150 4057
1151 4065
1152 4058
1153 4059
1154 4061
1155 4058
1156 4057
1157 4057
1158 4059
1159 4059
1160 4058
1161 4060
1162 4056
1163 4061
1164 4061
1165 4061
1166 4060
1167 4064
1168 4059
1169 4058
1170 4059
1171 4059
1172 4056
1173 4064
1174 4059
1175 4058
1176 4058
1177 4059
1178 4059
1179 4060
1180 4059
1181 4059
1182 4060
1183 4059
1184 4056
1185 4060
1186 4059
1187 4060
1188 4058
1189 4064
1190 4059
1191 4060
1192 4060
1193 4057
1194 4060
1195 4058
1196 4060
1197 4064
1198 4057
1199 4060
1200 4061
1201 4064
1202 4058
1203 4058
1204 4056
1205 4060
1206 4060
1207 4059
1208 4064
1209 4059
1210 4061
1211 4056
1212 4058
1213 4058
1214 4059
1215 4060
1216 4058
1217 4059
1218 4060
1219 4058
1220 4059
1221 4058
1222 4059
1223 4061
1224 4059
1225 4059
1226 4059
1227 4060
1228 4058
1229 4061
1230 4056
1231 4056
1232 4058
1233 4059
1234 4058
1235 4058
1236 4060
1237 4059
1238 4057
1239 4061
1240 4056
1241 4057
1242 4058
1243 4060
1244 4057
1245 4060
1246 4056
1247 4058
1248 4060
1249 4059
1250 4060
1251 4064
1252 4056
1253 4057
1254 4059
1255 4060
1256 4059
1257 4058
1258 4059
1259 4058
1260 4060
1261 4064
1262 4057
1263 4059
1264 4060
1265 4059
1266 4056
1267 4059
1268 4059
1269 4060
1270 4059
1271 4061
1272 4056
1273 4062
1274 4060
1275 4057
1276 4060
1277 4058
1278 4060
1279 4060
1280 4059
1281 4059
1282 4058
1283 4056
1284 4058
1285 4060
1286 4061
1287 4061
1288 4056
1289 4059
1290 4057
1291 4060
1292 4064
1293 4057
1294 4057
1295 4060
1296 4058
1297 4056
1298 4059
1299 4058
1300 4058
1301 4064
1302 4056
1303 4057
1304 4059
1305 4058
1306 4064
1307 4059
1308 4059
1309 4059
1310 4060
1311 4059
1312 4064
1313 4057
1314 4058
1315 4060
1316 4060
1317 4057
1318 4058
1319 4057
1320 4058
1321 4059
1322 4061
1323 4060
1324 4057
1325 4057
1326 4058
1327 4060
1328 4058
1329 4057
1330 4057
1331 4060
1332 4057
1333 4060
1334 4057
1335 4060
1336 4061
1337 4064
1338 4056
1339 4066
1340 4061
1341 4058
1342 4064
1343 4057
1344 4060
1345 4059
1346 4061
1347 4056
1348 4059
1349 4061
1350 4057
1351 4064
1352 4059
1353 4057
1354 4057
1355 4059
1356 4059
1357 4057
1358 4059
1359 4061
1360 4057
1361 4059
1362 4059
1363 4059
1364 4056
1365 4058
1366 4059
1367 4061
1368 4057
1369 4057
1370 4059
1371 4061
1372 4058
1373 4060
1374 4056
1375 4061
1376 4064
1377 4060
1378 4057
1379 4059
1380 4058
1381 4057
1382 4061
1383 4061
1384 4058
1385 4059
1386 4059
1387 4061
1388 4057
1389 4061
1390 4059
1391 4057
1392 4061
1393 4059
1394 4061
1395 4056
1396 4058
1397 4059
1398 4058
1399 4057
1400 4056
1401 4064
1402 4056
1403 4057
1404 4056
1405 4060
1406 4060
1407 4059
1408 4058
1409 4059
1410 4055
1411 4058
1412 4059
1413 4058
1414 4056
1415 4061
1416 4058
1417 4059
1418 4059
1419 4060
1420 4057
1421 4057
1422 4058
1423 4059
1424 4058
1425 4059
1426 4060
1427 4060
1428 4060
1429 4058
1430 4060
1431 4061
1432 4056
1433 4060
1434 4059
1435 4064
1436 4057
1437 4060
1438 4057
1439 4061
1440 4058
1441 4059
1442 4059
1443 4060
1444 4060
1445 4057
1446 4060
1447 4059
1448 4059
1449 4059
1450 4058
1451 4064
1452 4057
1453 4060
1454 4058
1455 4061
1456 4056
1457 4060
1458 4060
1459 4057
1460 4058
1461 4061
1462 4057
1463 4059
1464 4061
1465 4058
1466 4057
1467 4057
1468 4059
1469 4061
1470 4057
1471 4057
1472 4058
1473 4064
1474 4058
1475 4060
1476 4060
1477 4059
1478 4059
1479 4059
1480 4061
1481 4061
1482 4058
1483 4059
1484 4059
1485 4057
1486 4056
1487 4061
1488 4057
1489 4058
1490 4056
1491 4057
1492 4057
1493 4060
1494 4056
1495 4058
1496 4064
1497 4057
1498 4064
1499 4061
1500 4058
1501 4060
1502 4057
1503 4059
1504 4057
1505 4059
1506 4056
1507 4060
1508 4059
1509 4057
1510 4061
1511 4057
1512 4058
1513 4061
1514 4064
1515 4059
1516 4056
1517 4060
1518 4058
1519 4058
1520 4061
1521 4055
1522 4056
1523 4059
1524 4057
1525 4059
1526 4058
1527 4058
1528 4055
1529 4059
1530 4057
1531 4058
1532 4060
1533 4057
1534 4059
1535 4064
1536 4057
1537 4064
1538 4055
1539 4057
1540 4057
1541 4059
1542 4057
1543 4057
1544 4054
1545 4056
1546 4059
1547 4058
1548 4057
1549 4057
1550 4057
1551 4061
1552 4056
1553 4055
1554 4057
1555 4061
1556 4058
1557 4059
1558 4060
1559 4055
1560 4061
1561 4058
1562 4058
1563 4061
1564 4059
1565 4058
1566 4058
1567 4059
1568 4060
1569 4057
1570 4057
1571 4061
1572 4056
1573 4057
1574 4064
1575 4064
1576 4058
1577 4057
1578 4059
1579 4064
1580 4061
1581 4057
1582 4060
1583 4056
1584 4058
1585 4057
1586 4060
1587 4059
1588 4060
1589 4060
1590 4056
1591 4059
1592 4060
1593 4060
1594 4058
1595 4057
1596 4058
1597 4058
1598 4061
1599 4060
1600 4059
1601 4064
1602 4055
1603 4064
1604 4058
1605 4057
1606 4057
1607 4060
1608 4057
1609 4062
1610 4058
1611 4060
1612 4060
1613 4059
1614 4060
1615 4060
1616 4059
1617 4061
1618 4060
1619 4058
1620 4060
1621 4057
1622 4061
1623 4057
1624 4060
1625 4061
1626 4055
1627 4059
1628 4064
1629 4061
1630 4059
1631 4056
1632 4058
1633 4057
1634 4058
1635 4059
1636 4060
1637 4061
1638 4059
1639 4059
1640 4057
1641 4057
1642 4060
1643 4061
1644 4058
1645 4059
1646 4060
1647 4056
1648 4058
1649 4058
1650 4059
1651 4065
1652 4057
1653 4058
1654 4059
1655 4061
1656 4059
1657 4057
1658 4061
1659 4059
1660 4061
1661 4061
1662 4061
1663 4057
1664 4060
1665 4058
1666 4064
1667 4059
1668 4054
1669 4059
1670 4061
1671 4058
1672 4061
1673 4056
1674 4056
1675 4057
1676 4060
1677 4059
1678 4056
1679 4059
1680 4058
1681 4065
1682 4057
1683 4056
1684 4059
1685 4064
1686 4058
1687 4059
1688 4056
1689 4056
1690 4057
1691 4055
1692 4060
1693 4059
1694 4059
1695 4057
1696 4059
1697 4061
1698 4059
1699 4059
1700 4058
1701 4061
1702 4054
1703 4061
1704 4057
1705 4058
1706 4059
1707 4061
1708 4064
1709 4060
1710 4060
1711 4061
1712 4059
1713 4061
1714 4059
1715 4057
1716 4058
1717 4061
1718 4060
1719 4059
1720 4058
1721 4059
1722 4061
1723 4056
1724 4059
1725 4059
1726 4061
1727 4060
1728 4057
1729 4061
1730 4058
1731 4060
1732 4060
1733 4059
1734 4056
1735 4064
1736 4059
1737 4058
1738 4056
1739 4064
1740 4060
1741 4057
1742 4059
1743 4057
1744 4059
1745 4059
1746 4059
1747 4060
1748 4059
1749 4061
1750 4057
1751 4065
1752 4058
1753 4064
1754 4057
1755 4059
1756 4060
1757 4060
1758 4061
1759 4057
1760 4059
1761 4059
1762 4059
1763 4055
1764 4057
1765 4058
1766 4059
1767 4057
1768 4060
1769 4060
1770 4058
1771 4060
1772 4059
1773 4058
1774 4057
1775 4064
1776 4058
1777 4057
1778 4057
1779 4058
1780 4055
1781 4064
1782 4058
1783 4059
1784 4059
1785 4058
1786 4058
1787 4058
1788 4061
1789 4064
1790 4061
1791 4061
1792 4057
1793 4064
1794 4056
1795 4059
1796 4059
1797 4060
1798 4054
1799 4059
1800 4061
1801 4060
1802 4056
1803 4060
1804 4060
1805 4058
1806 4059
1807 4060
1808 4058
1809 4064
1810 4060
1811 4060
1812 4059
1813 4057
1814 4060
1815 4058
1816 4059
1817 4061
1818 4058
1819 4057
1820 4057
1821 4061
1822 4059
1823 4058
1824 4059
1825 4064
1826 4059
1827 4060
1828 4060
1829 4059
1830 4060
1831 4059
1832 4058
1833 4059
1834 4060
1835 4060
1836 4056
1837 4059
1838 4058
1839 4057
1840 4058
1841 4061
1842 4058
1843 4060
1844 4059
1845 4060
1846 4059
1847 4064
1848 4057
1849 4059
1850 4057
1851 4060
1852 4055
1853 4064
1854 4055
1855 4061
1856 4056
1857 4058
1858 4061
1859 4060
1860 4060
1861 4059
1862 4059
1863 4059
1864 4057
1865 4064
1866 4055
1867 4059
1868 4060
1869 4060
1870 4057
1871 4060
1872 4058
1873 4059
1874 4055
1875 4060
1876 4055
1877 4057
1878 4060
1879 4056
1880 4061
1881 4059
1882 4061
1883 4064
1884 4060
1885 4061
1886 4058
1887 4061
1888 4058
1889 4061
1890 4061
1891 4058
1892 4059
1893 4059
1894 4059
1895 4057
1896 4059
1897 4060
1898 4060
1899 4060
1900 4059
1901 4064
1902 4057
1903 4057
1904 4061
1905 4064
1906 4057
1907 4060
1908 4064
1909 4058
1910 4060
1911 4057
1912 4060
1913 4057
1914 4057
1915 4058
1916 4057
1917 4055
1918 4059
1919 4057
1920 4058
1921 4058
1922 4060
1923 4060
1924 4058
1925 4057
1926 4059
1927 4059
1928 4059
1929 4061
1930 4060
1931 4059
1932 4060
1933 4058
1934 4064
1935 4059
1936 4060
1937 4058
1938 4057
1939 4064
1940 4057
1941 4058
1942 4057
1943 4058
1944 4059
1945 4059
1946 4059
1947 4061
1948 4059
1949 4064
1950 4060
1951 4064
1952 4057
1953 4064
1954 4057
1955 4058
1956 4061
1957 4060
1958 4056
1959 4057
1960 4060
1961 4059
1962 4064
1963 4059
1964 4060
1965 4059
1966 4061
1967 4057
1968 4059
1969 4055
1970 4057
1971 4056
1972 4058
1973 4064
1974 4057
1975 4061
1976 4061
1977 4059
1978 4060
1979 4060
1980 4055
1981 4060
1982 4059
1983 4065
1984 4061
1985 4061
1986 4057
1987 4059
1988 4060
1989 4064
1990 4059
1991 4056
1992 4057
1993 4057
1994 4064
1995 4056
1996 4058
1997 4057
1998 4057
1999 4056
2000 4061
2001 4061
2002 4057
2003 4061
2004 4058
2005 4060
2006 4057
2007 4057
2008 4057
2009 4061
2010 4059
2011 4059
2012 4060
2013 4064
2014 4060
2015 4058
2016 4064
2017 4060
2018 4057
2019 4061
2020 4059
2021 4055
2022 4061
2023 4061
2024 4058
2025 4057
2026 4061
2027 4057
2028 4057
2029 4058
2030 4056
2031 4061
2032 4059
2033 4060
2034 4059
2035 4058
2036 4059
2037 4058
2038 4057
2039 4064
2040 4061
2041 4060
2042 4058
2043 4058
2044 4061
2045 4061
2046 4058
2047 4059
2048 4060
2049 4057
2050 4061
2051 4064
2052 4056
2053 4058
2054 4058
2055 4058
2056 4064
2057 4061
2058 4058
2059 4060
2060 4057
2061 4057
2062 4060
2063 4057
2064 4060
2065 4056
2066 4059
2067 4057
2068 4059
2069 4059
2070 4055
2071 4061
2072 4057
2073 4057
2074 4057
2075 4060
2076 4060
2077 4061
2078 4060
2079 4061
2080 4059
2081 4055
2082 4064
2083 4058
2084 4058
2085 4059
2086 4059
2087 4058
2088 4059
2089 4058
2090 4061
2091 4057
2092 4059
2093 4060
2094 4058
2095 4057
2096 4057
2097 4057
2098 4057
2099 4058
2100 4061
2101 4064
2102 4055
2103 4058
2104 4060
2105 4060
2106 4057
2107 4060
2108 4061
2109 4058
2110 4059
2111 4058
2112 4059
2113 4057
2114 4060
2115 4057
2116 4058
2117 4061
2118 4058
2119 4058
2120 4060
2121 4058
2122 4057
2123 4064
2124 4056
2125 4060
2126 4058
2127 4060
2128 4058
2129 4057
2130 4056
2131 4059
2132 4064
2133 4055
2134 4059
2135 4064
2136 4057
2137 4057
2138 4058
2139 4057
2140 4060
2141 4060
2142 4057
2143 4059
2144 4058
2145 4057
2146 4059
2147 4058
2148 4060
2149 4059
2150 4059
2151 4064
2152 4055
2153 4061
2154 4061
2155 4058
2156 4060
2157 4057
2158 4058
2159 4057
2160 4058
2161 4058
2162 4058
2163 4056
2164 4059
2165 4059
2166 4059
2167 4059
2168 4056
2169 4055
2170 4057
2171 4057
2172 4057
2173 4064
2174 4057
2175 4060
2176 4060
2177 4058
2178 4060
2179 4057
2180 4057
2181 4059
2182 4059
2183 4057
2184 4055
2185 4058
2186 4057
2187 4058
2188 4059
2189 4059
2190 4060
2191 4056
2192 4058
2193 4060
2194 4057
2195 4061
2196 4057
2197 4057
2198 4058
2199 4060
2200 4057
2201 4065
2202 4055
2203 4057
2204 4060
2205 4059
2206 4057
2207 4056
2208 4056
2209 4060
2210 4060
2211 4058
2212 4057
2213 4056
2214 4060
2215 4058
2216 4061
2217 4055
2218 4057
2219 4060
2220 4060
2221 4058
2222 4058
2223 4061
2224 4057
2225 4057
2226 4064
2227 4058
2228 4060
2229 4059
2230 4057
2231 4060
2232 4057
2233 4058
2234 4064
2235 4060
2236 4061
2237 4059
2238 4058
2239 4061
2240 4057
2241 4060
2242 4056
2243 4057
2244 4060
2245 4060
2246 4058
2247 4060
2248 4055
2249 4057
2250 4057
2251 4060
2252 4056
2253 4060
2254 4057
2255 4061
2256 4057
2257 4060
2258 4060
2259 4061
2260 4057
2261 4062
2262 4060
2263 4056
2264 4058
2265 4059
2266 4059
2267 4061
2268 4060
2269 4057
2270 4058
2271 4059
2272 4059
2273 4059
2274 4059
2275 4057
2276 4057
2277 4056
2278 4057
2279 4058
2280 4061
2281 4057
2282 4064
2283 4056
2284 4060
2285 4057
2286 4060
2287 4056
2288 4061
2289 4058
2290 4056
2291 4060
2292 4059
2293 4058
2294 4058
2295 4058
2296 4056
2297 4060
2298 4061
2299 4057
2300 4057
2301 4061
2302 4055
2303 4057
2304 4059
2305 4059
2306 4057
2307 4059
2308 4058
2309 4058
2310 4057
2311 4064
2312 4057
2313 4057
2314 4064
2315 4059
2316 4058
2317 4059
2318 4057
2319 4060
2320 4058
2321 4058
2322 4060
2323 4060
2324 4060
2325 4060
2326 4061
2327 4057
2328 4059
2329 4057
2330 4058
2331 4060
2332 4059
2333 4060
2334 4060
2335 4058
2336 4058
2337 4061
2338 4059
2339 4059
2340 4056
2341 4059
2342 4059
2343 4058
2344 4058
2345 4061
2346 4060
2347 4060
2348 4060
2349 4060
2350 4058
2351 4060
2352 4057
2353 4058
2354 4059
2355 4059
2356 4061
2357 4060
2358 4059
2359 4059
2360 4058
2361 4061
2362 4061
2363 4060
2364 4058
2365 4057
2366 4057
2367 4064
2368 4058
2369 4057
2370 4059
2371 4060
2372 4057
2373 4059
2374 4058
2375 4058
2376 4060
2377 4064
2378 4056
2379 4060
2380 4055
2381 4060
2382 4057
2383 4057
2384 4058
2385 4061
2386 4056
2387 4064
2388 4057
2389 4055
2390 4056
2391 4057
2392 4058
2393 4061
2394 4059
2395 4058
2396 4060
2397 4061
2398 4058
2399 4057
2400 4056
2401 4067
2402 4055
2403 4060
2404 4060
2405 4058
2406 4058
2407 4057
2408 4058
2409 4058
2410 4059
2411 4064
2412 4059
2413 4058
2414 4059
2415 4059
2416 4058
2417 4057
2418 4059
2419 4061
2420 4059
2421 4058
2422 4056
2423 4064
2424 4057
2425 4060
2426 4057
2427 4059
2428 4059
2429 4058
2430 4057
2431 4054
2432 4059
2433 4059
2434 4057
2435 4059
2436 4061
2437 4056
2438 4060
2439 4064
2440 4055
2441 4059
2442 4056
2443 4057
2444 4058
2445 4064
2446 4057
2447 4059
2448 4055
2449 4064
2450 4058
2451 4064
2452 4053
2453 4057
2454 4060
2455 4058
2456 4058
2457 4057
2458 4058
2459 4057
2460 4057
2461 4060
2462 4057
2463 4056
2464 4059
2465 4064
2466 4057
2467 4059
2468 4057
2469 4059
2470 4059
2471 4059
2472 4057
2473 4059
2474 4059
2475 4058
2476 4064
2477 4056
2478 4056
2479 4058
2480 4060
2481 4059
2482 4058
2483 4058
2484 4059
2485 4057
2486 4061
2487 4055
2488 4057
2489 4056
2490 4057
2491 4061
2492 4058
2493 4060
2494 4057
2495 4064
2496 4061
2497 4059
2498 4057
2499 4061
2500 4060
2501 4064
2502 4058
2503 4059
2504 4059
2505 4058
2506 4059
2507 4060
2508 4059
2509 4064
2510 4056
2511 4055
2512 4061
2513 4060
2514 4060
2515 4061
2516 4054
2517 4064
2518 4061
2519 4064
2520 4057
2521 4060
2522 4060
2523 4060
2524 4056
2525 4059
2526 4059
2527 4058
2528 4059
2529 4059
2530 4060
2531 4059
2532 4058
2533 4057
2534 4057
2535 4060
2536 4061
2537 4059
2538 4057
2539 4064
2540 4055
2541 4057
2542 4064
2543 4059
2544 4059
2545 4058
2546 4058
2547 4059
2548 4060
2549 4059
2550 4054
2551 4060
2552 4057
2553 4059
2554 4057
2555 4057
2556 4060
2557 4061
2558 4064
2559 4058
2560 4058
2561 4061
2562 4058
2563 4061
2564 4056
2565 4057
2566 4058
2567 4058
2568 4059
2569 4059
2570 4057
2571 4061
2572 4059
2573 4061
2574 4059
2575 4058
2576 4057
2577 4058
2578 4059
2579 4060
2580 4061
2581 4058
2582 4058
2583 4059
2584 4060
2585 4057
2586 4061
2587 4059
2588 4056
2589 4061
2590 4056
2591 4059
2592 4057
2593 4059
2594 4060
2595 4058
2596 4060
2597 4057
2598 4058
2599 4057
2600 4059
2601 4065
2602 4052
2603 4056
2604 4061
2605 4059
2606 4057
2607 4058
2608 4058
2609 4058
2610 4058
2611 4060
2612 4058
2613 4057
2614 4058
2615 4058
2616 4057
2617 4059
2618 4059
2619 4059
2620 4060
2621 4058
2622 4061
2623 4056
2624 4058
2625 4060
2626 4061
2627 4053
2628 4059
2629 4059
2630 4059
2631 4058
2632 4058
2633 4054
2634 4060
2635 4057
2636 4056
2637 4058
2638 4058
2639 4059
2640 4060
2641 4059
2642 4057
2643 4056
2644 4057
2645 4057
2646 4058
2647 4057
2648 4058
2649 4059
2650 4058
2651 4064
2652 4057
2653 4058
2654 4057
2655 4058
2656 4057
2657 4060
2658 4059
2659 4057
2660 4058
2661 4060
2662 4058
2663 4058
2664 4059
2665 4057
2666 4056
2667 4057
2668 4056
2669 4058
2670 4057
2671 4057
2672 4058
2673 4058
2674 4056
2675 4058
2676 4060
2677 4061
2678 4054
2679 4058
2680 4057
2681 4053
2682 4054
2683 4059
2684 4058
2685 4056
2686 4058
2687 4056
2688 4059
2689 4056
2690 4060
2691 4056
2692 4057
2693 4064
2694 4058
2695 4056
2696 4059
2697 4058
2698 4056
2699 4059
2700 4057
2701 4064
2702 4056
2703 4056
2704 4057
2705 4057
2706 4060
2707 4059
2708 4062
2709 4058
2710 4059
2711 4058
2712 4058
2713 4058
2714 4061
2715 4057
2716 4060
2717 4055
2718 4059
2719 4058
2720 4059
2721 4059
2722 4059
2723 4056
2724 4056
2725 4059
2726 4057
2727 4057
2728 4055
2729 4058
2730 4055
2731 4059
2732 4056
2733 4058
2734 4055
2735 4059
2736 4060
2737 4059
2738 4059
2739 4059
2740 4059
2741 4057
2742 4060
2743 4059
2744 4055
2745 4058
2746 4064
2747 4057
2748 4058
2749 4054
2750 4057
2751 4061
2752 4054
2753 4054
2754 4057
2755 4058
2756 4057
2757 4056
2758 4060
2759 4059
2760 4058
2761 4057
2762 4060
2763 4058
2764 4058
2765 4056
2766 4057
2767 4055
2768 4059
2769 4055
2770 4058
2771 4060
2772 4057
2773 4061
2774 4056
2775 4059
2776 4057
2777 4057
2778 4057
2779 4060
2780 4057
2781 4057
2782 4056
2783 4057
2784 4056
2785 4057
2786 4059
2787 4059
2788 4056
2789 4058
2790 4057
2791 4059
2792 4055
2793 4060
2794 4058
2795 4059
2796 4058
2797 4059
2798 4058
2799 4056
2800 4059
2801 4064
2802 4053
2803 4059
2804 4057
2805 4060
2806 4056
2807 4057
2808 4057
2809 4058
2810 4055
2811 4060
2812 4056
2813 4060
2814 4058
2815 4064
2816 4057
2817 4060
2818 4064
2819 4059
2820 4057
2821 4064
2822 4058
2823 4058
2824 4056
2825 4060
2826 4057
2827 4059
2828 4057
2829 4064
2830 4057
2831 4064
2832 4057
2833 4057
2834 4059
2835 4058
2836 4058
2837 4058
2838 4054
2839 4057
2840 4057
2841 4058
2842 4057
2843 4059
2844 4060
2845 4058
2846 4059
2847 4055
2848 4056
2849 4056
2850 4058
2851 4064
2852 4054
2853 4057
2854 4057
2855 4057
2856 4059
2857 4055
2858 4059
2859 4057
2860 4060
2861 4058
2862 4060
2863 4059
2864 4058
2865 4059
2866 4059
2867 4059
2868 4057
2869 4061
2870 4057
2871 4060
2872 4057
2873 4057
2874 4058
2875 4057
2876 4060
2877 4055
2878 4061
2879 4057
2880 4057
2881 4060
2882 4060
2883 4059
2884 4058
2885 4060
2886 4055
2887 4061
2888 4057
2889 4058
2890 4057
2891 4058
2892 4064
2893 4060
2894 4060
2895 4056
2896 4058
2897 4057
2898 4059
2899 4059
2900 4060
2901 4061
2902 4056
2903 4059
2904 4055
2905 4059
2906 4059
2907 4057
2908 4060
2909 4060
2910 4058
2911 4060
2912 4059
2913 4057
2914 4058
2915 4064
2916 4054
2917 4059
2918 4058
2919 4057
2920 4057
2921 4060
2922 4056
2923 4058
2924 4059
2925 4060
2926 4059
2927 4057
2928 4060
2929 4064
2930 4060
2931 4059
2932 4061
2933 4059
2934 4057
2935 4058
2936 4060
2937 4060
2938 4058
2939 4061
2940 4056
2941 4060
2942 4058
2943 4059
2944 4056
2945 4060
2946 4061
2947 4058
2948 4058
2949 4060
2950 4060
2951 4064
2952 4058
2953 4061
2954 4060
2955 4060
2956 4055
2957 4058
2958 4059
2959 4059
2960 4059
2961 4058
2962 4057
2963 4057
2964 4061
2965 4058
2966 4061
2967 4056
2968 4057
2969 4057
2970 4057
2971 4059
2972 4057
2973 4058
2974 4057
2975 4061
2976 4057
2977 4059
2978 4060
2979 4058
2980 4061
2981 4058
2982 4058
2983 4057
2984 4056
2985 4064
2986 4059
2987 4061
2988 4057
2989 4061
2990 4060
2991 4058
2992 4056
2993 4058
2994 4061
2995 4061
2996 4059
2997 4061
2998 4058
2999 4059
3000 4060
3001 4060
3002 4059
3003 4064
3004 4057
3005 4055
3006 4059
3007 4059
3008 4055
3009 4057
3010 4061
3011 4060
3012 4058
3013 4061
3014 4058
3015 4059
3016 4057
3017 4059
3018 4064
3019 4060
3020 4055
3021 4064
3022 4058
3023 4064
3024 4061
3025 4059
3026 4059
3027 4056
3028 4064
3029 4058
3030 4058
3031 4064
3032 4059
3033 4060
3034 4061
3035 4061
3036 4061
3037 4058
3038 4056
3039 4058
3040 4059
3041 4056
3042 4060
3043 4056
3044 4060
3045 4059
3046 4059
3047 4058
3048 4061
3049 4058
3050 4059
3051 4064
3052 4055
3053 4056
3054 4058
3055 4061
3056 4055
3057 4061
3058 4057
3059 4059
3060 4061
3061 4059
3062 4056
3063 4059
3064 4060
3065 4059
3066 4061
3067 4059
3068 4057
3069 4059
3070 4058
3071 4061
3072 4060
3073 4061
3074 4060
3075 4060
3076 4059
3077 4060
3078 4061
3079 4059
3080 4059
3081 4060
3082 4058
3083 4058
3084 4058
3085 4060
3086 4059
3087 4059
3088 4059
3089 4060
3090 4059
3091 4061
3092 4057
3093 4058
3094 4058
3095 4060
3096 4057
3097 4064
3098 4053
3099 4060
3100 4061
3101 4064
3102 4058
3103 4060
3104 4064
3105 4057
3106 4057
3107 4056
3108 4059
3109 4060
3110 4060
3111 4058
3112 4061
3113 4057
3114 4058
3115 4059
3116 4061
3117 4057
3118 4059
3119 4058
3120 4058
3121 4059
3122 4059
3123 4056
3124 4059
3125 4058
3126 4061
3127 4057
3128 4061
3129 4056
3130 4058
3131 4058
3132 4059
3133 4058
3134 4061
3135 4058
3136 4056
3137 4058
3138 4060
3139 4060
3140 4059
3141 4064
3142 4060
3143 4060
3144 4060
3145 4057
3146 4060
3147 4059
3148 4061
3149 4053
3150 4057
3151 4060
3152 4055
3153 4058
3154 4058
3155 4061
3156 4059
3157 4064
3158 4059
3159 4060
3160 4064
3161 4057
3162 4058
3163 4059
3164 4064
3165 4060
3166 4057
3167 4060
3168 4058
3169 4059
3170 4064
3171 4057
3172 4056
3173 4057
3174 4059
3175 4065
3176 4058
3177 4057
3178 4059
3179 4059
3180 4057
3181 4059
3182 4058
3183 4055
3184 4060
3185 4064
3186 4061
3187 4059
3188 4057
3189 4059
3190 4059
3191 4057
3192 4058
3193 4059
3194 4059
3195 4059
3196 4060
3197 4059
3198 4059
3199 4058
3200 4060
3201 4061
3202 4056
3203 4060
3204 4056
3205 4061
3206 4058
3207 4060
3208 4060
3209 4060
3210 4058
3211 4060
3212 4057
3213 4055
3214 4059
3215 4058
3216 4058
3217 4058
3218 4057
3219 4060
3220 4059
3221 4057
3222 4061
3223 4060
3224 4059
3225 4059
3226 4057
3227 4060
3228 4064
3229 4059
3230 4057
3231 4061
3232 4061
3233 4056
3234 4058
3235 4059
3236 4060
3237 4057
3238 4064
3239 4059
3240 4058
3241 4061
3242 4064
3243 4060
3244 4057
3245 4058
3246 4064
3247 4064
3248 4058
3249 4061
3250 4057
3251 4061
3252 4057
3253 4060
3254 4057
3255 4059
3256 4057
3257 4059
3258 4056
3259 4058
3260 4064
3261 4061
3262 4057
3263 4057
3264 4058
3265 4061
3266 4061
3267 4058
3268 4058
3269 4062
3270 4058
3271 4061
3272 4058
3273 4060
3274 4058
3275 4058
3276 4064
3277 4059
3278 4058
3279 4060
3280 4061
3281 4060
3282 4059
3283 4061
3284 4058
3285 4060
3286 4055
3287 4058
3288 4055
3289 4059
3290 4059
3291 4058
3292 4057
3293 4061
3294 4060
3295 4059
3296 4059
3297 4058
3298 4058
3299 4061
3300 4060
3301 4061
3302 4052
3303 4058
3304 4058
3305 4057
3306 4059
3307 4060
3308 4057
3309 4057
3310 4058
3311 4061
3312 4059
3313 4058
3314 4060
3315 4064
3316 4056
3317 4061
3318 4056
3319 4060
3320 4055
3321 4059
3322 4059
3323 4059
3324 4057
3325 4061
3326 4061
3327 4057
3328 4059
3329 4060
3330 4060
3331 4057
3332 4057
3333 4060
3334 4059
3335 4059
3336 4059
3337 4061
3338 4055
3339 4064
3340 4065
3341 4056
3342 4059
3343 4058
3344 4060
3345 4057
3346 4060
3347 4060
3348 4059
3349 4058
3350 4057
3351 4064
3352 4059
3353 4061
3354 4057
3355 4058
3356 4057
3357 4057
3358 4061
3359 4060
3360 4056
3361 4057
3362 4060
3363 4056
3364 4060
3365 4060
3366 4061
3367 4056
3368 4059
3369 4061
3370 4060
3371 4060
3372 4059
3373 4061
3374 4057
3375 4059
3376 4061
3377 4057
3378 4059
3379 4058
3380 4058
3381 4057
3382 4061
3383 4058
3384 4056
3385 4061
3386 4057
3387 4065
3388 4056
3389 4060
3390 4058
3391 4059
3392 4057
3393 4060
3394 4064
3395 4058
3396 4057
3397 4057
3398 4057
3399 4060
3400 4060
3401 4064
3402 4055
3403 4058
3404 4058
3405 4059
3406 4057
3407 4056
3408 4058
3409 4057
3410 4059
3411 4056
3412 4057
3413 4059
3414 4058
3415 4055
3416 4059
3417 4056
3418 4060
3419 4056
3420 4057
3421 4057
3422 4057
3423 4060
3424 4057
3425 4061
3426 4061
3427 4060
3428 4058
3429 4057
3430 4060
3431 4060
3432 4057
3433 4060
3434 4055
3435 4060
3436 4061
3437 4060
3438 4059
3439 4064
3440 4059
3441 4064
3442 4058
3443 4061
3444 4059
3445 4061
3446 4060
3447 4061
3448 4060
3449 4057
3450 4056
3451 4064
3452 4053
3453 4064
3454 4058
3455 4058
3456 4058
3457 4058
3458 4057
3459 4057
3460 4059
3461 4059
3462 4057
3463 4060
3464 4059
3465 4057
3466 4061
3467 4061
3468 4061
3469 4060
3470 4061
3471 4055
3472 4061
3473 4059
3474 4060
3475 4060
3476 4060
3477 4061
3478 4057
3479 4060
3480 4058
3481 4059
3482 4057
3483 4057
3484 4061
3485 4059
3486 4061
3487 4061
3488 4056
3489 4061
3490 4059
3491 4059
3492 4057
3493 4057
3494 4059
3495 4064
3496 4056
3497 4056
3498 4064
3499 4057
3500 4059
3501 4060
3502 4053
3503 4059
3504 4061
3505 4058
3506 4058
3507 4060
3508 4059
3509 4059
3510 4060
3511 4059
3512 4060
3513 4059
3514 4059
3515 4058
3516 4058
3517 4057
3518 4055
3519 4058
3520 4060
3521 4059
3522 4059
3523 4058
3524 4064
3525 4057
3526 4057
3527 4060
3528 4064
3529 4059
3530 4057
3531 4059
3532 4058
3533 4060
3534 4057
3535 4064
3536 4054
3537 4057
3538 4055
3539 4060
3540 4058
3541 4059
3542 4055
3543 4056
3544 4057
3545 4061
3546 4060
3547 4057
3548 4058
3549 4060
3550 4057
3551 4064
3552 4057
3553 4058
3554 4057
3555 4061
3556 4056
3557 4058
3558 4057
3559 4059
3560 4060
3561 4059
3562 4058
3563 4055
3564 4058
3565 4055
3566 4059
3567 4064
3568 4059
3569 4057
3570 4064
3571 4059
3572 4055
3573 4061
3574 4057
3575 4057
3576 4059
3577 4056
3578 4058
3579 4060
3580 4056
3581 4059
3582 4058
3583 4059
3584 4059
3585 4058
3586 4061
3587 4057
3588 4056
3589 4057
3590 4060
3591 4057
3592 4064
3593 4054
3594 4058
3595 4060
3596 4057
3597 4061
3598 4059
3599 4059
3600 4055
3601 4061
3602 4058
3603 4059
3604 4057
3605 4060
3606 4057
3607 4057
3608 4057
3609 4059
3610 4055
3611 4064
3612 4057
3613 4056
3614 4064
3615 4057
3616 4064
3617 4060
3618 4058
3619 4061
3620 4058
3621 4060
3622 4057
3623 4064
3624 4058
3625 4057
3626 4058
3627 4059
3628 4061
3629 4057
3630 4060
3631 4058
3632 4055
3633 4056
3634 4059
3635 4060
3636 4060
3637 4056
3638 4056
3639 4061
3640 4058
3641 4058
3642 4057
3643 4059
3644 4057
3645 4059
3646 4058
3647 4061
3648 4058
3649 4057
3650 4061
3651 4064
3652 4056
3653 4059
3654 4057
3655 4056
3656 4058
3657 4061
3658 4056
3659 4058
3660 4061
3661 4061
3662 4060
3663 4053
3664 4057
3665 4060
3666 4059
3667 4057
3668 4059
3669 4057
3670 4057
3671 4061
3672 4056
3673 4058
3674 4058
3675 4056
3676 4060
3677 4057
3678 4056
3679 4060
3680 4058
3681 4057
3682 4059
3683 4061
3684 4057
3685 4058
3686 4058
3687 4058
3688 4058
3689 4057
3690 4058
3691 4058
3692 4064
3693 4059
3694 4059
