#Data from the TCD1304 linear CCD
#column 1 = pixelnumber , column 2 = pixelvalue
#Pixel 1-32 and 3679-3694 and are dummy pixels
#SH-period: 200    ICG-period: 100000    Integration time: 100.0 us
2 4040
3 4042
4 4061
5 4060
6 4057
7 4061
8 4060
9 4059
10 4059
11 4058
12 4058
13 4060
14 4057
15 4061
16 4061
17 4059
18 4059
19 4061
20 4061
21 4062
22 4058
23 4060
24 4058
25 4059
26 4060
27 4061
28 4060
29 4062
30 4057
31 4061
32 4060
34 4061
35 4058
36 4060
37 4057
38 4060
39 4060
40 4059
41 4059
42 4055
43 4061
44 4056
45 4064
46 4057
47 4058
48 4060
49 4061
50 4062
51 4064
52 4057
53 4056
54 4064
55 4059
56 4055
57 4060
58 4062
59 4064
60 4060
61 4058
62 4058
63 4058
64 4058
65 4056
66 4059
67 4058
68 4060
69 4059
70 4060
71 4059
72 4061
73 4057
74 4064
75 4061
76 4057
77 4060
78 4062
79 4059
80 4060
81 4062
82 4061
83 4059
84 4061
85 4057
86 4059
87 4058
88 4058
89 4061
90 4059
91 4060
92 4061
93 4065
94 4059
95 4061
96 4058
97 4061
98 4058
99 4060
100 4060
101 4064
102 4054
103 4064
104 4061
105 4060
106 4057
107 4058
108 4059
109 4061
110 4058
111 4057
112 4059
113 4060
114 4058
115 4062
116 4057
117 4061
118 4060
119 4059
120 4058
121 4057
122 4058
123 4062
124 4057
125 4058
126 4059
127 4057
128 4060
129 4061
130 4057
131 4062
132 4056
133 4057
134 4061
135 4059
136 4059
137 4060
138 4059
139 4061
140 4058
141 4061
142 4057
143 4062
144 4064
145 4059
146 4060
147 4059
148 4061
149 4058
150 4060
151 4061
152 4056
153 4060
154 4061
155 4057
156 4064
157 4061
158 4059
159 4061
160 4055
161 4060
162 4061
163 4056
164 4060
165 4061
166 4056
167 4060
168 4059
169 4059
170 4057
171 4057
172 4061
173 4059
174 4057
175 4063
176 4056
177 4061
178 4061
179 4060
180 4060
181 4060
182 4060
183 4060
184 4059
185 4059
186 4058
187 4062
188 4059
189 4061
190 4061
191 4058
192 4060
193 4059
194 4061
195 4058
196 4059
197 4060
198 4058
199 4059
200 4060
201 4065
202 4057
203 4060
204 4057
205 4059
206 4060
207 4060
208 4060
209 4059
210 4059
211 4060
212 4057
213 4062
214 4058
215 4057
216 4064
217 4060
218 4060
219 4059
220 4062
221 4060
222 4055
223 4061
224 4059
225 4056
226 4061
227 4061
228 4057
229 4059
230 4061
231 4059
232 4059
233 4059
234 4059
235 4058
236 4060
237 4061
238 4058
239 4061
240 4058
241 4062
242 4059
243 4058
244 4059
245 4058
246 4056
247 4060
248 4061
249 4060
250 4059
251 4067
252 4054
253 4060
254 4054
255 4059
256 4061
257 4058
258 4060
259 4059
260 4061
261 4059
262 4061
263 4059
264 4059
265 4058
266 4061
267 4060
268 4059
269 4059
270 4057
271 4065
272 4059
273 4061
274 4059
275 4060
276 4057
277 4061
278 4059
279 4059
280 4060
281 4059
282 4059
283 4057
284 4059
285 4059
286 4058
287 4059
288 4058
289 4060
290 4057
291 4062
292 4061
293 4059
294 4058
295 4059
296 4058
297 4057
298 4060
299 4058
300 4062
301 4064
302 4060
303 4061
304 4059
305 4062
306 4060
307 4059
308 4058
309 4058
310 4062
311 4057
312 4057
313 4061
314 4061
315 4059
316 4056
317 4061
318 4057
319 4060
320 4060
321 4060
322 4060
323 4060
324 4060
325 4064
326 4060
327 4060
328 4059
329 4059
330 4058
331 4058
332 4056
333 4059
334 4064
335 4061
336 4055
337 4061
338 4061
339 4061
340 4060
341 4060
342 4059
343 4059
344 4061
345 4060
346 4057
347 4057
348 4061
349 4059
350 4060
351 4060
352 4055
353 4057
354 4055
355 4059
356 4061
357 4061
358 4058
359 4058
360 4058
361 4060
362 4057
363 4061
364 4058
365 4061
366 4060
367 4061
368 4061
369 4059
370 4061
371 4060
372 4061
373 4058
374 4057
375 4059
376 4062
377 4059
378 4057
379 4058
380 4059
381 4055
382 4064
383 4059
384 4057
385 4061
386 4059
387 4057
388 4058
389 4061
390 4057
391 4061
392 4057
393 4058
394 4061
395 4062
396 4058
397 4061
398 4061
399 4060
400 4060
401 4061
402 4057
403 4061
404 4059
405 4059
406 4060
407 4060
408 4060
409 4058
410 4057
411 4061
412 4059
413 4064
414 4057
415 4059
416 4060
417 4058
418 4059
419 4060
420 4061
421 4060
422 4060
423 4056
424 4060
425 4059
426 4058
427 4059
428 4059
429 4057
430 4061
431 4060
432 4058
433 4058
434 4058
435 4062
436 4061
437 4055
438 4059
439 4055
440 4060
441 4056
442 4061
443 4058
444 4059
445 4060
446 4061
447 4061
448 4061
449 4061
450 4059
451 4065
452 4056
453 4058
454 4058
455 4060
456 4056
457 4060
458 4059
459 4056
460 4059
461 4059
462 4059
463 4059
464 4058
465 4058
466 4060
467 4061
468 4059
469 4059
470 4057
471 4058
472 4059
473 4058
474 4058
475 4059
476 4061
477 4062
478 4059
479 4058
480 4060
481 4059
482 4058
483 4060
484 4060
485 4060
486 4059
487 4058
488 4058
489 4061
490 4057
491 4057
492 4060
493 4059
494 4059
495 4061
496 4061
497 4058
498 4057
499 4057
500 4061
501 4064
502 4059
503 4059
504 4059
505 4060
506 4058
507 4057
508 4057
509 4058
510 4061
511 4065
512 4060
513 4064
514 4058
515 4062
516 4057
517 4061
518 4057
519 4060
520 4058
521 4059
522 4061
523 4060
524 4058
525 4061
526 4059
527 4059
528 4059
529 4061
530 4060
531 4060
532 4061
533 4061
534 4060
535 4059
536 4061
537 4057
538 4057
539 4059
540 4062
541 4050
542 4059
543 4061
544 4058
545 4061
546 4057
547 4060
548 4057
549 4059
550 4059
551 4061
552 4056
553 4064
554 4059
555 4061
556 4060
557 4062
558 4060
559 4059
560 4064
561 4060
562 4058
563 4059
564 4061
565 4059
566 4060
567 4061
568 4060
569 4054
570 4061
571 4061
572 4060
573 4059
574 4058
575 4064
576 4057
577 4060
578 4059
579 4060
580 4058
581 4056
582 4057
583 4056
584 4064
585 4064
586 4060
587 4059
588 4064
589 4059
590 4062
591 4059
592 4061
593 4059
594 4057
595 4062
596 4061
597 4060
598 4056
599 4058
600 4057
601 4061
602 4056
603 4058
604 4060
605 4059
606 4058
607 4056
608 4060
609 4060
610 4061
611 4059
612 4054
613 4059
614 4059
615 4062
616 4060
617 4053
618 4060
619 4061
620 4060
621 4060
622 4059
623 4059
624 4059
625 4058
626 4061
627 4058
628 4059
629 4057
630 4058
631 4060
632 4059
633 4057
634 4059
635 4055
636 4059
637 4060
638 4061
639 4058
640 4059
641 4060
642 4060
643 4059
644 4061
645 4060
646 4058
647 4061
648 4061
649 4059
650 4058
651 4064
652 4059
653 4064
654 4058
655 4057
656 4057
657 4060
658 4055
659 4060
660 4056
661 4062
662 4058
663 4060
664 4057
665 4059
666 4058
667 4060
668 4062
669 4059
670 4058
671 4059
672 4060
673 4061
674 4059
675 4059
676 4059
677 4062
678 4064
679 4057
680 4058
681 4060
682 4057
683 4060
684 4059
685 4059
686 4060
687 4059
688 4058
689 4062
690 4059
691 4060
692 4058
693 4059
694 4061
695 4060
696 4056
697 4057
698 4058
699 4061
700 4061
701 4064
702 4055
703 4060
704 4059
705 4064
706 4059
707 4060
708 4060
709 4061
710 4059
711 4059
712 4064
713 4058
714 4058
715 4059
716 4058
717 4059
718 4059
719 4060
720 4058
721 4059
722 4061
723 4058
724 4060
725 4059
726 4060
727 4062
728 4060
729 4061
730 4056
731 4056
732 4059
733 4058
734 4059
735 4059
736 4059
737 4060
738 4064
739 4060
740 4058
741 4060
742 4057
743 4060
744 4059
745 4059
746 4059
747 4057
748 4060
749 4061
750 4056
751 4064
752 4058
753 4059
754 4057
755 4057
756 4058
757 4059
758 4060
759 4061
760 4060
761 4064
762 4057
763 4061
764 4058
765 4059
766 4059
767 4057
768 4064
769 4059
770 4060
771 4059
772 4058
773 4060
774 4060
775 4064
776 4056
777 4061
778 4058
779 4058
780 4060
781 4057
782 4059
783 4061
784 4057
785 4058
786 4058
787 4057
788 4059
789 4057
790 4060
791 4059
792 4061
793 4059
794 4059
795 4060
796 4061
797 4061
798 4061
799 4060
800 4059
801 4065
802 4057
803 4059
804 4055
805 4060
806 4059
807 4059
808 4061
809 4058
810 4055
811 4061
812 4058
813 4060
814 4060
815 4061
816 4059
817 4059
818 4059
819 4060
820 4057
821 4060
822 4060
823 4060
824 4060
825 4058
826 4062
827 4059
828 4059
829 4057
830 4059
831 4060
832 4058
833 4058
834 4061
835 4060
836 4059
837 4061
838 4059
839 4059
840 4060
841 4061
842 4061
843 4064
844 4058
845 4061
846 4058
847 4062
848 4064
849 4058
850 4064
851 4061
852 4058
853 4060
854 4056
855 4060
856 4056
857 4058
858 4060
859 4060
860 4059
861 4059
862 4061
863 4056
864 4059
865 4059
866 4060
867 4057
868 4058
869 4057
870 4058
871 4061
872 4060
873 4057
874 4060
875 4060
876 4058
877 4059
878 4057
879 4055
880 4065
881 4059
882 4058
883 4060
884 4060
885 4062
886 4056
887 4058
888 4060
889 4064
890 4060
891 4058
892 4058
893 4064
894 4056
895 4060
896 4057
897 4058
898 4060
899 4061
900 4060
901 4064
902 4057
903 4061
904 4057
905 4064
906 4057
907 4062
908 4060
909 4059
910 4059
911 4060
912 4058
913 4059
914 4058
915 4060
916 4058
917 4060
918 4059
919 4058
920 4057
921 4061
922 4059
923 4061
924 4061
925 4057
926 4058
927 4061
928 4060
929 4060
930 4062
931 4058
932 4060
933 4057
934 4059
935 4058
936 4059
937 4060
938 4060
939 4060
940 4060
941 4061
942 4059
943 4058
944 4057
945 4061
946 4056
947 4059
948 4059
949 4061
950 4059
951 4064
952 4055
953 4056
954 4057
955 4062
956 4057
957 4058
958 4054
959 4060
960 4060
961 4059
962 4061
963 4059
964 4058
965 4061
966 4059
967 4058
968 4060
969 4062
970 4058
971 4058
972 4058
973 4060
974 4058
975 4061
976 4057
977 4060
978 4060
979 4059
980 4059
981 4058
982 4054
983 4058
984 4061
985 4059
986 4060
987 4056
988 4059
989 4059
990 4058
991 4057
992 4059
993 4058
994 4055
995 4060
996 4059
997 4062
998 4057
999 4058
1000 4059
1001 4065
1002 4057
1003 4059
1004 4058
1005 4060
1006 4060
1007 4059
1008 4056
1009 4058
1010 4056
1011 4060
1012 4064
1013 4061
1014 4062
1015 4061
1016 4058
1017 4060
1018 4060
1019 4060
1020 4060
1021 4059
1022 4058
1023 4060
1024 4060
1025 4057
1026 4060
1027 4060
1028 4059
1029 4059
1030 4059
1031 4060
1032 4060
1033 4060
1034 4059
1035 4061
1036 4059
1037 4059
1038 4060
1039 4060
1040 4058
1041 4059
1042 4058
1043 4057
1044 4058
1045 4060
1046 4057
1047 4058
1048 4059
1049 4060
1050 4060
1051 4061
1052 4055
1053 4060
1054 4056
1055 4061
1056 4059
1057 4064
1058 4061
1059 4056
1060 4059
1061 4059
1062 4061
1063 4060
1064 4060
1065 4058
1066 4060
1067 4062
1068 4061
1069 4057
1070 4056
1071 4059
1072 4058
1073 4056
1074 4059
1075 4062
1076 4059
1077 4060
1078 4059
1079 4057
1080 4060
1081 4059
1082 4059
1083 4060
1084 4061
1085 4061
1086 4061
1087 4060
1088 4057
1089 4058
1090 4062
1091 4059
1092 4060
1093 4061
1094 4059
1095 4059
1096 4060
1097 4059
1098 4057
1099 4064
1100 4064
1101 4064
1102 4059
1103 4061
1104 4058
1105 4061
1106 4059
1107 4058
1108 4061
1109 4060
1110 4057
1111 4061
1112 4058
1113 4061
1114 4060
1115 4057
1116 4060
1117 4058
1118 4058
1119 4060
1120 4061
1121 4060
1122 4060
1123 4057
1124 4060
1125 4059
1126 4060
1127 4060
1128 4060
1129 4058
1130 4059
1131 4060
1132 4060
1133 4060
1134 4059
1135 4061
1136 4061
1137 4059
1138 4061
1139 4060
1140 4058
1141 4055
1142 4059
1143 4056
1144 4057
1145 4058
1146 4060
1147 4059
1148 4061
1149 4062
1150 4057
1151 4062
1152 4055
1153 4058
1154 4059
1155 4059
1156 4057
1157 4061
1158 4058
1159 4060
1160 4060
1161 4058
1162 4061
1163 4061
1164 4056
1165 4061
1166 4059
1167 4061
1168 4058
1169 4059
1170 4060
1171 4061
1172 4057
1173 4059
1174 4064
1175 4059
1176 4057
1177 4059
1178 4059
1179 4058
1180 4062
1181 4060
1182 4057
1183 4056
1184 4064
1185 4057
1186 4059
1187 4060
1188 4060
1189 4059
1190 4062
1191 4056
1192 4056
1193 4061
1194 4056
1195 4060
1196 4058
1197 4059
1198 4059
1199 4064
1200 4061
1201 4061
1202 4054
1203 4061
1204 4060
1205 4060
1206 4059
1207 4060
1208 4059
1209 4060
1210 4058
1211 4060
1212 4057
1213 4056
1214 4059
1215 4059
1216 4060
1217 4057
1218 4057
1219 4059
1220 4059
1221 4059
1222 4058
1223 4057
1224 4060
1225 4057
1226 4059
1227 4058
1228 4057
1229 4061
1230 4064
1231 4059
1232 4059
1233 4059
1234 4058
1235 4059
1236 4059
1237 4060
1238 4059
1239 4056
1240 4058
1241 4059
1242 4060
1243 4059
1244 4058
1245 4056
1246 4063
1247 4057
1248 4061
1249 4061
1250 4056
1251 4062
1252 4059
1253 4058
1254 4059
1255 4059
1256 4056
1257 4061
1258 4059
1259 4058
1260 4060
1261 4060
1262 4059
1263 4058
1264 4056
1265 4058
1266 4061
1267 4058
1268 4059
1269 4062
1270 4059
1271 4061
1272 4061
1273 4060
1274 4059
1275 4059
1276 4060
1277 4059
1278 4058
1279 4058
1280 4059
1281 4059
1282 4059
1283 4058
1284 4057
1285 4061
1286 4060
1287 4061
1288 4059
1289 4059
1290 4059
1291 4059
1292 4058
1293 4059
1294 4058
1295 4058
1296 4059
1297 4061
1298 4059
1299 4056
1300 4061
1301 4060
1302 4058
1303 4060
1304 4060
1305 4060
1306 4058
1307 4058
1308 4059
1309 4059
1310 4056
1311 4058
1312 4061
1313 4060
1314 4059
1315 4060
1316 4057
1317 4057
1318 4064
1319 4062
1320 4058
1321 4057
1322 4062
1323 4057
1324 4058
1325 4064
1326 4059
1327 4061
1328 4058
1329 4059
1330 4060
1331 4059
1332 4061
1333 4059
1334 4059
1335 4060
1336 4061
1337 4061
1338 4061
1339 4059
1340 4058
1341 4064
1342 4058
1343 4061
1344 4059
1345 4057
1346 4056
1347 4061
1348 4057
1349 4060
1350 4059
1351 4064
1352 4056
1353 4059
1354 4060
1355 4064
1356 4062
1357 4058
1358 4060
1359 4057
1360 4059
1361 4059
1362 4061
1363 4060
1364 4060
1365 4057
1366 4059
1367 4057
1368 4060
1369 4061
1370 4060
1371 4059
1372 4058
1373 4060
1374 4057
1375 4059
1376 4059
1377 4059
1378 4059
1379 4058
1380 4059
1381 4061
1382 4058
1383 4059
1384 4057
1385 4060
1386 4059
1387 4059
1388 4058
1389 4055
1390 4058
1391 4060
1392 4055
1393 4060
1394 4059
1395 4060
1396 4061
1397 4060
1398 4059
1399 4060
1400 4059
1401 4064
1402 4055
1403 4059
1404 4060
1405 4060
1406 4057
1407 4059
1408 4061
1409 4058
1410 4058
1411 4060
1412 4059
1413 4062
1414 4055
1415 4060
1416 4058
1417 4060
1418 4061
1419 4061
1420 4061
1421 4054
1422 4058
1423 4060
1424 4058
1425 4055
1426 4057
1427 4057
1428 4055
1429 4061
1430 4064
1431 4061
1432 4060
1433 4061
1434 4062
1435 4056
1436 4058
1437 4059
1438 4057
1439 4059
1440 4057
1441 4057
1442 4059
1443 4060
1444 4060
1445 4061
1446 4059
1447 4057
1448 4060
1449 4059
1450 4059
1451 4061
1452 4056
1453 4058
1454 4061
1455 4060
1456 4059
1457 4056
1458 4059
1459 4060
1460 4059
1461 4064
1462 4061
1463 4059
1464 4057
1465 4060
1466 4058
1467 4058
1468 4059
1469 4057
1470 4061
1471 4060
1472 4064
1473 4058
1474 4060
1475 4061
1476 4062
1477 4057
1478 4059
1479 4058
1480 4057
1481 4054
1482 4059
1483 4059
1484 4059
1485 4059
1486 4057
1487 4055
1488 4064
1489 4057
1490 4056
1491 4060
1492 4062
1493 4064
1494 4059
1495 4056
1496 4061
1497 4058
1498 4059
1499 4059
1500 4058
1501 4064
1502 4058
1503 4057
1504 4061
1505 4058
1506 4061
1507 4060
1508 4059
1509 4061
1510 4059
1511 4058
1512 4060
1513 4061
1514 4059
1515 4061
1516 4061
1517 4057
1518 4062
1519 4055
1520 4060
1521 4058
1522 4060
1523 4060
1524 4059
1525 4059
1526 4055
1527 4061
1528 4059
1529 4061
1530 4055
1531 4061
1532 4058
1533 4061
1534 4060
1535 4059
1536 4060
1537 4060
1538 4061
1539 4057
1540 4060
1541 4057
1542 4057
1543 4060
1544 4060
1545 4060
1546 4062
1547 4059
1548 4059
1549 4060
1550 4059
1551 4064
1552 4055
1553 4058
1554 4058
1555 4061
1556 4058
1557 4060
1558 4061
1559 4057
1560 4058
1561 4060
1562 4062
1563 4058
1564 4060
1565 4059
1566 4059
1567 4061
1568 4059
1569 4059
1570 4055
1571 4059
1572 4060
1573 4060
1574 4064
1575 4057
1576 4059
1577 4057
1578 4057
1579 4061
1580 4057
1581 4060
1582 4059
1583 4058
1584 4057
1585 4060
1586 4061
1587 4058
1588 4059
1589 4056
1590 4057
1591 4057
1592 4057
1593 4061
1594 4057
1595 4061
1596 4056
1597 4064
1598 4059
1599 4061
1600 4057
1601 4065
1602 4053
1603 4060
1604 4058
1605 4056
1606 4059
1607 4058
1608 4059
1609 4060
1610 4058
1611 4058
1612 4060
1613 4059
1614 4058
1615 4057
1616 4061
1617 4059
1618 4062
1619 4059
1620 4059
1621 4058
1622 4057
1623 4058
1624 4057
1625 4060
1626 4061
1627 4059
1628 4060
1629 4060
1630 4062
1631 4064
1632 4058
1633 4056
1634 4056
1635 4060
1636 4059
1637 4059
1638 4061
1639 4057
1640 4058
1641 4059
1642 4058
1643 4060
1644 4058
1645 4061
1646 4060
1647 4061
1648 4059
1649 4057
1650 4058
1651 4064
1652 4055
1653 4058
1654 4060
1655 4058
1656 4056
1657 4058
1658 4057
1659 4062
1660 4060
1661 4061
1662 4059
1663 4056
1664 4057
1665 4059
1666 4059
1667 4059
1668 4059
1669 4059
1670 4064
1671 4059
1672 4061
1673 4061
1674 4060
1675 4057
1676 4061
1677 4057
1678 4058
1679 4058
1680 4058
1681 4061
1682 4061
1683 4059
1684 4057
1685 4061
1686 4061
1687 4064
1688 4058
1689 4058
1690 4061
1691 4058
1692 4058
1693 4057
1694 4058
1695 4059
1696 4057
1697 4059
1698 4060
1699 4061
1700 4057
1701 4061
1702 4056
1703 4058
1704 4059
1705 4061
1706 4058
1707 4058
1708 4056
1709 4060
1710 4057
1711 4064
1712 4060
1713 4057
1714 4060
1715 4060
1716 4060
1717 4059
1718 4060
1719 4057
1720 4059
1721 4060
1722 4058
1723 4059
1724 4057
1725 4059
1726 4060
1727 4060
1728 4059
1729 4057
1730 4059
1731 4064
1732 4055
1733 4060
1734 4059
1735 4059
1736 4059
1737 4059
1738 4058
1739 4060
1740 4057
1741 4058
1742 4062
1743 4061
1744 4056
1745 4064
1746 4057
1747 4058
1748 4058
1749 4060
1750 4059
1751 4061
1752 4058
1753 4059
1754 4059
1755 4059
1756 4060
1757 4058
1758 4055
1759 4057
1760 4060
1761 4058
1762 4059
1763 4060
1764 4059
1765 4061
1766 4061
1767 4061
1768 4059
1769 4060
1770 4057
1771 4059
1772 4059
1773 4061
1774 4058
1775 4061
1776 4060
1777 4058
1778 4061
1779 4059
1780 4060
1781 4061
1782 4061
1783 4060
1784 4057
1785 4061
1786 4057
1787 4059
1788 4059
1789 4060
1790 4061
1791 4061
1792 4057
1793 4061
1794 4062
1795 4060
1796 4058
1797 4058
1798 4059
1799 4057
1800 4061
1801 4064
1802 4059
1803 4059
1804 4060
1805 4059
1806 4057
1807 4061
1808 4059
1809 4059
1810 4060
1811 4057
1812 4058
1813 4064
1814 4060
1815 4057
1816 4061
1817 4057
1818 4059
1819 4061
1820 4055
1821 4060
1822 4059
1823 4057
1824 4058
1825 4059
1826 4058
1827 4058
1828 4055
1829 4057
1830 4058
1831 4059
1832 4058
1833 4057
1834 4058
1835 4058
1836 4057
1837 4058
1838 4061
1839 4056
1840 4058
1841 4060
1842 4060
1843 4059
1844 4057
1845 4057
1846 4060
1847 4055
1848 4059
1849 4059
1850 4057
1851 4064
1852 4051
1853 4059
1854 4058
1855 4058
1856 4056
1857 4058
1858 4057
1859 4058
1860 4058
1861 4059
1862 4056
1863 4061
1864 4054
1865 4055
1866 4060
1867 4058
1868 4056
1869 4057
1870 4057
1871 4054
1872 4061
1873 4059
1874 4055
1875 4059
1876 4057
1877 4059
1878 4058
1879 4058
1880 4061
1881 4060
1882 4059
1883 4061
1884 4059
1885 4059
1886 4059
1887 4060
1888 4056
1889 4060
1890 4060
1891 4057
1892 4058
1893 4061
1894 4059
1895 4061
1896 4059
1897 4060
1898 4060
1899 4058
1900 4055
1901 4064
1902 4056
1903 4057
1904 4057
1905 4061
1906 4054
1907 4064
1908 4058
1909 4061
1910 4060
1911 4057
1912 4061
1913 4059
1914 4060
1915 4061
1916 4056
1917 4061
1918 4060
1919 4060
1920 4055
1921 4058
1922 4061
1923 4059
1924 4058
1925 4061
1926 4060
1927 4062
1928 4061
1929 4060
1930 4061
1931 4060
1932 4060
1933 4060
1934 4057
1935 4059
1936 4059
1937 4060
1938 4057
1939 4061
1940 4060
1941 4059
1942 4059
1943 4056
1944 4057
1945 4060
1946 4061
1947 4060
1948 4056
1949 4061
1950 4064
1951 4062
1952 4059
1953 4064
1954 4061
1955 4061
1956 4060
1957 4058
1958 4060
1959 4060
1960 4060
1961 4060
1962 4060
1963 4057
1964 4057
1965 4059
1966 4062
1967 4059
1968 4061
1969 4058
1970 4061
1971 4059
1972 4060
1973 4061
1974 4058
1975 4061
1976 4061
1977 4059
1978 4058
1979 4055
1980 4059
1981 4059
1982 4059
1983 4061
1984 4061
1985 4060
1986 4061
1987 4064
1988 4059
1989 4062
1990 4058
1991 4060
1992 4059
1993 4060
1994 4061
1995 4058
1996 4059
1997 4058
1998 4062
1999 4057
2000 4062
2001 4062
2002 4059
2003 4060
2004 4061
2005 4060
2006 4061
2007 4058
2008 4059
2009 4059
2010 4059
2011 4060
2012 4060
2013 4059
2014 4059
2015 4058
2016 4059
2017 4059
2018 4058
2019 4061
2020 4057
2021 4064
2022 4059
2023 4058
2024 4059
2025 4058
2026 4062
2027 4062
2028 4057
2029 4056
2030 4064
2031 4059
2032 4058
2033 4061
2034 4058
2035 4058
2036 4059
2037 4059
2038 4061
2039 4056
2040 4061
2041 4060
2042 4058
2043 4056
2044 4060
2045 4064
2046 4057
2047 4057
2048 4061
2049 4061
2050 4059
2051 4061
2052 4057
2053 4060
2054 4059
2055 4059
2056 4059
2057 4058
2058 4058
2059 4058
2060 4058
2061 4057
2062 4060
2063 4060
2064 4058
2065 4059
2066 4056
2067 4061
2068 4059
2069 4058
2070 4058
2071 4058
2072 4057
2073 4064
2074 4058
2075 4061
2076 4061
2077 4059
2078 4059
2079 4055
2080 4062
2081 4056
2082 4059
2083 4055
2084 4056
2085 4059
2086 4057
2087 4059
2088 4061
2089 4064
2090 4057
2091 4057
2092 4057
2093 4057
2094 4057
2095 4059
2096 4058
2097 4062
2098 4061
2099 4056
2100 4060
2101 4060
2102 4055
2103 4063
2104 4060
2105 4057
2106 4061
2107 4060
2108 4058
2109 4058
2110 4061
2111 4059
2112 4058
2113 4059
2114 4058
2115 4059
2116 4057
2117 4061
2118 4061
2119 4057
2120 4064
2121 4060
2122 4057
2123 4060
2124 4061
2125 4064
2126 4059
2127 4061
2128 4057
2129 4060
2130 4060
2131 4059
2132 4058
2133 4061
2134 4060
2135 4060
2136 4060
2137 4061
2138 4061
2139 4055
2140 4060
2141 4060
2142 4057
2143 4060
2144 4056
2145 4058
2146 4061
2147 4060
2148 4059
2149 4057
2150 4056
2151 4065
2152 4055
2153 4062
2154 4059
2155 4060
2156 4057
2157 4059
2158 4058
2159 4058
2160 4061
2161 4061
2162 4058
2163 4059
2164 4060
2165 4058
2166 4060
2167 4060
2168 4059
2169 4059
2170 4064
2171 4058
2172 4061
2173 4061
2174 4060
2175 4061
2176 4060
2177 4061
2178 4058
2179 4055
2180 4060
2181 4059
2182 4059
2183 4057
2184 4057
2185 4058
2186 4062
2187 4057
2188 4057
2189 4059
2190 4057
2191 4061
2192 4059
2193 4057
2194 4058
2195 4058
2196 4059
2197 4061
2198 4058
2199 4057
2200 4058
2201 4064
2202 4058
2203 4059
2204 4058
2205 4061
2206 4061
2207 4058
2208 4059
2209 4057
2210 4060
2211 4060
2212 4060
2213 4060
2214 4060
2215 4061
2216 4060
2217 4061
2218 4059
2219 4068
2220 4060
2221 4060
2222 4061
2223 4061
2224 4057
2225 4058
2226 4057
2227 4060
2228 4059
2229 4057
2230 4061
2231 4055
2232 4061
2233 4059
2234 4060
2235 4060
2236 4061
2237 4060
2238 4057
2239 4060
2240 4061
2241 4064
2242 4059
2243 4061
2244 4058
2245 4059
2246 4059
2247 4064
2248 4058
2249 4059
2250 4061
2251 4061
2252 4055
2253 4059
2254 4057
2255 4064
2256 4056
2257 4058
2258 4056
2259 4058
2260 4061
2261 4058
2262 4062
2263 4060
2264 4056
2265 4061
2266 4056
2267 4060
2268 4059
2269 4061
2270 4060
2271 4059
2272 4058
2273 4059
2274 4058
2275 4059
2276 4058
2277 4059
2278 4056
2279 4058
2280 4064
2281 4057
2282 4056
2283 4060
2284 4060
2285 4061
2286 4059
2287 4056
2288 4060
2289 4059
2290 4056
2291 4057
2292 4061
2293 4060
2294 4058
2295 4064
2296 4060
2297 4062
2298 4059
2299 4059
2300 4057
2301 4065
2302 4059
2303 4058
2304 4055
2305 4061
2306 4056
2307 4060
2308 4061
2309 4057
2310 4057
2311 4059
2312 4059
2313 4055
2314 4056
2315 4061
2316 4057
2317 4059
2318 4061
2319 4064
2320 4058
2321 4057
2322 4061
2323 4061
2324 4057
2325 4059
2326 4055
2327 4057
2328 4057
2329 4059
2330 4062
2331 4057
2332 4059
2333 4061
2334 4061
2335 4061
2336 4061
2337 4057
2338 4057
2339 4060
2340 4059
2341 4057
2342 4059
2343 4059
2344 4055
2345 4062
2346 4058
2347 4061
2348 4060
2349 4064
2350 4059
2351 4064
2352 4055
2353 4058
2354 4059
2355 4061
2356 4054
2357 4057
2358 4062
2359 4057
2360 4060
2361 4060
2362 4061
2363 4059
2364 4061
2365 4058
2366 4058
2367 4060
2368 4060
2369 4059
2370 4059
2371 4060
2372 4057
2373 4058
2374 4057
2375 4061
2376 4057
2377 4060
2378 4061
2379 4058
2380 4057
2381 4057
2382 4060
2383 4061
2384 4060
2385 4058
2386 4057
2387 4061
2388 4059
2389 4059
2390 4064
2391 4061
2392 4058
2393 4058
2394 4059
2395 4057
2396 4059
2397 4064
2398 4059
2399 4061
2400 4058
2401 4064
2402 4056
2403 4055
2404 4059
2405 4064
2406 4058
2407 4059
2408 4061
2409 4059
2410 4056
2411 4064
2412 4060
2413 4060
2414 4062
2415 4059
2416 4058
2417 4060
2418 4060
2419 4059
2420 4055
2421 4058
2422 4060
2423 4058
2424 4060
2425 4059
2426 4061
2427 4064
2428 4060
2429 4060
2430 4060
2431 4057
2432 4059
2433 4061
2434 4056
2435 4060
2436 4061
2437 4058
2438 4055
2439 4059
2440 4058
2441 4057
2442 4060
2443 4059
2444 4061
2445 4057
2446 4059
2447 4057
2448 4059
2449 4059
2450 4057
2451 4061
2452 4057
2453 4060
2454 4058
2455 4060
2456 4060
2457 4061
2458 4060
2459 4057
2460 4057
2461 4058
2462 4060
2463 4055
2464 4061
2465 4060
2466 4058
2467 4061
2468 4058
2469 4059
2470 4059
2471 4059
2472 4058
2473 4060
2474 4058
2475 4060
2476 4059
2477 4061
2478 4060
2479 4057
2480 4059
2481 4058
2482 4061
2483 4059
2484 4059
2485 4061
2486 4060
2487 4057
2488 4057
2489 4056
2490 4057
2491 4061
2492 4059
2493 4061
2494 4058
2495 4058
2496 4056
2497 4060
2498 4058
2499 4056
2500 4057
2501 4061
2502 4057
2503 4058
2504 4057
2505 4060
2506 4060
2507 4057
2508 4059
2509 4057
2510 4061
2511 4057
2512 4055
2513 4059
2514 4064
2515 4057
2516 4058
2517 4062
2518 4057
2519 4060
2520 4060
2521 4060
2522 4057
2523 4061
2524 4057
2525 4059
2526 4061
2527 4059
2528 4056
2529 4059
2530 4056
2531 4061
2532 4057
2533 4060
2534 4057
2535 4060
2536 4057
2537 4061
2538 4058
2539 4060
2540 4060
2541 4061
2542 4058
2543 4056
2544 4063
2545 4059
2546 4062
2547 4061
2548 4060
2549 4060
2550 4057
2551 4064
2552 4058
2553 4058
2554 4056
2555 4059
2556 4057
2557 4060
2558 4060
2559 4061
2560 4058
2561 4060
2562 4058
2563 4057
2564 4060
2565 4059
2566 4057
2567 4060
2568 4059
2569 4059
2570 4060
2571 4060
2572 4056
2573 4059
2574 4057
2575 4055
2576 4057
2577 4060
2578 4059
2579 4056
2580 4057
2581 4059
2582 4060
2583 4057
2584 4061
2585 4057
2586 4058
2587 4060
2588 4057
2589 4061
2590 4057
2591 4056
2592 4058
2593 4059
2594 4060
2595 4057
2596 4058
2597 4059
2598 4059
2599 4060
2600 4058
2601 4062
2602 4055
2603 4060
2604 4056
2605 4060
2606 4059
2607 4061
2608 4061
2609 4059
2610 4058
2611 4059
2612 4058
2613 4057
2614 4057
2615 4061
2616 4058
2617 4061
2618 4060
2619 4060
2620 4059
2621 4059
2622 4060
2623 4058
2624 4058
2625 4055
2626 4059
2627 4060
2628 4055
2629 4060
2630 4061
2631 4060
2632 4060
2633 4060
2634 4060
2635 4061
2636 4064
2637 4060
2638 4057
2639 4060
2640 4060
2641 4058
2642 4059
2643 4060
2644 4055
2645 4059
2646 4060
2647 4060
2648 4059
2649 4059
2650 4059
2651 4061
2652 4057
2653 4059
2654 4056
2655 4059
2656 4056
2657 4057
2658 4059
2659 4059
2660 4059
2661 4057
2662 4060
2663 4059
2664 4060
2665 4060
2666 4058
2667 4059
2668 4060
2669 4060
2670 4058
2671 4059
2672 4055
2673 4058
2674 4056
2675 4059
2676 4060
2677 4056
2678 4060
2679 4055
2680 4059
2681 4058
2682 4058
2683 4058
2684 4059
2685 4059
2686 4059
2687 4061
2688 4062
2689 4058
2690 4059
2691 4061
2692 4060
2693 4060
2694 4060
2695 4058
2696 4054
2697 4059
2698 4060
2699 4054
2700 4058
2701 4064
2702 4054
2703 4059
2704 4059
2705 4058
2706 4061
2707 4056
2708 4058
2709 4059
2710 4058
2711 4054
2712 4056
2713 4055
2714 4057
2715 4059
2716 4055
2717 4061
2718 4058
2719 4057
2720 4060
2721 4055
2722 4057
2723 4060
2724 4059
2725 4056
2726 4060
2727 4062
2728 4058
2729 4057
2730 4058
2731 4060
2732 4060
2733 4059
2734 4060
2735 4060
2736 4059
2737 4061
2738 4059
2739 4061
2740 4059
2741 4060
2742 4055
2743 4057
2744 4060
2745 4061
2746 4054
2747 4060
2748 4058
2749 4058
2750 4057
2751 4062
2752 4055
2753 4057
2754 4057
2755 4060
2756 4057
2757 4057
2758 4058
2759 4055
2760 4059
2761 4060
2762 4060
2763 4058
2764 4058
2765 4061
2766 4059
2767 4057
2768 4061
2769 4057
2770 4057
2771 4061
2772 4059
2773 4058
2774 4058
2775 4059
2776 4061
2777 4059
2778 4059
2779 4057
2780 4060
2781 4057
2782 4058
2783 4059
2784 4058
2785 4056
2786 4061
2787 4059
2788 4060
2789 4059
2790 4060
2791 4059
2792 4053
2793 4057
2794 4059
2795 4056
2796 4060
2797 4060
2798 4060
2799 4058
2800 4058
2801 4061
2802 4052
2803 4061
2804 4057
2805 4064
2806 4058
2807 4058
2808 4058
2809 4058
2810 4057
2811 4058
2812 4055
2813 4057
2814 4059
2815 4058
2816 4057
2817 4059
2818 4055
2819 4059
2820 4060
2821 4058
2822 4056
2823 4059
2824 4060
2825 4060
2826 4053
2827 4061
2828 4059
2829 4057
2830 4060
2831 4060
2832 4056
2833 4060
2834 4059
2835 4058
2836 4057
2837 4059
2838 4059
2839 4058
2840 4059
2841 4054
2842 4059
2843 4059
2844 4058
2845 4057
2846 4056
2847 4058
2848 4058
2849 4060
2850 4053
2851 4061
2852 4057
2853 4058
2854 4057
2855 4060
2856 4055
2857 4056
2858 4055
2859 4058
2860 4060
2861 4056
2862 4053
2863 4057
2864 4060
2865 4059
2866 4056
2867 4057
2868 4053
2869 4056
2870 4055
2871 4058
2872 4055
2873 4059
2874 4056
2875 4056
2876 4058
2877 4059
2878 4059
2879 4054
2880 4057
2881 4058
2882 4055
2883 4055
2884 4057
2885 4056
2886 4056
2887 4055
2888 4058
2889 4056
2890 4059
2891 4057
2892 4058
2893 4060
2894 4060
2895 4058
2896 4057
2897 4056
2898 4058
2899 4060
2900 4056
2901 4061
2902 4059
2903 4057
2904 4055
2905 4064
2906 4057
2907 4056
2908 4062
2909 4057
2910 4057
2911 4059
2912 4058
2913 4060
2914 4056
2915 4057
2916 4058
2917 4057
2918 4056
2919 4057
2920 4057
2921 4054
2922 4057
2923 4056
2924 4056
2925 4058
2926 4057
2927 4058
2928 4058
2929 4057
2930 4056
2931 4057
2932 4055
2933 4057
2934 4057
2935 4058
2936 4057
2937 4060
2938 4059
2939 4057
2940 4060
2941 4057
2942 4058
2943 4057
2944 4055
2945 4058
2946 4059
2947 4056
2948 4056
2949 4061
2950 4059
2951 4061
2952 4055
2953 4058
2954 4057
2955 4058
2956 4057
2957 4059
2958 4061
2959 4055
2960 4057
2961 4060
2962 4058
2963 4061
2964 4057
2965 4058
2966 4061
2967 4057
2968 4059
2969 4060
2970 4058
2971 4059
2972 4057
2973 4058
2974 4060
2975 4064
2976 4060
2977 4057
2978 4059
2979 4058
2980 4061
2981 4059
2982 4061
2983 4060
2984 4058
2985 4061
2986 4058
2987 4059
2988 4060
2989 4061
2990 4062
2991 4057
2992 4061
2993 4060
2994 4055
2995 4060
2996 4057
2997 4056
2998 4057
2999 4059
3000 4060
3001 4059
3002 4056
3003 4058
3004 4057
3005 4064
3006 4057
3007 4060
3008 4056
3009 4060
3010 4059
3011 4058
3012 4056
3013 4060
3014 4060
3015 4056
3016 4059
3017 4058
3018 4058
3019 4060
3020 4056
3021 4058
3022 4057
3023 4059
3024 4058
3025 4059
3026 4059
3027 4060
3028 4059
3029 4058
3030 4060
3031 4056
3032 4060
3033 4058
3034 4064
3035 4059
3036 4060
3037 4055
3038 4056
3039 4059
3040 4061
3041 4060
3042 4058
3043 4058
3044 4064
3045 4058
3046 4060
3047 4060
3048 4060
3049 4059
3050 4057
3051 4064
3052 4057
3053 4057
3054 4057
3055 4059
3056 4059
3057 4057
3058 4057
3059 4058
3060 4060
3061 4057
3062 4057
3063 4060
3064 4058
3065 4058
3066 4060
3067 4058
3068 4060
3069 4059
3070 4059
3071 4061
3072 4061
3073 4060
3074 4060
3075 4060
3076 4059
3077 4059
3078 4059
3079 4060
3080 4061
3081 4061
3082 4060
3083 4057
3084 4059
3085 4058
3086 4057
3087 4064
3088 4058
3089 4060
3090 4059
3091 4056
3092 4060
3093 4058
3094 4058
3095 4060
3096 4060
3097 4060
3098 4057
3099 4059
3100 4058
3101 4059
3102 4059
3103 4061
3104 4059
3105 4062
3106 4056
3107 4061
3108 4057
3109 4058
3110 4058
3111 4064
3112 4059
3113 4059
3114 4061
3115 4060
3116 4058
3117 4060
3118 4061
3119 4059
3120 4056
3121 4058
3122 4062
3123 4061
3124 4056
3125 4059
3126 4059
3127 4058
3128 4059
3129 4060
3130 4058
3131 4064
3132 4059
3133 4061
3134 4058
3135 4061
3136 4064
3137 4061
3138 4056
3139 4061
3140 4061
3141 4060
3142 4059
3143 4060
3144 4059
3145 4059
3146 4057
3147 4058
3148 4057
3149 4062
3150 4057
3151 4064
3152 4057
3153 4060
3154 4061
3155 4058
3156 4057
3157 4057
3158 4060
3159 4059
3160 4059
3161 4058
3162 4058
3163 4060
3164 4058
3165 4057
3166 4061
3167 4056
3168 4061
3169 4062
3170 4056
3171 4064
3172 4060
3173 4058
3174 4058
3175 4061
3176 4058
3177 4058
3178 4064
3179 4060
3180 4060
3181 4058
3182 4058
3183 4061
3184 4061
3185 4058
3186 4059
3187 4059
3188 4059
3189 4060
3190 4059
3191 4061
3192 4061
3193 4058
3194 4055
3195 4064
3196 4058
3197 4061
3198 4058
3199 4058
3200 4058
3201 4059
3202 4057
3203 4058
3204 4060
3205 4059
3206 4061
3207 4059
3208 4060
3209 4059
3210 4055
3211 4058
3212 4060
3213 4060
3214 4059
3215 4059
3216 4056
3217 4059
3218 4060
3219 4058
3220 4059
3221 4059
3222 4060
3223 4060
3224 4061
3225 4061
3226 4060
3227 4059
3228 4060
3229 4058
3230 4059
3231 4060
3232 4057
3233 4059
3234 4058
3235 4060
3236 4060
3237 4060
3238 4060
3239 4059
3240 4058
3241 4059
3242 4062
3243 4058
3244 4061
3245 4059
3246 4060
3247 4061
3248 4058
3249 4058
3250 4058
3251 4064
3252 4057
3253 4061
3254 4057
3255 4060
3256 4057
3257 4056
3258 4057
3259 4058
3260 4060
3261 4057
3262 4058
3263 4056
3264 4057
3265 4059
3266 4058
3267 4062
3268 4062
3269 4059
3270 4058
3271 4061
3272 4057
3273 4061
3274 4055
3275 4060
3276 4060
3277 4058
3278 4058
3279 4059
3280 4061
3281 4059
3282 4059
3283 4059
3284 4058
3285 4060
3286 4056
3287 4061
3288 4056
3289 4059
3290 4061
3291 4057
3292 4059
3293 4058
3294 4057
3295 4061
3296 4061
3297 4061
3298 4061
3299 4059
3300 4057
3301 4064
3302 4059
3303 4058
3304 4058
3305 4059
3306 4061
3307 4058
3308 4064
3309 4061
3310 4058
3311 4060
3312 4058
3313 4060
3314 4059
3315 4060
3316 4057
3317 4056
3318 4057
3319 4062
3320 4060
3321 4059
3322 4060
3323 4061
3324 4062
3325 4059
3326 4058
3327 4056
3328 4061
3329 4056
3330 4059
3331 4060
3332 4062
3333 4060
3334 4061
3335 4059
3336 4059
3337 4061
3338 4059
3339 4058
3340 4062
3341 4058
3342 4057
3343 4059
3344 4059
3345 4058
3346 4061
3347 4058
3348 4058
3349 4064
3350 4059
3351 4064
3352 4055
3353 4061
3354 4060
3355 4059
3356 4061
3357 4060
3358 4059
3359 4058
3360 4060
3361 4059
3362 4057
3363 4060
3364 4060
3365 4059
3366 4060
3367 4060
3368 4057
3369 4060
3370 4059
3371 4056
3372 4059
3373 4061
3374 4061
3375 4055
3376 4060
3377 4058
3378 4059
3379 4058
3380 4058
3381 4060
3382 4061
3383 4058
3384 4060
3385 4060
3386 4058
3387 4064
3388 4061
3389 4057
3390 4060
3391 4061
3392 4059
3393 4060
3394 4059
3395 4061
3396 4057
3397 4059
3398 4059
3399 4060
3400 4060
3401 4064
3402 4057
3403 4059
3404 4059
3405 4061
3406 4060
3407 4057
3408 4055
3409 4061
3410 4058
3411 4058
3412 4059
3413 4056
3414 4055
3415 4061
3416 4057
3417 4064
3418 4057
3419 4061
3420 4057
3421 4059
3422 4058
3423 4059
3424 4059
3425 4057
3426 4060
3427 4060
3428 4059
3429 4057
3430 4060
3431 4060
3432 4057
3433 4057
3434 4059
3435 4058
3436 4060
3437 4056
3438 4059
3439 4060
3440 4061
3441 4058
3442 4059
3443 4060
3444 4060
3445 4059
3446 4060
3447 4059
3448 4059
3449 4058
3450 4059
3451 4064
3452 4055
3453 4060
3454 4057
3455 4060
3456 4058
3457 4060
3458 4057
3459 4057
3460 4057
3461 4058
3462 4056
3463 4060
3464 4060
3465 4061
3466 4057
3467 4064
3468 4060
3469 4056
3470 4058
3471 4058
3472 4058
3473 4064
3474 4057
3475 4060
3476 4057
3477 4058
3478 4061
3479 4058
3480 4061
3481 4060
3482 4059
3483 4060
3484 4061
3485 4059
3486 4061
3487 4059
3488 4058
3489 4062
3490 4058
3491 4060
3492 4061
3493 4058
3494 4058
3495 4061
3496 4057
3497 4057
3498 4058
3499 4059
3500 4058
3501 4061
3502 4054
3503 4062
3504 4058
3505 4061
3506 4059
3507 4061
3508 4057
3509 4061
3510 4059
3511 4064
3512 4059
3513 4061
3514 4057
3515 4059
3516 4058
3517 4061
3518 4060
3519 4061
3520 4059
3521 4061
3522 4058
3523 4060
3524 4057
3525 4059
3526 4058
3527 4061
3528 4056
3529 4060
3530 4057
3531 4059
3532 4061
3533 4061
3534 4061
3535 4059
3536 4059
3537 4058
3538 4059
3539 4060
3540 4061
3541 4059
3542 4060
3543 4059
3544 4058
3545 4059
3546 4057
3547 4060
3548 4061
3549 4058
3550 4060
3551 4066
3552 4054
3553 4059
3554 4057
3555 4061
3556 4056
3557 4058
3558 4060
3559 4061
3560 4061
3561 4058
3562 4060
3563 4060
3564 4057
3565 4061
3566 4062
3567 4058
3568 4059
3569 4061
3570 4060
3571 4060
3572 4059
3573 4059
3574 4059
3575 4058
3576 4062
3577 4060
3578 4057
3579 4061
3580 4059
3581 4057
3582 4059
3583 4057
3584 4061
3585 4058
3586 4055
3587 4063
3588 4058
3589 4061
3590 4064
3591 4061
3592 4058
3593 4056
3594 4058
3595 4061
3596 4059
3597 4057
3598 4059
3599 4060
3600 4056
3601 4065
3602 4054
3603 4057
3604 4061
3605 4062
3606 4058
3607 4060
3608 4061
3609 4061
3610 4061
3611 4057
3612 4059
3613 4060
3614 4059
3615 4059
3616 4059
3617 4061
3618 4061
3619 4060
3620 4061
3621 4060
3622 4059
3623 4057
3624 4058
3625 4061
3626 4062
3627 4059
3628 4055
3629 4059
3630 4058
3631 4062
3632 4058
3633 4058
3634 4061
3635 4058
3636 4060
3637 4057
3638 4060
3639 4058
3640 4061
3641 4061
3642 4060
3643 4058
3644 4057
3645 4061
3646 4057
3647 4058
3648 4060
3649 4059
3650 4060
3651 4062
3652 4057
3653 4060
3654 4060
3655 4060
3656 4058
3657 4057
3658 4060
3659 4061
3660 4059
3661 4064
3662 4061
3663 4059
3664 4060
3665 4058
3666 4061
3667 4060
3668 4060
3669 4058
3670 4059
3671 4062
3672 4062
3673 4062
3674 4058
3675 4059
3676 4059
3677 4058
3678 4060
3679 4056
3680 4060
3681 4056
3682 4061
3683 4060
3684 4054
3685 4064
3686 4057
3687 4058
3688 4056
3689 4058
3690 4059
3691 4061
3692 4059
3693 4058
3694 4061
