#Data from the TCD1304 linear CCD
#column 1 = pixelnumber , column 2 = pixelvalue
#Pixel 1-32 and 3679-3694 and are dummy pixels
#SH-period: 200    ICG-period: 100000    Integration time: 100.0 us
2 4035
3 4037
4 4054
5 4057
6 4055
7 4057
8 4055
9 4055
10 4053
11 4056
12 4054
13 4055
14 4057
15 4053
16 4055
17 4057
18 4054
19 4055
20 4056
21 4054
22 4056
23 4055
24 4056
25 4056
26 4052
27 4058
28 4055
29 4058
30 4055
31 4057
32 4055
34 4057
35 4057
36 4055
37 4054
38 4058
39 4053
40 4057
41 4054
42 4055
43 4057
44 4054
45 4057
46 4055
47 4057
48 4057
49 4058
50 4053
51 4057
52 4055
53 4053
54 4052
55 4056
56 4056
57 4054
58 4054
59 4056
60 4055
61 4055
62 4056
63 4057
64 4055
65 4055
66 4057
67 4056
68 4058
69 4053
70 4053
71 4057
72 4055
73 4058
74 4057
75 4057
76 4055
77 4057
78 4057
79 4056
80 4056
81 4058
82 4055
83 4053
84 4057
85 4055
86 4055
87 4059
88 4053
89 4058
90 4057
91 4053
92 4057
93 4056
94 4056
95 4057
96 4056
97 4061
98 4052
99 4058
100 4055
101 4059
102 4054
103 4058
104 4057
105 4055
106 4055
107 4055
108 4057
109 4057
110 4057
111 4055
112 4057
113 4057
114 4059
115 4056
116 4059
117 4056
118 4054
119 4056
120 4056
121 4054
122 4053
123 4055
124 4056
125 4054
126 4055
127 4057
128 4056
129 4057
130 4053
131 4055
132 4057
133 4057
134 4060
135 4055
136 4056
137 4059
138 4056
139 4055
140 4055
141 4056
142 4054
143 4057
144 4058
145 4058
146 4055
147 4057
148 4058
149 4054
150 4055
151 4056
152 4055
153 4059
154 4054
155 4059
156 4055
157 4057
158 4054
159 4055
160 4055
161 4057
162 4055
163 4055
164 4057
165 4055
166 4055
167 4056
168 4057
169 4056
170 4054
171 4059
172 4052
173 4059
174 4056
175 4058
176 4057
177 4055
178 4056
179 4054
180 4057
181 4059
182 4055
183 4055
184 4055
185 4054
186 4052
187 4054
188 4057
189 4057
190 4056
191 4055
192 4055
193 4056
194 4057
195 4055
196 4055
197 4055
198 4054
199 4056
200 4058
201 4058
202 4054
203 4058
204 4054
205 4057
206 4057
207 4054
208 4055
209 4056
210 4056
211 4056
212 4055
213 4057
214 4055
215 4056
216 4054
217 4055
218 4054
219 4054
220 4057
221 4057
222 4057
223 4055
224 4056
225 4053
226 4055
227 4056
228 4055
229 4053
230 4055
231 4055
232 4055
233 4056
234 4054
235 4057
236 4057
237 4058
238 4057
239 4056
240 4056
241 4057
242 4056
243 4055
244 4057
245 4054
246 4057
247 4059
248 4057
249 4054
250 4055
251 4058
252 4057
253 4061
254 4053
255 4059
256 4055
257 4058
258 4056
259 4056
260 4055
261 4052
262 4056
263 4057
264 4052
265 4054
266 4056
267 4055
268 4055
269 4056
270 4057
271 4055
272 4055
273 4056
274 4058
275 4056
276 4053
277 4056
278 4053
279 4057
280 4056
281 4057
282 4055
283 4057
284 4053
285 4056
286 4059
287 4054
288 4056
289 4057
290 4056
291 4055
292 4057
293 4055
294 4052
295 4058
296 4055
297 4060
298 4053
299 4058
300 4055
301 4061
302 4053
303 4056
304 4056
305 4056
306 4057
307 4054
308 4056
309 4057
310 4058
311 4057
312 4059
313 4059
314 4055
315 4055
316 4053
317 4054
318 4055
319 4056
320 4056
321 4055
322 4053
323 4060
324 4055
325 4056
326 4058
327 4060
328 4053
329 4055
330 4055
331 4055
332 4054
333 4059
334 4057
335 4057
336 4056
337 4057
338 4055
339 4057
340 4054
341 4057
342 4055
343 4055
344 4054
345 4056
346 4060
347 4056
348 4051
349 4057
350 4057
351 4059
352 4052
353 4055
354 4054
355 4055
356 4059
357 4055
358 4057
359 4055
360 4056
361 4058
362 4053
363 4057
364 4057
365 4056
366 4054
367 4059
368 4057
369 4055
370 4055
371 4057
372 4055
373 4057
374 4060
375 4057
376 4052
377 4057
378 4054
379 4057
380 4057
381 4055
382 4054
383 4055
384 4058
385 4057
386 4057
387 4056
388 4057
389 4056
390 4055
391 4055
392 4056
393 4057
394 4053
395 4059
396 4057
397 4057
398 4055
399 4056
400 4057
401 4061
402 4055
403 4056
404 4059
405 4054
406 4052
407 4057
408 4056
409 4058
410 4058
411 4057
412 4056
413 4055
414 4056
415 4055
416 4055
417 4051
418 4054
419 4055
420 4059
421 4055
422 4055
423 4055
424 4058
425 4054
426 4054
427 4057
428 4056
429 4054
430 4059
431 4056
432 4057
433 4057
434 4058
435 4057
436 4057
437 4055
438 4053
439 4053
440 4056
441 4052
442 4058
443 4055
444 4056
445 4056
446 4055
447 4055
448 4057
449 4057
450 4055
451 4056
452 4056
453 4057
454 4057
455 4056
456 4053
457 4056
458 4059
459 4057
460 4055
461 4057
462 4054
463 4055
464 4053
465 4057
466 4057
467 4057
468 4055
469 4053
470 4055
471 4055
472 4056
473 4058
474 4057
475 4057
476 4055
477 4056
478 4056
479 4059
480 4056
481 4057
482 4055
483 4058
484 4054
485 4057
486 4057
487 4055
488 4056
489 4055
490 4055
491 4056
492 4058
493 4056
494 4056
495 4057
496 4056
497 4059
498 4054
499 4058
500 4053
501 4061
502 4054
503 4055
504 4056
505 4056
506 4056
507 4057
508 4053
509 4058
510 4055
511 4056
512 4055
513 4058
514 4057
515 4056
516 4053
517 4057
518 4054
519 4052
520 4055
521 4056
522 4057
523 4057
524 4054
525 4054
526 4055
527 4058
528 4054
529 4059
530 4055
531 4055
532 4058
533 4058
534 4055
535 4058
536 4054
537 4056
538 4054
539 4057
540 4056
541 4053
542 4056
543 4058
544 4056
545 4059
546 4055
547 4057
548 4053
549 4054
550 4057
551 4060
552 4055
553 4054
554 4056
555 4053
556 4057
557 4054
558 4056
559 4057
560 4054
561 4055
562 4054
563 4056
564 4058
565 4057
566 4057
567 4054
568 4051
569 4057
570 4060
571 4056
572 4056
573 4054
574 4055
575 4058
576 4055
577 4057
578 4055
579 4055
580 4055
581 4056
582 4055
583 4057
584 4055
585 4055
586 4055
587 4054
588 4054
589 4055
590 4055
591 4057
592 4054
593 4057
594 4053
595 4056
596 4056
597 4058
598 4054
599 4057
600 4055
601 4059
602 4055
603 4055
604 4053
605 4057
606 4056
607 4058
608 4054
609 4059
610 4055
611 4055
612 4056
613 4058
614 4054
615 4055
616 4055
617 4054
618 4056
619 4058
620 4052
621 4055
622 4058
623 4057
624 4058
625 4057
626 4059
627 4058
628 4059
629 4056
630 4061
631 4056
632 4055
633 4059
634 4053
635 4057
636 4057
637 4057
638 4052
639 4056
640 4056
641 4054
642 4052
643 4057
644 4057
645 4056
646 4053
647 4055
648 4056
649 4053
650 4057
651 4061
652 4054
653 4055
654 4053
655 4053
656 4055
657 4055
658 4055
659 4053
660 4058
661 4056
662 4057
663 4055
664 4054
665 4056
666 4053
667 4055
668 4053
669 4057
670 4057
671 4058
672 4060
673 4055
674 4059
675 4057
676 4055
677 4056
678 4055
679 4055
680 4059
681 4055
682 4058
683 4056
684 4057
685 4055
686 4058
687 4057
688 4055
689 4057
690 4056
691 4054
692 4053
693 4057
694 4059
695 4056
696 4057
697 4057
698 4055
699 4058
700 4055
701 4058
702 4053
703 4056
704 4053
705 4057
706 4057
707 4057
708 4054
709 4057
710 4056
711 4056
712 4056
713 4058
714 4057
715 4057
716 4054
717 4057
718 4055
719 4057
720 4054
721 4055
722 4059
723 4056
724 4053
725 4057
726 4055
727 4054
728 4055
729 4054
730 4056
731 4053
732 4057
733 4053
734 4058
735 4057
736 4055
737 4057
738 4056
739 4057
740 4058
741 4055
742 4056
743 4057
744 4055
745 4054
746 4054
747 4057
748 4057
749 4057
750 4055
751 4057
752 4053
753 4054
754 4057
755 4056
756 4057
757 4059
758 4054
759 4053
760 4055
761 4055
762 4055
763 4057
764 4054
765 4055
766 4055
767 4056
768 4053
769 4057
770 4057
771 4056
772 4053
773 4055
774 4053
775 4056
776 4053
777 4057
778 4054
779 4056
780 4055
781 4056
782 4056
783 4055
784 4057
785 4052
786 4053
787 4054
788 4055
789 4054
790 4056
791 4056
792 4055
793 4054
794 4056
795 4057
796 4054
797 4058
798 4056
799 4057
800 4053
801 4059
802 4055
803 4055
804 4055
805 4054
806 4055
807 4057
808 4053
809 4054
810 4056
811 4057
812 4055
813 4054
814 4054
815 4059
816 4057
817 4057
818 4054
819 4057
820 4059
821 4055
822 4057
823 4056
824 4055
825 4056
826 4055
827 4057
828 4056
829 4055
830 4058
831 4054
832 4055
833 4057
834 4053
835 4055
836 4057
837 4055
838 4054
839 4057
840 4055
841 4055
842 4053
843 4056
844 4054
845 4054
846 4057
847 4060
848 4053
849 4055
850 4059
851 4057
852 4053
853 4057
854 4053
855 4053
856 4057
857 4058
858 4055
859 4056
860 4053
861 4056
862 4056
863 4055
864 4057
865 4056
866 4055
867 4059
868 4055
869 4058
870 4054
871 4054
872 4055
873 4059
874 4055
875 4053
876 4053
877 4055
878 4055
879 4057
880 4056
881 4057
882 4057
883 4054
884 4056
885 4054
886 4055
887 4057
888 4059
889 4056
890 4053
891 4059
892 4059
893 4054
894 4057
895 4055
896 4057
897 4057
898 4056
899 4053
900 4056
901 4065
902 4054
903 4056
904 4058
905 4056
906 4057
907 4055
908 4055
909 4054
910 4055
911 4057
912 4055
913 4056
914 4058
915 4056
916 4052
917 4057
918 4054
919 4055
920 4056
921 4054
922 4054
923 4057
924 4056
925 4054
926 4053
927 4056
928 4052
929 4056
930 4053
931 4054
932 4057
933 4054
934 4058
935 4053
936 4055
937 4057
938 4059
939 4057
940 4053
941 4055
942 4056
943 4054
944 4056
945 4055
946 4057
947 4053
948 4056
949 4057
950 4055
951 4058
952 4053
953 4055
954 4055
955 4057
956 4055
957 4055
958 4055
959 4055
960 4052
961 4056
962 4055
963 4056
964 4055
965 4057
966 4057
967 4054
968 4056
969 4057
970 4061
971 4056
972 4059
973 4054
974 4057
975 4058
976 4053
977 4057
978 4053
979 4056
980 4053
981 4058
982 4055
983 4058
984 4055
985 4057
986 4052
987 4057
988 4056
989 4060
990 4056
991 4056
992 4056
993 4057
994 4053
995 4055
996 4055
997 4055
998 4058
999 4053
1000 4057
1001 4059
1002 4052
1003 4055
1004 4057
1005 4056
1006 4054
1007 4057
1008 4053
1009 4057
1010 4053
1011 4058
1012 4056
1013 4055
1014 4057
1015 4054
1016 4056
1017 4053
1018 4058
1019 4052
1020 4055
1021 4055
1022 4057
1023 4057
1024 4052
1025 4055
1026 4055
1027 4056
1028 4054
1029 4055
1030 4055
1031 4054
1032 4057
1033 4059
1034 4055
1035 4059
1036 4055
1037 4055
1038 4057
1039 4057
1040 4055
1041 4056
1042 4058
1043 4055
1044 4058
1045 4058
1046 4057
1047 4056
1048 4057
1049 4057
1050 4056
1051 4060
1052 4053
1053 4054
1054 4055
1055 4057
1056 4055
1057 4059
1058 4059
1059 4059
1060 4053
1061 4057
1062 4057
1063 4056
1064 4056
1065 4055
1066 4055
1067 4055
1068 4056
1069 4055
1070 4055
1071 4058
1072 4055
1073 4057
1074 4058
1075 4057
1076 4054
1077 4057
1078 4055
1079 4053
1080 4057
1081 4053
1082 4053
1083 4056
1084 4057
1085 4054
1086 4057
1087 4055
1088 4055
1089 4057
1090 4054
1091 4056
1092 4056
1093 4059
1094 4058
1095 4057
1096 4058
1097 4053
1098 4057
1099 4055
1100 4053
1101 4058
1102 4057
1103 4054
1104 4058
1105 4057
1106 4055
1107 4054
1108 4055
1109 4058
1110 4055
1111 4054
1112 4054
1113 4055
1114 4055
1115 4056
1116 4059
1117 4058
1118 4054
1119 4056
1120 4058
1121 4055
1122 4054
1123 4055
1124 4052
1125 4055
1126 4057
1127 4055
1128 4055
1129 4057
1130 4054
1131 4056
1132 4054
1133 4057
1134 4053
1135 4056
1136 4056
1137 4055
1138 4056
1139 4054
1140 4053
1141 4061
1142 4056
1143 4056
1144 4055
1145 4056
1146 4055
1147 4055
1148 4054
1149 4054
1150 4056
1151 4057
1152 4057
1153 4057
1154 4055
1155 4058
1156 4057
1157 4055
1158 4059
1159 4054
1160 4056
1161 4060
1162 4055
1163 4057
1164 4058
1165 4056
1166 4054
1167 4055
1168 4055
1169 4057
1170 4053
1171 4058
1172 4057
1173 4055
1174 4055
1175 4059
1176 4055
1177 4057
1178 4054
1179 4055
1180 4055
1181 4057
1182 4056
1183 4057
1184 4057
1185 4057
1186 4053
1187 4057
1188 4058
1189 4055
1190 4056
1191 4056
1192 4055
1193 4058
1194 4056
1195 4056
1196 4056
1197 4056
1198 4057
1199 4054
1200 4053
1201 4060
1202 4053
1203 4056
1204 4055
1205 4053
1206 4054
1207 4057
1208 4053
1209 4055
1210 4055
1211 4055
1212 4057
1213 4055
1214 4053
1215 4056
1216 4054
1217 4057
1218 4055
1219 4056
1220 4057
1221 4054
1222 4057
1223 4055
1224 4055
1225 4057
1226 4057
1227 4057
1228 4055
1229 4055
1230 4055
1231 4056
1232 4055
1233 4056
1234 4055
1235 4058
1236 4057
1237 4054
1238 4055
1239 4055
1240 4054
1241 4057
1242 4057
1243 4057
1244 4054
1245 4055
1246 4057
1247 4053
1248 4056
1249 4057
1250 4055
1251 4057
1252 4055
1253 4054
1254 4058
1255 4054
1256 4055
1257 4056
1258 4056
1259 4057
1260 4057
1261 4055
1262 4056
1263 4055
1264 4056
1265 4055
1266 4057
1267 4059
1268 4054
1269 4059
1270 4053
1271 4057
1272 4057
1273 4056
1274 4055
1275 4057
1276 4053
1277 4058
1278 4055
1279 4057
1280 4055
1281 4056
1282 4056
1283 4055
1284 4055
1285 4055
1286 4056
1287 4059
1288 4054
1289 4057
1290 4056
1291 4059
1292 4055
1293 4055
1294 4053
1295 4058
1296 4055
1297 4055
1298 4058
1299 4055
1300 4056
1301 4058
1302 4057
1303 4056
1304 4057
1305 4056
1306 4055
1307 4057
1308 4059
1309 4055
1310 4057
1311 4055
1312 4057
1313 4057
1314 4058
1315 4052
1316 4055
1317 4054
1318 4054
1319 4055
1320 4057
1321 4056
1322 4054
1323 4056
1324 4057
1325 4057
1326 4057
1327 4057
1328 4054
1329 4055
1330 4054
1331 4055
1332 4054
1333 4057
1334 4056
1335 4056
1336 4054
1337 4056
1338 4057
1339 4058
1340 4057
1341 4053
1342 4054
1343 4055
1344 4055
1345 4057
1346 4057
1347 4055
1348 4058
1349 4057
1350 4059
1351 4057
1352 4054
1353 4056
1354 4057
1355 4055
1356 4056
1357 4058
1358 4056
1359 4054
1360 4053
1361 4053
1362 4056
1363 4057
1364 4057
1365 4054
1366 4054
1367 4052
1368 4058
1369 4056
1370 4057
1371 4055
1372 4053
1373 4056
1374 4053
1375 4055
1376 4051
1377 4055
1378 4056
1379 4057
1380 4054
1381 4056
1382 4054
1383 4057
1384 4055
1385 4055
1386 4056
1387 4057
1388 4053
1389 4057
1390 4056
1391 4059
1392 4056
1393 4056
1394 4056
1395 4055
1396 4051
1397 4059
1398 4056
1399 4056
1400 4057
1401 4059
1402 4055
1403 4056
1404 4053
1405 4056
1406 4054
1407 4059
1408 4057
1409 4057
1410 4053
1411 4055
1412 4056
1413 4055
1414 4054
1415 4056
1416 4055
1417 4054
1418 4055
1419 4058
1420 4057
1421 4054
1422 4054
1423 4056
1424 4053
1425 4061
1426 4054
1427 4057
1428 4057
1429 4054
1430 4052
1431 4053
1432 4055
1433 4054
1434 4053
1435 4054
1436 4054
1437 4057
1438 4055
1439 4056
1440 4056
1441 4055
1442 4056
1443 4055
1444 4052
1445 4057
1446 4055
1447 4055
1448 4057
1449 4053
1450 4056
1451 4059
1452 4056
1453 4055
1454 4059
1455 4056
1456 4056
1457 4052
1458 4055
1459 4057
1460 4053
1461 4059
1462 4054
1463 4056
1464 4056
1465 4057
1466 4053
1467 4057
1468 4053
1469 4057
1470 4053
1471 4057
1472 4053
1473 4055
1474 4057
1475 4053
1476 4053
1477 4057
1478 4052
1479 4055
1480 4056
1481 4053
1482 4054
1483 4058
1484 4053
1485 4057
1486 4055
1487 4056
1488 4053
1489 4056
1490 4054
1491 4057
1492 4054
1493 4055
1494 4057
1495 4055
1496 4055
1497 4055
1498 4052
1499 4053
1500 4054
1501 4060
1502 4049
1503 4054
1504 4055
1505 4052
1506 4057
1507 4054
1508 4055
1509 4058
1510 4054
1511 4053
1512 4053
1513 4056
1514 4055
1515 4058
1516 4055
1517 4051
1518 4055
1519 4053
1520 4054
1521 4055
1522 4057
1523 4056
1524 4055
1525 4053
1526 4055
1527 4058
1528 4055
1529 4055
1530 4054
1531 4055
1532 4058
1533 4052
1534 4057
1535 4056
1536 4053
1537 4052
1538 4056
1539 4055
1540 4058
1541 4058
1542 4057
1543 4055
1544 4054
1545 4061
1546 4053
1547 4056
1548 4055
1549 4059
1550 4054
1551 4058
1552 4053
1553 4055
1554 4055
1555 4054
1556 4057
1557 4053
1558 4054
1559 4054
1560 4055
1561 4055
1562 4056
1563 4054
1564 4056
1565 4057
1566 4055
1567 4056
1568 4059
1569 4057
1570 4055
1571 4057
1572 4054
1573 4055
1574 4056
1575 4056
1576 4055
1577 4058
1578 4053
1579 4053
1580 4059
1581 4058
1582 4055
1583 4056
1584 4054
1585 4055
1586 4054
1587 4055
1588 4055
1589 4054
1590 4055
1591 4055
1592 4057
1593 4057
1594 4056
1595 4055
1596 4053
1597 4053
1598 4055
1599 4056
1600 4060
1601 4061
1602 4053
1603 4055
1604 4053
1605 4058
1606 4056
1607 4055
1608 4053
1609 4056
1610 4057
1611 4060
1612 4055
1613 4055
1614 4059
1615 4053
1616 4056
1617 4055
1618 4057
1619 4055
1620 4056
1621 4055
1622 4053
1623 4054
1624 4058
1625 4057
1626 4057
1627 4058
1628 4055
1629 4053
1630 4055
1631 4058
1632 4054
1633 4056
1634 4059
1635 4057
1636 4054
1637 4057
1638 4058
1639 4055
1640 4056
1641 4059
1642 4054
1643 4055
1644 4059
1645 4056
1646 4056
1647 4055
1648 4058
1649 4060
1650 4054
1651 4059
1652 4055
1653 4057
1654 4054
1655 4056
1656 4057
1657 4055
1658 4055
1659 4057
1660 4055
1661 4056
1662 4057
1663 4058
1664 4057
1665 4057
1666 4055
1667 4055
1668 4055
1669 4055
1670 4055
1671 4057
1672 4057
1673 4054
1674 4055
1675 4055
1676 4056
1677 4058
1678 4058
1679 4054
1680 4057
1681 4056
1682 4054
1683 4057
1684 4058
1685 4057
1686 4056
1687 4057
1688 4051
1689 4059
1690 4057
1691 4055
1692 4056
1693 4057
1694 4055
1695 4058
1696 4054
1697 4057
1698 4055
1699 4058
1700 4054
1701 4059
1702 4056
1703 4053
1704 4057
1705 4055
1706 4058
1707 4056
1708 4056
1709 4056
1710 4052
1711 4058
1712 4056
1713 4058
1714 4057
1715 4054
1716 4058
1717 4054
1718 4059
1719 4054
1720 4055
1721 4061
1722 4056
1723 4054
1724 4054
1725 4056
1726 4054
1727 4057
1728 4055
1729 4056
1730 4057
1731 4056
1732 4055
1733 4056
1734 4054
1735 4055
1736 4054
1737 4056
1738 4055
1739 4056
1740 4055
1741 4055
1742 4057
1743 4056
1744 4059
1745 4055
1746 4057
1747 4056
1748 4056
1749 4055
1750 4053
1751 4058
1752 4055
1753 4055
1754 4053
1755 4057
1756 4055
1757 4058
1758 4059
1759 4055
1760 4059
1761 4055
1762 4054
1763 4054
1764 4054
1765 4057
1766 4054
1767 4059
1768 4056
1769 4058
1770 4054
1771 4057
1772 4056
1773 4055
1774 4056
1775 4056
1776 4057
1777 4056
1778 4058
1779 4053
1780 4057
1781 4057
1782 4055
1783 4056
1784 4057
1785 4053
1786 4055
1787 4061
1788 4055
1789 4057
1790 4056
1791 4059
1792 4053
1793 4057
1794 4054
1795 4057
1796 4055
1797 4058
1798 4057
1799 4055
1800 4056
1801 4059
1802 4056
1803 4058
1804 4055
1805 4055
1806 4058
1807 4059
1808 4055
1809 4059
1810 4056
1811 4055
1812 4054
1813 4053
1814 4055
1815 4053
1816 4055
1817 4055
1818 4055
1819 4056
1820 4053
1821 4053
1822 4054
1823 4058
1824 4056
1825 4057
1826 4052
1827 4059
1828 4053
1829 4055
1830 4052
1831 4056
1832 4057
1833 4054
1834 4059
1835 4059
1836 4056
1837 4056
1838 4058
1839 4054
1840 4054
1841 4055
1842 4057
1843 4055
1844 4054
1845 4057
1846 4057
1847 4057
1848 4056
1849 4054
1850 4057
1851 4057
1852 4054
1853 4057
1854 4060
1855 4052
1856 4052
1857 4055
1858 4054
1859 4060
1860 4060
1861 4054
1862 4056
1863 4053
1864 4055
1865 4057
1866 4054
1867 4055
1868 4055
1869 4055
1870 4054
1871 4055
1872 4056
1873 4057
1874 4055
1875 4053
1876 4053
1877 4059
1878 4057
1879 4055
1880 4054
1881 4057
1882 4053
1883 4056
1884 4055
1885 4055
1886 4054
1887 4058
1888 4055
1889 4054
1890 4057
1891 4059
1892 4052
1893 4057
1894 4056
1895 4056
1896 4056
1897 4057
1898 4053
1899 4057
1900 4057
1901 4057
1902 4057
1903 4057
1904 4053
1905 4055
1906 4058
1907 4055
1908 4055
1909 4053
1910 4054
1911 4057
1912 4057
1913 4055
1914 4056
1915 4056
1916 4056
1917 4053
1918 4054
1919 4053
1920 4054
1921 4056
1922 4054
1923 4053
1924 4054
1925 4059
1926 4053
1927 4055
1928 4055
1929 4056
1930 4058
1931 4054
1932 4055
1933 4057
1934 4055
1935 4057
1936 4055
1937 4055
1938 4055
1939 4057
1940 4055
1941 4057
1942 4059
1943 4057
1944 4058
1945 4057
1946 4056
1947 4056
1948 4054
1949 4055
1950 4055
1951 4060
1952 4052
1953 4053
1954 4056
1955 4055
1956 4057
1957 4058
1958 4053
1959 4051
1960 4055
1961 4056
1962 4056
1963 4056
1964 4054
1965 4056
1966 4055
1967 4056
1968 4055
1969 4054
1970 4055
1971 4059
1972 4054
1973 4057
1974 4056
1975 4055
1976 4053
1977 4056
1978 4056
1979 4055
1980 4057
1981 4053
1982 4057
1983 4058
1984 4057
1985 4055
1986 4055
1987 4057
1988 4056
1989 4055
1990 4052
1991 4057
1992 4057
1993 4056
1994 4057
1995 4055
1996 4057
1997 4059
1998 4055
1999 4055
2000 4057
2001 4060
2002 4053
2003 4054
2004 4059
2005 4053
2006 4055
2007 4057
2008 4055
2009 4055
2010 4054
2011 4054
2012 4054
2013 4055
2014 4054
2015 4055
2016 4053
2017 4055
2018 4055
2019 4056
2020 4055
2021 4058
2022 4056
2023 4055
2024 4055
2025 4056
2026 4056
2027 4055
2028 4053
2029 4056
2030 4058
2031 4057
2032 4057
2033 4053
2034 4054
2035 4058
2036 4051
2037 4057
2038 4052
2039 4057
2040 4052
2041 4060
2042 4054
2043 4056
2044 4056
2045 4057
2046 4057
2047 4058
2048 4056
2049 4058
2050 4055
2051 4061
2052 4055
2053 4058
2054 4053
2055 4057
2056 4056
2057 4053
2058 4058
2059 4056
2060 4055
2061 4056
2062 4055
2063 4057
2064 4055
2065 4055
2066 4056
2067 4056
2068 4053
2069 4054
2070 4055
2071 4057
2072 4054
2073 4054
2074 4055
2075 4057
2076 4052
2077 4058
2078 4055
2079 4056
2080 4053
2081 4059
2082 4059
2083 4057
2084 4057
2085 4058
2086 4056
2087 4058
2088 4057
2089 4057
2090 4056
2091 4056
2092 4057
2093 4053
2094 4055
2095 4056
2096 4054
2097 4060
2098 4056
2099 4057
2100 4053
2101 4058
2102 4053
2103 4052
2104 4056
2105 4057
2106 4054
2107 4055
2108 4057
2109 4058
2110 4052
2111 4053
2112 4057
2113 4054
2114 4052
2115 4056
2116 4056
2117 4054
2118 4054
2119 4057
2120 4055
2121 4053
2122 4057
2123 4057
2124 4058
2125 4056
2126 4050
2127 4055
2128 4057
2129 4052
2130 4054
2131 4056
2132 4056
2133 4057
2134 4055
2135 4053
2136 4057
2137 4057
2138 4052
2139 4055
2140 4057
2141 4056
2142 4055
2143 4056
2144 4055
2145 4057
2146 4052
2147 4057
2148 4057
2149 4055
2150 4057
2151 4054
2152 4056
2153 4054
2154 4055
2155 4053
2156 4056
2157 4056
2158 4055
2159 4055
2160 4056
2161 4055
2162 4053
2163 4058
2164 4058
2165 4057
2166 4054
2167 4057
2168 4056
2169 4057
2170 4057
2171 4055
2172 4055
2173 4057
2174 4056
2175 4054
2176 4055
2177 4059
2178 4056
2179 4061
2180 4055
2181 4052
2182 4054
2183 4054
2184 4052
2185 4056
2186 4055
2187 4054
2188 4052
2189 4056
2190 4058
2191 4056
2192 4053
2193 4054
2194 4054
2195 4056
2196 4056
2197 4053
2198 4055
2199 4056
2200 4056
2201 4059
2202 4054
2203 4057
2204 4056
2205 4055
2206 4055
2207 4054
2208 4055
2209 4057
2210 4058
2211 4055
2212 4055
2213 4057
2214 4051
2215 4058
2216 4054
2217 4053
2218 4057
2219 4053
2220 4055
2221 4054
2222 4056
2223 4057
2224 4054
2225 4055
2226 4054
2227 4058
2228 4053
2229 4057
2230 4055
2231 4054
2232 4055
2233 4053
2234 4055
2235 4060
2236 4056
2237 4054
2238 4055
2239 4058
2240 4053
2241 4055
2242 4055
2243 4057
2244 4057
2245 4058
2246 4055
2247 4057
2248 4057
2249 4054
2250 4057
2251 4055
2252 4052
2253 4057
2254 4057
2255 4056
2256 4053
2257 4057
2258 4055
2259 4055
2260 4053
2261 4057
2262 4056
2263 4055
2264 4055
2265 4055
2266 4058
2267 4057
2268 4055
2269 4055
2270 4055
2271 4055
2272 4054
2273 4055
2274 4057
2275 4057
2276 4052
2277 4056
2278 4055
2279 4053
2280 4053
2281 4058
2282 4056
2283 4055
2284 4054
2285 4055
2286 4059
2287 4058
2288 4052
2289 4057
2290 4053
2291 4055
2292 4054
2293 4057
2294 4055
2295 4055
2296 4054
2297 4054
2298 4054
2299 4054
2300 4056
2301 4058
2302 4053
2303 4051
2304 4057
2305 4055
2306 4055
2307 4054
2308 4054
2309 4055
2310 4054
2311 4054
2312 4053
2313 4058
2314 4056
2315 4055
2316 4059
2317 4053
2318 4057
2319 4053
2320 4060
2321 4057
2322 4055
2323 4057
2324 4055
2325 4059
2326 4052
2327 4057
2328 4052
2329 4058
2330 4056
2331 4054
2332 4055
2333 4053
2334 4057
2335 4055
2336 4057
2337 4054
2338 4052
2339 4056
2340 4054
2341 4056
2342 4056
2343 4055
2344 4057
2345 4056
2346 4053
2347 4057
2348 4055
2349 4055
2350 4057
2351 4055
2352 4053
2353 4057
2354 4052
2355 4055
2356 4054
2357 4055
2358 4055
2359 4058
2360 4052
2361 4057
2362 4056
2363 4053
2364 4056
2365 4056
2366 4057
2367 4057
2368 4055
2369 4057
2370 4054
2371 4055
2372 4055
2373 4055
2374 4056
2375 4056
2376 4056
2377 4059
2378 4053
2379 4057
2380 4054
2381 4054
2382 4052
2383 4056
2384 4053
2385 4053
2386 4058
2387 4057
2388 4055
2389 4056
2390 4056
2391 4053
2392 4057
2393 4055
2394 4055
2395 4055
2396 4054
2397 4056
2398 4059
2399 4057
2400 4059
2401 4059
2402 4052
2403 4053
2404 4053
2405 4058
2406 4055
2407 4054
2408 4057
2409 4058
2410 4055
2411 4057
2412 4054
2413 4056
2414 4053
2415 4054
2416 4056
2417 4055
2418 4057
2419 4057
2420 4055
2421 4058
2422 4053
2423 4057
2424 4055
2425 4057
2426 4052
2427 4058
2428 4056
2429 4056
2430 4055
2431 4055
2432 4059
2433 4051
2434 4055
2435 4056
2436 4055
2437 4054
2438 4053
2439 4057
2440 4055
2441 4055
2442 4056
2443 4058
2444 4056
2445 4056
2446 4056
2447 4058
2448 4052
2449 4053
2450 4057
2451 4059
2452 4055
2453 4057
2454 4055
2455 4056
2456 4053
2457 4053
2458 4057
2459 4056
2460 4053
2461 4060
2462 4055
2463 4056
2464 4058
2465 4054
2466 4055
2467 4055
2468 4057
2469 4055
2470 4066
2471 4055
2472 4056
2473 4056
2474 4056
2475 4057
2476 4057
2477 4057
2478 4057
2479 4057
2480 4054
2481 4057
2482 4054
2483 4057
2484 4055
2485 4056
2486 4056
2487 4054
2488 4057
2489 4056
2490 4057
2491 4053
2492 4057
2493 4056
2494 4054
2495 4059
2496 4054
2497 4057
2498 4057
2499 4059
2500 4056
2501 4055
2502 4053
2503 4056
2504 4056
2505 4054
2506 4055
2507 4058
2508 4054
2509 4055
2510 4055
2511 4053
2512 4054
2513 4055
2514 4055
2515 4054
2516 4053
2517 4056
2518 4054
2519 4058
2520 4055
2521 4055
2522 4055
2523 4057
2524 4058
2525 4057
2526 4058
2527 4059
2528 4054
2529 4056
2530 4055
2531 4054
2532 4057
2533 4057
2534 4057
2535 4053
2536 4059
2537 4054
2538 4056
2539 4055
2540 4055
2541 4056
2542 4056
2543 4052
2544 4060
2545 4058
2546 4055
2547 4057
2548 4056
2549 4055
2550 4053
2551 4057
2552 4055
2553 4054
2554 4059
2555 4055
2556 4053
2557 4054
2558 4057
2559 4059
2560 4055
2561 4051
2562 4056
2563 4057
2564 4055
2565 4058
2566 4055
2567 4058
2568 4057
2569 4057
2570 4055
2571 4055
2572 4054
2573 4054
2574 4055
2575 4056
2576 4055
2577 4056
2578 4053
2579 4052
2580 4056
2581 4057
2582 4055
2583 4057
2584 4054
2585 4055
2586 4058
2587 4053
2588 4057
2589 4055
2590 4054
2591 4056
2592 4055
2593 4053
2594 4051
2595 4057
2596 4055
2597 4053
2598 4053
2599 4054
2600 4053
2601 4060
2602 4054
2603 4053
2604 4054
2605 4056
2606 4056
2607 4055
2608 4055
2609 4056
2610 4056
2611 4053
2612 4056
2613 4055
2614 4055
2615 4055
2616 4054
2617 4053
2618 4051
2619 4055
2620 4053
2621 4055
2622 4055
2623 4058
2624 4054
2625 4056
2626 4055
2627 4058
2628 4056
2629 4056
2630 4057
2631 4053
2632 4054
2633 4056
2634 4056
2635 4055
2636 4057
2637 4055
2638 4056
2639 4057
2640 4052
2641 4055
2642 4057
2643 4054
2644 4058
2645 4055
2646 4056
2647 4057
2648 4055
2649 4055
2650 4057
2651 4057
2652 4053
2653 4057
2654 4057
2655 4055
2656 4056
2657 4056
2658 4053
2659 4055
2660 4057
2661 4056
2662 4053
2663 4057
2664 4055
2665 4056
2666 4054
2667 4057
2668 4053
2669 4053
2670 4057
2671 4057
2672 4055
2673 4055
2674 4056
2675 4054
2676 4053
2677 4055
2678 4053
2679 4050
2680 4058
2681 4055
2682 4055
2683 4055
2684 4056
2685 4058
2686 4054
2687 4059
2688 4057
2689 4055
2690 4053
2691 4053
2692 4055
2693 4052
2694 4057
2695 4053
2696 4054
2697 4057
2698 4055
2699 4055
2700 4053
2701 4061
2702 4052
2703 4054
2704 4054
2705 4055
2706 4053
2707 4056
2708 4056
2709 4054
2710 4058
2711 4052
2712 4055
2713 4054
2714 4052
2715 4055
2716 4054
2717 4054
2718 4052
2719 4055
2720 4055
2721 4055
2722 4056
2723 4059
2724 4055
2725 4054
2726 4055
2727 4056
2728 4054
2729 4054
2730 4054
2731 4053
2732 4052
2733 4057
2734 4056
2735 4057
2736 4056
2737 4053
2738 4059
2739 4055
2740 4057
2741 4050
2742 4055
2743 4058
2744 4055
2745 4056
2746 4056
2747 4056
2748 4054
2749 4057
2750 4051
2751 4059
2752 4055
2753 4053
2754 4057
2755 4053
2756 4056
2757 4053
2758 4055
2759 4052
2760 4055
2761 4055
2762 4054
2763 4057
2764 4056
2765 4054
2766 4053
2767 4057
2768 4055
2769 4056
2770 4054
2771 4055
2772 4055
2773 4055
2774 4054
2775 4056
2776 4051
2777 4059
2778 4057
2779 4057
2780 4054
2781 4056
2782 4054
2783 4055
2784 4053
2785 4057
2786 4057
2787 4060
2788 4053
2789 4057
2790 4054
2791 4054
2792 4055
2793 4054
2794 4052
2795 4056
2796 4056
2797 4057
2798 4053
2799 4057
2800 4055
2801 4060
2802 4055
2803 4056
2804 4052
2805 4055
2806 4055
2807 4055
2808 4053
2809 4053
2810 4053
2811 4055
2812 4057
2813 4055
2814 4055
2815 4053
2816 4054
2817 4058
2818 4053
2819 4054
2820 4053
2821 4055
2822 4054
2823 4055
2824 4056
2825 4054
2826 4053
2827 4058
2828 4054
2829 4056
2830 4054
2831 4055
2832 4053
2833 4054
2834 4057
2835 4053
2836 4053
2837 4053
2838 4055
2839 4055
2840 4055
2841 4054
2842 4055
2843 4055
2844 4051
2845 4055
2846 4058
2847 4052
2848 4057
2849 4055
2850 4056
2851 4056
2852 4053
2853 4057
2854 4054
2855 4054
2856 4056
2857 4055
2858 4053
2859 4055
2860 4052
2861 4058
2862 4054
2863 4055
2864 4056
2865 4053
2866 4055
2867 4052
2868 4057
2869 4054
2870 4053
2871 4058
2872 4052
2873 4056
2874 4055
2875 4056
2876 4056
2877 4055
2878 4056
2879 4055
2880 4052
2881 4057
2882 4056
2883 4057
2884 4054
2885 4054
2886 4054
2887 4059
2888 4056
2889 4054
2890 4054
2891 4054
2892 4056
2893 4053
2894 4054
2895 4060
2896 4054
2897 4053
2898 4055
2899 4057
2900 4053
2901 4057
2902 4057
2903 4054
2904 4054
2905 4057
2906 4055
2907 4055
2908 4055
2909 4057
2910 4055
2911 4057
2912 4059
2913 4053
2914 4057
2915 4058
2916 4054
2917 4056
2918 4057
2919 4056
2920 4056
2921 4054
2922 4055
2923 4053
2924 4055
2925 4053
2926 4053
2927 4057
2928 4057
2929 4053
2930 4057
2931 4055
2932 4055
2933 4054
2934 4055
2935 4054
2936 4052
2937 4055
2938 4055
2939 4055
2940 4056
2941 4054
2942 4053
2943 4053
2944 4057
2945 4054
2946 4057
2947 4056
2948 4054
2949 4054
2950 4053
2951 4056
2952 4051
2953 4059
2954 4055
2955 4055
2956 4055
2957 4056
2958 4055
2959 4056
2960 4055
2961 4057
2962 4059
2963 4056
2964 4056
2965 4056
2966 4054
2967 4059
2968 4055
2969 4055
2970 4057
2971 4055
2972 4054
2973 4053
2974 4054
2975 4056
2976 4052
2977 4059
2978 4054
2979 4057
2980 4057
2981 4055
2982 4055
2983 4054
2984 4055
2985 4056
2986 4055
2987 4056
2988 4058
2989 4057
2990 4054
2991 4055
2992 4058
2993 4059
2994 4055
2995 4056
2996 4054
2997 4054
2998 4057
2999 4055
3000 4056
3001 4058
3002 4054
3003 4057
3004 4057
3005 4053
3006 4057
3007 4056
3008 4053
3009 4058
3010 4057
3011 4059
3012 4054
3013 4058
3014 4057
3015 4053
3016 4055
3017 4058
3018 4054
3019 4054
3020 4057
3021 4055
3022 4058
3023 4056
3024 4053
3025 4057
3026 4056
3027 4057
3028 4056
3029 4055
3030 4057
3031 4049
3032 4053
3033 4056
3034 4057
3035 4056
3036 4054
3037 4057
3038 4057
3039 4055
3040 4053
3041 4055
3042 4056
3043 4056
3044 4052
3045 4057
3046 4053
3047 4055
3048 4056
3049 4058
3050 4054
3051 4057
3052 4052
3053 4055
3054 4055
3055 4054
3056 4056
3057 4056
3058 4056
3059 4056
3060 4058
3061 4057
3062 4055
3063 4055
3064 4054
3065 4057
3066 4056
3067 4057
3068 4056
3069 4055
3070 4056
3071 4061
3072 4052
3073 4057
3074 4055
3075 4054
3076 4053
3077 4057
3078 4055
3079 4055
3080 4058
3081 4056
3082 4056
3083 4055
3084 4055
3085 4055
3086 4057
3087 4054
3088 4054
3089 4055
3090 4053
3091 4057
3092 4058
3093 4057
3094 4052
3095 4057
3096 4055
3097 4057
3098 4053
3099 4053
3100 4055
3101 4058
3102 4053
3103 4055
3104 4057
3105 4057
3106 4055
3107 4054
3108 4052
3109 4054
3110 4057
3111 4056
3112 4056
3113 4056
3114 4056
3115 4057
3116 4055
3117 4058
3118 4057
3119 4055
3120 4056
3121 4056
3122 4057
3123 4054
3124 4056
3125 4053
3126 4053
3127 4058
3128 4055
3129 4058
3130 4054
3131 4055
3132 4057
3133 4059
3134 4055
3135 4058
3136 4057
3137 4053
3138 4054
3139 4057
3140 4054
3141 4057
3142 4058
3143 4057
3144 4055
3145 4054
3146 4057
3147 4060
3148 4057
3149 4055
3150 4058
3151 4059
3152 4053
3153 4056
3154 4052
3155 4054
3156 4057
3157 4054
3158 4054
3159 4053
3160 4053
3161 4058
3162 4056
3163 4057
3164 4055
3165 4054
3166 4054
3167 4055
3168 4055
3169 4055
3170 4059
3171 4058
3172 4055
3173 4054
3174 4058
3175 4059
3176 4059
3177 4057
3178 4056
3179 4054
3180 4054
3181 4057
3182 4054
3183 4059
3184 4055
3185 4057
3186 4054
3187 4057
3188 4055
3189 4053
3190 4056
3191 4055
3192 4057
3193 4060
3194 4054
3195 4057
3196 4055
3197 4057
3198 4056
3199 4052
3200 4056
3201 4055
3202 4053
3203 4054
3204 4057
3205 4056
3206 4055
3207 4054
3208 4057
3209 4053
3210 4057
3211 4056
3212 4057
3213 4053
3214 4054
3215 4053
3216 4054
3217 4057
3218 4054
3219 4057
3220 4055
3221 4058
3222 4055
3223 4057
3224 4057
3225 4053
3226 4057
3227 4053
3228 4057
3229 4052
3230 4057
3231 4055
3232 4054
3233 4053
3234 4055
3235 4053
3236 4056
3237 4058
3238 4053
3239 4055
3240 4055
3241 4056
3242 4055
3243 4056
3244 4058
3245 4057
3246 4057
3247 4053
3248 4057
3249 4057
3250 4055
3251 4057
3252 4053
3253 4057
3254 4055
3255 4057
3256 4055
3257 4055
3258 4056
3259 4053
3260 4054
3261 4057
3262 4053
3263 4055
3264 4056
3265 4054
3266 4057
3267 4053
3268 4057
3269 4054
3270 4056
3271 4055
3272 4056
3273 4055
3274 4054
3275 4059
3276 4061
3277 4055
3278 4053
3279 4057
3280 4056
3281 4058
3282 4055
3283 4057
3284 4055
3285 4054
3286 4053
3287 4057
3288 4056
3289 4053
3290 4054
3291 4056
3292 4058
3293 4059
3294 4057
3295 4054
3296 4053
3297 4053
3298 4054
3299 4055
3300 4055
3301 4057
3302 4053
3303 4058
3304 4055
3305 4055
3306 4057
3307 4058
3308 4057
3309 4055
3310 4055
3311 4055
3312 4056
3313 4055
3314 4055
3315 4057
3316 4055
3317 4054
3318 4057
3319 4056
3320 4055
3321 4055
3322 4055
3323 4058
3324 4057
3325 4057
3326 4055
3327 4055
3328 4056
3329 4055
3330 4059
3331 4058
3332 4059
3333 4057
3334 4051
3335 4058
3336 4058
3337 4055
3338 4052
3339 4058
3340 4060
3341 4056
3342 4057
3343 4058
3344 4056
3345 4055
3346 4055
3347 4058
3348 4057
3349 4055
3350 4056
3351 4061
3352 4052
3353 4060
3354 4054
3355 4056
3356 4055
3357 4055
3358 4055
3359 4053
3360 4056
3361 4054
3362 4056
3363 4055
3364 4057
3365 4055
3366 4052
3367 4058
3368 4058
3369 4054
3370 4055
3371 4055
3372 4054
3373 4053
3374 4055
3375 4055
3376 4052
3377 4061
3378 4056
3379 4055
3380 4056
3381 4057
3382 4057
3383 4055
3384 4054
3385 4055
3386 4054
3387 4055
3388 4055
3389 4056
3390 4055
3391 4057
3392 4052
3393 4057
3394 4055
3395 4056
3396 4053
3397 4056
3398 4053
3399 4056
3400 4057
3401 4061
3402 4055
3403 4053
3404 4057
3405 4059
3406 4058
3407 4057
3408 4057
3409 4055
3410 4057
3411 4055
3412 4053
3413 4055
3414 4055
3415 4055
3416 4055
3417 4055
3418 4056
3419 4056
3420 4059
3421 4058
3422 4053
3423 4056
3424 4054
3425 4055
3426 4055
3427 4056
3428 4055
3429 4058
3430 4057
3431 4056
3432 4056
3433 4055
3434 4054
3435 4053
3436 4055
3437 4055
3438 4053
3439 4055
3440 4055
3441 4057
3442 4055
3443 4054
3444 4058
3445 4055
3446 4055
3447 4056
3448 4056
3449 4058
3450 4056
3451 4057
3452 4059
3453 4056
3454 4055
3455 4055
3456 4056
3457 4057
3458 4055
3459 4056
3460 4056
3461 4056
3462 4056
3463 4056
3464 4055
3465 4057
3466 4056
3467 4057
3468 4055
3469 4053
3470 4054
3471 4056
3472 4056
3473 4057
3474 4053
3475 4052
3476 4055
3477 4054
3478 4054
3479 4055
3480 4055
3481 4055
3482 4056
3483 4053
3484 4056
3485 4053
3486 4054
3487 4056
3488 4055
3489 4051
3490 4058
3491 4057
3492 4056
3493 4054
3494 4053
3495 4055
3496 4055
3497 4055
3498 4055
3499 4057
3500 4057
3501 4060
3502 4054
3503 4053
3504 4051
3505 4055
3506 4055
3507 4054
3508 4055
3509 4054
3510 4055
3511 4052
3512 4057
3513 4057
3514 4053
3515 4056
3516 4054
3517 4056
3518 4052
3519 4060
3520 4056
3521 4057
3522 4053
3523 4055
3524 4057
3525 4056
3526 4051
3527 4058
3528 4056
3529 4053
3530 4055
3531 4057
3532 4057
3533 4054
3534 4055
3535 4059
3536 4055
3537 4054
3538 4057
3539 4055
3540 4055
3541 4055
3542 4053
3543 4056
3544 4055
3545 4055
3546 4054
3547 4056
3548 4055
3549 4057
3550 4055
3551 4059
3552 4057
3553 4056
3554 4055
3555 4055
3556 4053
3557 4057
3558 4055
3559 4055
3560 4052
3561 4057
3562 4055
3563 4058
3564 4054
3565 4055
3566 4056
3567 4056
3568 4057
3569 4055
3570 4055
3571 4055
3572 4054
3573 4056
3574 4055
3575 4057
3576 4053
3577 4058
3578 4052
3579 4054
3580 4055
3581 4053
3582 4057
3583 4053
3584 4055
3585 4057
3586 4056
3587 4059
3588 4056
3589 4054
3590 4055
3591 4057
3592 4054
3593 4055
3594 4053
3595 4057
3596 4056
3597 4057
3598 4057
3599 4053
3600 4055
3601 4057
3602 4057
3603 4053
3604 4054
3605 4055
3606 4057
3607 4058
3608 4057
3609 4059
3610 4052
3611 4057
3612 4055
3613 4054
3614 4057
3615 4053
3616 4054
3617 4053
3618 4055
3619 4057
3620 4053
3621 4055
3622 4053
3623 4054
3624 4055
3625 4057
3626 4053
3627 4055
3628 4056
3629 4058
3630 4052
3631 4055
3632 4053
3633 4056
3634 4055
3635 4054
3636 4053
3637 4055
3638 4057
3639 4059
3640 4055
3641 4053
3642 4055
3643 4056
3644 4055
3645 4057
3646 4054
3647 4061
3648 4053
3649 4055
3650 4057
3651 4057
3652 4054
3653 4053
3654 4055
3655 4056
3656 4057
3657 4055
3658 4054
3659 4053
3660 4056
3661 4055
3662 4054
3663 4056
3664 4053
3665 4057
3666 4057
3667 4051
3668 4054
3669 4054
3670 4056
3671 4055
3672 4057
3673 4057
3674 4056
3675 4055
3676 4055
3677 4058
3678 4059
3679 4056
3680 4056
3681 4055
3682 4054
3683 4055
3684 4052
3685 4057
3686 4056
3687 4051
3688 4056
3689 4053
3690 4055
3691 4055
3692 4057
3693 4055
3694 4055
