#Data from the TCD1304 linear CCD
#column 1 = pixelnumber , column 2 = pixelvalue
#Pixel 1-32 and 3679-3694 and are dummy pixels
#SH-period: 200    ICG-period: 100000    Integration time: 100.0 us
2 4036
3 4039
4 4057
5 4052
6 4056
7 4058
8 4055
9 4057
10 4057
11 4057
12 4055
13 4057
14 4053
15 4056
16 4055
17 4061
18 4057
19 4056
20 4058
21 4058
22 4058
23 4057
24 4057
25 4056
26 4056
27 4057
28 4058
29 4055
30 4060
31 4056
32 4059
34 4059
35 4056
36 4058
37 4053
38 4057
39 4056
40 4057
41 4059
42 4058
43 4055
44 4058
45 4060
46 4057
47 4057
48 4055
49 4059
50 4056
51 4061
52 4059
53 4060
54 4059
55 4056
56 4056
57 4058
58 4058
59 4059
60 4059
61 4055
62 4060
63 4058
64 4053
65 4059
66 4056
67 4060
68 4054
69 4056
70 4056
71 4056
72 4054
73 4057
74 4055
75 4055
76 4059
77 4055
78 4055
79 4059
80 4057
81 4057
82 4057
83 4057
84 4056
85 4059
86 4058
87 4059
88 4059
89 4058
90 4057
91 4055
92 4057
93 4058
94 4055
95 4056
96 4058
97 4057
98 4057
99 4054
100 4056
101 4059
102 4055
103 4061
104 4055
105 4055
106 4057
107 4058
108 4057
109 4055
110 4056
111 4058
112 4059
113 4059
114 4054
115 4055
116 4054
117 4058
118 4055
119 4059
120 4057
121 4056
122 4057
123 4057
124 4057
125 4056
126 4055
127 4054
128 4059
129 4057
130 4058
131 4055
132 4057
133 4057
134 4057
135 4058
136 4058
137 4058
138 4055
139 4057
140 4057
141 4058
142 4056
143 4056
144 4057
145 4055
146 4055
147 4056
148 4059
149 4055
150 4059
151 4060
152 4055
153 4058
154 4060
155 4055
156 4054
157 4060
158 4054
159 4058
160 4058
161 4058
162 4059
163 4057
164 4058
165 4057
166 4053
167 4058
168 4059
169 4059
170 4058
171 4057
172 4055
173 4055
174 4055
175 4061
176 4053
177 4055
178 4058
179 4056
180 4058
181 4057
182 4056
183 4055
184 4055
185 4055
186 4056
187 4057
188 4058
189 4059
190 4057
191 4055
192 4060
193 4057
194 4055
195 4058
196 4056
197 4054
198 4060
199 4057
200 4054
201 4061
202 4056
203 4055
204 4056
205 4055
206 4057
207 4057
208 4053
209 4056
210 4057
211 4057
212 4055
213 4058
214 4055
215 4059
216 4055
217 4059
218 4055
219 4055
220 4057
221 4057
222 4056
223 4059
224 4057
225 4056
226 4055
227 4057
228 4054
229 4056
230 4054
231 4054
232 4055
233 4055
234 4059
235 4057
236 4057
237 4055
238 4059
239 4058
240 4057
241 4057
242 4055
243 4057
244 4059
245 4055
246 4058
247 4057
248 4055
249 4057
250 4057
251 4062
252 4055
253 4053
254 4058
255 4059
256 4059
257 4058
258 4056
259 4059
260 4057
261 4058
262 4057
263 4058
264 4058
265 4057
266 4057
267 4058
268 4055
269 4056
270 4060
271 4054
272 4054
273 4058
274 4055
275 4057
276 4061
277 4057
278 4055
279 4057
280 4057
281 4057
282 4056
283 4052
284 4058
285 4058
286 4057
287 4057
288 4057
289 4055
290 4057
291 4056
292 4058
293 4057
294 4056
295 4058
296 4054
297 4057
298 4059
299 4057
300 4057
301 4064
302 4053
303 4057
304 4055
305 4058
306 4057
307 4060
308 4055
309 4055
310 4059
311 4055
312 4056
313 4058
314 4057
315 4056
316 4060
317 4060
318 4057
319 4059
320 4056
321 4056
322 4059
323 4055
324 4059
325 4058
326 4059
327 4053
328 4056
329 4060
330 4056
331 4058
332 4057
333 4059
334 4058
335 4061
336 4058
337 4055
338 4058
339 4056
340 4056
341 4056
342 4057
343 4057
344 4058
345 4054
346 4055
347 4056
348 4056
349 4059
350 4056
351 4060
352 4055
353 4057
354 4059
355 4057
356 4056
357 4056
358 4056
359 4056
360 4059
361 4055
362 4057
363 4053
364 4061
365 4058
366 4057
367 4055
368 4057
369 4059
370 4058
371 4057
372 4056
373 4058
374 4057
375 4054
376 4059
377 4057
378 4055
379 4055
380 4057
381 4056
382 4058
383 4057
384 4055
385 4057
386 4056
387 4055
388 4055
389 4058
390 4055
391 4057
392 4057
393 4055
394 4054
395 4060
396 4058
397 4055
398 4059
399 4057
400 4056
401 4060
402 4053
403 4057
404 4053
405 4057
406 4060
407 4058
408 4055
409 4056
410 4058
411 4057
412 4055
413 4061
414 4054
415 4056
416 4054
417 4059
418 4059
419 4058
420 4058
421 4058
422 4054
423 4057
424 4057
425 4055
426 4058
427 4057
428 4060
429 4056
430 4059
431 4058
432 4058
433 4059
434 4052
435 4056
436 4057
437 4057
438 4057
439 4056
440 4057
441 4057
442 4058
443 4054
444 4056
445 4059
446 4055
447 4058
448 4054
449 4057
450 4055
451 4062
452 4053
453 4055
454 4057
455 4059
456 4059
457 4059
458 4059
459 4055
460 4058
461 4057
462 4057
463 4055
464 4055
465 4056
466 4055
467 4060
468 4055
469 4059
470 4056
471 4059
472 4057
473 4057
474 4055
475 4055
476 4055
477 4056
478 4058
479 4061
480 4056
481 4056
482 4057
483 4057
484 4056
485 4058
486 4055
487 4056
488 4057
489 4055
490 4054
491 4059
492 4061
493 4059
494 4055
495 4057
496 4057
497 4057
498 4059
499 4058
500 4057
501 4062
502 4058
503 4059
504 4058
505 4056
506 4056
507 4056
508 4057
509 4055
510 4059
511 4055
512 4055
513 4057
514 4057
515 4055
516 4055
517 4058
518 4056
519 4058
520 4058
521 4057
522 4057
523 4055
524 4057
525 4056
526 4058
527 4059
528 4054
529 4055
530 4057
531 4057
532 4054
533 4061
534 4055
535 4057
536 4057
537 4055
538 4058
539 4056
540 4055
541 4059
542 4055
543 4054
544 4057
545 4057
546 4057
547 4055
548 4058
549 4057
550 4055
551 4064
552 4054
553 4055
554 4058
555 4057
556 4057
557 4057
558 4057
559 4057
560 4060
561 4054
562 4056
563 4059
564 4060
565 4055
566 4056
567 4060
568 4056
569 4054
570 4055
571 4060
572 4057
573 4055
574 4057
575 4057
576 4057
577 4057
578 4059
579 4058
580 4057
581 4059
582 4057
583 4056
584 4059
585 4057
586 4055
587 4060
588 4059
589 4056
590 4058
591 4056
592 4059
593 4055
594 4057
595 4058
596 4056
597 4056
598 4058
599 4057
600 4054
601 4060
602 4051
603 4058
604 4058
605 4055
606 4056
607 4060
608 4056
609 4057
610 4058
611 4055
612 4053
613 4058
614 4057
615 4053
616 4052
617 4061
618 4057
619 4060
620 4059
621 4059
622 4057
623 4055
624 4056
625 4056
626 4057
627 4056
628 4055
629 4060
630 4057
631 4057
632 4055
633 4055
634 4059
635 4055
636 4059
637 4056
638 4056
639 4059
640 4053
641 4058
642 4059
643 4054
644 4056
645 4058
646 4058
647 4058
648 4057
649 4056
650 4055
651 4061
652 4057
653 4058
654 4059
655 4057
656 4058
657 4060
658 4056
659 4055
660 4056
661 4058
662 4057
663 4058
664 4057
665 4058
666 4054
667 4059
668 4056
669 4059
670 4058
671 4058
672 4057
673 4056
674 4058
675 4056
676 4057
677 4057
678 4055
679 4055
680 4059
681 4055
682 4053
683 4057
684 4057
685 4055
686 4056
687 4058
688 4056
689 4057
690 4057
691 4052
692 4059
693 4057
694 4053
695 4055
696 4053
697 4055
698 4056
699 4053
700 4053
701 4060
702 4050
703 4055
704 4058
705 4055
706 4054
707 4056
708 4057
709 4055
710 4057
711 4056
712 4056
713 4059
714 4054
715 4055
716 4053
717 4056
718 4055
719 4052
720 4052
721 4059
722 4053
723 4057
724 4055
725 4057
726 4055
727 4052
728 4054
729 4055
730 4052
731 4056
732 4055
733 4058
734 4055
735 4056
736 4057
737 4055
738 4053
739 4060
740 4053
741 4054
742 4056
743 4056
744 4053
745 4055
746 4055
747 4057
748 4058
749 4055
750 4058
751 4061
752 4053
753 4056
754 4056
755 4061
756 4061
757 4056
758 4058
759 4055
760 4055
761 4057
762 4057
763 4056
764 4058
765 4058
766 4057
767 4058
768 4059
769 4054
770 4055
771 4057
772 4055
773 4055
774 4059
775 4056
776 4055
777 4058
778 4057
779 4053
780 4057
781 4058
782 4055
783 4057
784 4057
785 4056
786 4060
787 4056
788 4058
789 4055
790 4055
791 4057
792 4060
793 4056
794 4056
795 4061
796 4055
797 4056
798 4057
799 4056
800 4057
801 4061
802 4054
803 4056
804 4059
805 4054
806 4058
807 4057
808 4058
809 4055
810 4057
811 4056
812 4056
813 4057
814 4056
815 4056
816 4054
817 4058
818 4059
819 4056
820 4057
821 4056
822 4057
823 4060
824 4060
825 4057
826 4057
827 4056
828 4058
829 4057
830 4054
831 4059
832 4051
833 4057
834 4056
835 4059
836 4054
837 4057
838 4057
839 4058
840 4053
841 4054
842 4058
843 4061
844 4055
845 4056
846 4059
847 4058
848 4056
849 4059
850 4058
851 4059
852 4055
853 4055
854 4057
855 4054
856 4059
857 4057
858 4054
859 4058
860 4057
861 4056
862 4056
863 4055
864 4059
865 4056
866 4055
867 4058
868 4057
869 4060
870 4055
871 4056
872 4056
873 4055
874 4060
875 4054
876 4056
877 4058
878 4058
879 4055
880 4056
881 4057
882 4057
883 4057
884 4056
885 4059
886 4057
887 4057
888 4055
889 4056
890 4056
891 4057
892 4056
893 4056
894 4057
895 4059
896 4064
897 4053
898 4057
899 4057
900 4054
901 4064
902 4054
903 4059
904 4057
905 4058
906 4057
907 4059
908 4057
909 4059
910 4053
911 4057
912 4051
913 4058
914 4056
915 4058
916 4055
917 4059
918 4056
919 4056
920 4056
921 4058
922 4055
923 4058
924 4055
925 4057
926 4055
927 4057
928 4057
929 4054
930 4056
931 4058
932 4057
933 4059
934 4058
935 4057
936 4057
937 4057
938 4056
939 4057
940 4057
941 4055
942 4058
943 4058
944 4058
945 4053
946 4059
947 4059
948 4055
949 4056
950 4058
951 4060
952 4052
953 4058
954 4058
955 4058
956 4058
957 4059
958 4057
959 4057
960 4057
961 4057
962 4057
963 4057
964 4059
965 4059
966 4055
967 4059
968 4057
969 4054
970 4057
971 4056
972 4058
973 4056
974 4060
975 4055
976 4058
977 4056
978 4055
979 4059
980 4056
981 4058
982 4057
983 4059
984 4057
985 4053
986 4060
987 4058
988 4059
989 4058
990 4055
991 4056
992 4058
993 4059
994 4058
995 4059
996 4055
997 4055
998 4056
999 4067
1000 4055
1001 4061
1002 4054
1003 4058
1004 4058
1005 4059
1006 4055
1007 4058
1008 4057
1009 4054
1010 4055
1011 4055
1012 4058
1013 4057
1014 4056
1015 4057
1016 4057
1017 4059
1018 4055
1019 4058
1020 4055
1021 4058
1022 4056
1023 4056
1024 4055
1025 4056
1026 4055
1027 4057
1028 4057
1029 4058
1030 4056
1031 4058
1032 4057
1033 4056
1034 4055
1035 4057
1036 4059
1037 4056
1038 4057
1039 4057
1040 4057
1041 4057
1042 4053
1043 4059
1044 4054
1045 4056
1046 4058
1047 4054
1048 4055
1049 4056
1050 4056
1051 4064
1052 4055
1053 4055
1054 4055
1055 4058
1056 4055
1057 4055
1058 4057
1059 4051
1060 4055
1061 4057
1062 4055
1063 4055
1064 4059
1065 4055
1066 4055
1067 4057
1068 4057
1069 4055
1070 4057
1071 4055
1072 4058
1073 4057
1074 4057
1075 4059
1076 4060
1077 4055
1078 4054
1079 4057
1080 4054
1081 4055
1082 4057
1083 4059
1084 4054
1085 4057
1086 4055
1087 4057
1088 4059
1089 4058
1090 4055
1091 4055
1092 4060
1093 4056
1094 4056
1095 4056
1096 4060
1097 4054
1098 4053
1099 4057
1100 4056
1101 4057
1102 4053
1103 4057
1104 4054
1105 4058
1106 4057
1107 4054
1108 4058
1109 4055
1110 4055
1111 4059
1112 4055
1113 4057
1114 4056
1115 4054
1116 4056
1117 4062
1118 4054
1119 4056
1120 4055
1121 4056
1122 4055
1123 4056
1124 4056
1125 4057
1126 4057
1127 4056
1128 4053
1129 4057
1130 4059
1131 4055
1132 4058
1133 4057
1134 4056
1135 4055
1136 4055
1137 4055
1138 4053
1139 4060
1140 4054
1141 4056
1142 4054
1143 4058
1144 4055
1145 4059
1146 4053
1147 4055
1148 4057
1149 4054
1150 4055
1151 4061
1152 4052
1153 4055
1154 4058
1155 4056
1156 4055
1157 4056
1158 4057
1159 4057
1160 4054
1161 4056
1162 4056
1163 4052
1164 4055
1165 4057
1166 4057
1167 4054
1168 4057
1169 4054
1170 4055
1171 4054
1172 4053
1173 4057
1174 4055
1175 4053
1176 4057
1177 4056
1178 4056
1179 4054
1180 4057
1181 4053
1182 4055
1183 4053
1184 4052
1185 4052
1186 4057
1187 4055
1188 4053
1189 4057
1190 4052
1191 4052
1192 4055
1193 4056
1194 4059
1195 4054
1196 4057
1197 4053
1198 4052
1199 4055
1200 4055
1201 4055
1202 4051
1203 4051
1204 4053
1205 4055
1206 4054
1207 4054
1208 4054
1209 4053
1210 4055
1211 4056
1212 4054
1213 4058
1214 4054
1215 4054
1216 4055
1217 4056
1218 4054
1219 4053
1220 4055
1221 4055
1222 4055
1223 4055
1224 4054
1225 4059
1226 4056
1227 4056
1228 4056
1229 4056
1230 4055
1231 4056
1232 4054
1233 4056
1234 4057
1235 4056
1236 4056
1237 4059
1238 4058
1239 4057
1240 4057
1241 4055
1242 4060
1243 4056
1244 4058
1245 4058
1246 4055
1247 4059
1248 4054
1249 4053
1250 4058
1251 4060
1252 4056
1253 4059
1254 4055
1255 4055
1256 4055
1257 4060
1258 4055
1259 4061
1260 4060
1261 4055
1262 4055
1263 4055
1264 4055
1265 4055
1266 4054
1267 4060
1268 4054
1269 4061
1270 4057
1271 4055
1272 4057
1273 4059
1274 4057
1275 4058
1276 4055
1277 4058
1278 4057
1279 4057
1280 4056
1281 4057
1282 4059
1283 4056
1284 4059
1285 4056
1286 4054
1287 4060
1288 4057
1289 4057
1290 4053
1291 4056
1292 4060
1293 4056
1294 4057
1295 4057
1296 4057
1297 4053
1298 4054
1299 4057
1300 4054
1301 4062
1302 4056
1303 4057
1304 4053
1305 4058
1306 4058
1307 4055
1308 4055
1309 4057
1310 4056
1311 4056
1312 4055
1313 4056
1314 4055
1315 4057
1316 4058
1317 4056
1318 4055
1319 4056
1320 4059
1321 4057
1322 4057
1323 4055
1324 4059
1325 4057
1326 4057
1327 4061
1328 4057
1329 4055
1330 4057
1331 4059
1332 4056
1333 4059
1334 4055
1335 4058
1336 4057
1337 4057
1338 4055
1339 4057
1340 4056
1341 4056
1342 4058
1343 4055
1344 4058
1345 4058
1346 4058
1347 4059
1348 4056
1349 4056
1350 4058
1351 4061
1352 4053
1353 4057
1354 4055
1355 4055
1356 4057
1357 4055
1358 4056
1359 4055
1360 4055
1361 4055
1362 4058
1363 4058
1364 4056
1365 4055
1366 4053
1367 4060
1368 4056
1369 4058
1370 4056
1371 4057
1372 4053
1373 4055
1374 4059
1375 4056
1376 4057
1377 4060
1378 4057
1379 4058
1380 4056
1381 4055
1382 4055
1383 4058
1384 4059
1385 4056
1386 4054
1387 4057
1388 4055
1389 4057
1390 4058
1391 4057
1392 4059
1393 4055
1394 4059
1395 4055
1396 4057
1397 4058
1398 4055
1399 4058
1400 4056
1401 4060
1402 4053
1403 4059
1404 4055
1405 4059
1406 4055
1407 4057
1408 4057
1409 4053
1410 4055
1411 4059
1412 4055
1413 4053
1414 4057
1415 4054
1416 4054
1417 4061
1418 4059
1419 4058
1420 4057
1421 4057
1422 4057
1423 4056
1424 4057
1425 4060
1426 4059
1427 4054
1428 4056
1429 4057
1430 4056
1431 4060
1432 4057
1433 4056
1434 4061
1435 4057
1436 4057
1437 4057
1438 4060
1439 4058
1440 4057
1441 4054
1442 4059
1443 4058
1444 4055
1445 4059
1446 4057
1447 4057
1448 4057
1449 4059
1450 4055
1451 4058
1452 4054
1453 4056
1454 4055
1455 4058
1456 4057
1457 4054
1458 4057
1459 4056
1460 4057
1461 4059
1462 4058
1463 4052
1464 4059
1465 4059
1466 4053
1467 4060
1468 4057
1469 4057
1470 4059
1471 4057
1472 4058
1473 4058
1474 4058
1475 4055
1476 4056
1477 4055
1478 4056
1479 4055
1480 4059
1481 4057
1482 4058
1483 4058
1484 4056
1485 4055
1486 4056
1487 4059
1488 4054
1489 4058
1490 4056
1491 4057
1492 4056
1493 4061
1494 4053
1495 4056
1496 4058
1497 4057
1498 4055
1499 4056
1500 4056
1501 4057
1502 4052
1503 4060
1504 4055
1505 4059
1506 4054
1507 4059
1508 4054
1509 4059
1510 4053
1511 4057
1512 4057
1513 4057
1514 4055
1515 4059
1516 4057
1517 4055
1518 4054
1519 4057
1520 4053
1521 4055
1522 4059
1523 4055
1524 4054
1525 4056
1526 4054
1527 4060
1528 4054
1529 4056
1530 4059
1531 4057
1532 4057
1533 4057
1534 4054
1535 4058
1536 4059
1537 4057
1538 4058
1539 4059
1540 4057
1541 4057
1542 4059
1543 4057
1544 4055
1545 4059
1546 4055
1547 4059
1548 4056
1549 4057
1550 4056
1551 4049
1552 4054
1553 4058
1554 4060
1555 4058
1556 4057
1557 4059
1558 4059
1559 4056
1560 4058
1561 4061
1562 4057
1563 4060
1564 4057
1565 4052
1566 4055
1567 4057
1568 4059
1569 4057
1570 4055
1571 4055
1572 4057
1573 4054
1574 4053
1575 4057
1576 4057
1577 4057
1578 4057
1579 4058
1580 4058
1581 4058
1582 4057
1583 4056
1584 4057
1585 4057
1586 4056
1587 4055
1588 4055
1589 4060
1590 4057
1591 4057
1592 4057
1593 4057
1594 4059
1595 4055
1596 4053
1597 4056
1598 4057
1599 4057
1600 4057
1601 4059
1602 4052
1603 4057
1604 4056
1605 4057
1606 4057
1607 4057
1608 4061
1609 4054
1610 4059
1611 4058
1612 4060
1613 4057
1614 4057
1615 4055
1616 4056
1617 4054
1618 4057
1619 4057
1620 4056
1621 4055
1622 4058
1623 4059
1624 4059
1625 4058
1626 4055
1627 4058
1628 4057
1629 4061
1630 4057
1631 4055
1632 4054
1633 4055
1634 4054
1635 4057
1636 4056
1637 4057
1638 4057
1639 4053
1640 4058
1641 4049
1642 4056
1643 4059
1644 4058
1645 4057
1646 4056
1647 4055
1648 4058
1649 4060
1650 4054
1651 4061
1652 4053
1653 4056
1654 4058
1655 4054
1656 4059
1657 4056
1658 4056
1659 4055
1660 4053
1661 4054
1662 4058
1663 4055
1664 4057
1665 4056
1666 4055
1667 4053
1668 4058
1669 4058
1670 4059
1671 4053
1672 4056
1673 4055
1674 4058
1675 4055
1676 4056
1677 4055
1678 4056
1679 4057
1680 4055
1681 4056
1682 4055
1683 4058
1684 4060
1685 4058
1686 4057
1687 4056
1688 4057
1689 4055
1690 4057
1691 4056
1692 4057
1693 4059
1694 4057
1695 4056
1696 4058
1697 4056
1698 4054
1699 4055
1700 4059
1701 4064
1702 4050
1703 4058
1704 4057
1705 4056
1706 4056
1707 4062
1708 4057
1709 4056
1710 4052
1711 4059
1712 4057
1713 4056
1714 4057
1715 4057
1716 4057
1717 4059
1718 4057
1719 4054
1720 4055
1721 4055
1722 4055
1723 4058
1724 4054
1725 4058
1726 4054
1727 4055
1728 4055
1729 4055
1730 4057
1731 4057
1732 4057
1733 4057
1734 4055
1735 4056
1736 4058
1737 4059
1738 4057
1739 4057
1740 4058
1741 4055
1742 4057
1743 4059
1744 4059
1745 4057
1746 4051
1747 4056
1748 4057
1749 4058
1750 4055
1751 4061
1752 4053
1753 4056
1754 4054
1755 4055
1756 4057
1757 4057
1758 4056
1759 4055
1760 4057
1761 4054
1762 4054
1763 4058
1764 4060
1765 4058
1766 4059
1767 4058
1768 4057
1769 4058
1770 4058
1771 4060
1772 4058
1773 4057
1774 4057
1775 4059
1776 4056
1777 4059
1778 4057
1779 4060
1780 4056
1781 4055
1782 4057
1783 4056
1784 4055
1785 4057
1786 4057
1787 4057
1788 4060
1789 4055
1790 4054
1791 4058
1792 4058
1793 4056
1794 4059
1795 4059
1796 4055
1797 4056
1798 4059
1799 4056
1800 4053
1801 4060
1802 4054
1803 4058
1804 4056
1805 4058
1806 4054
1807 4058
1808 4055
1809 4059
1810 4055
1811 4053
1812 4056
1813 4058
1814 4058
1815 4055
1816 4055
1817 4061
1818 4055
1819 4060
1820 4055
1821 4055
1822 4060
1823 4055
1824 4053
1825 4059
1826 4056
1827 4057
1828 4055
1829 4054
1830 4058
1831 4060
1832 4057
1833 4055
1834 4059
1835 4057
1836 4055
1837 4058
1838 4058
1839 4057
1840 4057
1841 4055
1842 4066
1843 4056
1844 4059
1845 4057
1846 4055
1847 4059
1848 4057
1849 4052
1850 4054
1851 4061
1852 4053
1853 4058
1854 4055
1855 4058
1856 4054
1857 4055
1858 4059
1859 4061
1860 4057
1861 4057
1862 4057
1863 4052
1864 4058
1865 4058
1866 4052
1867 4060
1868 4055
1869 4059
1870 4055
1871 4057
1872 4055
1873 4055
1874 4055
1875 4057
1876 4057
1877 4058
1878 4053
1879 4059
1880 4058
1881 4058
1882 4059
1883 4058
1884 4057
1885 4055
1886 4053
1887 4056
1888 4056
1889 4057
1890 4056
1891 4055
1892 4056
1893 4057
1894 4053
1895 4060
1896 4054
1897 4057
1898 4058
1899 4058
1900 4055
1901 4061
1902 4055
1903 4057
1904 4055
1905 4057
1906 4054
1907 4059
1908 4058
1909 4058
1910 4056
1911 4056
1912 4054
1913 4056
1914 4056
1915 4055
1916 4057
1917 4055
1918 4056
1919 4057
1920 4057
1921 4059
1922 4056
1923 4057
1924 4057
1925 4059
1926 4056
1927 4056
1928 4058
1929 4055
1930 4056
1931 4058
1932 4058
1933 4058
1934 4058
1935 4059
1936 4054
1937 4057
1938 4056
1939 4053
1940 4058
1941 4052
1942 4057
1943 4055
1944 4052
1945 4056
1946 4057
1947 4056
1948 4057
1949 4059
1950 4057
1951 4061
1952 4055
1953 4052
1954 4057
1955 4055
1956 4058
1957 4060
1958 4056
1959 4058
1960 4057
1961 4060
1962 4057
1963 4056
1964 4059
1965 4056
1966 4055
1967 4057
1968 4058
1969 4058
1970 4057
1971 4055
1972 4057
1973 4055
1974 4055
1975 4054
1976 4057
1977 4060
1978 4057
1979 4064
1980 4059
1981 4056
1982 4059
1983 4055
1984 4057
1985 4057
1986 4057
1987 4060
1988 4054
1989 4054
1990 4055
1991 4053
1992 4055
1993 4055
1994 4054
1995 4056
1996 4054
1997 4058
1998 4058
1999 4057
2000 4055
2001 4061
2002 4052
2003 4052
2004 4058
2005 4057
2006 4054
2007 4056
2008 4058
2009 4057
2010 4060
2011 4054
2012 4056
2013 4058
2014 4055
2015 4053
2016 4059
2017 4056
2018 4054
2019 4055
2020 4056
2021 4055
2022 4056
2023 4054
2024 4057
2025 4056
2026 4057
2027 4054
2028 4055
2029 4058
2030 4053
2031 4058
2032 4057
2033 4055
2034 4060
2035 4059
2036 4058
2037 4058
2038 4056
2039 4056
2040 4057
2041 4057
2042 4060
2043 4058
2044 4057
2045 4060
2046 4056
2047 4055
2048 4058
2049 4059
2050 4055
2051 4059
2052 4058
2053 4052
2054 4058
2055 4056
2056 4056
2057 4057
2058 4057
2059 4059
2060 4059
2061 4054
2062 4056
2063 4059
2064 4054
2065 4057
2066 4052
2067 4056
2068 4058
2069 4055
2070 4059
2071 4057
2072 4056
2073 4054
2074 4057
2075 4059
2076 4057
2077 4056
2078 4061
2079 4057
2080 4055
2081 4055
2082 4054
2083 4055
2084 4055
2085 4056
2086 4055
2087 4057
2088 4055
2089 4055
2090 4056
2091 4058
2092 4057
2093 4059
2094 4055
2095 4055
2096 4057
2097 4054
2098 4057
2099 4056
2100 4059
2101 4059
2102 4053
2103 4055
2104 4058
2105 4056
2106 4055
2107 4061
2108 4054
2109 4053
2110 4057
2111 4060
2112 4054
2113 4057
2114 4055
2115 4056
2116 4047
2117 4059
2118 4057
2119 4054
2120 4057
2121 4057
2122 4057
2123 4054
2124 4056
2125 4057
2126 4056
2127 4055
2128 4056
2129 4057
2130 4056
2131 4056
2132 4058
2133 4056
2134 4055
2135 4058
2136 4056
2137 4056
2138 4055
2139 4061
2140 4056
2141 4053
2142 4057
2143 4058
2144 4053
2145 4059
2146 4054
2147 4054
2148 4057
2149 4057
2150 4055
2151 4055
2152 4054
2153 4057
2154 4057
2155 4055
2156 4058
2157 4054
2158 4056
2159 4059
2160 4058
2161 4056
2162 4057
2163 4057
2164 4057
2165 4054
2166 4057
2167 4057
2168 4055
2169 4056
2170 4057
2171 4056
2172 4058
2173 4056
2174 4056
2175 4058
2176 4058
2177 4056
2178 4056
2179 4058
2180 4057
2181 4056
2182 4056
2183 4055
2184 4057
2185 4059
2186 4059
2187 4054
2188 4056
2189 4061
2190 4055
2191 4055
2192 4057
2193 4057
2194 4055
2195 4059
2196 4058
2197 4058
2198 4057
2199 4058
2200 4055
2201 4064
2202 4053
2203 4057
2204 4057
2205 4058
2206 4053
2207 4057
2208 4053
2209 4053
2210 4055
2211 4057
2212 4054
2213 4057
2214 4054
2215 4056
2216 4059
2217 4057
2218 4058
2219 4057
2220 4058
2221 4056
2222 4059
2223 4058
2224 4053
2225 4056
2226 4057
2227 4056
2228 4057
2229 4057
2230 4056
2231 4056
2232 4056
2233 4060
2234 4055
2235 4053
2236 4058
2237 4058
2238 4054
2239 4055
2240 4054
2241 4057
2242 4052
2243 4055
2244 4057
2245 4055
2246 4056
2247 4058
2248 4057
2249 4054
2250 4057
2251 4061
2252 4056
2253 4055
2254 4057
2255 4059
2256 4056
2257 4059
2258 4057
2259 4051
2260 4058
2261 4056
2262 4056
2263 4060
2264 4055
2265 4054
2266 4058
2267 4058
2268 4055
2269 4059
2270 4055
2271 4057
2272 4057
2273 4055
2274 4057
2275 4058
2276 4056
2277 4057
2278 4061
2279 4056
2280 4053
2281 4054
2282 4055
2283 4057
2284 4055
2285 4056
2286 4059
2287 4053
2288 4057
2289 4057
2290 4054
2291 4054
2292 4059
2293 4057
2294 4054
2295 4057
2296 4060
2297 4056
2298 4059
2299 4057
2300 4060
2301 4060
2302 4056
2303 4056
2304 4054
2305 4055
2306 4057
2307 4053
2308 4056
2309 4057
2310 4055
2311 4054
2312 4058
2313 4057
2314 4059
2315 4058
2316 4055
2317 4060
2318 4054
2319 4055
2320 4053
2321 4054
2322 4055
2323 4055
2324 4055
2325 4055
2326 4055
2327 4057
2328 4057
2329 4057
2330 4053
2331 4055
2332 4056
2333 4057
2334 4057
2335 4055
2336 4060
2337 4056
2338 4058
2339 4057
2340 4055
2341 4056
2342 4057
2343 4054
2344 4056
2345 4055
2346 4056
2347 4058
2348 4055
2349 4055
2350 4058
2351 4060
2352 4053
2353 4058
2354 4055
2355 4057
2356 4054
2357 4061
2358 4056
2359 4058
2360 4056
2361 4055
2362 4053
2363 4057
2364 4053
2365 4058
2366 4055
2367 4057
2368 4056
2369 4059
2370 4056
2371 4059
2372 4057
2373 4056
2374 4054
2375 4057
2376 4056
2377 4053
2378 4058
2379 4060
2380 4053
2381 4056
2382 4057
2383 4055
2384 4055
2385 4057
2386 4056
2387 4059
2388 4059
2389 4054
2390 4058
2391 4054
2392 4060
2393 4057
2394 4055
2395 4057
2396 4055
2397 4057
2398 4055
2399 4056
2400 4056
2401 4061
2402 4052
2403 4058
2404 4057
2405 4058
2406 4057
2407 4058
2408 4053
2409 4055
2410 4059
2411 4058
2412 4056
2413 4055
2414 4056
2415 4056
2416 4056
2417 4061
2418 4056
2419 4054
2420 4059
2421 4059
2422 4053
2423 4058
2424 4054
2425 4059
2426 4056
2427 4055
2428 4057
2429 4057
2430 4058
2431 4056
2432 4057
2433 4058
2434 4057
2435 4055
2436 4057
2437 4057
2438 4057
2439 4057
2440 4057
2441 4058
2442 4057
2443 4055
2444 4057
2445 4053
2446 4056
2447 4057
2448 4057
2449 4058
2450 4056
2451 4060
2452 4054
2453 4057
2454 4053
2455 4057
2456 4056
2457 4059
2458 4059
2459 4055
2460 4056
2461 4057
2462 4056
2463 4061
2464 4057
2465 4055
2466 4055
2467 4056
2468 4057
2469 4057
2470 4058
2471 4057
2472 4054
2473 4056
2474 4056
2475 4058
2476 4058
2477 4056
2478 4058
2479 4057
2480 4054
2481 4060
2482 4056
2483 4057
2484 4056
2485 4056
2486 4057
2487 4058
2488 4057
2489 4057
2490 4053
2491 4055
2492 4059
2493 4056
2494 4053
2495 4057
2496 4056
2497 4055
2498 4057
2499 4056
2500 4057
2501 4058
2502 4053
2503 4054
2504 4057
2505 4057
2506 4053
2507 4057
2508 4052
2509 4057
2510 4057
2511 4058
2512 4057
2513 4055
2514 4055
2515 4057
2516 4053
2517 4057
2518 4053
2519 4057
2520 4054
2521 4058
2522 4054
2523 4056
2524 4057
2525 4054
2526 4057
2527 4057
2528 4054
2529 4054
2530 4055
2531 4055
2532 4054
2533 4056
2534 4056
2535 4060
2536 4055
2537 4056
2538 4056
2539 4052
2540 4055
2541 4057
2542 4056
2543 4057
2544 4057
2545 4058
2546 4055
2547 4057
2548 4057
2549 4056
2550 4057
2551 4064
2552 4055
2553 4058
2554 4057
2555 4059
2556 4057
2557 4056
2558 4055
2559 4057
2560 4057
2561 4055
2562 4055
2563 4058
2564 4057
2565 4058
2566 4054
2567 4064
2568 4054
2569 4058
2570 4058
2571 4055
2572 4053
2573 4057
2574 4057
2575 4057
2576 4059
2577 4055
2578 4055
2579 4059
2580 4058
2581 4056
2582 4059
2583 4057
2584 4057
2585 4055
2586 4057
2587 4053
2588 4055
2589 4059
2590 4058
2591 4055
2592 4057
2593 4055
2594 4055
2595 4055
2596 4057
2597 4057
2598 4053
2599 4057
2600 4054
2601 4059
2602 4049
2603 4054
2604 4054
2605 4057
2606 4053
2607 4058
2608 4053
2609 4058
2610 4053
2611 4055
2612 4056
2613 4054
2614 4058
2615 4057
2616 4052
2617 4054
2618 4058
2619 4051
2620 4057
2621 4055
2622 4054
2623 4053
2624 4056
2625 4056
2626 4055
2627 4053
2628 4054
2629 4056
2630 4061
2631 4058
2632 4056
2633 4060
2634 4054
2635 4054
2636 4058
2637 4058
2638 4047
2639 4057
2640 4056
2641 4054
2642 4058
2643 4057
2644 4057
2645 4056
2646 4056
2647 4058
2648 4055
2649 4058
2650 4056
2651 4062
2652 4051
2653 4058
2654 4055
2655 4054
2656 4053
2657 4057
2658 4054
2659 4054
2660 4058
2661 4053
2662 4054
2663 4058
2664 4056
2665 4051
2666 4055
2667 4056
2668 4057
2669 4055
2670 4057
2671 4056
2672 4056
2673 4058
2674 4053
2675 4052
2676 4055
2677 4059
2678 4059
2679 4054
2680 4055
2681 4055
2682 4054
2683 4057
2684 4057
2685 4058
2686 4057
2687 4055
2688 4053
2689 4054
2690 4054
2691 4055
2692 4055
2693 4058
2694 4054
2695 4055
2696 4055
2697 4055
2698 4055
2699 4056
2700 4056
2701 4060
2702 4053
2703 4055
2704 4056
2705 4053
2706 4057
2707 4056
2708 4059
2709 4056
2710 4057
2711 4056
2712 4054
2713 4056
2714 4056
2715 4057
2716 4057
2717 4057
2718 4058
2719 4059
2720 4057
2721 4053
2722 4055
2723 4055
2724 4057
2725 4056
2726 4055
2727 4056
2728 4053
2729 4053
2730 4056
2731 4056
2732 4057
2733 4059
2734 4056
2735 4058
2736 4055
2737 4055
2738 4054
2739 4054
2740 4055
2741 4056
2742 4057
2743 4055
2744 4056
2745 4056
2746 4058
2747 4057
2748 4053
2749 4057
2750 4053
2751 4057
2752 4053
2753 4055
2754 4061
2755 4055
2756 4056
2757 4055
2758 4058
2759 4052
2760 4055
2761 4059
2762 4053
2763 4057
2764 4057
2765 4054
2766 4053
2767 4058
2768 4057
2769 4053
2770 4054
2771 4056
2772 4057
2773 4054
2774 4055
2775 4049
2776 4053
2777 4056
2778 4055
2779 4057
2780 4058
2781 4052
2782 4056
2783 4054
2784 4057
2785 4056
2786 4057
2787 4056
2788 4057
2789 4054
2790 4054
2791 4054
2792 4057
2793 4054
2794 4057
2795 4059
2796 4053
2797 4055
2798 4054
2799 4057
2800 4053
2801 4058
2802 4051
2803 4055
2804 4059
2805 4054
2806 4056
2807 4056
2808 4056
2809 4054
2810 4055
2811 4057
2812 4054
2813 4055
2814 4057
2815 4056
2816 4054
2817 4053
2818 4057
2819 4056
2820 4055
2821 4059
2822 4055
2823 4057
2824 4055
2825 4055
2826 4055
2827 4056
2828 4056
2829 4058
2830 4051
2831 4057
2832 4056
2833 4057
2834 4055
2835 4054
2836 4054
2837 4056
2838 4055
2839 4055
2840 4059
2841 4053
2842 4055
2843 4056
2844 4055
2845 4055
2846 4055
2847 4054
2848 4057
2849 4056
2850 4053
2851 4057
2852 4055
2853 4057
2854 4054
2855 4055
2856 4059
2857 4054
2858 4053
2859 4055
2860 4057
2861 4061
2862 4055
2863 4056
2864 4055
2865 4053
2866 4055
2867 4056
2868 4058
2869 4056
2870 4054
2871 4057
2872 4055
2873 4056
2874 4055
2875 4055
2876 4055
2877 4058
2878 4056
2879 4054
2880 4054
2881 4056
2882 4052
2883 4058
2884 4056
2885 4056
2886 4057
2887 4055
2888 4055
2889 4058
2890 4055
2891 4055
2892 4059
2893 4055
2894 4055
2895 4056
2896 4053
2897 4059
2898 4059
2899 4054
2900 4053
2901 4064
2902 4056
2903 4057
2904 4057
2905 4057
2906 4060
2907 4055
2908 4054
2909 4055
2910 4058
2911 4055
2912 4057
2913 4056
2914 4054
2915 4058
2916 4056
2917 4057
2918 4057
2919 4058
2920 4053
2921 4057
2922 4056
2923 4056
2924 4056
2925 4053
2926 4058
2927 4059
2928 4058
2929 4057
2930 4058
2931 4055
2932 4053
2933 4055
2934 4058
2935 4058
2936 4059
2937 4056
2938 4060
2939 4055
2940 4053
2941 4059
2942 4055
2943 4059
2944 4055
2945 4056
2946 4055
2947 4056
2948 4058
2949 4054
2950 4052
2951 4060
2952 4055
2953 4057
2954 4055
2955 4061
2956 4054
2957 4058
2958 4056
2959 4057
2960 4057
2961 4055
2962 4056
2963 4058
2964 4058
2965 4058
2966 4052
2967 4059
2968 4055
2969 4058
2970 4058
2971 4059
2972 4056
2973 4054
2974 4060
2975 4054
2976 4055
2977 4056
2978 4057
2979 4061
2980 4054
2981 4059
2982 4055
2983 4059
2984 4057
2985 4057
2986 4057
2987 4053
2988 4055
2989 4058
2990 4054
2991 4055
2992 4055
2993 4055
2994 4053
2995 4058
2996 4053
2997 4056
2998 4058
2999 4057
3000 4056
3001 4059
3002 4055
3003 4057
3004 4056
3005 4058
3006 4057
3007 4053
3008 4054
3009 4058
3010 4057
3011 4056
3012 4057
3013 4060
3014 4053
3015 4059
3016 4055
3017 4057
3018 4056
3019 4054
3020 4060
3021 4058
3022 4059
3023 4058
3024 4058
3025 4057
3026 4055
3027 4055
3028 4056
3029 4059
3030 4057
3031 4056
3032 4055
3033 4055
3034 4057
3035 4056
3036 4057
3037 4057
3038 4053
3039 4057
3040 4054
3041 4056
3042 4053
3043 4058
3044 4058
3045 4059
3046 4056
3047 4057
3048 4057
3049 4056
3050 4061
3051 4059
3052 4055
3053 4058
3054 4058
3055 4058
3056 4055
3057 4057
3058 4055
3059 4058
3060 4056
3061 4054
3062 4060
3063 4056
3064 4055
3065 4058
3066 4054
3067 4059
3068 4057
3069 4055
3070 4057
3071 4055
3072 4053
3073 4057
3074 4055
3075 4055
3076 4056
3077 4056
3078 4056
3079 4057
3080 4053
3081 4056
3082 4053
3083 4057
3084 4061
3085 4055
3086 4060
3087 4057
3088 4059
3089 4055
3090 4058
3091 4057
3092 4059
3093 4054
3094 4058
3095 4057
3096 4058
3097 4053
3098 4053
3099 4053
3100 4055
3101 4061
3102 4052
3103 4055
3104 4053
3105 4059
3106 4054
3107 4060
3108 4054
3109 4060
3110 4059
3111 4059
3112 4053
3113 4058
3114 4055
3115 4056
3116 4057
3117 4060
3118 4057
3119 4057
3120 4053
3121 4058
3122 4059
3123 4055
3124 4053
3125 4055
3126 4055
3127 4059
3128 4055
3129 4059
3130 4059
3131 4057
3132 4053
3133 4060
3134 4055
3135 4059
3136 4058
3137 4057
3138 4058
3139 4060
3140 4057
3141 4059
3142 4061
3143 4057
3144 4057
3145 4057
3146 4057
3147 4055
3148 4056
3149 4057
3150 4056
3151 4061
3152 4052
3153 4059
3154 4057
3155 4052
3156 4059
3157 4057
3158 4057
3159 4055
3160 4059
3161 4056
3162 4054
3163 4056
3164 4054
3165 4057
3166 4057
3167 4056
3168 4057
3169 4055
3170 4057
3171 4056
3172 4054
3173 4055
3174 4057
3175 4058
3176 4058
3177 4056
3178 4059
3179 4058
3180 4053
3181 4056
3182 4055
3183 4058
3184 4055
3185 4053
3186 4055
3187 4058
3188 4056
3189 4057
3190 4055
3191 4055
3192 4060
3193 4057
3194 4052
3195 4058
3196 4056
3197 4056
3198 4057
3199 4056
3200 4055
3201 4059
3202 4055
3203 4053
3204 4060
3205 4058
3206 4055
3207 4058
3208 4057
3209 4055
3210 4054
3211 4061
3212 4055
3213 4054
3214 4054
3215 4056
3216 4051
3217 4057
3218 4057
3219 4057
3220 4059
3221 4059
3222 4056
3223 4059
3224 4059
3225 4055
3226 4057
3227 4057
3228 4059
3229 4058
3230 4057
3231 4056
3232 4054
3233 4057
3234 4058
3235 4059
3236 4055
3237 4058
3238 4055
3239 4057
3240 4054
3241 4056
3242 4057
3243 4055
3244 4058
3245 4052
3246 4053
3247 4058
3248 4057
3249 4056
3250 4058
3251 4060
3252 4052
3253 4054
3254 4057
3255 4056
3256 4054
3257 4058
3258 4056
3259 4057
3260 4058
3261 4053
3262 4058
3263 4052
3264 4054
3265 4057
3266 4057
3267 4054
3268 4058
3269 4058
3270 4058
3271 4056
3272 4055
3273 4059
3274 4055
3275 4057
3276 4058
3277 4057
3278 4060
3279 4057
3280 4057
3281 4059
3282 4055
3283 4056
3284 4056
3285 4061
3286 4055
3287 4057
3288 4057
3289 4057
3290 4054
3291 4054
3292 4057
3293 4055
3294 4056
3295 4058
3296 4058
3297 4057
3298 4058
3299 4055
3300 4057
3301 4059
3302 4052
3303 4058
3304 4057
3305 4056
3306 4058
3307 4057
3308 4055
3309 4057
3310 4058
3311 4059
3312 4061
3313 4059
3314 4056
3315 4055
3316 4054
3317 4060
3318 4057
3319 4056
3320 4058
3321 4057
3322 4055
3323 4055
3324 4057
3325 4059
3326 4057
3327 4058
3328 4057
3329 4057
3330 4055
3331 4058
3332 4059
3333 4055
3334 4053
3335 4059
3336 4055
3337 4059
3338 4058
3339 4057
3340 4055
3341 4060
3342 4059
3343 4057
3344 4054
3345 4054
3346 4057
3347 4057
3348 4053
3349 4055
3350 4057
3351 4059
3352 4053
3353 4056
3354 4056
3355 4055
3356 4060
3357 4057
3358 4056
3359 4061
3360 4054
3361 4057
3362 4056
3363 4053
3364 4055
3365 4056
3366 4059
3367 4057
3368 4053
3369 4057
3370 4058
3371 4057
3372 4059
3373 4059
3374 4055
3375 4059
3376 4055
3377 4057
3378 4058
3379 4057
3380 4059
3381 4055
3382 4055
3383 4057
3384 4055
3385 4056
3386 4056
3387 4056
3388 4059
3389 4060
3390 4057
3391 4057
3392 4056
3393 4056
3394 4057
3395 4056
3396 4059
3397 4061
3398 4056
3399 4056
3400 4058
3401 4059
3402 4053
3403 4057
3404 4060
3405 4057
3406 4059
3407 4053
3408 4057
3409 4056
3410 4056
3411 4055
3412 4057
3413 4057
3414 4059
3415 4057
3416 4053
3417 4056
3418 4057
3419 4055
3420 4055
3421 4057
3422 4056
3423 4058
3424 4054
3425 4058
3426 4061
3427 4056
3428 4057
3429 4057
3430 4056
3431 4056
3432 4055
3433 4057
3434 4060
3435 4057
3436 4056
3437 4057
3438 4057
3439 4055
3440 4057
3441 4053
3442 4056
3443 4056
3444 4059
3445 4056
3446 4054
3447 4057
3448 4059
3449 4058
3450 4055
3451 4060
3452 4055
3453 4059
3454 4055
3455 4055
3456 4059
3457 4055
3458 4059
3459 4056
3460 4053
3461 4059
3462 4057
3463 4058
3464 4059
3465 4056
3466 4056
3467 4058
3468 4059
3469 4055
3470 4053
3471 4057
3472 4058
3473 4057
3474 4059
3475 4059
3476 4055
3477 4055
3478 4056
3479 4057
3480 4054
3481 4057
3482 4058
3483 4055
3484 4057
3485 4057
3486 4057
3487 4060
3488 4058
3489 4060
3490 4059
3491 4055
3492 4055
3493 4059
3494 4056
3495 4056
3496 4057
3497 4057
3498 4054
3499 4056
3500 4059
3501 4060
3502 4055
3503 4059
3504 4058
3505 4054
3506 4057
3507 4057
3508 4055
3509 4058
3510 4055
3511 4056
3512 4060
3513 4055
3514 4058
3515 4056
3516 4058
3517 4056
3518 4057
3519 4060
3520 4057
3521 4058
3522 4058
3523 4054
3524 4055
3525 4057
3526 4054
3527 4057
3528 4056
3529 4057
3530 4055
3531 4057
3532 4057
3533 4055
3534 4057
3535 4057
3536 4053
3537 4060
3538 4057
3539 4056
3540 4058
3541 4055
3542 4057
3543 4057
3544 4055
3545 4057
3546 4058
3547 4057
3548 4056
3549 4055
3550 4058
3551 4060
3552 4055
3553 4057
3554 4059
3555 4055
3556 4057
3557 4055
3558 4055
3559 4054
3560 4056
3561 4060
3562 4057
3563 4055
3564 4054
3565 4056
3566 4055
3567 4056
3568 4059
3569 4055
3570 4055
3571 4056
3572 4054
3573 4056
3574 4057
3575 4055
3576 4060
3577 4059
3578 4056
3579 4059
3580 4057
3581 4059
3582 4057
3583 4055
3584 4052
3585 4056
3586 4058
3587 4057
3588 4055
3589 4059
3590 4057
3591 4054
3592 4055
3593 4056
3594 4055
3595 4057
3596 4056
3597 4058
3598 4053
3599 4059
3600 4056
3601 4059
3602 4054
3603 4059
3604 4057
3605 4056
3606 4056
3607 4055
3608 4059
3609 4056
3610 4056
3611 4057
3612 4055
3613 4055
3614 4055
3615 4058
3616 4053
3617 4056
3618 4057
3619 4057
3620 4056
3621 4057
3622 4056
3623 4056
3624 4055
3625 4057
3626 4057
3627 4054
3628 4056
3629 4055
3630 4057
3631 4055
3632 4055
3633 4053
3634 4058
3635 4056
3636 4057
3637 4057
3638 4056
3639 4058
3640 4057
3641 4056
3642 4057
3643 4055
3644 4055
3645 4057
3646 4055
3647 4057
3648 4060
3649 4059
3650 4057
3651 4064
3652 4054
3653 4061
3654 4055
3655 4059
3656 4056
3657 4055
3658 4055
3659 4057
3660 4055
3661 4058
3662 4057
3663 4057
3664 4055
3665 4055
3666 4056
3667 4053
3668 4055
3669 4059
3670 4058
3671 4055
3672 4058
3673 4054
3674 4055
3675 4058
3676 4056
3677 4055
3678 4059
3679 4057
3680 4055
3681 4058
3682 4055
3683 4056
3684 4053
3685 4053
3686 4055
3687 4055
3688 4055
3689 4057
3690 4057
3691 4056
3692 4054
3693 4054
3694 4054
