#Data from the TCD1304 linear CCD
#column 1 = pixelnumber , column 2 = pixelvalue
#Pixel 1-32 and 3679-3694 and are dummy pixels
#SH-period: 200    ICG-period: 100000    Integration time: 100.0 us
2 4038
3 4039
4 4055
5 4055
6 4055
7 4054
8 4056
9 4057
10 4057
11 4058
12 4056
13 4055
14 4055
15 4059
16 4054
17 4053
18 4055
19 4059
20 4057
21 4056
22 4055
23 4054
24 4053
25 4052
26 4053
27 4054
28 4057
29 4056
30 4055
31 4057
32 4056
34 4057
35 4057
36 4054
37 4058
38 4057
39 4056
40 4056
41 4055
42 4051
43 4055
44 4053
45 4057
46 4056
47 4054
48 4054
49 4055
50 4052
51 4058
52 4054
53 4056
54 4053
55 4054
56 4059
57 4053
58 4055
59 4056
60 4057
61 4055
62 4055
63 4057
64 4058
65 4056
66 4054
67 4056
68 4058
69 4057
70 4055
71 4055
72 4055
73 4052
74 4057
75 4057
76 4058
77 4055
78 4054
79 4055
80 4058
81 4057
82 4057
83 4055
84 4055
85 4053
86 4054
87 4057
88 4055
89 4055
90 4058
91 4053
92 4055
93 4058
94 4053
95 4059
96 4057
97 4056
98 4053
99 4059
100 4050
101 4059
102 4057
103 4053
104 4056
105 4059
106 4055
107 4055
108 4057
109 4055
110 4060
111 4057
112 4054
113 4057
114 4055
115 4054
116 4057
117 4054
118 4052
119 4055
120 4055
121 4057
122 4056
123 4056
124 4054
125 4060
126 4056
127 4057
128 4057
129 4059
130 4055
131 4060
132 4058
133 4060
134 4060
135 4057
136 4060
137 4057
138 4058
139 4059
140 4058
141 4064
142 4060
143 4059
144 4056
145 4059
146 4060
147 4060
148 4060
149 4060
150 4057
151 4063
152 4056
153 4058
154 4057
155 4060
156 4057
157 4059
158 4057
159 4057
160 4057
161 4056
162 4060
163 4061
164 4061
165 4059
166 4058
167 4058
168 4057
169 4061
170 4057
171 4057
172 4054
173 4056
174 4058
175 4057
176 4060
177 4060
178 4057
179 4060
180 4060
181 4057
182 4056
183 4060
184 4056
185 4058
186 4061
187 4057
188 4057
189 4056
190 4060
191 4060
192 4058
193 4061
194 4061
195 4056
196 4058
197 4058
198 4058
199 4059
200 4057
201 4061
202 4058
203 4057
204 4055
205 4060
206 4057
207 4057
208 4058
209 4059
210 4059
211 4058
212 4055
213 4059
214 4057
215 4059
216 4057
217 4058
218 4064
219 4055
220 4061
221 4059
222 4058
223 4059
224 4060
225 4058
226 4057
227 4056
228 4058
229 4060
230 4055
231 4061
232 4058
233 4060
234 4061
235 4057
236 4058
237 4059
238 4064
239 4064
240 4059
241 4058
242 4056
243 4058
244 4058
245 4058
246 4057
247 4058
248 4059
249 4055
250 4058
251 4062
252 4056
253 4064
254 4058
255 4057
256 4060
257 4059
258 4058
259 4060
260 4059
261 4057
262 4057
263 4057
264 4058
265 4060
266 4061
267 4065
268 4057
269 4061
270 4058
271 4055
272 4061
273 4055
274 4058
275 4061
276 4059
277 4057
278 4058
279 4059
280 4055
281 4058
282 4057
283 4059
284 4057
285 4059
286 4060
287 4057
288 4057
289 4054
290 4059
291 4057
292 4056
293 4060
294 4057
295 4059
296 4061
297 4060
298 4059
299 4057
300 4056
301 4062
302 4056
303 4055
304 4058
305 4060
306 4054
307 4057
308 4058
309 4056
310 4060
311 4058
312 4057
313 4062
314 4058
315 4057
316 4056
317 4060
318 4057
319 4058
320 4061
321 4060
322 4059
323 4055
324 4058
325 4061
326 4059
327 4060
328 4059
329 4061
330 4058
331 4060
332 4057
333 4060
334 4060
335 4060
336 4059
337 4057
338 4060
339 4059
340 4056
341 4060
342 4055
343 4057
344 4055
345 4057
346 4059
347 4059
348 4057
349 4061
350 4057
351 4061
352 4058
353 4059
354 4060
355 4057
356 4064
357 4055
358 4057
359 4057
360 4058
361 4058
362 4058
363 4062
364 4057
365 4059
366 4057
367 4057
368 4062
369 4060
370 4060
371 4061
372 4058
373 4057
374 4058
375 4061
376 4055
377 4061
378 4058
379 4054
380 4055
381 4061
382 4056
383 4060
384 4061
385 4057
386 4060
387 4056
388 4057
389 4060
390 4057
391 4061
392 4055
393 4059
394 4058
395 4059
396 4059
397 4057
398 4060
399 4064
400 4060
401 4061
402 4055
403 4061
404 4061
405 4060
406 4057
407 4060
408 4057
409 4060
410 4058
411 4058
412 4058
413 4061
414 4060
415 4057
416 4059
417 4056
418 4062
419 4061
420 4059
421 4059
422 4062
423 4061
424 4056
425 4058
426 4058
427 4058
428 4060
429 4060
430 4060
431 4060
432 4060
433 4062
434 4058
435 4060
436 4057
437 4054
438 4061
439 4057
440 4055
441 4060
442 4059
443 4058
444 4060
445 4057
446 4056
447 4058
448 4056
449 4059
450 4060
451 4064
452 4055
453 4061
454 4058
455 4058
456 4055
457 4057
458 4057
459 4056
460 4059
461 4057
462 4056
463 4060
464 4056
465 4061
466 4061
467 4056
468 4060
469 4056
470 4060
471 4060
472 4059
473 4064
474 4062
475 4060
476 4060
477 4057
478 4060
479 4059
480 4058
481 4058
482 4055
483 4059
484 4060
485 4057
486 4056
487 4055
488 4057
489 4061
490 4058
491 4060
492 4055
493 4060
494 4057
495 4056
496 4058
497 4057
498 4056
499 4058
500 4057
501 4064
502 4053
503 4059
504 4060
505 4059
506 4060
507 4060
508 4056
509 4057
510 4058
511 4059
512 4058
513 4056
514 4060
515 4059
516 4057
517 4053
518 4057
519 4057
520 4056
521 4061
522 4060
523 4060
524 4056
525 4064
526 4055
527 4057
528 4055
529 4059
530 4057
531 4060
532 4055
533 4064
534 4057
535 4060
536 4059
537 4064
538 4057
539 4058
540 4060
541 4059
542 4060
543 4062
544 4058
545 4060
546 4059
547 4057
548 4057
549 4062
550 4061
551 4061
552 4060
553 4056
554 4056
555 4057
556 4060
557 4057
558 4057
559 4059
560 4057
561 4057
562 4058
563 4059
564 4058
565 4057
566 4061
567 4057
568 4057
569 4057
570 4055
571 4060
572 4058
573 4060
574 4058
575 4061
576 4059
577 4056
578 4059
579 4060
580 4055
581 4055
582 4060
583 4058
584 4057
585 4060
586 4059
587 4058
588 4057
589 4058
590 4058
591 4058
592 4055
593 4058
594 4059
595 4058
596 4057
597 4058
598 4057
599 4057
600 4064
601 4061
602 4057
603 4059
604 4058
605 4058
606 4058
607 4056
608 4057
609 4057
610 4056
611 4060
612 4057
613 4058
614 4056
615 4057
616 4059
617 4054
618 4058
619 4059
620 4060
621 4062
622 4062
623 4057
624 4064
625 4059
626 4057
627 4056
628 4054
629 4061
630 4056
631 4060
632 4058
633 4057
634 4057
635 4059
636 4062
637 4057
638 4057
639 4058
640 4057
641 4058
642 4058
643 4062
644 4058
645 4061
646 4056
647 4057
648 4057
649 4058
650 4059
651 4062
652 4055
653 4061
654 4059
655 4058
656 4061
657 4060
658 4061
659 4060
660 4057
661 4057
662 4059
663 4056
664 4058
665 4056
666 4059
667 4056
668 4060
669 4056
670 4057
671 4058
672 4060
673 4057
674 4057
675 4057
676 4057
677 4055
678 4058
679 4057
680 4061
681 4055
682 4056
683 4058
684 4059
685 4061
686 4059
687 4058
688 4058
689 4057
690 4059
691 4057
692 4057
693 4057
694 4061
695 4059
696 4059
697 4058
698 4057
699 4057
700 4057
701 4060
702 4054
703 4060
704 4058
705 4058
706 4059
707 4059
708 4053
709 4058
710 4059
711 4060
712 4059
713 4058
714 4059
715 4062
716 4058
717 4060
718 4061
719 4059
720 4059
721 4060
722 4064
723 4060
724 4058
725 4061
726 4056
727 4059
728 4059
729 4058
730 4058
731 4060
732 4057
733 4058
734 4058
735 4059
736 4056
737 4058
738 4057
739 4059
740 4055
741 4057
742 4058
743 4058
744 4055
745 4060
746 4059
747 4062
748 4060
749 4061
750 4058
751 4064
752 4059
753 4058
754 4058
755 4059
756 4061
757 4057
758 4058
759 4056
760 4057
761 4058
762 4060
763 4055
764 4059
765 4052
766 4060
767 4057
768 4060
769 4057
770 4057
771 4059
772 4060
773 4060
774 4059
775 4058
776 4055
777 4056
778 4060
779 4059
780 4059
781 4056
782 4061
783 4058
784 4058
785 4058
786 4057
787 4057
788 4060
789 4059
790 4060
791 4060
792 4061
793 4062
794 4060
795 4061
796 4058
797 4058
798 4062
799 4057
800 4058
801 4059
802 4056
803 4059
804 4061
805 4060
806 4056
807 4060
808 4057
809 4059
810 4057
811 4057
812 4055
813 4058
814 4057
815 4056
816 4057
817 4061
818 4061
819 4064
820 4058
821 4060
822 4057
823 4058
824 4058
825 4057
826 4057
827 4055
828 4055
829 4061
830 4059
831 4057
832 4058
833 4056
834 4057
835 4057
836 4058
837 4056
838 4060
839 4055
840 4057
841 4061
842 4061
843 4053
844 4062
845 4058
846 4059
847 4059
848 4057
849 4058
850 4059
851 4060
852 4058
853 4058
854 4055
855 4058
856 4056
857 4058
858 4060
859 4058
860 4058
861 4060
862 4058
863 4059
864 4057
865 4060
866 4057
867 4058
868 4060
869 4060
870 4057
871 4057
872 4057
873 4059
874 4057
875 4059
876 4058
877 4056
878 4059
879 4059
880 4061
881 4060
882 4058
883 4057
884 4055
885 4054
886 4059
887 4059
888 4059
889 4058
890 4055
891 4059
892 4058
893 4059
894 4058
895 4061
896 4057
897 4058
898 4054
899 4060
900 4054
901 4064
902 4058
903 4053
904 4056
905 4059
906 4057
907 4058
908 4057
909 4055
910 4056
911 4057
912 4058
913 4060
914 4058
915 4060
916 4056
917 4058
918 4059
919 4058
920 4058
921 4060
922 4057
923 4059
924 4057
925 4058
926 4057
927 4059
928 4061
929 4056
930 4058
931 4057
932 4060
933 4059
934 4057
935 4058
936 4058
937 4059
938 4058
939 4058
940 4060
941 4061
942 4057
943 4057
944 4057
945 4060
946 4058
947 4059
948 4056
949 4059
950 4055
951 4064
952 4057
953 4056
954 4058
955 4057
956 4055
957 4057
958 4059
959 4060
960 4059
961 4057
962 4060
963 4056
964 4059
965 4059
966 4052
967 4062
968 4061
969 4060
970 4058
971 4059
972 4060
973 4055
974 4061
975 4055
976 4055
977 4058
978 4059
979 4060
980 4051
981 4059
982 4060
983 4059
984 4058
985 4058
986 4057
987 4059
988 4059
989 4059
990 4060
991 4060
992 4056
993 4062
994 4056
995 4058
996 4057
997 4060
998 4060
999 4060
1000 4060
1001 4064
1002 4057
1003 4057
1004 4061
1005 4057
1006 4056
1007 4059
1008 4057
1009 4059
1010 4058
1011 4061
1012 4059
1013 4060
1014 4056
1015 4061
1016 4059
1017 4057
1018 4060
1019 4060
1020 4058
1021 4059
1022 4058
1023 4060
1024 4060
1025 4060
1026 4058
1027 4059
1028 4059
1029 4058
1030 4057
1031 4056
1032 4056
1033 4064
1034 4057
1035 4059
1036 4059
1037 4059
1038 4059
1039 4060
1040 4059
1041 4059
1042 4055
1043 4059
1044 4059
1045 4061
1046 4055
1047 4057
1048 4058
1049 4057
1050 4060
1051 4064
1052 4058
1053 4057
1054 4057
1055 4062
1056 4058
1057 4060
1058 4058
1059 4054
1060 4057
1061 4059
1062 4058
1063 4057
1064 4056
1065 4060
1066 4060
1067 4055
1068 4058
1069 4060
1070 4059
1071 4059
1072 4057
1073 4061
1074 4057
1075 4059
1076 4062
1077 4061
1078 4064
1079 4057
1080 4060
1081 4059
1082 4058
1083 4060
1084 4054
1085 4059
1086 4059
1087 4060
1088 4061
1089 4064
1090 4060
1091 4059
1092 4055
1093 4061
1094 4055
1095 4060
1096 4060
1097 4058
1098 4056
1099 4058
1100 4058
1101 4060
1102 4058
1103 4057
1104 4057
1105 4064
1106 4057
1107 4056
1108 4057
1109 4055
1110 4059
1111 4060
1112 4059
1113 4058
1114 4062
1115 4061
1116 4060
1117 4060
1118 4058
1119 4058
1120 4057
1121 4063
1122 4058
1123 4058
1124 4061
1125 4057
1126 4061
1127 4059
1128 4057
1129 4059
1130 4061
1131 4059
1132 4057
1133 4055
1134 4060
1135 4059
1136 4059
1137 4057
1138 4056
1139 4058
1140 4060
1141 4056
1142 4055
1143 4057
1144 4057
1145 4059
1146 4060
1147 4058
1148 4061
1149 4060
1150 4062
1151 4061
1152 4054
1153 4062
1154 4058
1155 4061
1156 4061
1157 4059
1158 4057
1159 4060
1160 4060
1161 4056
1162 4060
1163 4058
1164 4058
1165 4058
1166 4055
1167 4057
1168 4057
1169 4058
1170 4058
1171 4057
1172 4057
1173 4062
1174 4055
1175 4060
1176 4061
1177 4059
1178 4056
1179 4061
1180 4054
1181 4058
1182 4058
1183 4059
1184 4056
1185 4060
1186 4061
1187 4059
1188 4059
1189 4058
1190 4061
1191 4058
1192 4059
1193 4061
1194 4056
1195 4058
1196 4056
1197 4058
1198 4058
1199 4058
1200 4064
1201 4060
1202 4055
1203 4057
1204 4056
1205 4055
1206 4054
1207 4057
1208 4056
1209 4056
1210 4057
1211 4056
1212 4055
1213 4055
1214 4059
1215 4060
1216 4057
1217 4061
1218 4058
1219 4060
1220 4057
1221 4060
1222 4057
1223 4056
1224 4053
1225 4060
1226 4056
1227 4056
1228 4053
1229 4054
1230 4055
1231 4057
1232 4056
1233 4054
1234 4054
1235 4057
1236 4058
1237 4055
1238 4054
1239 4059
1240 4057
1241 4056
1242 4056
1243 4059
1244 4055
1245 4055
1246 4061
1247 4056
1248 4055
1249 4061
1250 4055
1251 4061
1252 4055
1253 4061
1254 4056
1255 4058
1256 4057
1257 4055
1258 4057
1259 4058
1260 4055
1261 4059
1262 4059
1263 4061
1264 4059
1265 4058
1266 4058
1267 4060
1268 4055
1269 4060
1270 4060
1271 4058
1272 4059
1273 4059
1274 4056
1275 4059
1276 4056
1277 4058
1278 4059
1279 4061
1280 4061
1281 4055
1282 4057
1283 4060
1284 4058
1285 4060
1286 4057
1287 4057
1288 4059
1289 4061
1290 4052
1291 4059
1292 4056
1293 4060
1294 4058
1295 4059
1296 4057
1297 4057
1298 4059
1299 4057
1300 4060
1301 4063
1302 4053
1303 4060
1304 4059
1305 4061
1306 4057
1307 4060
1308 4057
1309 4057
1310 4058
1311 4060
1312 4059
1313 4061
1314 4060
1315 4059
1316 4058
1317 4059
1318 4060
1319 4058
1320 4057
1321 4058
1322 4054
1323 4058
1324 4058
1325 4055
1326 4055
1327 4060
1328 4059
1329 4058
1330 4059
1331 4057
1332 4056
1333 4061
1334 4059
1335 4062
1336 4058
1337 4059
1338 4059
1339 4060
1340 4056
1341 4060
1342 4056
1343 4057
1344 4058
1345 4060
1346 4060
1347 4059
1348 4056
1349 4055
1350 4058
1351 4061
1352 4054
1353 4058
1354 4055
1355 4057
1356 4057
1357 4057
1358 4058
1359 4060
1360 4059
1361 4061
1362 4055
1363 4061
1364 4059
1365 4059
1366 4058
1367 4059
1368 4059
1369 4061
1370 4057
1371 4058
1372 4057
1373 4059
1374 4057
1375 4061
1376 4057
1377 4060
1378 4061
1379 4060
1380 4058
1381 4057
1382 4058
1383 4060
1384 4061
1385 4059
1386 4059
1387 4061
1388 4058
1389 4061
1390 4059
1391 4059
1392 4057
1393 4064
1394 4058
1395 4059
1396 4060
1397 4060
1398 4057
1399 4057
1400 4059
1401 4059
1402 4052
1403 4056
1404 4057
1405 4059
1406 4059
1407 4059
1408 4054
1409 4061
1410 4055
1411 4060
1412 4059
1413 4057
1414 4058
1415 4060
1416 4058
1417 4057
1418 4062
1419 4060
1420 4058
1421 4058
1422 4056
1423 4059
1424 4059
1425 4055
1426 4056
1427 4055
1428 4060
1429 4060
1430 4060
1431 4059
1432 4053
1433 4059
1434 4062
1435 4062
1436 4055
1437 4062
1438 4057
1439 4059
1440 4057
1441 4059
1442 4055
1443 4056
1444 4059
1445 4059
1446 4060
1447 4060
1448 4060
1449 4061
1450 4059
1451 4064
1452 4059
1453 4057
1454 4060
1455 4064
1456 4057
1457 4060
1458 4058
1459 4060
1460 4057
1461 4057
1462 4059
1463 4059
1464 4054
1465 4060
1466 4057
1467 4058
1468 4057
1469 4058
1470 4057
1471 4057
1472 4060
1473 4059
1474 4057
1475 4058
1476 4061
1477 4060
1478 4060
1479 4059
1480 4058
1481 4060
1482 4060
1483 4056
1484 4058
1485 4058
1486 4057
1487 4057
1488 4055
1489 4057
1490 4058
1491 4060
1492 4059
1493 4060
1494 4061
1495 4059
1496 4060
1497 4060
1498 4057
1499 4057
1500 4056
1501 4064
1502 4056
1503 4058
1504 4060
1505 4060
1506 4061
1507 4057
1508 4061
1509 4057
1510 4058
1511 4061
1512 4059
1513 4058
1514 4057
1515 4060
1516 4059
1517 4058
1518 4060
1519 4057
1520 4060
1521 4058
1522 4057
1523 4057
1524 4060
1525 4060
1526 4059
1527 4059
1528 4058
1529 4056
1530 4057
1531 4059
1532 4057
1533 4060
1534 4059
1535 4060
1536 4055
1537 4064
1538 4056
1539 4059
1540 4061
1541 4059
1542 4058
1543 4062
1544 4056
1545 4059
1546 4060
1547 4060
1548 4057
1549 4056
1550 4061
1551 4062
1552 4054
1553 4060
1554 4056
1555 4056
1556 4060
1557 4058
1558 4059
1559 4057
1560 4057
1561 4059
1562 4057
1563 4060
1564 4060
1565 4057
1566 4055
1567 4059
1568 4058
1569 4062
1570 4058
1571 4061
1572 4060
1573 4060
1574 4058
1575 4057
1576 4057
1577 4059
1578 4057
1579 4057
1580 4058
1581 4055
1582 4058
1583 4056
1584 4058
1585 4059
1586 4060
1587 4057
1588 4061
1589 4056
1590 4057
1591 4055
1592 4055
1593 4060
1594 4056
1595 4057
1596 4058
1597 4058
1598 4058
1599 4060
1600 4057
1601 4061
1602 4055
1603 4057
1604 4058
1605 4058
1606 4059
1607 4059
1608 4056
1609 4057
1610 4055
1611 4060
1612 4057
1613 4059
1614 4059
1615 4059
1616 4056
1617 4057
1618 4060
1619 4062
1620 4057
1621 4055
1622 4058
1623 4057
1624 4058
1625 4060
1626 4060
1627 4055
1628 4059
1629 4057
1630 4058
1631 4059
1632 4058
1633 4055
1634 4064
1635 4059
1636 4057
1637 4061
1638 4060
1639 4060
1640 4059
1641 4059
1642 4060
1643 4057
1644 4055
1645 4055
1646 4058
1647 4057
1648 4058
1649 4060
1650 4058
1651 4062
1652 4055
1653 4058
1654 4060
1655 4058
1656 4059
1657 4057
1658 4059
1659 4056
1660 4058
1661 4058
1662 4056
1663 4056
1664 4058
1665 4057
1666 4059
1667 4057
1668 4059
1669 4061
1670 4058
1671 4058
1672 4060
1673 4060
1674 4060
1675 4060
1676 4060
1677 4059
1678 4056
1679 4061
1680 4056
1681 4057
1682 4059
1683 4057
1684 4055
1685 4062
1686 4056
1687 4061
1688 4059
1689 4058
1690 4058
1691 4056
1692 4056
1693 4060
1694 4058
1695 4057
1696 4055
1697 4058
1698 4058
1699 4060
1700 4062
1701 4061
1702 4056
1703 4060
1704 4059
1705 4061
1706 4059
1707 4055
1708 4057
1709 4058
1710 4058
1711 4054
1712 4057
1713 4058
1714 4056
1715 4059
1716 4058
1717 4055
1718 4059
1719 4057
1720 4059
1721 4059
1722 4059
1723 4060
1724 4058
1725 4058
1726 4058
1727 4056
1728 4055
1729 4055
1730 4060
1731 4058
1732 4058
1733 4061
1734 4055
1735 4057
1736 4058
1737 4059
1738 4057
1739 4060
1740 4058
1741 4057
1742 4058
1743 4059
1744 4058
1745 4059
1746 4060
1747 4061
1748 4055
1749 4058
1750 4060
1751 4061
1752 4055
1753 4061
1754 4057
1755 4060
1756 4061
1757 4057
1758 4060
1759 4057
1760 4059
1761 4056
1762 4059
1763 4059
1764 4056
1765 4062
1766 4059
1767 4060
1768 4058
1769 4060
1770 4058
1771 4058
1772 4056
1773 4059
1774 4057
1775 4058
1776 4058
1777 4056
1778 4057
1779 4059
1780 4061
1781 4060
1782 4057
1783 4058
1784 4057
1785 4057
1786 4056
1787 4059
1788 4057
1789 4058
1790 4058
1791 4058
1792 4056
1793 4060
1794 4059
1795 4059
1796 4059
1797 4060
1798 4057
1799 4059
1800 4060
1801 4058
1802 4056
1803 4055
1804 4060
1805 4059
1806 4060
1807 4055
1808 4059
1809 4057
1810 4061
1811 4055
1812 4057
1813 4061
1814 4058
1815 4058
1816 4057
1817 4057
1818 4058
1819 4061
1820 4056
1821 4061
1822 4058
1823 4061
1824 4057
1825 4061
1826 4055
1827 4058
1828 4058
1829 4060
1830 4060
1831 4057
1832 4057
1833 4060
1834 4057
1835 4059
1836 4057
1837 4058
1838 4058
1839 4060
1840 4059
1841 4060
1842 4058
1843 4055
1844 4057
1845 4058
1846 4058
1847 4056
1848 4058
1849 4059
1850 4060
1851 4061
1852 4053
1853 4055
1854 4059
1855 4057
1856 4057
1857 4061
1858 4060
1859 4058
1860 4061
1861 4059
1862 4061
1863 4060
1864 4058
1865 4059
1866 4058
1867 4058
1868 4056
1869 4058
1870 4055
1871 4061
1872 4059
1873 4056
1874 4057
1875 4059
1876 4057
1877 4059
1878 4058
1879 4061
1880 4057
1881 4055
1882 4055
1883 4056
1884 4057
1885 4058
1886 4060
1887 4060
1888 4057
1889 4055
1890 4056
1891 4057
1892 4058
1893 4060
1894 4054
1895 4058
1896 4059
1897 4061
1898 4061
1899 4057
1900 4061
1901 4061
1902 4057
1903 4062
1904 4057
1905 4059
1906 4057
1907 4057
1908 4060
1909 4060
1910 4058
1911 4057
1912 4059
1913 4060
1914 4057
1915 4061
1916 4059
1917 4060
1918 4064
1919 4060
1920 4055
1921 4061
1922 4059
1923 4059
1924 4061
1925 4060
1926 4060
1927 4057
1928 4057
1929 4059
1930 4057
1931 4057
1932 4059
1933 4058
1934 4056
1935 4059
1936 4061
1937 4058
1938 4060
1939 4062
1940 4055
1941 4059
1942 4060
1943 4059
1944 4058
1945 4062
1946 4060
1947 4058
1948 4055
1949 4060
1950 4056
1951 4061
1952 4055
1953 4062
1954 4058
1955 4057
1956 4060
1957 4058
1958 4058
1959 4057
1960 4059
1961 4058
1962 4056
1963 4060
1964 4060
1965 4059
1966 4060
1967 4058
1968 4059
1969 4055
1970 4058
1971 4058
1972 4057
1973 4060
1974 4057
1975 4061
1976 4058
1977 4057
1978 4060
1979 4057
1980 4055
1981 4059
1982 4059
1983 4060
1984 4059
1985 4061
1986 4049
1987 4059
1988 4059
1989 4058
1990 4059
1991 4059
1992 4057
1993 4058
1994 4058
1995 4058
1996 4058
1997 4056
1998 4059
1999 4058
2000 4059
2001 4061
2002 4057
2003 4057
2004 4055
2005 4059
2006 4057
2007 4058
2008 4057
2009 4057
2010 4061
2011 4057
2012 4059
2013 4061
2014 4057
2015 4055
2016 4056
2017 4057
2018 4059
2019 4057
2020 4060
2021 4059
2022 4058
2023 4060
2024 4059
2025 4059
2026 4059
2027 4057
2028 4058
2029 4061
2030 4059
2031 4060
2032 4058
2033 4057
2034 4057
2035 4064
2036 4057
2037 4058
2038 4059
2039 4060
2040 4056
2041 4058
2042 4057
2043 4058
2044 4061
2045 4060
2046 4060
2047 4061
2048 4057
2049 4058
2050 4060
2051 4060
2052 4058
2053 4061
2054 4059
2055 4058
2056 4058
2057 4060
2058 4056
2059 4058
2060 4059
2061 4057
2062 4056
2063 4060
2064 4058
2065 4058
2066 4061
2067 4059
2068 4061
2069 4057
2070 4058
2071 4059
2072 4057
2073 4061
2074 4054
2075 4061
2076 4057
2077 4058
2078 4060
2079 4059
2080 4058
2081 4056
2082 4060
2083 4060
2084 4057
2085 4064
2086 4060
2087 4060
2088 4058
2089 4060
2090 4060
2091 4058
2092 4060
2093 4059
2094 4058
2095 4059
2096 4061
2097 4060
2098 4059
2099 4056
2100 4057
2101 4064
2102 4057
2103 4060
2104 4058
2105 4060
2106 4058
2107 4057
2108 4060
2109 4056
2110 4056
2111 4057
2112 4057
2113 4061
2114 4057
2115 4059
2116 4062
2117 4061
2118 4059
2119 4059
2120 4056
2121 4059
2122 4057
2123 4057
2124 4058
2125 4058
2126 4056
2127 4057
2128 4062
2129 4057
2130 4061
2131 4064
2132 4058
2133 4058
2134 4056
2135 4059
2136 4055
2137 4057
2138 4061
2139 4060
2140 4057
2141 4060
2142 4059
2143 4059
2144 4059
2145 4061
2146 4057
2147 4064
2148 4056
2149 4060
2150 4059
2151 4060
2152 4055
2153 4058
2154 4058
2155 4059
2156 4061
2157 4056
2158 4060
2159 4059
2160 4059
2161 4057
2162 4059
2163 4059
2164 4057
2165 4057
2166 4059
2167 4058
2168 4057
2169 4057
2170 4059
2171 4056
2172 4059
2173 4056
2174 4058
2175 4058
2176 4057
2177 4057
2178 4059
2179 4058
2180 4056
2181 4057
2182 4061
2183 4057
2184 4055
2185 4059
2186 4055
2187 4058
2188 4056
2189 4058
2190 4061
2191 4059
2192 4055
2193 4061
2194 4059
2195 4058
2196 4057
2197 4061
2198 4057
2199 4056
2200 4055
2201 4065
2202 4055
2203 4058
2204 4057
2205 4058
2206 4056
2207 4056
2208 4060
2209 4056
2210 4058
2211 4059
2212 4055
2213 4058
2214 4055
2215 4058
2216 4057
2217 4059
2218 4060
2219 4057
2220 4060
2221 4057
2222 4053
2223 4061
2224 4058
2225 4058
2226 4057
2227 4061
2228 4057
2229 4057
2230 4061
2231 4056
2232 4060
2233 4057
2234 4059
2235 4057
2236 4055
2237 4060
2238 4058
2239 4057
2240 4057
2241 4059
2242 4054
2243 4061
2244 4059
2245 4059
2246 4060
2247 4060
2248 4058
2249 4058
2250 4057
2251 4064
2252 4054
2253 4057
2254 4055
2255 4058
2256 4053
2257 4059
2258 4058
2259 4060
2260 4059
2261 4060
2262 4055
2263 4057
2264 4061
2265 4060
2266 4059
2267 4058
2268 4059
2269 4059
2270 4060
2271 4057
2272 4057
2273 4059
2274 4059
2275 4060
2276 4060
2277 4058
2278 4059
2279 4059
2280 4058
2281 4061
2282 4059
2283 4061
2284 4060
2285 4057
2286 4057
2287 4061
2288 4058
2289 4059
2290 4059
2291 4054
2292 4059
2293 4060
2294 4060
2295 4059
2296 4056
2297 4060
2298 4059
2299 4058
2300 4056
2301 4058
2302 4055
2303 4058
2304 4056
2305 4060
2306 4057
2307 4060
2308 4057
2309 4059
2310 4060
2311 4061
2312 4061
2313 4064
2314 4057
2315 4057
2316 4060
2317 4058
2318 4059
2319 4056
2320 4060
2321 4060
2322 4057
2323 4062
2324 4056
2325 4057
2326 4055
2327 4060
2328 4058
2329 4057
2330 4058
2331 4060
2332 4061
2333 4057
2334 4060
2335 4058
2336 4058
2337 4059
2338 4056
2339 4060
2340 4057
2341 4057
2342 4060
2343 4058
2344 4058
2345 4058
2346 4056
2347 4057
2348 4058
2349 4058
2350 4058
2351 4062
2352 4055
2353 4060
2354 4058
2355 4057
2356 4058
2357 4058
2358 4060
2359 4058
2360 4058
2361 4064
2362 4055
2363 4061
2364 4061
2365 4057
2366 4057
2367 4056
2368 4061
2369 4060
2370 4060
2371 4061
2372 4060
2373 4055
2374 4057
2375 4060
2376 4055
2377 4058
2378 4058
2379 4060
2380 4060
2381 4060
2382 4057
2383 4057
2384 4057
2385 4058
2386 4061
2387 4058
2388 4059
2389 4058
2390 4058
2391 4061
2392 4056
2393 4062
2394 4054
2395 4053
2396 4056
2397 4059
2398 4060
2399 4059
2400 4061
2401 4062
2402 4057
2403 4057
2404 4057
2405 4056
2406 4059
2407 4058
2408 4058
2409 4061
2410 4060
2411 4058
2412 4058
2413 4059
2414 4058
2415 4059
2416 4055
2417 4056
2418 4059
2419 4056
2420 4057
2421 4060
2422 4057
2423 4059
2424 4061
2425 4061
2426 4057
2427 4060
2428 4058
2429 4059
2430 4058
2431 4059
2432 4058
2433 4060
2434 4055
2435 4060
2436 4057
2437 4062
2438 4058
2439 4056
2440 4056
2441 4056
2442 4060
2443 4058
2444 4057
2445 4056
2446 4061
2447 4059
2448 4059
2449 4057
2450 4058
2451 4060
2452 4055
2453 4059
2454 4058
2455 4058
2456 4055
2457 4057
2458 4056
2459 4059
2460 4057
2461 4059
2462 4058
2463 4058
2464 4057
2465 4060
2466 4055
2467 4059
2468 4062
2469 4055
2470 4057
2471 4061
2472 4058
2473 4057
2474 4055
2475 4054
2476 4059
2477 4055
2478 4057
2479 4060
2480 4060
2481 4064
2482 4059
2483 4058
2484 4058
2485 4057
2486 4057
2487 4057
2488 4055
2489 4059
2490 4057
2491 4058
2492 4056
2493 4059
2494 4055
2495 4057
2496 4058
2497 4058
2498 4058
2499 4060
2500 4060
2501 4059
2502 4054
2503 4059
2504 4057
2505 4060
2506 4057
2507 4055
2508 4058
2509 4059
2510 4059
2511 4060
2512 4056
2513 4059
2514 4059
2515 4059
2516 4058
2517 4055
2518 4059
2519 4059
2520 4060
2521 4056
2522 4058
2523 4059
2524 4055
2525 4058
2526 4056
2527 4059
2528 4058
2529 4057
2530 4058
2531 4060
2532 4062
2533 4061
2534 4059
2535 4056
2536 4064
2537 4061
2538 4059
2539 4060
2540 4059
2541 4058
2542 4054
2543 4060
2544 4060
2545 4058
2546 4059
2547 4059
2548 4059
2549 4059
2550 4057
2551 4062
2552 4055
2553 4058
2554 4059
2555 4061
2556 4056
2557 4057
2558 4058
2559 4059
2560 4061
2561 4057
2562 4060
2563 4057
2564 4059
2565 4061
2566 4060
2567 4056
2568 4060
2569 4056
2570 4058
2571 4060
2572 4060
2573 4058
2574 4059
2575 4059
2576 4055
2577 4056
2578 4055
2579 4057
2580 4059
2581 4061
2582 4058
2583 4059
2584 4059
2585 4059
2586 4057
2587 4061
2588 4059
2589 4057
2590 4060
2591 4056
2592 4057
2593 4064
2594 4056
2595 4059
2596 4058
2597 4059
2598 4058
2599 4056
2600 4059
2601 4060
2602 4055
2603 4059
2604 4058
2605 4057
2606 4056
2607 4055
2608 4062
2609 4060
2610 4057
2611 4059
2612 4057
2613 4057
2614 4056
2615 4057
2616 4057
2617 4056
2618 4061
2619 4057
2620 4058
2621 4057
2622 4054
2623 4057
2624 4059
2625 4057
2626 4055
2627 4059
2628 4059
2629 4059
2630 4060
2631 4056
2632 4057
2633 4057
2634 4059
2635 4061
2636 4056
2637 4058
2638 4056
2639 4056
2640 4059
2641 4058
2642 4059
2643 4057
2644 4061
2645 4060
2646 4058
2647 4059
2648 4057
2649 4056
2650 4055
2651 4059
2652 4055
2653 4058
2654 4059
2655 4055
2656 4058
2657 4060
2658 4058
2659 4057
2660 4057
2661 4059
2662 4060
2663 4060
2664 4060
2665 4059
2666 4059
2667 4059
2668 4061
2669 4058
2670 4057
2671 4056
2672 4055
2673 4055
2674 4058
2675 4060
2676 4058
2677 4057
2678 4056
2679 4060
2680 4057
2681 4059
2682 4057
2683 4055
2684 4057
2685 4059
2686 4056
2687 4057
2688 4058
2689 4057
2690 4055
2691 4060
2692 4056
2693 4054
2694 4057
2695 4055
2696 4058
2697 4058
2698 4056
2699 4057
2700 4059
2701 4062
2702 4056
2703 4056
2704 4059
2705 4056
2706 4057
2707 4059
2708 4055
2709 4058
2710 4059
2711 4059
2712 4055
2713 4060
2714 4060
2715 4057
2716 4059
2717 4055
2718 4061
2719 4057
2720 4057
2721 4058
2722 4057
2723 4057
2724 4054
2725 4055
2726 4058
2727 4057
2728 4057
2729 4059
2730 4061
2731 4059
2732 4057
2733 4057
2734 4060
2735 4054
2736 4057
2737 4058
2738 4055
2739 4060
2740 4056
2741 4056
2742 4055
2743 4055
2744 4056
2745 4057
2746 4058
2747 4059
2748 4057
2749 4060
2750 4057
2751 4064
2752 4055
2753 4056
2754 4057
2755 4057
2756 4055
2757 4061
2758 4061
2759 4060
2760 4057
2761 4060
2762 4064
2763 4054
2764 4054
2765 4056
2766 4058
2767 4058
2768 4057
2769 4059
2770 4054
2771 4058
2772 4060
2773 4058
2774 4060
2775 4060
2776 4060
2777 4059
2778 4059
2779 4055
2780 4058
2781 4057
2782 4055
2783 4056
2784 4060
2785 4057
2786 4061
2787 4059
2788 4057
2789 4059
2790 4055
2791 4057
2792 4059
2793 4064
2794 4057
2795 4058
2796 4057
2797 4056
2798 4055
2799 4057
2800 4056
2801 4061
2802 4055
2803 4059
2804 4058
2805 4059
2806 4057
2807 4058
2808 4056
2809 4060
2810 4057
2811 4060
2812 4057
2813 4059
2814 4058
2815 4058
2816 4060
2817 4059
2818 4057
2819 4056
2820 4059
2821 4057
2822 4059
2823 4058
2824 4056
2825 4056
2826 4056
2827 4055
2828 4057
2829 4056
2830 4058
2831 4059
2832 4055
2833 4058
2834 4055
2835 4058
2836 4056
2837 4055
2838 4060
2839 4057
2840 4058
2841 4059
2842 4053
2843 4061
2844 4057
2845 4057
2846 4055
2847 4056
2848 4061
2849 4057
2850 4058
2851 4059
2852 4053
2853 4058
2854 4054
2855 4058
2856 4054
2857 4058
2858 4061
2859 4055
2860 4056
2861 4059
2862 4058
2863 4058
2864 4058
2865 4059
2866 4057
2867 4055
2868 4055
2869 4057
2870 4059
2871 4058
2872 4057
2873 4059
2874 4057
2875 4055
2876 4058
2877 4054
2878 4060
2879 4057
2880 4057
2881 4058
2882 4058
2883 4058
2884 4056
2885 4060
2886 4055
2887 4055
2888 4060
2889 4061
2890 4057
2891 4057
2892 4056
2893 4064
2894 4059
2895 4058
2896 4059
2897 4060
2898 4058
2899 4057
2900 4057
2901 4061
2902 4053
2903 4058
2904 4057
2905 4060
2906 4055
2907 4058
2908 4056
2909 4061
2910 4055
2911 4061
2912 4058
2913 4060
2914 4057
2915 4056
2916 4055
2917 4055
2918 4056
2919 4064
2920 4058
2921 4056
2922 4056
2923 4059
2924 4058
2925 4056
2926 4058
2927 4059
2928 4057
2929 4057
2930 4058
2931 4055
2932 4057
2933 4058
2934 4060
2935 4058
2936 4057
2937 4058
2938 4057
2939 4060
2940 4057
2941 4057
2942 4055
2943 4061
2944 4056
2945 4058
2946 4059
2947 4057
2948 4059
2949 4058
2950 4055
2951 4064
2952 4053
2953 4060
2954 4061
2955 4057
2956 4055
2957 4057
2958 4058
2959 4059
2960 4056
2961 4056
2962 4059
2963 4059
2964 4056
2965 4058
2966 4058
2967 4060
2968 4060
2969 4057
2970 4056
2971 4057
2972 4059
2973 4060
2974 4059
2975 4056
2976 4056
2977 4058
2978 4061
2979 4059
2980 4056
2981 4059
2982 4055
2983 4057
2984 4059
2985 4059
2986 4055
2987 4056
2988 4060
2989 4055
2990 4055
2991 4057
2992 4055
2993 4057
2994 4060
2995 4056
2996 4057
2997 4055
2998 4057
2999 4058
3000 4057
3001 4061
3002 4055
3003 4059
3004 4057
3005 4061
3006 4056
3007 4056
3008 4057
3009 4058
3010 4058
3011 4058
3012 4060
3013 4059
3014 4056
3015 4060
3016 4057
3017 4058
3018 4055
3019 4059
3020 4059
3021 4061
3022 4061
3023 4061
3024 4061
3025 4058
3026 4057
3027 4056
3028 4057
3029 4058
3030 4057
3031 4057
3032 4058
3033 4058
3034 4058
3035 4061
3036 4056
3037 4059
3038 4060
3039 4060
3040 4058
3041 4058
3042 4057
3043 4058
3044 4057
3045 4059
3046 4058
3047 4057
3048 4056
3049 4058
3050 4057
3051 4061
3052 4057
3053 4055
3054 4057
3055 4060
3056 4056
3057 4056
3058 4057
3059 4059
3060 4059
3061 4058
3062 4056
3063 4059
3064 4058
3065 4059
3066 4060
3067 4057
3068 4057
3069 4060
3070 4055
3071 4055
3072 4057
3073 4055
3074 4055
3075 4058
3076 4055
3077 4060
3078 4060
3079 4058
3080 4058
3081 4058
3082 4058
3083 4058
3084 4055
3085 4057
3086 4055
3087 4060
3088 4056
3089 4057
3090 4060
3091 4057
3092 4057
3093 4057
3094 4054
3095 4061
3096 4057
3097 4055
3098 4057
3099 4060
3100 4060
3101 4062
3102 4050
3103 4056
3104 4057
3105 4060
3106 4057
3107 4057
3108 4055
3109 4054
3110 4059
3111 4057
3112 4057
3113 4056
3114 4053
3115 4053
3116 4057
3117 4057
3118 4056
3119 4055
3120 4052
3121 4055
3122 4055
3123 4056
3124 4053
3125 4057
3126 4053
3127 4055
3128 4056
3129 4057
3130 4054
3131 4057
3132 4057
3133 4057
3134 4056
3135 4055
3136 4057
3137 4054
3138 4057
3139 4057
3140 4057
3141 4057
3142 4055
3143 4056
3144 4055
3145 4054
3146 4057
3147 4057
3148 4057
3149 4054
3150 4054
3151 4059
3152 4054
3153 4053
3154 4056
3155 4055
3156 4055
3157 4058
3158 4052
3159 4056
3160 4057
3161 4055
3162 4059
3163 4053
3164 4055
3165 4057
3166 4060
3167 4055
3168 4056
3169 4057
3170 4055
3171 4053
3172 4053
3173 4052
3174 4057
3175 4057
3176 4059
3177 4057
3178 4059
3179 4056
3180 4056
3181 4057
3182 4055
3183 4058
3184 4057
3185 4064
3186 4057
3187 4061
3188 4054
3189 4055
3190 4059
3191 4055
3192 4057
3193 4058
3194 4055
3195 4055
3196 4058
3197 4057
3198 4055
3199 4057
3200 4056
3201 4064
3202 4054
3203 4057
3204 4059
3205 4055
3206 4058
3207 4058
3208 4057
3209 4058
3210 4057
3211 4055
3212 4055
3213 4058
3214 4054
3215 4055
3216 4057
3217 4053
3218 4060
3219 4057
3220 4056
3221 4058
3222 4058
3223 4057
3224 4059
3225 4059
3226 4058
3227 4057
3228 4056
3229 4057
3230 4055
3231 4056
3232 4057
3233 4061
3234 4059
3235 4058
3236 4061
3237 4059
3238 4060
3239 4061
3240 4056
3241 4056
3242 4056
3243 4060
3244 4060
3245 4059
3246 4057
3247 4060
3248 4059
3249 4057
3250 4055
3251 4062
3252 4057
3253 4060
3254 4058
3255 4058
3256 4057
3257 4058
3258 4057
3259 4058
3260 4057
3261 4058
3262 4059
3263 4058
3264 4056
3265 4057
3266 4058
3267 4055
3268 4056
3269 4059
3270 4057
3271 4058
3272 4057
3273 4058
3274 4057
3275 4064
3276 4058
3277 4057
3278 4057
3279 4056
3280 4058
3281 4057
3282 4055
3283 4054
3284 4059
3285 4055
3286 4057
3287 4062
3288 4060
3289 4057
3290 4057
3291 4058
3292 4057
3293 4059
3294 4059
3295 4058
3296 4058
3297 4061
3298 4060
3299 4055
3300 4059
3301 4063
3302 4054
3303 4060
3304 4057
3305 4061
3306 4056
3307 4059
3308 4056
3309 4060
3310 4054
3311 4058
3312 4057
3313 4060
3314 4058
3315 4059
3316 4054
3317 4059
3318 4061
3319 4058
3320 4057
3321 4058
3322 4056
3323 4060
3324 4058
3325 4061
3326 4060
3327 4061
3328 4054
3329 4060
3330 4057
3331 4060
3332 4061
3333 4056
3334 4058
3335 4061
3336 4058
3337 4059
3338 4059
3339 4053
3340 4059
3341 4060
3342 4057
3343 4059
3344 4056
3345 4059
3346 4061
3347 4060
3348 4058
3349 4058
3350 4055
3351 4061
3352 4057
3353 4056
3354 4060
3355 4059
3356 4060
3357 4058
3358 4058
3359 4057
3360 4059
3361 4057
3362 4058
3363 4057
3364 4055
3365 4061
3366 4059
3367 4055
3368 4059
3369 4055
3370 4059
3371 4056
3372 4058
3373 4054
3374 4060
3375 4060
3376 4055
3377 4056
3378 4058
3379 4058
3380 4056
3381 4058
3382 4056
3383 4058
3384 4057
3385 4060
3386 4056
3387 4055
3388 4055
3389 4058
3390 4060
3391 4055
3392 4055
3393 4057
3394 4057
3395 4059
3396 4057
3397 4056
3398 4057
3399 4061
3400 4057
3401 4061
3402 4053
3403 4059
3404 4062
3405 4055
3406 4057
3407 4061
3408 4057
3409 4058
3410 4057
3411 4056
3412 4053
3413 4060
3414 4058
3415 4057
3416 4059
3417 4057
3418 4058
3419 4058
3420 4060
3421 4057
3422 4056
3423 4056
3424 4060
3425 4058
3426 4059
3427 4059
3428 4056
3429 4058
3430 4057
3431 4059
3432 4058
3433 4058
3434 4056
3435 4060
3436 4056
3437 4061
3438 4056
3439 4057
3440 4057
3441 4057
3442 4057
3443 4057
3444 4055
3445 4058
3446 4055
3447 4061
3448 4059
3449 4056
3450 4055
3451 4060
3452 4052
3453 4060
3454 4058
3455 4060
3456 4057
3457 4059
3458 4055
3459 4057
3460 4058
3461 4056
3462 4056
3463 4056
3464 4055
3465 4058
3466 4064
3467 4055
3468 4060
3469 4060
3470 4057
3471 4061
3472 4058
3473 4055
3474 4055
3475 4059
3476 4057
3477 4057
3478 4058
3479 4059
3480 4058
3481 4056
3482 4061
3483 4054
3484 4058
3485 4058
3486 4054
3487 4058
3488 4058
3489 4064
3490 4059
3491 4062
3492 4059
3493 4057
3494 4058
3495 4059
3496 4056
3497 4061
3498 4059
3499 4059
3500 4058
3501 4061
3502 4056
3503 4060
3504 4060
3505 4060
3506 4059
3507 4058
3508 4056
3509 4057
3510 4060
3511 4056
3512 4057
3513 4057
3514 4055
3515 4059
3516 4060
3517 4057
3518 4053
3519 4057
3520 4057
3521 4062
3522 4057
3523 4057
3524 4055
3525 4059
3526 4055
3527 4057
3528 4053
3529 4057
3530 4062
3531 4061
3532 4061
3533 4056
3534 4055
3535 4061
3536 4058
3537 4059
3538 4059
3539 4060
3540 4055
3541 4055
3542 4057
3543 4058
3544 4057
3545 4057
3546 4059
3547 4057
3548 4060
3549 4057
3550 4058
3551 4064
3552 4054
3553 4059
3554 4057
3555 4057
3556 4058
3557 4056
3558 4054
3559 4058
3560 4060
3561 4060
3562 4057
3563 4059
3564 4058
3565 4059
3566 4061
3567 4057
3568 4061
3569 4059
3570 4056
3571 4058
3572 4060
3573 4060
3574 4056
3575 4061
3576 4061
3577 4057
3578 4058
3579 4056
3580 4061
3581 4060
3582 4057
3583 4059
3584 4055
3585 4060
3586 4057
3587 4058
3588 4055
3589 4060
3590 4055
3591 4060
3592 4057
3593 4058
3594 4058
3595 4058
3596 4060
3597 4058
3598 4061
3599 4060
3600 4055
3601 4064
3602 4055
3603 4058
3604 4058
3605 4057
3606 4056
3607 4064
3608 4060
3609 4061
3610 4060
3611 4061
3612 4057
3613 4060
3614 4056
3615 4060
3616 4057
3617 4057
3618 4057
3619 4058
3620 4058
3621 4059
3622 4058
3623 4058
3624 4060
3625 4058
3626 4057
3627 4060
3628 4054
3629 4059
3630 4064
3631 4054
3632 4059
3633 4060
3634 4060
3635 4061
3636 4058
3637 4059
3638 4059
3639 4059
3640 4056
3641 4059
3642 4057
3643 4061
3644 4056
3645 4056
3646 4059
3647 4057
3648 4056
3649 4058
3650 4056
3651 4062
3652 4054
3653 4059
3654 4060
3655 4062
3656 4055
3657 4061
3658 4058
3659 4060
3660 4057
3661 4059
3662 4059
3663 4057
3664 4056
3665 4058
3666 4056
3667 4058
3668 4058
3669 4057
3670 4059
3671 4060
3672 4058
3673 4061
3674 4058
3675 4058
3676 4059
3677 4061
3678 4057
3679 4055
3680 4058
3681 4057
3682 4056
3683 4059
3684 4058
3685 4060
3686 4056
3687 4064
3688 4057
3689 4061
3690 4058
3691 4055
3692 4059
3693 4057
3694 4060
