#Data from the TCD1304 linear CCD
#column 1 = pixelnumber , column 2 = pixelvalue
#Pixel 1-32 and 3679-3694 and are dummy pixels
#SH-period: 200    ICG-period: 100000    Integration time: 100.0 us
2 4034
3 4037
4 4055
5 4053
6 4054
7 4055
8 4054
9 4053
10 4055
11 4053
12 4056
13 4055
14 4059
15 4052
16 4054
17 4055
18 4057
19 4053
20 4052
21 4056
22 4056
23 4053
24 4054
25 4054
26 4056
27 4055
28 4053
29 4053
30 4052
31 4056
32 4056
34 4050
35 4058
36 4056
37 4054
38 4050
39 4052
40 4052
41 4055
42 4056
43 4053
44 4055
45 4052
46 4054
47 4053
48 4052
49 4055
50 4053
51 4055
52 4049
53 4056
54 4053
55 4054
56 4054
57 4054
58 4055
59 4051
60 4054
61 4053
62 4053
63 4051
64 4054
65 4054
66 4053
67 4053
68 4054
69 4053
70 4052
71 4056
72 4054
73 4051
74 4052
75 4054
76 4052
77 4054
78 4055
79 4052
80 4057
81 4055
82 4050
83 4054
84 4057
85 4054
86 4052
87 4056
88 4052
89 4053
90 4054
91 4051
92 4056
93 4056
94 4053
95 4057
96 4055
97 4054
98 4054
99 4054
100 4050
101 4056
102 4053
103 4054
104 4057
105 4058
106 4054
107 4053
108 4057
109 4053
110 4056
111 4054
112 4053
113 4054
114 4052
115 4055
116 4057
117 4051
118 4054
119 4056
120 4053
121 4051
122 4055
123 4057
124 4055
125 4055
126 4052
127 4054
128 4053
129 4059
130 4054
131 4055
132 4053
133 4055
134 4051
135 4053
136 4055
137 4055
138 4053
139 4051
140 4051
141 4054
142 4053
143 4055
144 4052
145 4056
146 4053
147 4055
148 4053
149 4051
150 4051
151 4056
152 4050
153 4056
154 4054
155 4054
156 4053
157 4055
158 4055
159 4054
160 4055
161 4057
162 4056
163 4057
164 4053
165 4057
166 4054
167 4050
168 4053
169 4056
170 4052
171 4054
172 4056
173 4053
174 4051
175 4054
176 4054
177 4052
178 4052
179 4053
180 4056
181 4053
182 4053
183 4052
184 4054
185 4057
186 4052
187 4054
188 4055
189 4056
190 4054
191 4055
192 4055
193 4051
194 4054
195 4058
196 4052
197 4054
198 4051
199 4056
200 4055
201 4057
202 4052
203 4055
204 4049
205 4053
206 4056
207 4053
208 4052
209 4057
210 4054
211 4055
212 4054
213 4054
214 4056
215 4054
216 4053
217 4052
218 4054
219 4053
220 4053
221 4055
222 4053
223 4053
224 4052
225 4055
226 4055
227 4053
228 4056
229 4055
230 4055
231 4055
232 4054
233 4052
234 4053
235 4056
236 4052
237 4055
238 4053
239 4055
240 4052
241 4054
242 4055
243 4055
244 4053
245 4055
246 4056
247 4052
248 4053
249 4054
250 4055
251 4058
252 4052
253 4054
254 4053
255 4052
256 4054
257 4057
258 4051
259 4057
260 4055
261 4052
262 4051
263 4055
264 4052
265 4056
266 4052
267 4053
268 4055
269 4058
270 4056
271 4055
272 4053
273 4058
274 4056
275 4053
276 4052
277 4055
278 4053
279 4056
280 4053
281 4054
282 4054
283 4056
284 4056
285 4054
286 4052
287 4053
288 4053
289 4053
290 4053
291 4057
292 4056
293 4055
294 4053
295 4054
296 4053
297 4055
298 4054
299 4054
300 4053
301 4057
302 4050
303 4055
304 4057
305 4055
306 4054
307 4054
308 4055
309 4054
310 4054
311 4051
312 4052
313 4054
314 4054
315 4051
316 4056
317 4053
318 4052
319 4051
320 4052
321 4052
322 4054
323 4053
324 4053
325 4053
326 4053
327 4054
328 4051
329 4053
330 4056
331 4052
332 4053
333 4055
334 4053
335 4057
336 4053
337 4055
338 4056
339 4054
340 4053
341 4056
342 4057
343 4057
344 4054
345 4055
346 4053
347 4053
348 4051
349 4053
350 4054
351 4057
352 4049
353 4054
354 4052
355 4054
356 4054
357 4053
358 4055
359 4053
360 4052
361 4054
362 4051
363 4051
364 4053
365 4054
366 4053
367 4053
368 4053
369 4053
370 4056
371 4055
372 4053
373 4055
374 4053
375 4054
376 4054
377 4054
378 4058
379 4051
380 4056
381 4055
382 4054
383 4056
384 4051
385 4055
386 4053
387 4051
388 4056
389 4055
390 4056
391 4053
392 4055
393 4056
394 4056
395 4053
396 4057
397 4051
398 4054
399 4056
400 4053
401 4057
402 4053
403 4051
404 4055
405 4055
406 4053
407 4055
408 4055
409 4052
410 4057
411 4056
412 4053
413 4052
414 4055
415 4055
416 4055
417 4056
418 4055
419 4051
420 4056
421 4055
422 4053
423 4057
424 4054
425 4052
426 4055
427 4052
428 4053
429 4054
430 4056
431 4053
432 4052
433 4055
434 4053
435 4057
436 4056
437 4055
438 4055
439 4053
440 4052
441 4058
442 4052
443 4056
444 4051
445 4056
446 4051
447 4057
448 4052
449 4055
450 4051
451 4061
452 4050
453 4054
454 4055
455 4052
456 4052
457 4055
458 4052
459 4055
460 4053
461 4052
462 4051
463 4053
464 4052
465 4057
466 4056
467 4052
468 4052
469 4056
470 4053
471 4052
472 4056
473 4056
474 4053
475 4054
476 4052
477 4053
478 4054
479 4055
480 4052
481 4053
482 4055
483 4052
484 4052
485 4055
486 4053
487 4055
488 4055
489 4055
490 4052
491 4053
492 4055
493 4053
494 4054
495 4055
496 4051
497 4056
498 4054
499 4056
500 4054
501 4058
502 4055
503 4052
504 4056
505 4054
506 4053
507 4053
508 4057
509 4054
510 4052
511 4053
512 4054
513 4054
514 4054
515 4053
516 4056
517 4053
518 4052
519 4054
520 4058
521 4053
522 4055
523 4054
524 4055
525 4055
526 4053
527 4057
528 4056
529 4052
530 4055
531 4053
532 4052
533 4052
534 4053
535 4055
536 4057
537 4053
538 4057
539 4056
540 4053
541 4055
542 4053
543 4053
544 4053
545 4058
546 4054
547 4056
548 4056
549 4052
550 4054
551 4058
552 4047
553 4055
554 4053
555 4053
556 4054
557 4056
558 4056
559 4055
560 4053
561 4053
562 4055
563 4056
564 4056
565 4054
566 4051
567 4056
568 4052
569 4054
570 4057
571 4052
572 4054
573 4056
574 4051
575 4056
576 4051
577 4053
578 4054
579 4054
580 4053
581 4050
582 4055
583 4054
584 4055
585 4056
586 4052
587 4052
588 4055
589 4057
590 4053
591 4054
592 4056
593 4052
594 4050
595 4055
596 4055
597 4051
598 4053
599 4056
600 4055
601 4057
602 4053
603 4055
604 4054
605 4056
606 4058
607 4052
608 4057
609 4053
610 4054
611 4052
612 4053
613 4054
614 4056
615 4057
616 4054
617 4049
618 4053
619 4055
620 4053
621 4053
622 4054
623 4049
624 4054
625 4053
626 4051
627 4056
628 4055
629 4055
630 4054
631 4053
632 4056
633 4052
634 4052
635 4052
636 4055
637 4052
638 4053
639 4053
640 4052
641 4053
642 4053
643 4053
644 4054
645 4058
646 4052
647 4056
648 4052
649 4055
650 4053
651 4058
652 4052
653 4053
654 4056
655 4055
656 4053
657 4057
658 4052
659 4055
660 4053
661 4053
662 4054
663 4054
664 4053
665 4055
666 4055
667 4055
668 4052
669 4053
670 4053
671 4054
672 4050
673 4052
674 4052
675 4055
676 4055
677 4054
678 4056
679 4051
680 4051
681 4054
682 4054
683 4055
684 4057
685 4056
686 4053
687 4056
688 4057
689 4053
690 4052
691 4053
692 4057
693 4056
694 4054
695 4051
696 4051
697 4055
698 4052
699 4053
700 4057
701 4059
702 4048
703 4056
704 4054
705 4056
706 4057
707 4053
708 4053
709 4054
710 4053
711 4053
712 4052
713 4055
714 4053
715 4055
716 4054
717 4055
718 4056
719 4054
720 4056
721 4054
722 4051
723 4058
724 4055
725 4052
726 4053
727 4056
728 4055
729 4054
730 4055
731 4053
732 4052
733 4055
734 4049
735 4053
736 4054
737 4053
738 4055
739 4057
740 4056
741 4058
742 4056
743 4054
744 4051
745 4054
746 4055
747 4054
748 4053
749 4053
750 4053
751 4056
752 4051
753 4055
754 4055
755 4056
756 4053
757 4053
758 4051
759 4054
760 4052
761 4055
762 4055
763 4056
764 4052
765 4052
766 4057
767 4055
768 4048
769 4054
770 4053
771 4053
772 4052
773 4057
774 4053
775 4050
776 4055
777 4053
778 4054
779 4053
780 4053
781 4056
782 4053
783 4053
784 4051
785 4057
786 4056
787 4057
788 4052
789 4055
790 4052
791 4055
792 4052
793 4053
794 4051
795 4055
796 4054
797 4054
798 4057
799 4052
800 4056
801 4060
802 4050
803 4056
804 4057
805 4053
806 4052
807 4054
808 4053
809 4057
810 4054
811 4054
812 4052
813 4054
814 4052
815 4057
816 4054
817 4055
818 4054
819 4053
820 4054
821 4050
822 4053
823 4053
824 4054
825 4053
826 4055
827 4053
828 4054
829 4055
830 4053
831 4057
832 4052
833 4053
834 4052
835 4052
836 4057
837 4057
838 4054
839 4054
840 4053
841 4052
842 4052
843 4055
844 4054
845 4057
846 4053
847 4055
848 4053
849 4046
850 4055
851 4058
852 4049
853 4055
854 4053
855 4057
856 4053
857 4053
858 4056
859 4051
860 4052
861 4055
862 4054
863 4052
864 4054
865 4055
866 4056
867 4055
868 4055
869 4052
870 4057
871 4054
872 4053
873 4053
874 4050
875 4056
876 4053
877 4053
878 4055
879 4055
880 4056
881 4049
882 4056
883 4056
884 4054
885 4057
886 4057
887 4055
888 4053
889 4054
890 4056
891 4055
892 4053
893 4050
894 4057
895 4057
896 4052
897 4052
898 4052
899 4053
900 4057
901 4056
902 4052
903 4054
904 4052
905 4053
906 4055
907 4054
908 4053
909 4053
910 4055
911 4054
912 4052
913 4053
914 4054
915 4053
916 4053
917 4056
918 4054
919 4054
920 4055
921 4054
922 4053
923 4053
924 4051
925 4054
926 4053
927 4057
928 4054
929 4053
930 4056
931 4058
932 4055
933 4051
934 4051
935 4056
936 4051
937 4053
938 4053
939 4051
940 4054
941 4052
942 4052
943 4052
944 4050
945 4053
946 4053
947 4056
948 4052
949 4052
950 4052
951 4056
952 4051
953 4056
954 4056
955 4052
956 4052
957 4059
958 4057
959 4055
960 4053
961 4054
962 4051
963 4057
964 4054
965 4054
966 4053
967 4052
968 4053
969 4051
970 4053
971 4052
972 4052
973 4055
974 4052
975 4054
976 4055
977 4056
978 4049
979 4050
980 4058
981 4054
982 4054
983 4057
984 4053
985 4054
986 4056
987 4053
988 4053
989 4053
990 4052
991 4057
992 4053
993 4054
994 4052
995 4056
996 4052
997 4052
998 4054
999 4054
1000 4058
1001 4055
1002 4052
1003 4047
1004 4050
1005 4052
1006 4052
1007 4053
1008 4056
1009 4055
1010 4054
1011 4059
1012 4053
1013 4055
1014 4057
1015 4055
1016 4056
1017 4054
1018 4052
1019 4053
1020 4055
1021 4053
1022 4053
1023 4056
1024 4052
1025 4054
1026 4052
1027 4053
1028 4052
1029 4055
1030 4053
1031 4055
1032 4052
1033 4056
1034 4057
1035 4051
1036 4052
1037 4053
1038 4053
1039 4053
1040 4052
1041 4054
1042 4053
1043 4052
1044 4053
1045 4055
1046 4051
1047 4054
1048 4055
1049 4053
1050 4052
1051 4058
1052 4053
1053 4051
1054 4056
1055 4055
1056 4057
1057 4053
1058 4056
1059 4053
1060 4051
1061 4055
1062 4052
1063 4055
1064 4056
1065 4051
1066 4053
1067 4057
1068 4055
1069 4054
1070 4055
1071 4053
1072 4058
1073 4053
1074 4053
1075 4054
1076 4053
1077 4053
1078 4052
1079 4054
1080 4055
1081 4052
1082 4054
1083 4055
1084 4052
1085 4054
1086 4052
1087 4055
1088 4053
1089 4055
1090 4050
1091 4056
1092 4051
1093 4054
1094 4054
1095 4057
1096 4053
1097 4055
1098 4054
1099 4057
1100 4052
1101 4059
1102 4051
1103 4055
1104 4052
1105 4057
1106 4056
1107 4056
1108 4053
1109 4051
1110 4054
1111 4056
1112 4056
1113 4056
1114 4064
1115 4055
1116 4053
1117 4056
1118 4055
1119 4053
1120 4053
1121 4056
1122 4056
1123 4055
1124 4057
1125 4055
1126 4055
1127 4055
1128 4052
1129 4054
1130 4052
1131 4055
1132 4054
1133 4054
1134 4053
1135 4054
1136 4053
1137 4053
1138 4053
1139 4052
1140 4051
1141 4053
1142 4052
1143 4053
1144 4053
1145 4053
1146 4053
1147 4053
1148 4053
1149 4053
1150 4056
1151 4057
1152 4053
1153 4054
1154 4049
1155 4052
1156 4056
1157 4053
1158 4053
1159 4053
1160 4053
1161 4053
1162 4056
1163 4056
1164 4054
1165 4053
1166 4056
1167 4055
1168 4055
1169 4055
1170 4055
1171 4055
1172 4054
1173 4055
1174 4053
1175 4053
1176 4053
1177 4055
1178 4055
1179 4055
1180 4055
1181 4056
1182 4053
1183 4055
1184 4053
1185 4051
1186 4053
1187 4055
1188 4055
1189 4055
1190 4056
1191 4055
1192 4051
1193 4052
1194 4055
1195 4054
1196 4057
1197 4054
1198 4056
1199 4053
1200 4053
1201 4058
1202 4053
1203 4055
1204 4055
1205 4056
1206 4055
1207 4056
1208 4054
1209 4053
1210 4051
1211 4055
1212 4054
1213 4054
1214 4054
1215 4056
1216 4053
1217 4052
1218 4055
1219 4053
1220 4054
1221 4054
1222 4052
1223 4054
1224 4053
1225 4053
1226 4054
1227 4057
1228 4056
1229 4055
1230 4052
1231 4056
1232 4054
1233 4053
1234 4052
1235 4056
1236 4055
1237 4051
1238 4052
1239 4054
1240 4054
1241 4053
1242 4057
1243 4054
1244 4053
1245 4058
1246 4055
1247 4053
1248 4055
1249 4053
1250 4053
1251 4056
1252 4053
1253 4053
1254 4054
1255 4053
1256 4053
1257 4055
1258 4052
1259 4056
1260 4052
1261 4053
1262 4052
1263 4053
1264 4055
1265 4053
1266 4052
1267 4055
1268 4055
1269 4052
1270 4052
1271 4054
1272 4054
1273 4053
1274 4056
1275 4053
1276 4052
1277 4052
1278 4054
1279 4055
1280 4055
1281 4055
1282 4056
1283 4054
1284 4056
1285 4056
1286 4054
1287 4057
1288 4053
1289 4054
1290 4054
1291 4055
1292 4053
1293 4052
1294 4052
1295 4054
1296 4052
1297 4054
1298 4053
1299 4056
1300 4053
1301 4054
1302 4051
1303 4055
1304 4053
1305 4050
1306 4053
1307 4053
1308 4053
1309 4054
1310 4051
1311 4051
1312 4054
1313 4055
1314 4054
1315 4054
1316 4051
1317 4055
1318 4051
1319 4054
1320 4055
1321 4052
1322 4056
1323 4053
1324 4056
1325 4054
1326 4052
1327 4051
1328 4052
1329 4055
1330 4053
1331 4051
1332 4055
1333 4055
1334 4054
1335 4050
1336 4050
1337 4053
1338 4054
1339 4053
1340 4055
1341 4054
1342 4053
1343 4053
1344 4050
1345 4054
1346 4053
1347 4053
1348 4056
1349 4057
1350 4053
1351 4058
1352 4047
1353 4053
1354 4056
1355 4056
1356 4052
1357 4052
1358 4052
1359 4055
1360 4054
1361 4054
1362 4047
1363 4054
1364 4050
1365 4053
1366 4054
1367 4055
1368 4052
1369 4053
1370 4053
1371 4053
1372 4051
1373 4056
1374 4055
1375 4049
1376 4047
1377 4053
1378 4056
1379 4053
1380 4055
1381 4052
1382 4052
1383 4056
1384 4051
1385 4054
1386 4053
1387 4053
1388 4051
1389 4055
1390 4052
1391 4053
1392 4054
1393 4056
1394 4051
1395 4056
1396 4056
1397 4056
1398 4054
1399 4057
1400 4050
1401 4057
1402 4052
1403 4053
1404 4053
1405 4051
1406 4053
1407 4054
1408 4054
1409 4055
1410 4054
1411 4057
1412 4054
1413 4053
1414 4053
1415 4052
1416 4053
1417 4056
1418 4053
1419 4055
1420 4055
1421 4053
1422 4054
1423 4054
1424 4051
1425 4054
1426 4052
1427 4050
1428 4057
1429 4057
1430 4052
1431 4053
1432 4052
1433 4050
1434 4055
1435 4053
1436 4055
1437 4056
1438 4052
1439 4055
1440 4054
1441 4049
1442 4052
1443 4052
1444 4047
1445 4055
1446 4055
1447 4056
1448 4054
1449 4053
1450 4055
1451 4059
1452 4053
1453 4053
1454 4053
1455 4056
1456 4054
1457 4053
1458 4054
1459 4059
1460 4054
1461 4055
1462 4055
1463 4053
1464 4053
1465 4052
1466 4052
1467 4056
1468 4050
1469 4057
1470 4055
1471 4051
1472 4053
1473 4054
1474 4055
1475 4054
1476 4051
1477 4055
1478 4054
1479 4055
1480 4049
1481 4054
1482 4053
1483 4052
1484 4052
1485 4054
1486 4053
1487 4055
1488 4053
1489 4055
1490 4055
1491 4052
1492 4055
1493 4051
1494 4054
1495 4053
1496 4052
1497 4057
1498 4052
1499 4053
1500 4054
1501 4057
1502 4054
1503 4055
1504 4055
1505 4055
1506 4051
1507 4054
1508 4051
1509 4053
1510 4053
1511 4054
1512 4053
1513 4053
1514 4055
1515 4053
1516 4056
1517 4056
1518 4053
1519 4053
1520 4052
1521 4057
1522 4053
1523 4052
1524 4053
1525 4055
1526 4050
1527 4056
1528 4049
1529 4057
1530 4055
1531 4052
1532 4051
1533 4056
1534 4051
1535 4056
1536 4051
1537 4054
1538 4057
1539 4056
1540 4051
1541 4052
1542 4052
1543 4053
1544 4053
1545 4057
1546 4054
1547 4056
1548 4050
1549 4053
1550 4053
1551 4058
1552 4050
1553 4053
1554 4049
1555 4056
1556 4053
1557 4056
1558 4056
1559 4054
1560 4054
1561 4055
1562 4054
1563 4055
1564 4051
1565 4056
1566 4054
1567 4056
1568 4053
1569 4052
1570 4054
1571 4053
1572 4054
1573 4055
1574 4054
1575 4057
1576 4056
1577 4055
1578 4053
1579 4056
1580 4055
1581 4054
1582 4049
1583 4052
1584 4056
1585 4055
1586 4051
1587 4053
1588 4055
1589 4051
1590 4053
1591 4054
1592 4054
1593 4054
1594 4055
1595 4053
1596 4049
1597 4052
1598 4053
1599 4055
1600 4053
1601 4056
1602 4052
1603 4056
1604 4055
1605 4053
1606 4056
1607 4053
1608 4053
1609 4055
1610 4056
1611 4055
1612 4056
1613 4054
1614 4056
1615 4053
1616 4057
1617 4054
1618 4055
1619 4053
1620 4056
1621 4053
1622 4052
1623 4057
1624 4051
1625 4052
1626 4052
1627 4053
1628 4053
1629 4053
1630 4053
1631 4055
1632 4052
1633 4051
1634 4057
1635 4054
1636 4054
1637 4052
1638 4053
1639 4056
1640 4053
1641 4056
1642 4053
1643 4055
1644 4054
1645 4054
1646 4052
1647 4060
1648 4057
1649 4053
1650 4051
1651 4057
1652 4051
1653 4056
1654 4055
1655 4053
1656 4055
1657 4055
1658 4055
1659 4052
1660 4055
1661 4053
1662 4053
1663 4057
1664 4053
1665 4054
1666 4055
1667 4055
1668 4053
1669 4053
1670 4054
1671 4052
1672 4056
1673 4055
1674 4055
1675 4056
1676 4055
1677 4053
1678 4052
1679 4051
1680 4053
1681 4054
1682 4054
1683 4055
1684 4056
1685 4052
1686 4056
1687 4052
1688 4052
1689 4054
1690 4055
1691 4053
1692 4050
1693 4051
1694 4054
1695 4058
1696 4055
1697 4057
1698 4054
1699 4054
1700 4051
1701 4056
1702 4050
1703 4052
1704 4053
1705 4053
1706 4052
1707 4052
1708 4053
1709 4052
1710 4056
1711 4052
1712 4056
1713 4055
1714 4054
1715 4056
1716 4053
1717 4054
1718 4055
1719 4051
1720 4057
1721 4052
1722 4052
1723 4052
1724 4052
1725 4054
1726 4058
1727 4057
1728 4054
1729 4054
1730 4052
1731 4053
1732 4053
1733 4055
1734 4055
1735 4053
1736 4052
1737 4053
1738 4053
1739 4053
1740 4052
1741 4049
1742 4054
1743 4054
1744 4050
1745 4055
1746 4053
1747 4053
1748 4055
1749 4055
1750 4049
1751 4058
1752 4051
1753 4053
1754 4056
1755 4049
1756 4053
1757 4050
1758 4052
1759 4052
1760 4057
1761 4054
1762 4052
1763 4056
1764 4052
1765 4054
1766 4052
1767 4053
1768 4055
1769 4053
1770 4057
1771 4050
1772 4054
1773 4059
1774 4053
1775 4055
1776 4053
1777 4055
1778 4053
1779 4052
1780 4055
1781 4052
1782 4053
1783 4056
1784 4056
1785 4053
1786 4055
1787 4055
1788 4056
1789 4053
1790 4051
1791 4057
1792 4053
1793 4055
1794 4054
1795 4057
1796 4053
1797 4057
1798 4051
1799 4053
1800 4052
1801 4056
1802 4052
1803 4055
1804 4053
1805 4053
1806 4054
1807 4053
1808 4054
1809 4056
1810 4054
1811 4053
1812 4054
1813 4053
1814 4052
1815 4053
1816 4055
1817 4054
1818 4053
1819 4058
1820 4055
1821 4057
1822 4054
1823 4053
1824 4053
1825 4051
1826 4053
1827 4052
1828 4050
1829 4055
1830 4057
1831 4055
1832 4054
1833 4053
1834 4054
1835 4055
1836 4052
1837 4054
1838 4054
1839 4050
1840 4053
1841 4052
1842 4053
1843 4054
1844 4052
1845 4054
1846 4052
1847 4053
1848 4053
1849 4051
1850 4050
1851 4057
1852 4050
1853 4053
1854 4054
1855 4055
1856 4056
1857 4055
1858 4055
1859 4056
1860 4052
1861 4052
1862 4053
1863 4052
1864 4053
1865 4052
1866 4055
1867 4056
1868 4055
1869 4055
1870 4053
1871 4052
1872 4056
1873 4053
1874 4051
1875 4055
1876 4057
1877 4052
1878 4055
1879 4055
1880 4057
1881 4053
1882 4055
1883 4053
1884 4055
1885 4055
1886 4052
1887 4054
1888 4057
1889 4053
1890 4050
1891 4053
1892 4054
1893 4054
1894 4055
1895 4052
1896 4055
1897 4052
1898 4052
1899 4053
1900 4053
1901 4055
1902 4051
1903 4055
1904 4053
1905 4057
1906 4053
1907 4054
1908 4053
1909 4053
1910 4053
1911 4051
1912 4054
1913 4054
1914 4051
1915 4050
1916 4052
1917 4055
1918 4053
1919 4053
1920 4054
1921 4053
1922 4057
1923 4052
1924 4056
1925 4053
1926 4053
1927 4053
1928 4054
1929 4056
1930 4053
1931 4053
1932 4053
1933 4056
1934 4058
1935 4051
1936 4053
1937 4054
1938 4058
1939 4052
1940 4053
1941 4056
1942 4051
1943 4054
1944 4054
1945 4053
1946 4058
1947 4055
1948 4054
1949 4053
1950 4054
1951 4057
1952 4053
1953 4057
1954 4052
1955 4054
1956 4054
1957 4056
1958 4054
1959 4054
1960 4053
1961 4055
1962 4052
1963 4053
1964 4053
1965 4052
1966 4054
1967 4059
1968 4052
1969 4052
1970 4053
1971 4057
1972 4053
1973 4054
1974 4052
1975 4053
1976 4054
1977 4056
1978 4052
1979 4055
1980 4051
1981 4054
1982 4057
1983 4053
1984 4053
1985 4053
1986 4047
1987 4052
1988 4055
1989 4050
1990 4054
1991 4057
1992 4052
1993 4055
1994 4054
1995 4051
1996 4053
1997 4054
1998 4053
1999 4053
2000 4052
2001 4057
2002 4052
2003 4053
2004 4056
2005 4051
2006 4055
2007 4051
2008 4050
2009 4053
2010 4057
2011 4053
2012 4053
2013 4055
2014 4051
2015 4055
2016 4054
2017 4054
2018 4051
2019 4053
2020 4054
2021 4052
2022 4053
2023 4054
2024 4052
2025 4056
2026 4055
2027 4056
2028 4052
2029 4055
2030 4053
2031 4054
2032 4053
2033 4052
2034 4053
2035 4053
2036 4055
2037 4053
2038 4053
2039 4055
2040 4051
2041 4054
2042 4052
2043 4051
2044 4055
2045 4055
2046 4053
2047 4053
2048 4053
2049 4051
2050 4055
2051 4057
2052 4047
2053 4056
2054 4053
2055 4051
2056 4056
2057 4054
2058 4051
2059 4053
2060 4055
2061 4053
2062 4051
2063 4057
2064 4057
2065 4052
2066 4054
2067 4052
2068 4051
2069 4056
2070 4052
2071 4053
2072 4057
2073 4056
2074 4054
2075 4053
2076 4056
2077 4050
2078 4055
2079 4057
2080 4051
2081 4057
2082 4055
2083 4055
2084 4055
2085 4052
2086 4054
2087 4054
2088 4054
2089 4055
2090 4056
2091 4054
2092 4053
2093 4052
2094 4055
2095 4050
2096 4053
2097 4054
2098 4051
2099 4056
2100 4054
2101 4058
2102 4049
2103 4053
2104 4056
2105 4052
2106 4053
2107 4055
2108 4056
2109 4055
2110 4051
2111 4057
2112 4052
2113 4055
2114 4057
2115 4054
2116 4053
2117 4051
2118 4055
2119 4055
2120 4055
2121 4057
2122 4054
2123 4055
2124 4056
2125 4054
2126 4054
2127 4054
2128 4055
2129 4053
2130 4053
2131 4056
2132 4052
2133 4055
2134 4055
2135 4053
2136 4055
2137 4050
2138 4056
2139 4057
2140 4053
2141 4052
2142 4055
2143 4053
2144 4052
2145 4053
2146 4053
2147 4052
2148 4055
2149 4052
2150 4053
2151 4056
2152 4052
2153 4053
2154 4055
2155 4053
2156 4053
2157 4055
2158 4052
2159 4053
2160 4051
2161 4056
2162 4051
2163 4055
2164 4051
2165 4057
2166 4051
2167 4054
2168 4056
2169 4051
2170 4054
2171 4054
2172 4053
2173 4055
2174 4054
2175 4054
2176 4054
2177 4053
2178 4054
2179 4052
2180 4057
2181 4053
2182 4056
2183 4054
2184 4052
2185 4055
2186 4056
2187 4053
2188 4058
2189 4051
2190 4055
2191 4056
2192 4053
2193 4055
2194 4053
2195 4056
2196 4053
2197 4057
2198 4057
2199 4054
2200 4052
2201 4057
2202 4054
2203 4054
2204 4061
2205 4055
2206 4053
2207 4052
2208 4054
2209 4051
2210 4053
2211 4054
2212 4052
2213 4055
2214 4052
2215 4057
2216 4055
2217 4055
2218 4052
2219 4053
2220 4053
2221 4053
2222 4053
2223 4053
2224 4053
2225 4053
2226 4053
2227 4057
2228 4052
2229 4053
2230 4052
2231 4057
2232 4053
2233 4055
2234 4056
2235 4054
2236 4055
2237 4056
2238 4056
2239 4056
2240 4055
2241 4052
2242 4053
2243 4055
2244 4054
2245 4053
2246 4053
2247 4051
2248 4052
2249 4054
2250 4053
2251 4058
2252 4047
2253 4056
2254 4052
2255 4052
2256 4055
2257 4050
2258 4051
2259 4054
2260 4051
2261 4054
2262 4056
2263 4054
2264 4057
2265 4052
2266 4051
2267 4059
2268 4051
2269 4049
2270 4053
2271 4054
2272 4056
2273 4054
2274 4056
2275 4054
2276 4052
2277 4053
2278 4050
2279 4054
2280 4055
2281 4051
2282 4052
2283 4056
2284 4050
2285 4054
2286 4055
2287 4052
2288 4054
2289 4053
2290 4057
2291 4053
2292 4053
2293 4053
2294 4055
2295 4056
2296 4053
2297 4051
2298 4055
2299 4052
2300 4053
2301 4058
2302 4050
2303 4057
2304 4054
2305 4053
2306 4054
2307 4055
2308 4051
2309 4055
2310 4053
2311 4054
2312 4054
2313 4052
2314 4058
2315 4053
2316 4055
2317 4055
2318 4056
2319 4053
2320 4053
2321 4055
2322 4052
2323 4056
2324 4054
2325 4055
2326 4050
2327 4053
2328 4054
2329 4055
2330 4055
2331 4053
2332 4052
2333 4052
2334 4052
2335 4056
2336 4049
2337 4053
2338 4053
2339 4054
2340 4055
2341 4053
2342 4055
2343 4050
2344 4054
2345 4056
2346 4052
2347 4053
2348 4053
2349 4054
2350 4053
2351 4057
2352 4052
2353 4055
2354 4052
2355 4051
2356 4053
2357 4054
2358 4055
2359 4055
2360 4054
2361 4051
2362 4055
2363 4054
2364 4053
2365 4053
2366 4054
2367 4053
2368 4053
2369 4053
2370 4054
2371 4055
2372 4053
2373 4054
2374 4056
2375 4055
2376 4054
2377 4056
2378 4052
2379 4052
2380 4052
2381 4055
2382 4052
2383 4053
2384 4053
2385 4055
2386 4053
2387 4055
2388 4053
2389 4054
2390 4052
2391 4054
2392 4053
2393 4052
2394 4054
2395 4056
2396 4053
2397 4052
2398 4053
2399 4054
2400 4053
2401 4057
2402 4051
2403 4053
2404 4056
2405 4056
2406 4054
2407 4052
2408 4055
2409 4055
2410 4054
2411 4051
2412 4053
2413 4057
2414 4055
2415 4053
2416 4054
2417 4051
2418 4057
2419 4053
2420 4053
2421 4053
2422 4056
2423 4055
2424 4056
2425 4053
2426 4053
2427 4055
2428 4052
2429 4053
2430 4056
2431 4050
2432 4053
2433 4055
2434 4053
2435 4055
2436 4052
2437 4055
2438 4053
2439 4053
2440 4056
2441 4053
2442 4053
2443 4053
2444 4052
2445 4052
2446 4052
2447 4053
2448 4053
2449 4056
2450 4055
2451 4056
2452 4051
2453 4056
2454 4054
2455 4052
2456 4051
2457 4055
2458 4050
2459 4055
2460 4053
2461 4056
2462 4053
2463 4053
2464 4051
2465 4054
2466 4050
2467 4053
2468 4056
2469 4052
2470 4053
2471 4051
2472 4052
2473 4053
2474 4055
2475 4054
2476 4056
2477 4053
2478 4054
2479 4056
2480 4052
2481 4053
2482 4052
2483 4056
2484 4052
2485 4054
2486 4056
2487 4053
2488 4050
2489 4054
2490 4052
2491 4055
2492 4053
2493 4055
2494 4052
2495 4055
2496 4056
2497 4050
2498 4056
2499 4054
2500 4054
2501 4055
2502 4049
2503 4054
2504 4055
2505 4055
2506 4053
2507 4054
2508 4053
2509 4053
2510 4052
2511 4053
2512 4054
2513 4050
2514 4056
2515 4055
2516 4054
2517 4056
2518 4054
2519 4052
2520 4056
2521 4056
2522 4051
2523 4058
2524 4054
2525 4053
2526 4053
2527 4055
2528 4053
2529 4055
2530 4053
2531 4054
2532 4053
2533 4053
2534 4054
2535 4056
2536 4054
2537 4055
2538 4052
2539 4053
2540 4052
2541 4055
2542 4051
2543 4052
2544 4056
2545 4055
2546 4050
2547 4056
2548 4054
2549 4053
2550 4052
2551 4057
2552 4050
2553 4055
2554 4053
2555 4054
2556 4055
2557 4052
2558 4056
2559 4054
2560 4055
2561 4055
2562 4057
2563 4051
2564 4052
2565 4053
2566 4052
2567 4052
2568 4057
2569 4053
2570 4053
2571 4054
2572 4052
2573 4052
2574 4054
2575 4057
2576 4053
2577 4053
2578 4054
2579 4052
2580 4050
2581 4050
2582 4053
2583 4055
2584 4053
2585 4052
2586 4053
2587 4054
2588 4053
2589 4054
2590 4058
2591 4052
2592 4055
2593 4052
2594 4052
2595 4054
2596 4052
2597 4053
2598 4053
2599 4055
2600 4054
2601 4062
2602 4053
2603 4053
2604 4050
2605 4052
2606 4054
2607 4050
2608 4055
2609 4051
2610 4055
2611 4056
2612 4054
2613 4051
2614 4053
2615 4055
2616 4049
2617 4054
2618 4053
2619 4056
2620 4053
2621 4051
2622 4054
2623 4052
2624 4051
2625 4056
2626 4056
2627 4051
2628 4052
2629 4053
2630 4051
2631 4057
2632 4052
2633 4052
2634 4054
2635 4053
2636 4056
2637 4055
2638 4054
2639 4056
2640 4052
2641 4053
2642 4053
2643 4054
2644 4053
2645 4055
2646 4052
2647 4056
2648 4054
2649 4054
2650 4053
2651 4058
2652 4049
2653 4056
2654 4053
2655 4052
2656 4055
2657 4056
2658 4054
2659 4056
2660 4054
2661 4053
2662 4055
2663 4054
2664 4053
2665 4054
2666 4051
2667 4053
2668 4056
2669 4051
2670 4057
2671 4052
2672 4057
2673 4055
2674 4051
2675 4053
2676 4052
2677 4053
2678 4055
2679 4052
2680 4056
2681 4052
2682 4052
2683 4052
2684 4054
2685 4055
2686 4052
2687 4054
2688 4055
2689 4056
2690 4053
2691 4055
2692 4054
2693 4054
2694 4053
2695 4053
2696 4052
2697 4052
2698 4053
2699 4054
2700 4053
2701 4055
2702 4049
2703 4055
2704 4053
2705 4053
2706 4054
2707 4051
2708 4054
2709 4056
2710 4054
2711 4055
2712 4052
2713 4053
2714 4051
2715 4055
2716 4053
2717 4052
2718 4051
2719 4051
2720 4055
2721 4052
2722 4053
2723 4053
2724 4054
2725 4055
2726 4051
2727 4053
2728 4052
2729 4052
2730 4054
2731 4053
2732 4056
2733 4055
2734 4053
2735 4053
2736 4052
2737 4055
2738 4050
2739 4052
2740 4051
2741 4055
2742 4050
2743 4054
2744 4053
2745 4053
2746 4054
2747 4053
2748 4053
2749 4055
2750 4055
2751 4060
2752 4051
2753 4053
2754 4050
2755 4054
2756 4052
2757 4056
2758 4051
2759 4056
2760 4053
2761 4056
2762 4050
2763 4053
2764 4053
2765 4054
2766 4053
2767 4052
2768 4051
2769 4052
2770 4054
2771 4056
2772 4053
2773 4054
2774 4053
2775 4053
2776 4053
2777 4057
2778 4053
2779 4051
2780 4053
2781 4054
2782 4052
2783 4052
2784 4055
2785 4050
2786 4065
2787 4053
2788 4052
2789 4054
2790 4052
2791 4053
2792 4055
2793 4053
2794 4052
2795 4056
2796 4052
2797 4053
2798 4052
2799 4056
2800 4054
2801 4057
2802 4052
2803 4055
2804 4054
2805 4053
2806 4056
2807 4055
2808 4057
2809 4053
2810 4054
2811 4053
2812 4055
2813 4056
2814 4052
2815 4055
2816 4052
2817 4052
2818 4052
2819 4052
2820 4050
2821 4053
2822 4056
2823 4051
2824 4052
2825 4054
2826 4051
2827 4056
2828 4052
2829 4053
2830 4050
2831 4053
2832 4055
2833 4052
2834 4055
2835 4056
2836 4052
2837 4052
2838 4054
2839 4053
2840 4052
2841 4055
2842 4054
2843 4053
2844 4053
2845 4055
2846 4053
2847 4053
2848 4051
2849 4053
2850 4050
2851 4057
2852 4051
2853 4057
2854 4053
2855 4056
2856 4050
2857 4053
2858 4054
2859 4056
2860 4053
2861 4052
2862 4055
2863 4055
2864 4055
2865 4054
2866 4055
2867 4053
2868 4052
2869 4051
2870 4055
2871 4054
2872 4051
2873 4053
2874 4054
2875 4053
2876 4056
2877 4055
2878 4056
2879 4052
2880 4053
2881 4053
2882 4052
2883 4055
2884 4053
2885 4053
2886 4053
2887 4055
2888 4056
2889 4053
2890 4055
2891 4053
2892 4054
2893 4056
2894 4054
2895 4056
2896 4053
2897 4053
2898 4052
2899 4058
2900 4057
2901 4057
2902 4049
2903 4055
2904 4056
2905 4055
2906 4055
2907 4053
2908 4053
2909 4057
2910 4050
2911 4057
2912 4053
2913 4056
2914 4052
2915 4052
2916 4055
2917 4055
2918 4053
2919 4059
2920 4057
2921 4057
2922 4048
2923 4052
2924 4056
2925 4054
2926 4056
2927 4054
2928 4055
2929 4055
2930 4054
2931 4054
2932 4053
2933 4055
2934 4053
2935 4053
2936 4056
2937 4054
2938 4052
2939 4055
2940 4054
2941 4057
2942 4054
2943 4056
2944 4051
2945 4055
2946 4053
2947 4054
2948 4051
2949 4054
2950 4053
2951 4056
2952 4052
2953 4056
2954 4058
2955 4057
2956 4055
2957 4056
2958 4057
2959 4056
2960 4053
2961 4054
2962 4053
2963 4053
2964 4053
2965 4054
2966 4054
2967 4056
2968 4054
2969 4054
2970 4055
2971 4053
2972 4058
2973 4055
2974 4055
2975 4056
2976 4052
2977 4054
2978 4057
2979 4053
2980 4055
2981 4053
2982 4054
2983 4053
2984 4053
2985 4054
2986 4053
2987 4054
2988 4052
2989 4056
2990 4056
2991 4058
2992 4052
2993 4055
2994 4055
2995 4055
2996 4055
2997 4054
2998 4053
2999 4055
3000 4056
3001 4056
3002 4052
3003 4057
3004 4051
3005 4054
3006 4049
3007 4054
3008 4053
3009 4055
3010 4056
3011 4052
3012 4053
3013 4056
3014 4054
3015 4057
3016 4055
3017 4054
3018 4056
3019 4053
3020 4057
3021 4055
3022 4055
3023 4051
3024 4055
3025 4053
3026 4054
3027 4053
3028 4055
3029 4053
3030 4051
3031 4055
3032 4055
3033 4054
3034 4054
3035 4056
3036 4055
3037 4055
3038 4053
3039 4056
3040 4053
3041 4055
3042 4052
3043 4053
3044 4053
3045 4057
3046 4053
3047 4053
3048 4055
3049 4056
3050 4051
3051 4056
3052 4054
3053 4052
3054 4052
3055 4056
3056 4052
3057 4055
3058 4055
3059 4052
3060 4053
3061 4056
3062 4055
3063 4053
3064 4053
3065 4054
3066 4056
3067 4052
3068 4053
3069 4052
3070 4055
3071 4054
3072 4053
3073 4054
3074 4054
3075 4055
3076 4054
3077 4056
3078 4055
3079 4053
3080 4055
3081 4054
3082 4057
3083 4057
3084 4054
3085 4052
3086 4054
3087 4057
3088 4055
3089 4053
3090 4051
3091 4055
3092 4055
3093 4056
3094 4052
3095 4056
3096 4053
3097 4053
3098 4053
3099 4053
3100 4054
3101 4057
3102 4052
3103 4057
3104 4053
3105 4054
3106 4054
3107 4054
3108 4056
3109 4054
3110 4052
3111 4057
3112 4054
3113 4055
3114 4055
3115 4054
3116 4056
3117 4055
3118 4054
3119 4052
3120 4050
3121 4052
3122 4054
3123 4052
3124 4052
3125 4054
3126 4053
3127 4051
3128 4054
3129 4052
3130 4055
3131 4054
3132 4053
3133 4055
3134 4053
3135 4054
3136 4053
3137 4053
3138 4052
3139 4054
3140 4054
3141 4055
3142 4052
3143 4054
3144 4055
3145 4059
3146 4051
3147 4056
3148 4053
3149 4052
3150 4057
3151 4055
3152 4052
3153 4054
3154 4058
3155 4055
3156 4052
3157 4055
3158 4056
3159 4055
3160 4054
3161 4055
3162 4056
3163 4055
3164 4053
3165 4055
3166 4051
3167 4052
3168 4055
3169 4055
3170 4055
3171 4051
3172 4056
3173 4055
3174 4053
3175 4053
3176 4053
3177 4053
3178 4053
3179 4057
3180 4053
3181 4053
3182 4056
3183 4054
3184 4052
3185 4055
3186 4053
3187 4053
3188 4051
3189 4053
3190 4056
3191 4056
3192 4056
3193 4056
3194 4054
3195 4053
3196 4055
3197 4055
3198 4055
3199 4054
3200 4054
3201 4054
3202 4052
3203 4052
3204 4055
3205 4054
3206 4053
3207 4054
3208 4054
3209 4055
3210 4053
3211 4055
3212 4050
3213 4053
3214 4053
3215 4052
3216 4054
3217 4055
3218 4052
3219 4051
3220 4053
3221 4051
3222 4053
3223 4053
3224 4051
3225 4053
3226 4055
3227 4052
3228 4054
3229 4055
3230 4055
3231 4057
3232 4053
3233 4051
3234 4052
3235 4056
3236 4053
3237 4052
3238 4052
3239 4052
3240 4051
3241 4055
3242 4052
3243 4054
3244 4051
3245 4053
3246 4052
3247 4055
3248 4053
3249 4053
3250 4055
3251 4059
3252 4046
3253 4056
3254 4055
3255 4055
3256 4052
3257 4050
3258 4051
3259 4052
3260 4049
3261 4053
3262 4053
3263 4052
3264 4052
3265 4056
3266 4054
3267 4053
3268 4051
3269 4051
3270 4050
3271 4049
3272 4053
3273 4053
3274 4055
3275 4052
3276 4053
3277 4055
3278 4053
3279 4053
3280 4051
3281 4052
3282 4050
3283 4053
3284 4051
3285 4052
3286 4053
3287 4054
3288 4053
3289 4053
3290 4050
3291 4051
3292 4050
3293 4054
3294 4052
3295 4052
3296 4050
3297 4052
3298 4052
3299 4053
3300 4053
3301 4056
3302 4051
3303 4055
3304 4052
3305 4053
3306 4054
3307 4055
3308 4053
3309 4050
3310 4053
3311 4051
3312 4052
3313 4052
3314 4052
3315 4053
3316 4053
3317 4051
3318 4055
3319 4051
3320 4053
3321 4051
3322 4052
3323 4051
3324 4050
3325 4054
3326 4052
3327 4052
3328 4054
3329 4053
3330 4051
3331 4050
3332 4049
3333 4051
3334 4052
3335 4051
3336 4047
3337 4049
3338 4055
3339 4050
3340 4054
3341 4055
3342 4051
3343 4054
3344 4054
3345 4053
3346 4050
3347 4053
3348 4052
3349 4055
3350 4052
3351 4055
3352 4049
3353 4053
3354 4047
3355 4049
3356 4053
3357 4050
3358 4051
3359 4051
3360 4053
3361 4052
3362 4050
3363 4055
3364 4052
3365 4049
3366 4051
3367 4056
3368 4053
3369 4054
3370 4057
3371 4053
3372 4051
3373 4058
3374 4055
3375 4054
3376 4055
3377 4053
3378 4057
3379 4053
3380 4051
3381 4053
3382 4054
3383 4054
3384 4053
3385 4054
3386 4055
3387 4055
3388 4052
3389 4056
3390 4052
3391 4052
3392 4057
3393 4056
3394 4049
3395 4055
3396 4052
3397 4053
3398 4053
3399 4056
3400 4054
3401 4057
3402 4054
3403 4055
3404 4052
3405 4057
3406 4053
3407 4054
3408 4054
3409 4053
3410 4052
3411 4056
3412 4053
3413 4052
3414 4054
3415 4056
3416 4052
3417 4053
3418 4054
3419 4051
3420 4054
3421 4053
3422 4054
3423 4052
3424 4052
3425 4054
3426 4057
3427 4052
3428 4054
3429 4055
3430 4055
3431 4053
3432 4053
3433 4055
3434 4053
3435 4056
3436 4051
3437 4055
3438 4054
3439 4053
3440 4054
3441 4055
3442 4054
3443 4053
3444 4053
3445 4052
3446 4053
3447 4053
3448 4058
3449 4055
3450 4051
3451 4057
3452 4053
3453 4054
3454 4055
3455 4052
3456 4053
3457 4055
3458 4051
3459 4053
3460 4052
3461 4054
3462 4056
3463 4056
3464 4054
3465 4055
3466 4053
3467 4051
3468 4054
3469 4055
3470 4053
3471 4053
3472 4050
3473 4053
3474 4051
3475 4056
3476 4054
3477 4054
3478 4056
3479 4058
3480 4054
3481 4054
3482 4054
3483 4055
3484 4054
3485 4055
3486 4053
3487 4054
3488 4053
3489 4059
3490 4053
3491 4052
3492 4052
3493 4053
3494 4053
3495 4055
3496 4055
3497 4056
3498 4050
3499 4054
3500 4059
3501 4057
3502 4051
3503 4053
3504 4052
3505 4055
3506 4053
3507 4057
3508 4053
3509 4052
3510 4053
3511 4052
3512 4058
3513 4052
3514 4054
3515 4055
3516 4054
3517 4054
3518 4053
3519 4052
3520 4053
3521 4053
3522 4055
3523 4052
3524 4053
3525 4055
3526 4052
3527 4055
3528 4053
3529 4055
3530 4053
3531 4056
3532 4056
3533 4055
3534 4052
3535 4056
3536 4056
3537 4054
3538 4052
3539 4055
3540 4058
3541 4054
3542 4053
3543 4055
3544 4052
3545 4055
3546 4055
3547 4053
3548 4056
3549 4055
3550 4053
3551 4059
3552 4052
3553 4053
3554 4053
3555 4053
3556 4054
3557 4053
3558 4055
3559 4053
3560 4052
3561 4055
3562 4056
3563 4052
3564 4043
3565 4053
3566 4056
3567 4053
3568 4053
3569 4054
3570 4057
3571 4051
3572 4056
3573 4057
3574 4053
3575 4054
3576 4053
3577 4052
3578 4054
3579 4052
3580 4055
3581 4056
3582 4052
3583 4053
3584 4052
3585 4049
3586 4054
3587 4055
3588 4056
3589 4053
3590 4051
3591 4054
3592 4054
3593 4055
3594 4054
3595 4057
3596 4053
3597 4052
3598 4055
3599 4055
3600 4052
3601 4057
3602 4050
3603 4054
3604 4056
3605 4055
3606 4055
3607 4056
3608 4052
3609 4056
3610 4055
3611 4052
3612 4053
3613 4055
3614 4054
3615 4053
3616 4053
3617 4052
3618 4053
3619 4052
3620 4054
3621 4056
3622 4055
3623 4052
3624 4054
3625 4052
3626 4051
3627 4056
3628 4054
3629 4053
3630 4053
3631 4055
3632 4052
3633 4053
3634 4052
3635 4057
3636 4054
3637 4056
3638 4053
3639 4055
3640 4054
3641 4055
3642 4054
3643 4053
3644 4051
3645 4055
3646 4054
3647 4053
3648 4053
3649 4052
3650 4054
3651 4057
3652 4050
3653 4055
3654 4052
3655 4055
3656 4053
3657 4053
3658 4058
3659 4051
3660 4053
3661 4053
3662 4054
3663 4053
3664 4055
3665 4054
3666 4052
3667 4053
3668 4051
3669 4054
3670 4054
3671 4053
3672 4053
3673 4055
3674 4056
3675 4053
3676 4054
3677 4055
3678 4052
3679 4055
3680 4052
3681 4053
3682 4054
3683 4056
3684 4053
3685 4053
3686 4057
3687 4055
3688 4053
3689 4052
3690 4055
3691 4051
3692 4054
3693 4057
3694 4051
