#Data from the TCD1304 linear CCD
#column 1 = pixelnumber , column 2 = pixelvalue
#Pixel 1-32 and 3679-3694 and are dummy pixels
#SH-period: 200    ICG-period: 100000    Integration time: 100.0 us
2 4034
3 4036
4 4054
5 4053
6 4055
7 4054
8 4049
9 4058
10 4057
11 4054
12 4051
13 4056
14 4054
15 4056
16 4055
17 4054
18 4055
19 4052
20 4052
21 4054
22 4057
23 4053
24 4053
25 4056
26 4054
27 4057
28 4055
29 4055
30 4055
31 4058
32 4056
34 4054
35 4056
36 4054
37 4056
38 4055
39 4055
40 4053
41 4057
42 4056
43 4056
44 4055
45 4057
46 4057
47 4055
48 4055
49 4057
50 4053
51 4059
52 4049
53 4055
54 4053
55 4055
56 4057
57 4056
58 4054
59 4054
60 4055
61 4055
62 4057
63 4052
64 4053
65 4054
66 4054
67 4059
68 4053
69 4057
70 4054
71 4056
72 4052
73 4057
74 4058
75 4055
76 4055
77 4055
78 4056
79 4057
80 4053
81 4054
82 4057
83 4054
84 4053
85 4053
86 4057
87 4056
88 4056
89 4059
90 4055
91 4054
92 4057
93 4056
94 4058
95 4054
96 4055
97 4055
98 4057
99 4054
100 4057
101 4057
102 4052
103 4054
104 4056
105 4056
106 4053
107 4056
108 4053
109 4054
110 4058
111 4054
112 4057
113 4055
114 4053
115 4057
116 4056
117 4056
118 4055
119 4057
120 4058
121 4055
122 4054
123 4053
124 4052
125 4058
126 4056
127 4053
128 4056
129 4056
130 4050
131 4054
132 4053
133 4053
134 4052
135 4055
136 4055
137 4053
138 4056
139 4055
140 4056
141 4053
142 4051
143 4053
144 4057
145 4053
146 4052
147 4060
148 4053
149 4057
150 4055
151 4056
152 4055
153 4058
154 4056
155 4054
156 4054
157 4055
158 4054
159 4056
160 4052
161 4057
162 4053
163 4051
164 4055
165 4054
166 4052
167 4057
168 4055
169 4056
170 4054
171 4055
172 4054
173 4053
174 4055
175 4057
176 4049
177 4055
178 4058
179 4054
180 4055
181 4053
182 4055
183 4056
184 4054
185 4053
186 4055
187 4056
188 4055
189 4057
190 4056
191 4056
192 4053
193 4057
194 4053
195 4053
196 4053
197 4054
198 4053
199 4054
200 4055
201 4056
202 4054
203 4057
204 4054
205 4054
206 4057
207 4052
208 4057
209 4054
210 4056
211 4057
212 4053
213 4056
214 4056
215 4055
216 4055
217 4053
218 4054
219 4053
220 4055
221 4057
222 4052
223 4057
224 4057
225 4052
226 4057
227 4056
228 4053
229 4055
230 4055
231 4057
232 4064
233 4055
234 4056
235 4053
236 4054
237 4059
238 4055
239 4055
240 4053
241 4053
242 4056
243 4057
244 4059
245 4052
246 4054
247 4057
248 4050
249 4056
250 4055
251 4055
252 4053
253 4054
254 4056
255 4056
256 4056
257 4051
258 4057
259 4057
260 4055
261 4053
262 4057
263 4055
264 4052
265 4055
266 4054
267 4055
268 4053
269 4058
270 4053
271 4057
272 4057
273 4058
274 4058
275 4058
276 4057
277 4057
278 4052
279 4057
280 4055
281 4056
282 4054
283 4055
284 4054
285 4056
286 4053
287 4055
288 4052
289 4053
290 4053
291 4054
292 4053
293 4056
294 4055
295 4056
296 4054
297 4053
298 4055
299 4055
300 4056
301 4057
302 4053
303 4057
304 4056
305 4054
306 4056
307 4056
308 4057
309 4055
310 4053
311 4056
312 4055
313 4055
314 4053
315 4057
316 4059
317 4053
318 4057
319 4053
320 4056
321 4054
322 4057
323 4057
324 4052
325 4057
326 4055
327 4053
328 4055
329 4058
330 4055
331 4054
332 4052
333 4050
334 4053
335 4058
336 4056
337 4058
338 4054
339 4055
340 4056
341 4056
342 4057
343 4053
344 4055
345 4056
346 4056
347 4057
348 4054
349 4056
350 4053
351 4057
352 4055
353 4055
354 4052
355 4057
356 4059
357 4055
358 4056
359 4059
360 4053
361 4056
362 4055
363 4058
364 4055
365 4056
366 4055
367 4056
368 4056
369 4054
370 4053
371 4056
372 4053
373 4056
374 4055
375 4058
376 4053
377 4058
378 4056
379 4059
380 4053
381 4058
382 4054
383 4056
384 4056
385 4056
386 4054
387 4054
388 4056
389 4060
390 4057
391 4052
392 4056
393 4054
394 4054
395 4056
396 4055
397 4055
398 4059
399 4055
400 4053
401 4057
402 4050
403 4056
404 4056
405 4052
406 4057
407 4056
408 4056
409 4055
410 4053
411 4054
412 4053
413 4056
414 4056
415 4056
416 4054
417 4053
418 4054
419 4055
420 4053
421 4053
422 4053
423 4053
424 4057
425 4054
426 4054
427 4058
428 4053
429 4056
430 4057
431 4056
432 4056
433 4057
434 4055
435 4055
436 4055
437 4057
438 4054
439 4054
440 4056
441 4057
442 4056
443 4056
444 4055
445 4055
446 4055
447 4056
448 4051
449 4053
450 4058
451 4059
452 4051
453 4052
454 4055
455 4055
456 4054
457 4055
458 4057
459 4056
460 4057
461 4055
462 4055
463 4060
464 4055
465 4053
466 4056
467 4053
468 4053
469 4056
470 4053
471 4055
472 4054
473 4059
474 4055
475 4057
476 4055
477 4057
478 4054
479 4058
480 4053
481 4055
482 4055
483 4056
484 4055
485 4052
486 4057
487 4053
488 4054
489 4058
490 4054
491 4054
492 4055
493 4056
494 4054
495 4056
496 4057
497 4056
498 4054
499 4056
500 4056
501 4056
502 4054
503 4050
504 4056
505 4055
506 4054
507 4056
508 4054
509 4054
510 4055
511 4056
512 4053
513 4052
514 4055
515 4056
516 4054
517 4053
518 4055
519 4053
520 4052
521 4057
522 4053
523 4054
524 4055
525 4053
526 4054
527 4054
528 4049
529 4060
530 4052
531 4056
532 4053
533 4056
534 4056
535 4057
536 4059
537 4055
538 4053
539 4054
540 4056
541 4057
542 4055
543 4056
544 4053
545 4056
546 4057
547 4055
548 4054
549 4059
550 4053
551 4058
552 4054
553 4056
554 4055
555 4055
556 4057
557 4059
558 4053
559 4055
560 4054
561 4055
562 4055
563 4057
564 4057
565 4054
566 4052
567 4058
568 4059
569 4055
570 4054
571 4055
572 4054
573 4055
574 4055
575 4055
576 4053
577 4056
578 4057
579 4054
580 4060
581 4056
582 4053
583 4053
584 4055
585 4056
586 4057
587 4051
588 4055
589 4055
590 4055
591 4057
592 4051
593 4056
594 4055
595 4055
596 4056
597 4055
598 4055
599 4052
600 4054
601 4061
602 4054
603 4057
604 4050
605 4051
606 4053
607 4056
608 4056
609 4057
610 4054
611 4056
612 4055
613 4056
614 4054
615 4055
616 4051
617 4056
618 4053
619 4057
620 4052
621 4054
622 4052
623 4055
624 4057
625 4055
626 4056
627 4057
628 4057
629 4057
630 4051
631 4056
632 4056
633 4055
634 4052
635 4053
636 4054
637 4055
638 4056
639 4056
640 4057
641 4054
642 4060
643 4053
644 4052
645 4053
646 4055
647 4053
648 4055
649 4052
650 4054
651 4059
652 4049
653 4054
654 4057
655 4052
656 4057
657 4056
658 4055
659 4055
660 4055
661 4054
662 4057
663 4056
664 4055
665 4055
666 4055
667 4054
668 4054
669 4053
670 4055
671 4056
672 4056
673 4057
674 4053
675 4056
676 4057
677 4053
678 4054
679 4057
680 4054
681 4055
682 4057
683 4055
684 4054
685 4055
686 4057
687 4057
688 4053
689 4056
690 4056
691 4054
692 4056
693 4057
694 4056
695 4053
696 4053
697 4055
698 4058
699 4059
700 4053
701 4055
702 4049
703 4055
704 4056
705 4053
706 4055
707 4056
708 4056
709 4054
710 4058
711 4056
712 4055
713 4056
714 4058
715 4050
716 4052
717 4053
718 4058
719 4055
720 4052
721 4055
722 4056
723 4054
724 4057
725 4057
726 4055
727 4055
728 4056
729 4057
730 4055
731 4057
732 4055
733 4058
734 4053
735 4054
736 4055
737 4052
738 4052
739 4057
740 4055
741 4055
742 4056
743 4055
744 4056
745 4055
746 4055
747 4057
748 4059
749 4052
750 4057
751 4059
752 4052
753 4056
754 4058
755 4055
756 4052
757 4054
758 4055
759 4055
760 4055
761 4057
762 4055
763 4059
764 4055
765 4055
766 4055
767 4056
768 4058
769 4053
770 4054
771 4056
772 4054
773 4055
774 4055
775 4057
776 4054
777 4057
778 4053
779 4056
780 4056
781 4055
782 4054
783 4055
784 4051
785 4055
786 4053
787 4059
788 4055
789 4054
790 4057
791 4053
792 4054
793 4057
794 4051
795 4057
796 4054
797 4055
798 4053
799 4056
800 4053
801 4058
802 4055
803 4055
804 4054
805 4056
806 4055
807 4053
808 4054
809 4055
810 4055
811 4055
812 4056
813 4051
814 4059
815 4053
816 4052
817 4055
818 4055
819 4053
820 4054
821 4055
822 4056
823 4057
824 4053
825 4053
826 4055
827 4055
828 4052
829 4058
830 4054
831 4054
832 4055
833 4058
834 4055
835 4057
836 4053
837 4056
838 4052
839 4054
840 4058
841 4053
842 4054
843 4057
844 4053
845 4053
846 4053
847 4055
848 4055
849 4057
850 4053
851 4056
852 4052
853 4051
854 4053
855 4054
856 4056
857 4053
858 4055
859 4055
860 4055
861 4053
862 4055
863 4055
864 4055
865 4056
866 4054
867 4056
868 4056
869 4055
870 4057
871 4055
872 4051
873 4053
874 4054
875 4059
876 4054
877 4055
878 4054
879 4053
880 4052
881 4051
882 4055
883 4054
884 4055
885 4054
886 4054
887 4055
888 4052
889 4057
890 4056
891 4054
892 4054
893 4058
894 4054
895 4055
896 4055
897 4053
898 4053
899 4054
900 4053
901 4057
902 4054
903 4057
904 4056
905 4053
906 4059
907 4055
908 4054
909 4054
910 4055
911 4053
912 4052
913 4052
914 4053
915 4054
916 4055
917 4053
918 4054
919 4054
920 4057
921 4053
922 4053
923 4057
924 4054
925 4056
926 4051
927 4057
928 4056
929 4053
930 4054
931 4052
932 4053
933 4053
934 4057
935 4056
936 4054
937 4052
938 4053
939 4055
940 4052
941 4053
942 4056
943 4056
944 4054
945 4053
946 4053
947 4053
948 4055
949 4056
950 4052
951 4056
952 4050
953 4053
954 4054
955 4058
956 4055
957 4054
958 4056
959 4053
960 4053
961 4057
962 4057
963 4052
964 4054
965 4052
966 4056
967 4056
968 4055
969 4057
970 4056
971 4056
972 4055
973 4055
974 4056
975 4056
976 4057
977 4052
978 4056
979 4057
980 4052
981 4056
982 4054
983 4059
984 4055
985 4055
986 4054
987 4055
988 4054
989 4056
990 4055
991 4053
992 4057
993 4055
994 4053
995 4055
996 4055
997 4055
998 4055
999 4053
1000 4054
1001 4058
1002 4056
1003 4054
1004 4056
1005 4057
1006 4053
1007 4055
1008 4057
1009 4052
1010 4055
1011 4058
1012 4052
1013 4052
1014 4056
1015 4055
1016 4054
1017 4055
1018 4054
1019 4051
1020 4054
1021 4056
1022 4055
1023 4052
1024 4057
1025 4053
1026 4054
1027 4055
1028 4053
1029 4054
1030 4051
1031 4058
1032 4056
1033 4053
1034 4054
1035 4054
1036 4061
1037 4056
1038 4057
1039 4057
1040 4055
1041 4052
1042 4055
1043 4057
1044 4054
1045 4056
1046 4061
1047 4055
1048 4056
1049 4055
1050 4054
1051 4057
1052 4053
1053 4053
1054 4055
1055 4055
1056 4056
1057 4057
1058 4053
1059 4056
1060 4054
1061 4056
1062 4055
1063 4055
1064 4055
1065 4054
1066 4056
1067 4056
1068 4053
1069 4054
1070 4056
1071 4053
1072 4056
1073 4056
1074 4055
1075 4056
1076 4053
1077 4055
1078 4055
1079 4053
1080 4054
1081 4057
1082 4053
1083 4052
1084 4054
1085 4054
1086 4054
1087 4055
1088 4055
1089 4053
1090 4057
1091 4055
1092 4053
1093 4058
1094 4055
1095 4057
1096 4055
1097 4057
1098 4054
1099 4061
1100 4052
1101 4057
1102 4052
1103 4054
1104 4057
1105 4054
1106 4057
1107 4055
1108 4053
1109 4055
1110 4056
1111 4053
1112 4053
1113 4056
1114 4055
1115 4055
1116 4054
1117 4053
1118 4052
1119 4055
1120 4056
1121 4053
1122 4055
1123 4055
1124 4056
1125 4057
1126 4057
1127 4055
1128 4053
1129 4054
1130 4055
1131 4057
1132 4052
1133 4056
1134 4056
1135 4058
1136 4052
1137 4055
1138 4056
1139 4055
1140 4052
1141 4055
1142 4052
1143 4055
1144 4055
1145 4052
1146 4054
1147 4053
1148 4053
1149 4056
1150 4054
1151 4057
1152 4053
1153 4056
1154 4057
1155 4053
1156 4055
1157 4054
1158 4057
1159 4053
1160 4055
1161 4056
1162 4053
1163 4057
1164 4056
1165 4056
1166 4055
1167 4054
1168 4055
1169 4054
1170 4056
1171 4054
1172 4053
1173 4053
1174 4057
1175 4059
1176 4057
1177 4055
1178 4053
1179 4055
1180 4056
1181 4058
1182 4055
1183 4056
1184 4057
1185 4054
1186 4057
1187 4055
1188 4056
1189 4057
1190 4054
1191 4056
1192 4057
1193 4054
1194 4055
1195 4054
1196 4053
1197 4055
1198 4054
1199 4053
1200 4055
1201 4061
1202 4051
1203 4056
1204 4051
1205 4055
1206 4055
1207 4053
1208 4055
1209 4059
1210 4054
1211 4054
1212 4057
1213 4053
1214 4054
1215 4056
1216 4053
1217 4057
1218 4055
1219 4056
1220 4054
1221 4054
1222 4057
1223 4053
1224 4053
1225 4053
1226 4054
1227 4055
1228 4057
1229 4057
1230 4052
1231 4055
1232 4057
1233 4055
1234 4054
1235 4055
1236 4055
1237 4056
1238 4056
1239 4059
1240 4055
1241 4053
1242 4051
1243 4057
1244 4052
1245 4057
1246 4057
1247 4053
1248 4053
1249 4054
1250 4055
1251 4057
1252 4049
1253 4056
1254 4053
1255 4054
1256 4057
1257 4053
1258 4054
1259 4057
1260 4054
1261 4053
1262 4054
1263 4055
1264 4053
1265 4052
1266 4053
1267 4056
1268 4053
1269 4056
1270 4055
1271 4056
1272 4056
1273 4053
1274 4053
1275 4056
1276 4052
1277 4056
1278 4052
1279 4056
1280 4053
1281 4055
1282 4055
1283 4055
1284 4055
1285 4053
1286 4054
1287 4054
1288 4053
1289 4056
1290 4055
1291 4053
1292 4051
1293 4057
1294 4055
1295 4054
1296 4054
1297 4058
1298 4058
1299 4056
1300 4055
1301 4061
1302 4050
1303 4052
1304 4054
1305 4055
1306 4056
1307 4054
1308 4057
1309 4052
1310 4054
1311 4056
1312 4056
1313 4058
1314 4053
1315 4057
1316 4055
1317 4058
1318 4054
1319 4057
1320 4056
1321 4057
1322 4054
1323 4056
1324 4053
1325 4052
1326 4054
1327 4058
1328 4055
1329 4059
1330 4055
1331 4058
1332 4054
1333 4054
1334 4058
1335 4052
1336 4052
1337 4056
1338 4056
1339 4055
1340 4054
1341 4055
1342 4053
1343 4058
1344 4056
1345 4059
1346 4057
1347 4057
1348 4055
1349 4054
1350 4056
1351 4059
1352 4050
1353 4055
1354 4055
1355 4052
1356 4053
1357 4053
1358 4053
1359 4053
1360 4053
1361 4054
1362 4053
1363 4054
1364 4054
1365 4055
1366 4057
1367 4056
1368 4053
1369 4052
1370 4054
1371 4053
1372 4056
1373 4054
1374 4057
1375 4056
1376 4054
1377 4055
1378 4053
1379 4056
1380 4053
1381 4057
1382 4055
1383 4058
1384 4055
1385 4055
1386 4056
1387 4054
1388 4054
1389 4054
1390 4055
1391 4055
1392 4053
1393 4055
1394 4054
1395 4055
1396 4053
1397 4053
1398 4055
1399 4055
1400 4054
1401 4056
1402 4053
1403 4054
1404 4055
1405 4055
1406 4057
1407 4053
1408 4056
1409 4053
1410 4058
1411 4056
1412 4058
1413 4055
1414 4056
1415 4055
1416 4055
1417 4054
1418 4055
1419 4056
1420 4057
1421 4054
1422 4053
1423 4055
1424 4054
1425 4058
1426 4054
1427 4057
1428 4053
1429 4056
1430 4056
1431 4057
1432 4056
1433 4055
1434 4053
1435 4053
1436 4056
1437 4056
1438 4055
1439 4054
1440 4056
1441 4056
1442 4054
1443 4057
1444 4056
1445 4055
1446 4053
1447 4055
1448 4053
1449 4053
1450 4060
1451 4054
1452 4051
1453 4057
1454 4058
1455 4055
1456 4057
1457 4055
1458 4053
1459 4057
1460 4055
1461 4055
1462 4055
1463 4056
1464 4057
1465 4056
1466 4053
1467 4056
1468 4055
1469 4057
1470 4052
1471 4052
1472 4053
1473 4055
1474 4054
1475 4055
1476 4055
1477 4054
1478 4055
1479 4052
1480 4055
1481 4056
1482 4055
1483 4057
1484 4055
1485 4054
1486 4053
1487 4055
1488 4052
1489 4056
1490 4058
1491 4056
1492 4053
1493 4054
1494 4055
1495 4054
1496 4057
1497 4055
1498 4056
1499 4056
1500 4055
1501 4056
1502 4055
1503 4057
1504 4056
1505 4056
1506 4057
1507 4055
1508 4055
1509 4057
1510 4055
1511 4053
1512 4054
1513 4056
1514 4055
1515 4055
1516 4056
1517 4055
1518 4056
1519 4056
1520 4057
1521 4056
1522 4055
1523 4054
1524 4057
1525 4053
1526 4057
1527 4054
1528 4054
1529 4056
1530 4054
1531 4055
1532 4055
1533 4056
1534 4056
1535 4055
1536 4056
1537 4057
1538 4053
1539 4055
1540 4057
1541 4054
1542 4053
1543 4057
1544 4057
1545 4057
1546 4057
1547 4056
1548 4055
1549 4055
1550 4056
1551 4055
1552 4052
1553 4059
1554 4054
1555 4057
1556 4054
1557 4055
1558 4057
1559 4055
1560 4057
1561 4053
1562 4054
1563 4057
1564 4055
1565 4057
1566 4055
1567 4056
1568 4056
1569 4056
1570 4054
1571 4059
1572 4052
1573 4055
1574 4054
1575 4057
1576 4055
1577 4055
1578 4057
1579 4054
1580 4055
1581 4057
1582 4057
1583 4056
1584 4056
1585 4056
1586 4053
1587 4053
1588 4056
1589 4052
1590 4056
1591 4057
1592 4058
1593 4057
1594 4056
1595 4056
1596 4056
1597 4052
1598 4057
1599 4056
1600 4055
1601 4057
1602 4054
1603 4055
1604 4059
1605 4054
1606 4056
1607 4057
1608 4053
1609 4055
1610 4054
1611 4053
1612 4054
1613 4059
1614 4054
1615 4056
1616 4057
1617 4056
1618 4057
1619 4056
1620 4053
1621 4058
1622 4053
1623 4054
1624 4056
1625 4058
1626 4052
1627 4055
1628 4053
1629 4056
1630 4053
1631 4057
1632 4057
1633 4053
1634 4055
1635 4056
1636 4058
1637 4056
1638 4054
1639 4056
1640 4053
1641 4056
1642 4057
1643 4056
1644 4053
1645 4058
1646 4054
1647 4055
1648 4052
1649 4055
1650 4054
1651 4059
1652 4055
1653 4052
1654 4056
1655 4056
1656 4054
1657 4053
1658 4057
1659 4055
1660 4055
1661 4056
1662 4054
1663 4060
1664 4052
1665 4057
1666 4055
1667 4056
1668 4055
1669 4056
1670 4053
1671 4052
1672 4055
1673 4056
1674 4054
1675 4055
1676 4054
1677 4056
1678 4053
1679 4055
1680 4054
1681 4056
1682 4055
1683 4057
1684 4055
1685 4056
1686 4054
1687 4057
1688 4053
1689 4054
1690 4056
1691 4057
1692 4055
1693 4056
1694 4053
1695 4057
1696 4055
1697 4056
1698 4054
1699 4055
1700 4056
1701 4057
1702 4053
1703 4058
1704 4053
1705 4059
1706 4057
1707 4058
1708 4056
1709 4056
1710 4057
1711 4054
1712 4053
1713 4058
1714 4053
1715 4056
1716 4057
1717 4052
1718 4053
1719 4054
1720 4054
1721 4056
1722 4055
1723 4057
1724 4055
1725 4054
1726 4053
1727 4054
1728 4059
1729 4054
1730 4053
1731 4059
1732 4055
1733 4053
1734 4055
1735 4052
1736 4051
1737 4055
1738 4053
1739 4057
1740 4050
1741 4054
1742 4054
1743 4053
1744 4056
1745 4055
1746 4053
1747 4054
1748 4058
1749 4057
1750 4053
1751 4057
1752 4053
1753 4053
1754 4057
1755 4053
1756 4057
1757 4058
1758 4056
1759 4055
1760 4057
1761 4055
1762 4053
1763 4057
1764 4053
1765 4056
1766 4056
1767 4053
1768 4054
1769 4053
1770 4055
1771 4057
1772 4057
1773 4058
1774 4057
1775 4055
1776 4054
1777 4056
1778 4055
1779 4056
1780 4055
1781 4057
1782 4057
1783 4055
1784 4054
1785 4054
1786 4057
1787 4055
1788 4055
1789 4057
1790 4058
1791 4055
1792 4055
1793 4057
1794 4054
1795 4055
1796 4054
1797 4056
1798 4054
1799 4057
1800 4057
1801 4060
1802 4055
1803 4055
1804 4053
1805 4054
1806 4055
1807 4055
1808 4055
1809 4058
1810 4056
1811 4056
1812 4055
1813 4057
1814 4055
1815 4058
1816 4055
1817 4055
1818 4058
1819 4052
1820 4058
1821 4056
1822 4054
1823 4053
1824 4053
1825 4054
1826 4055
1827 4053
1828 4055
1829 4055
1830 4055
1831 4053
1832 4056
1833 4057
1834 4055
1835 4058
1836 4054
1837 4056
1838 4054
1839 4057
1840 4053
1841 4055
1842 4053
1843 4053
1844 4056
1845 4059
1846 4052
1847 4055
1848 4056
1849 4056
1850 4054
1851 4061
1852 4053
1853 4054
1854 4060
1855 4051
1856 4052
1857 4057
1858 4055
1859 4055
1860 4057
1861 4054
1862 4056
1863 4056
1864 4053
1865 4057
1866 4054
1867 4057
1868 4058
1869 4056
1870 4055
1871 4053
1872 4055
1873 4053
1874 4056
1875 4055
1876 4055
1877 4056
1878 4055
1879 4057
1880 4053
1881 4055
1882 4057
1883 4056
1884 4056
1885 4055
1886 4053
1887 4052
1888 4051
1889 4054
1890 4056
1891 4056
1892 4051
1893 4057
1894 4056
1895 4055
1896 4053
1897 4057
1898 4053
1899 4055
1900 4052
1901 4060
1902 4050
1903 4057
1904 4055
1905 4054
1906 4055
1907 4054
1908 4056
1909 4053
1910 4052
1911 4056
1912 4054
1913 4052
1914 4053
1915 4055
1916 4057
1917 4052
1918 4057
1919 4053
1920 4054
1921 4059
1922 4054
1923 4056
1924 4057
1925 4057
1926 4053
1927 4055
1928 4055
1929 4059
1930 4052
1931 4056
1932 4052
1933 4056
1934 4055
1935 4053
1936 4054
1937 4052
1938 4054
1939 4058
1940 4056
1941 4057
1942 4054
1943 4057
1944 4054
1945 4057
1946 4053
1947 4054
1948 4051
1949 4055
1950 4055
1951 4057
1952 4050
1953 4053
1954 4055
1955 4053
1956 4057
1957 4052
1958 4054
1959 4053
1960 4055
1961 4052
1962 4052
1963 4053
1964 4056
1965 4055
1966 4054
1967 4055
1968 4055
1969 4055
1970 4052
1971 4055
1972 4055
1973 4057
1974 4056
1975 4057
1976 4057
1977 4057
1978 4051
1979 4059
1980 4054
1981 4057
1982 4054
1983 4054
1984 4055
1985 4056
1986 4056
1987 4055
1988 4055
1989 4055
1990 4056
1991 4058
1992 4053
1993 4057
1994 4054
1995 4054
1996 4052
1997 4057
1998 4057
1999 4053
2000 4053
2001 4061
2002 4052
2003 4055
2004 4055
2005 4057
2006 4059
2007 4053
2008 4055
2009 4056
2010 4054
2011 4055
2012 4051
2013 4056
2014 4059
2015 4053
2016 4053
2017 4056
2018 4055
2019 4055
2020 4056
2021 4055
2022 4056
2023 4055
2024 4054
2025 4052
2026 4057
2027 4055
2028 4053
2029 4057
2030 4053
2031 4057
2032 4053
2033 4056
2034 4053
2035 4055
2036 4057
2037 4055
2038 4055
2039 4053
2040 4055
2041 4052
2042 4052
2043 4055
2044 4059
2045 4055
2046 4050
2047 4056
2048 4056
2049 4057
2050 4053
2051 4059
2052 4050
2053 4054
2054 4053
2055 4052
2056 4057
2057 4055
2058 4055
2059 4052
2060 4055
2061 4057
2062 4055
2063 4055
2064 4053
2065 4057
2066 4057
2067 4053
2068 4057
2069 4056
2070 4052
2071 4057
2072 4056
2073 4052
2074 4054
2075 4055
2076 4056
2077 4055
2078 4054
2079 4055
2080 4053
2081 4054
2082 4052
2083 4057
2084 4054
2085 4054
2086 4057
2087 4056
2088 4061
2089 4058
2090 4053
2091 4055
2092 4053
2093 4053
2094 4052
2095 4053
2096 4055
2097 4056
2098 4052
2099 4057
2100 4055
2101 4057
2102 4053
2103 4057
2104 4052
2105 4054
2106 4053
2107 4055
2108 4056
2109 4055
2110 4056
2111 4057
2112 4055
2113 4054
2114 4057
2115 4052
2116 4056
2117 4057
2118 4055
2119 4053
2120 4055
2121 4056
2122 4053
2123 4056
2124 4053
2125 4055
2126 4053
2127 4057
2128 4052
2129 4054
2130 4055
2131 4058
2132 4054
2133 4053
2134 4057
2135 4053
2136 4054
2137 4054
2138 4052
2139 4051
2140 4051
2141 4056
2142 4053
2143 4055
2144 4055
2145 4055
2146 4054
2147 4054
2148 4053
2149 4058
2150 4054
2151 4057
2152 4050
2153 4056
2154 4056
2155 4052
2156 4052
2157 4053
2158 4051
2159 4056
2160 4054
2161 4054
2162 4051
2163 4055
2164 4052
2165 4058
2166 4053
2167 4053
2168 4054
2169 4053
2170 4049
2171 4052
2172 4052
2173 4050
2174 4051
2175 4050
2176 4053
2177 4053
2178 4050
2179 4052
2180 4053
2181 4053
2182 4051
2183 4054
2184 4053
2185 4055
2186 4055
2187 4053
2188 4051
2189 4055
2190 4050
2191 4056
2192 4057
2193 4050
2194 4051
2195 4053
2196 4051
2197 4054
2198 4054
2199 4049
2200 4052
2201 4057
2202 4049
2203 4052
2204 4053
2205 4049
2206 4053
2207 4054
2208 4054
2209 4053
2210 4052
2211 4055
2212 4057
2213 4054
2214 4056
2215 4053
2216 4051
2217 4055
2218 4051
2219 4050
2220 4056
2221 4052
2222 4053
2223 4052
2224 4053
2225 4053
2226 4055
2227 4051
2228 4055
2229 4056
2230 4052
2231 4056
2232 4051
2233 4054
2234 4053
2235 4053
2236 4053
2237 4053
2238 4052
2239 4053
2240 4049
2241 4054
2242 4054
2243 4053
2244 4053
2245 4055
2246 4054
2247 4055
2248 4053
2249 4051
2250 4052
2251 4055
2252 4049
2253 4052
2254 4052
2255 4052
2256 4052
2257 4051
2258 4053
2259 4054
2260 4051
2261 4055
2262 4050
2263 4057
2264 4053
2265 4053
2266 4051
2267 4056
2268 4054
2269 4050
2270 4051
2271 4055
2272 4052
2273 4054
2274 4053
2275 4053
2276 4056
2277 4052
2278 4051
2279 4052
2280 4051
2281 4056
2282 4052
2283 4056
2284 4052
2285 4053
2286 4053
2287 4053
2288 4052
2289 4051
2290 4054
2291 4053
2292 4053
2293 4054
2294 4054
2295 4052
2296 4052
2297 4053
2298 4054
2299 4053
2300 4052
2301 4059
2302 4052
2303 4053
2304 4050
2305 4052
2306 4057
2307 4053
2308 4054
2309 4054
2310 4057
2311 4056
2312 4052
2313 4053
2314 4055
2315 4053
2316 4054
2317 4057
2318 4057
2319 4052
2320 4053
2321 4053
2322 4057
2323 4054
2324 4053
2325 4058
2326 4057
2327 4057
2328 4054
2329 4057
2330 4055
2331 4054
2332 4053
2333 4053
2334 4052
2335 4059
2336 4055
2337 4053
2338 4054
2339 4058
2340 4056
2341 4057
2342 4056
2343 4056
2344 4053
2345 4058
2346 4052
2347 4057
2348 4054
2349 4056
2350 4054
2351 4061
2352 4051
2353 4056
2354 4055
2355 4056
2356 4053
2357 4056
2358 4053
2359 4056
2360 4055
2361 4055
2362 4059
2363 4055
2364 4054
2365 4053
2366 4053
2367 4056
2368 4054
2369 4053
2370 4056
2371 4055
2372 4055
2373 4053
2374 4057
2375 4053
2376 4052
2377 4053
2378 4054
2379 4055
2380 4053
2381 4057
2382 4057
2383 4057
2384 4057
2385 4054
2386 4054
2387 4057
2388 4057
2389 4053
2390 4053
2391 4056
2392 4055
2393 4056
2394 4055
2395 4056
2396 4057
2397 4054
2398 4055
2399 4057
2400 4052
2401 4060
2402 4055
2403 4053
2404 4053
2405 4055
2406 4055
2407 4054
2408 4056
2409 4053
2410 4052
2411 4056
2412 4055
2413 4057
2414 4057
2415 4057
2416 4052
2417 4054
2418 4052
2419 4053
2420 4056
2421 4054
2422 4055
2423 4057
2424 4055
2425 4054
2426 4055
2427 4055
2428 4056
2429 4059
2430 4055
2431 4054
2432 4053
2433 4053
2434 4053
2435 4054
2436 4054
2437 4054
2438 4054
2439 4055
2440 4056
2441 4055
2442 4054
2443 4055
2444 4054
2445 4056
2446 4057
2447 4057
2448 4055
2449 4056
2450 4055
2451 4060
2452 4055
2453 4055
2454 4055
2455 4057
2456 4056
2457 4053
2458 4054
2459 4056
2460 4057
2461 4058
2462 4051
2463 4056
2464 4058
2465 4054
2466 4057
2467 4052
2468 4057
2469 4053
2470 4057
2471 4057
2472 4056
2473 4056
2474 4055
2475 4056
2476 4057
2477 4055
2478 4055
2479 4057
2480 4051
2481 4057
2482 4054
2483 4054
2484 4057
2485 4052
2486 4057
2487 4055
2488 4055
2489 4055
2490 4056
2491 4057
2492 4055
2493 4056
2494 4053
2495 4056
2496 4057
2497 4053
2498 4056
2499 4059
2500 4054
2501 4058
2502 4051
2503 4055
2504 4055
2505 4055
2506 4057
2507 4055
2508 4054
2509 4053
2510 4054
2511 4054
2512 4056
2513 4057
2514 4055
2515 4058
2516 4053
2517 4052
2518 4054
2519 4054
2520 4059
2521 4053
2522 4055
2523 4056
2524 4056
2525 4055
2526 4057
2527 4055
2528 4054
2529 4057
2530 4056
2531 4057
2532 4058
2533 4054
2534 4057
2535 4054
2536 4056
2537 4055
2538 4054
2539 4054
2540 4059
2541 4052
2542 4057
2543 4055
2544 4055
2545 4055
2546 4055
2547 4055
2548 4055
2549 4055
2550 4053
2551 4061
2552 4049
2553 4053
2554 4056
2555 4053
2556 4053
2557 4057
2558 4057
2559 4054
2560 4054
2561 4056
2562 4055
2563 4055
2564 4056
2565 4057
2566 4053
2567 4056
2568 4053
2569 4056
2570 4053
2571 4053
2572 4053
2573 4055
2574 4054
2575 4055
2576 4054
2577 4056
2578 4054
2579 4055
2580 4056
2581 4053
2582 4057
2583 4057
2584 4053
2585 4055
2586 4057
2587 4057
2588 4053
2589 4055
2590 4056
2591 4056
2592 4055
2593 4055
2594 4055
2595 4055
2596 4052
2597 4058
2598 4053
2599 4054
2600 4055
2601 4053
2602 4049
2603 4054
2604 4056
2605 4055
2606 4055
2607 4056
2608 4054
2609 4055
2610 4057
2611 4052
2612 4055
2613 4054
2614 4052
2615 4056
2616 4053
2617 4058
2618 4056
2619 4057
2620 4055
2621 4053
2622 4057
2623 4053
2624 4054
2625 4055
2626 4056
2627 4053
2628 4057
2629 4055
2630 4051
2631 4057
2632 4056
2633 4053
2634 4055
2635 4054
2636 4055
2637 4055
2638 4055
2639 4057
2640 4053
2641 4054
2642 4052
2643 4057
2644 4052
2645 4054
2646 4056
2647 4053
2648 4055
2649 4055
2650 4056
2651 4059
2652 4049
2653 4052
2654 4056
2655 4054
2656 4055
2657 4055
2658 4055
2659 4055
2660 4056
2661 4055
2662 4053
2663 4059
2664 4055
2665 4055
2666 4053
2667 4053
2668 4056
2669 4054
2670 4052
2671 4055
2672 4055
2673 4057
2674 4058
2675 4055
2676 4057
2677 4055
2678 4059
2679 4053
2680 4057
2681 4057
2682 4055
2683 4054
2684 4054
2685 4054
2686 4055
2687 4053
2688 4058
2689 4057
2690 4053
2691 4054
2692 4057
2693 4054
2694 4051
2695 4056
2696 4054
2697 4054
2698 4054
2699 4058
2700 4053
2701 4056
2702 4055
2703 4054
2704 4056
2705 4055
2706 4056
2707 4055
2708 4053
2709 4056
2710 4053
2711 4057
2712 4055
2713 4054
2714 4054
2715 4055
2716 4049
2717 4052
2718 4055
2719 4057
2720 4054
2721 4058
2722 4053
2723 4055
2724 4054
2725 4056
2726 4055
2727 4057
2728 4057
2729 4053
2730 4053
2731 4056
2732 4049
2733 4053
2734 4056
2735 4055
2736 4054
2737 4057
2738 4055
2739 4058
2740 4054
2741 4053
2742 4053
2743 4058
2744 4055
2745 4053
2746 4054
2747 4056
2748 4055
2749 4054
2750 4053
2751 4061
2752 4053
2753 4053
2754 4055
2755 4055
2756 4054
2757 4057
2758 4055
2759 4051
2760 4053
2761 4055
2762 4057
2763 4053
2764 4054
2765 4056
2766 4054
2767 4057
2768 4052
2769 4052
2770 4052
2771 4057
2772 4057
2773 4056
2774 4055
2775 4053
2776 4053
2777 4054
2778 4053
2779 4053
2780 4054
2781 4056
2782 4056
2783 4055
2784 4054
2785 4054
2786 4057
2787 4052
2788 4055
2789 4051
2790 4052
2791 4054
2792 4052
2793 4053
2794 4055
2795 4056
2796 4055
2797 4055
2798 4052
2799 4054
2800 4052
2801 4057
2802 4048
2803 4053
2804 4054
2805 4051
2806 4052
2807 4053
2808 4054
2809 4055
2810 4053
2811 4057
2812 4052
2813 4053
2814 4050
2815 4053
2816 4053
2817 4054
2818 4056
2819 4052
2820 4054
2821 4056
2822 4055
2823 4056
2824 4052
2825 4054
2826 4054
2827 4053
2828 4056
2829 4053
2830 4052
2831 4058
2832 4053
2833 4054
2834 4056
2835 4055
2836 4052
2837 4056
2838 4051
2839 4055
2840 4055
2841 4053
2842 4056
2843 4054
2844 4054
2845 4057
2846 4053
2847 4056
2848 4054
2849 4053
2850 4053
2851 4057
2852 4051
2853 4054
2854 4054
2855 4053
2856 4058
2857 4054
2858 4055
2859 4053
2860 4052
2861 4058
2862 4053
2863 4054
2864 4051
2865 4057
2866 4052
2867 4054
2868 4056
2869 4053
2870 4056
2871 4054
2872 4054
2873 4053
2874 4056
2875 4055
2876 4055
2877 4057
2878 4054
2879 4055
2880 4053
2881 4057
2882 4053
2883 4055
2884 4053
2885 4052
2886 4055
2887 4057
2888 4054
2889 4053
2890 4052
2891 4056
2892 4052
2893 4057
2894 4056
2895 4057
2896 4053
2897 4053
2898 4055
2899 4053
2900 4055
2901 4059
2902 4053
2903 4055
2904 4056
2905 4059
2906 4053
2907 4053
2908 4055
2909 4054
2910 4055
2911 4054
2912 4053
2913 4056
2914 4053
2915 4057
2916 4056
2917 4053
2918 4054
2919 4055
2920 4054
2921 4054
2922 4057
2923 4056
2924 4053
2925 4057
2926 4053
2927 4053
2928 4055
2929 4057
2930 4054
2931 4056
2932 4057
2933 4053
2934 4056
2935 4056
2936 4053
2937 4056
2938 4057
2939 4057
2940 4053
2941 4055
2942 4053
2943 4059
2944 4057
2945 4054
2946 4054
2947 4058
2948 4055
2949 4055
2950 4053
2951 4060
2952 4050
2953 4055
2954 4055
2955 4052
2956 4057
2957 4053
2958 4056
2959 4057
2960 4053
2961 4055
2962 4054
2963 4058
2964 4054
2965 4057
2966 4054
2967 4055
2968 4055
2969 4058
2970 4054
2971 4058
2972 4056
2973 4057
2974 4057
2975 4053
2976 4055
2977 4054
2978 4059
2979 4052
2980 4055
2981 4057
2982 4056
2983 4056
2984 4057
2985 4055
2986 4054
2987 4055
2988 4053
2989 4056
2990 4054
2991 4057
2992 4053
2993 4056
2994 4054
2995 4055
2996 4053
2997 4055
2998 4057
2999 4055
3000 4055
3001 4059
3002 4053
3003 4057
3004 4054
3005 4056
3006 4059
3007 4056
3008 4054
3009 4053
3010 4056
3011 4054
3012 4055
3013 4057
3014 4056
3015 4060
3016 4054
3017 4054
3018 4054
3019 4057
3020 4057
3021 4055
3022 4055
3023 4055
3024 4059
3025 4053
3026 4054
3027 4055
3028 4057
3029 4053
3030 4054
3031 4055
3032 4053
3033 4054
3034 4053
3035 4053
3036 4057
3037 4058
3038 4054
3039 4057
3040 4057
3041 4052
3042 4055
3043 4056
3044 4054
3045 4057
3046 4056
3047 4053
3048 4057
3049 4055
3050 4052
3051 4057
3052 4053
3053 4053
3054 4053
3055 4055
3056 4055
3057 4055
3058 4054
3059 4055
3060 4053
3061 4053
3062 4055
3063 4060
3064 4055
3065 4057
3066 4059
3067 4057
3068 4054
3069 4058
3070 4050
3071 4059
3072 4054
3073 4054
3074 4052
3075 4058
3076 4054
3077 4055
3078 4054
3079 4051
3080 4053
3081 4057
3082 4058
3083 4053
3084 4056
3085 4055
3086 4055
3087 4057
3088 4054
3089 4053
3090 4055
3091 4056
3092 4055
3093 4058
3094 4054
3095 4054
3096 4051
3097 4056
3098 4055
3099 4055
3100 4055
3101 4062
3102 4052
3103 4055
3104 4053
3105 4055
3106 4053
3107 4055
3108 4054
3109 4055
3110 4057
3111 4057
3112 4052
3113 4052
3114 4055
3115 4054
3116 4056
3117 4056
3118 4056
3119 4056
3120 4056
3121 4056
3122 4058
3123 4052
3124 4057
3125 4059
3126 4056
3127 4052
3128 4055
3129 4053
3130 4056
3131 4057
3132 4056
3133 4058
3134 4057
3135 4055
3136 4055
3137 4054
3138 4055
3139 4053
3140 4056
3141 4055
3142 4055
3143 4053
3144 4053
3145 4053
3146 4055
3147 4055
3148 4053
3149 4057
3150 4052
3151 4055
3152 4052
3153 4061
3154 4053
3155 4051
3156 4055
3157 4057
3158 4057
3159 4053
3160 4056
3161 4056
3162 4054
3163 4056
3164 4057
3165 4055
3166 4056
3167 4054
3168 4055
3169 4053
3170 4056
3171 4056
3172 4054
3173 4056
3174 4056
3175 4055
3176 4055
3177 4056
3178 4056
3179 4054
3180 4052
3181 4055
3182 4056
3183 4054
3184 4057
3185 4055
3186 4054
3187 4057
3188 4056
3189 4052
3190 4055
3191 4057
3192 4053
3193 4054
3194 4052
3195 4055
3196 4053
3197 4054
3198 4055
3199 4053
3200 4055
3201 4057
3202 4052
3203 4057
3204 4055
3205 4054
3206 4055
3207 4056
3208 4055
3209 4057
3210 4056
3211 4060
3212 4058
3213 4058
3214 4057
3215 4055
3216 4054
3217 4057
3218 4054
3219 4057
3220 4053
3221 4054
3222 4056
3223 4057
3224 4055
3225 4056
3226 4057
3227 4055
3228 4055
3229 4053
3230 4056
3231 4056
3232 4058
3233 4052
3234 4053
3235 4054
3236 4055
3237 4057
3238 4058
3239 4054
3240 4055
3241 4055
3242 4055
3243 4057
3244 4054
3245 4059
3246 4054
3247 4055
3248 4056
3249 4057
3250 4054
3251 4057
3252 4055
3253 4056
3254 4053
3255 4054
3256 4057
3257 4052
3258 4055
3259 4059
3260 4053
3261 4054
3262 4058
3263 4056
3264 4056
3265 4057
3266 4055
3267 4055
3268 4055
3269 4055
3270 4057
3271 4054
3272 4054
3273 4057
3274 4054
3275 4054
3276 4057
3277 4055
3278 4057
3279 4053
3280 4053
3281 4056
3282 4052
3283 4057
3284 4052
3285 4055
3286 4054
3287 4054
3288 4056
3289 4057
3290 4054
3291 4055
3292 4050
3293 4055
3294 4054
3295 4053
3296 4053
3297 4055
3298 4055
3299 4054
3300 4055
3301 4057
3302 4052
3303 4057
3304 4055
3305 4053
3306 4053
3307 4055
3308 4052
3309 4056
3310 4057
3311 4055
3312 4057
3313 4057
3314 4057
3315 4055
3316 4053
3317 4054
3318 4056
3319 4054
3320 4055
3321 4052
3322 4056
3323 4057
3324 4056
3325 4054
3326 4054
3327 4056
3328 4057
3329 4054
3330 4055
3331 4055
3332 4055
3333 4053
3334 4054
3335 4057
3336 4055
3337 4055
3338 4053
3339 4056
3340 4051
3341 4052
3342 4058
3343 4055
3344 4053
3345 4055
3346 4053
3347 4053
3348 4056
3349 4053
3350 4053
3351 4058
3352 4053
3353 4058
3354 4053
3355 4055
3356 4061
3357 4054
3358 4055
3359 4056
3360 4056
3361 4057
3362 4055
3363 4056
3364 4054
3365 4056
3366 4055
3367 4058
3368 4055
3369 4054
3370 4055
3371 4055
3372 4053
3373 4055
3374 4053
3375 4058
3376 4057
3377 4056
3378 4053
3379 4055
3380 4051
3381 4057
3382 4055
3383 4055
3384 4056
3385 4056
3386 4055
3387 4055
3388 4054
3389 4057
3390 4055
3391 4055
3392 4056
3393 4057
3394 4056
3395 4054
3396 4056
3397 4058
3398 4057
3399 4055
3400 4055
3401 4057
3402 4051
3403 4055
3404 4055
3405 4053
3406 4054
3407 4058
3408 4057
3409 4055
3410 4052
3411 4054
3412 4056
3413 4059
3414 4055
3415 4053
3416 4057
3417 4053
3418 4056
3419 4057
3420 4055
3421 4055
3422 4053
3423 4054
3424 4053
3425 4055
3426 4053
3427 4056
3428 4053
3429 4057
3430 4054
3431 4057
3432 4054
3433 4056
3434 4056
3435 4057
3436 4053
3437 4055
3438 4054
3439 4053
3440 4053
3441 4056
3442 4055
3443 4054
3444 4053
3445 4054
3446 4052
3447 4056
3448 4054
3449 4057
3450 4052
3451 4057
3452 4052
3453 4057
3454 4057
3455 4056
3456 4056
3457 4057
3458 4057
3459 4055
3460 4057
3461 4053
3462 4053
3463 4054
3464 4057
3465 4053
3466 4053
3467 4057
3468 4052
3469 4055
3470 4056
3471 4052
3472 4050
3473 4056
3474 4053
3475 4059
3476 4050
3477 4055
3478 4057
3479 4059
3480 4053
3481 4055
3482 4057
3483 4053
3484 4057
3485 4057
3486 4056
3487 4056
3488 4053
3489 4054
3490 4055
3491 4056
3492 4058
3493 4057
3494 4053
3495 4056
3496 4054
3497 4056
3498 4055
3499 4055
3500 4053
3501 4061
3502 4051
3503 4057
3504 4052
3505 4057
3506 4053
3507 4057
3508 4055
3509 4056
3510 4057
3511 4054
3512 4054
3513 4058
3514 4056
3515 4056
3516 4055
3517 4054
3518 4056
3519 4054
3520 4052
3521 4056
3522 4057
3523 4052
3524 4055
3525 4057
3526 4058
3527 4058
3528 4056
3529 4058
3530 4055
3531 4057
3532 4056
3533 4057
3534 4056
3535 4054
3536 4053
3537 4053
3538 4053
3539 4056
3540 4056
3541 4055
3542 4054
3543 4055
3544 4054
3545 4056
3546 4056
3547 4052
3548 4057
3549 4055
3550 4054
3551 4058
3552 4053
3553 4052
3554 4054
3555 4056
3556 4055
3557 4056
3558 4055
3559 4055
3560 4055
3561 4056
3562 4056
3563 4057
3564 4054
3565 4056
3566 4053
3567 4054
3568 4055
3569 4051
3570 4053
3571 4054
3572 4058
3573 4055
3574 4054
3575 4052
3576 4055
3577 4054
3578 4056
3579 4055
3580 4056
3581 4053
3582 4053
3583 4056
3584 4056
3585 4056
3586 4056
3587 4057
3588 4054
3589 4056
3590 4053
3591 4055
3592 4057
3593 4054
3594 4056
3595 4057
3596 4051
3597 4055
3598 4057
3599 4052
3600 4056
3601 4058
3602 4052
3603 4057
3604 4057
3605 4053
3606 4052
3607 4056
3608 4055
3609 4054
3610 4054
3611 4055
3612 4054
3613 4057
3614 4053
3615 4056
3616 4053
3617 4054
3618 4055
3619 4058
3620 4056
3621 4057
3622 4054
3623 4055
3624 4057
3625 4054
3626 4060
3627 4061
3628 4055
3629 4058
3630 4055
3631 4056
3632 4055
3633 4053
3634 4054
3635 4053
3636 4057
3637 4056
3638 4058
3639 4055
3640 4054
3641 4058
3642 4056
3643 4055
3644 4055
3645 4058
3646 4057
3647 4055
3648 4054
3649 4057
3650 4055
3651 4054
3652 4054
3653 4055
3654 4054
3655 4055
3656 4055
3657 4057
3658 4060
3659 4053
3660 4055
3661 4058
3662 4053
3663 4057
3664 4053
3665 4056
3666 4054
3667 4057
3668 4055
3669 4057
3670 4055
3671 4056
3672 4056
3673 4059
3674 4059
3675 4057
3676 4056
3677 4055
3678 4054
3679 4055
3680 4053
3681 4053
3682 4057
3683 4055
3684 4055
3685 4057
3686 4057
3687 4056
3688 4054
3689 4053
3690 4056
3691 4055
3692 4057
3693 4058
3694 4052
