#Data from the TCD1304 linear CCD
#column 1 = pixelnumber , column 2 = pixelvalue
#Pixel 1-32 and 3679-3694 and are dummy pixels
#SH-period: 200    ICG-period: 100000    Integration time: 100.0 us
2 4041
3 4041
4 4060
5 4060
6 4059
7 4062
8 4056
9 4060
10 4061
11 4059
12 4057
13 4059
14 4060
15 4059
16 4059
17 4059
18 4059
19 4059
20 4061
21 4061
22 4060
23 4056
24 4058
25 4059
26 4056
27 4061
28 4056
29 4056
30 4057
31 4060
32 4058
34 4061
35 4061
36 4058
37 4056
38 4059
39 4058
40 4056
41 4061
42 4059
43 4061
44 4057
45 4059
46 4057
47 4057
48 4059
49 4055
50 4057
51 4061
52 4057
53 4057
54 4057
55 4058
56 4059
57 4058
58 4059
59 4059
60 4059
61 4062
62 4057
63 4057
64 4056
65 4059
66 4064
67 4061
68 4059
69 4057
70 4059
71 4055
72 4060
73 4057
74 4059
75 4053
76 4061
77 4059
78 4056
79 4061
80 4057
81 4058
82 4059
83 4061
84 4057
85 4059
86 4056
87 4058
88 4058
89 4061
90 4056
91 4061
92 4055
93 4060
94 4060
95 4057
96 4060
97 4058
98 4060
99 4058
100 4055
101 4064
102 4059
103 4058
104 4055
105 4059
106 4060
107 4060
108 4061
109 4061
110 4057
111 4060
112 4061
113 4060
114 4057
115 4061
116 4059
117 4061
118 4059
119 4061
120 4060
121 4059
122 4058
123 4059
124 4059
125 4061
126 4060
127 4058
128 4059
129 4061
130 4058
131 4060
132 4058
133 4057
134 4059
135 4060
136 4061
137 4059
138 4055
139 4056
140 4058
141 4058
142 4058
143 4060
144 4057
145 4057
146 4060
147 4061
148 4059
149 4057
150 4057
151 4059
152 4058
153 4057
154 4058
155 4059
156 4062
157 4059
158 4059
159 4055
160 4059
161 4059
162 4058
163 4057
164 4057
165 4059
166 4057
167 4055
168 4061
169 4057
170 4057
171 4059
172 4056
173 4060
174 4059
175 4059
176 4061
177 4058
178 4056
179 4059
180 4057
181 4060
182 4059
183 4061
184 4055
185 4059
186 4058
187 4059
188 4060
189 4059
190 4056
191 4058
192 4058
193 4060
194 4058
195 4057
196 4059
197 4059
198 4057
199 4061
200 4057
201 4064
202 4058
203 4060
204 4059
205 4058
206 4059
207 4060
208 4058
209 4061
210 4059
211 4060
212 4061
213 4055
214 4059
215 4055
216 4060
217 4061
218 4058
219 4059
220 4059
221 4061
222 4059
223 4059
224 4058
225 4061
226 4057
227 4059
228 4057
229 4058
230 4060
231 4058
232 4059
233 4061
234 4057
235 4055
236 4058
237 4057
238 4059
239 4060
240 4057
241 4057
242 4058
243 4058
244 4059
245 4064
246 4058
247 4056
248 4059
249 4057
250 4059
251 4065
252 4055
253 4055
254 4058
255 4060
256 4059
257 4057
258 4059
259 4060
260 4059
261 4059
262 4059
263 4056
264 4058
265 4059
266 4059
267 4062
268 4060
269 4059
270 4057
271 4057
272 4060
273 4055
274 4060
275 4055
276 4061
277 4059
278 4057
279 4060
280 4060
281 4061
282 4057
283 4059
284 4061
285 4061
286 4058
287 4057
288 4059
289 4058
290 4057
291 4060
292 4058
293 4058
294 4057
295 4060
296 4056
297 4059
298 4054
299 4057
300 4061
301 4061
302 4057
303 4059
304 4059
305 4056
306 4061
307 4058
308 4058
309 4060
310 4057
311 4061
312 4059
313 4057
314 4057
315 4059
316 4060
317 4059
318 4057
319 4060
320 4057
321 4063
322 4056
323 4059
324 4060
325 4055
326 4058
327 4060
328 4058
329 4055
330 4060
331 4060
332 4058
333 4059
334 4058
335 4059
336 4057
337 4058
338 4060
339 4058
340 4058
341 4060
342 4058
343 4064
344 4058
345 4058
346 4060
347 4057
348 4058
349 4058
350 4059
351 4060
352 4059
353 4057
354 4058
355 4060
356 4060
357 4060
358 4057
359 4055
360 4058
361 4058
362 4057
363 4060
364 4058
365 4057
366 4058
367 4058
368 4059
369 4059
370 4058
371 4060
372 4059
373 4057
374 4056
375 4061
376 4056
377 4061
378 4060
379 4059
380 4057
381 4059
382 4059
383 4056
384 4059
385 4059
386 4061
387 4058
388 4059
389 4061
390 4060
391 4059
392 4060
393 4061
394 4059
395 4058
396 4060
397 4060
398 4058
399 4059
400 4060
401 4064
402 4059
403 4059
404 4056
405 4058
406 4058
407 4064
408 4059
409 4060
410 4060
411 4057
412 4059
413 4061
414 4059
415 4056
416 4059
417 4061
418 4058
419 4058
420 4060
421 4061
422 4059
423 4064
424 4064
425 4059
426 4064
427 4061
428 4057
429 4057
430 4059
431 4057
432 4061
433 4058
434 4059
435 4059
436 4057
437 4059
438 4056
439 4060
440 4058
441 4059
442 4054
443 4056
444 4055
445 4059
446 4058
447 4061
448 4059
449 4058
450 4058
451 4064
452 4057
453 4057
454 4057
455 4056
456 4058
457 4058
458 4058
459 4060
460 4058
461 4059
462 4057
463 4057
464 4056
465 4059
466 4058
467 4057
468 4059
469 4059
470 4061
471 4060
472 4057
473 4057
474 4056
475 4058
476 4060
477 4059
478 4058
479 4060
480 4055
481 4058
482 4059
483 4059
484 4058
485 4059
486 4059
487 4057
488 4058
489 4058
490 4061
491 4061
492 4058
493 4062
494 4061
495 4061
496 4057
497 4061
498 4057
499 4060
500 4059
501 4060
502 4059
503 4061
504 4058
505 4060
506 4058
507 4058
508 4057
509 4057
510 4059
511 4056
512 4064
513 4059
514 4061
515 4060
516 4060
517 4062
518 4057
519 4058
520 4055
521 4057
522 4059
523 4061
524 4059
525 4060
526 4058
527 4059
528 4058
529 4056
530 4055
531 4057
532 4059
533 4056
534 4056
535 4057
536 4060
537 4058
538 4058
539 4062
540 4055
541 4061
542 4056
543 4060
544 4058
545 4057
546 4058
547 4061
548 4059
549 4058
550 4057
551 4063
552 4056
553 4064
554 4060
555 4057
556 4057
557 4061
558 4057
559 4057
560 4058
561 4059
562 4057
563 4059
564 4057
565 4055
566 4060
567 4060
568 4057
569 4059
570 4060
571 4057
572 4056
573 4061
574 4058
575 4055
576 4061
577 4059
578 4058
579 4059
580 4058
581 4061
582 4056
583 4057
584 4059
585 4055
586 4060
587 4058
588 4056
589 4061
590 4057
591 4061
592 4056
593 4061
594 4060
595 4060
596 4060
597 4057
598 4057
599 4059
600 4058
601 4061
602 4057
603 4058
604 4057
605 4057
606 4061
607 4061
608 4057
609 4061
610 4058
611 4059
612 4061
613 4059
614 4058
615 4059
616 4058
617 4058
618 4061
619 4061
620 4057
621 4057
622 4058
623 4060
624 4059
625 4057
626 4060
627 4059
628 4055
629 4058
630 4055
631 4059
632 4060
633 4057
634 4060
635 4059
636 4059
637 4056
638 4058
639 4057
640 4059
641 4059
642 4058
643 4060
644 4056
645 4057
646 4057
647 4058
648 4056
649 4059
650 4059
651 4061
652 4058
653 4061
654 4062
655 4061
656 4058
657 4060
658 4057
659 4058
660 4056
661 4059
662 4057
663 4059
664 4059
665 4057
666 4057
667 4057
668 4057
669 4060
670 4061
671 4060
672 4056
673 4061
674 4059
675 4057
676 4055
677 4059
678 4060
679 4059
680 4060
681 4060
682 4058
683 4058
684 4058
685 4060
686 4057
687 4058
688 4057
689 4061
690 4058
691 4060
692 4059
693 4056
694 4059
695 4058
696 4059
697 4061
698 4059
699 4060
700 4061
701 4064
702 4055
703 4057
704 4057
705 4058
706 4055
707 4064
708 4057
709 4059
710 4058
711 4057
712 4059
713 4057
714 4055
715 4060
716 4064
717 4054
718 4056
719 4057
720 4057
721 4057
722 4060
723 4058
724 4061
725 4060
726 4057
727 4059
728 4059
729 4061
730 4057
731 4061
732 4060
733 4060
734 4059
735 4058
736 4058
737 4055
738 4058
739 4062
740 4059
741 4064
742 4060
743 4057
744 4055
745 4058
746 4062
747 4059
748 4058
749 4055
750 4059
751 4060
752 4055
753 4059
754 4060
755 4059
756 4057
757 4059
758 4061
759 4058
760 4060
761 4060
762 4058
763 4055
764 4058
765 4057
766 4062
767 4057
768 4053
769 4059
770 4058
771 4058
772 4058
773 4057
774 4057
775 4060
776 4057
777 4060
778 4057
779 4058
780 4059
781 4058
782 4059
783 4059
784 4061
785 4061
786 4056
787 4057
788 4056
789 4059
790 4057
791 4059
792 4056
793 4059
794 4059
795 4060
796 4060
797 4060
798 4056
799 4058
800 4059
801 4065
802 4054
803 4058
804 4058
805 4059
806 4060
807 4055
808 4057
809 4060
810 4058
811 4062
812 4057
813 4060
814 4055
815 4057
816 4060
817 4058
818 4058
819 4057
820 4057
821 4057
822 4059
823 4057
824 4056
825 4059
826 4058
827 4057
828 4057
829 4059
830 4057
831 4059
832 4060
833 4058
834 4056
835 4057
836 4059
837 4058
838 4060
839 4057
840 4058
841 4062
842 4058
843 4058
844 4058
845 4057
846 4057
847 4061
848 4059
849 4060
850 4058
851 4059
852 4058
853 4061
854 4059
855 4058
856 4058
857 4059
858 4055
859 4057
860 4060
861 4059
862 4058
863 4061
864 4058
865 4064
866 4064
867 4059
868 4057
869 4059
870 4059
871 4059
872 4061
873 4060
874 4059
875 4059
876 4059
877 4059
878 4057
879 4064
880 4057
881 4059
882 4059
883 4062
884 4059
885 4058
886 4061
887 4058
888 4058
889 4057
890 4059
891 4060
892 4057
893 4059
894 4059
895 4060
896 4056
897 4061
898 4058
899 4058
900 4057
901 4062
902 4054
903 4059
904 4061
905 4059
906 4055
907 4061
908 4061
909 4058
910 4058
911 4058
912 4057
913 4064
914 4057
915 4060
916 4061
917 4059
918 4061
919 4058
920 4059
921 4057
922 4058
923 4059
924 4058
925 4057
926 4058
927 4059
928 4055
929 4059
930 4058
931 4057
932 4058
933 4058
934 4059
935 4060
936 4058
937 4058
938 4060
939 4058
940 4058
941 4059
942 4057
943 4058
944 4057
945 4061
946 4060
947 4055
948 4059
949 4058
950 4060
951 4062
952 4056
953 4059
954 4056
955 4061
956 4057
957 4061
958 4061
959 4057
960 4061
961 4057
962 4057
963 4061
964 4054
965 4057
966 4060
967 4058
968 4057
969 4057
970 4059
971 4060
972 4057
973 4059
974 4058
975 4060
976 4056
977 4057
978 4058
979 4061
980 4057
981 4061
982 4055
983 4059
984 4053
985 4061
986 4060
987 4057
988 4059
989 4055
990 4060
991 4061
992 4061
993 4059
994 4059
995 4057
996 4056
997 4057
998 4056
999 4059
1000 4060
1001 4066
1002 4055
1003 4061
1004 4061
1005 4064
1006 4058
1007 4057
1008 4061
1009 4059
1010 4059
1011 4058
1012 4060
1013 4056
1014 4060
1015 4057
1016 4060
1017 4057
1018 4057
1019 4061
1020 4060
1021 4058
1022 4057
1023 4059
1024 4057
1025 4057
1026 4060
1027 4059
1028 4056
1029 4064
1030 4062
1031 4057
1032 4059
1033 4059
1034 4059
1035 4058
1036 4059
1037 4058
1038 4057
1039 4060
1040 4057
1041 4060
1042 4063
1043 4059
1044 4059
1045 4060
1046 4059
1047 4059
1048 4054
1049 4060
1050 4057
1051 4065
1052 4056
1053 4059
1054 4062
1055 4060
1056 4057
1057 4060
1058 4055
1059 4060
1060 4059
1061 4060
1062 4058
1063 4058
1064 4061
1065 4058
1066 4064
1067 4058
1068 4059
1069 4058
1070 4061
1071 4061
1072 4060
1073 4055
1074 4057
1075 4058
1076 4056
1077 4058
1078 4061
1079 4060
1080 4057
1081 4058
1082 4059
1083 4059
1084 4057
1085 4059
1086 4058
1087 4058
1088 4057
1089 4060
1090 4059
1091 4061
1092 4058
1093 4061
1094 4057
1095 4064
1096 4060
1097 4059
1098 4066
1099 4059
1100 4059
1101 4062
1102 4055
1103 4059
1104 4062
1105 4057
1106 4059
1107 4059
1108 4055
1109 4058
1110 4060
1111 4056
1112 4061
1113 4057
1114 4057
1115 4058
1116 4061
1117 4060
1118 4057
1119 4058
1120 4056
1121 4055
1122 4055
1123 4057
1124 4058
1125 4061
1126 4061
1127 4059
1128 4056
1129 4059
1130 4057
1131 4059
1132 4060
1133 4059
1134 4059
1135 4057
1136 4055
1137 4059
1138 4058
1139 4060
1140 4058
1141 4059
1142 4056
1143 4057
1144 4058
1145 4057
1146 4057
1147 4061
1148 4061
1149 4057
1150 4058
1151 4065
1152 4058
1153 4058
1154 4061
1155 4059
1156 4057
1157 4058
1158 4061
1159 4056
1160 4061
1161 4058
1162 4058
1163 4062
1164 4058
1165 4060
1166 4060
1167 4060
1168 4059
1169 4060
1170 4059
1171 4059
1172 4058
1173 4055
1174 4058
1175 4060
1176 4060
1177 4057
1178 4056
1179 4057
1180 4057
1181 4056
1182 4059
1183 4058
1184 4056
1185 4060
1186 4056
1187 4058
1188 4060
1189 4060
1190 4060
1191 4056
1192 4058
1193 4059
1194 4060
1195 4058
1196 4060
1197 4062
1198 4059
1199 4056
1200 4059
1201 4061
1202 4060
1203 4057
1204 4061
1205 4059
1206 4058
1207 4058
1208 4057
1209 4059
1210 4060
1211 4059
1212 4060
1213 4055
1214 4057
1215 4060
1216 4061
1217 4059
1218 4060
1219 4058
1220 4058
1221 4061
1222 4062
1223 4057
1224 4061
1225 4059
1226 4057
1227 4060
1228 4054
1229 4057
1230 4060
1231 4059
1232 4056
1233 4059
1234 4058
1235 4059
1236 4060
1237 4061
1238 4057
1239 4060
1240 4056
1241 4059
1242 4060
1243 4058
1244 4055
1245 4061
1246 4059
1247 4058
1248 4057
1249 4061
1250 4059
1251 4062
1252 4055
1253 4059
1254 4058
1255 4059
1256 4061
1257 4054
1258 4059
1259 4060
1260 4060
1261 4061
1262 4055
1263 4059
1264 4060
1265 4055
1266 4055
1267 4059
1268 4058
1269 4058
1270 4059
1271 4058
1272 4058
1273 4059
1274 4059
1275 4058
1276 4059
1277 4059
1278 4056
1279 4058
1280 4058
1281 4061
1282 4057
1283 4060
1284 4059
1285 4059
1286 4055
1287 4057
1288 4059
1289 4057
1290 4059
1291 4064
1292 4058
1293 4058
1294 4059
1295 4057
1296 4061
1297 4057
1298 4058
1299 4057
1300 4057
1301 4060
1302 4058
1303 4060
1304 4057
1305 4058
1306 4060
1307 4060
1308 4058
1309 4059
1310 4059
1311 4056
1312 4064
1313 4057
1314 4055
1315 4058
1316 4057
1317 4060
1318 4058
1319 4060
1320 4057
1321 4060
1322 4056
1323 4061
1324 4059
1325 4060
1326 4059
1327 4059
1328 4060
1329 4060
1330 4059
1331 4060
1332 4057
1333 4061
1334 4058
1335 4056
1336 4058
1337 4060
1338 4056
1339 4061
1340 4058
1341 4060
1342 4057
1343 4060
1344 4059
1345 4058
1346 4060
1347 4058
1348 4059
1349 4057
1350 4058
1351 4065
1352 4057
1353 4056
1354 4061
1355 4057
1356 4057
1357 4059
1358 4060
1359 4058
1360 4057
1361 4060
1362 4061
1363 4062
1364 4064
1365 4055
1366 4060
1367 4058
1368 4059
1369 4059
1370 4056
1371 4056
1372 4059
1373 4059
1374 4060
1375 4059
1376 4059
1377 4057
1378 4059
1379 4057
1380 4058
1381 4057
1382 4054
1383 4061
1384 4057
1385 4057
1386 4057
1387 4058
1388 4055
1389 4061
1390 4057
1391 4059
1392 4060
1393 4060
1394 4059
1395 4058
1396 4057
1397 4059
1398 4058
1399 4056
1400 4059
1401 4064
1402 4056
1403 4058
1404 4059
1405 4058
1406 4057
1407 4057
1408 4058
1409 4057
1410 4060
1411 4060
1412 4059
1413 4053
1414 4061
1415 4058
1416 4059
1417 4059
1418 4060
1419 4059
1420 4058
1421 4059
1422 4060
1423 4056
1424 4061
1425 4057
1426 4059
1427 4059
1428 4057
1429 4057
1430 4059
1431 4059
1432 4059
1433 4057
1434 4057
1435 4061
1436 4059
1437 4060
1438 4058
1439 4059
1440 4055
1441 4060
1442 4061
1443 4058
1444 4058
1445 4061
1446 4057
1447 4057
1448 4060
1449 4058
1450 4062
1451 4061
1452 4056
1453 4059
1454 4057
1455 4059
1456 4059
1457 4058
1458 4058
1459 4061
1460 4058
1461 4060
1462 4060
1463 4057
1464 4059
1465 4061
1466 4059
1467 4056
1468 4059
1469 4058
1470 4057
1471 4057
1472 4055
1473 4057
1474 4060
1475 4059
1476 4057
1477 4059
1478 4058
1479 4059
1480 4059
1481 4059
1482 4055
1483 4060
1484 4057
1485 4059
1486 4059
1487 4059
1488 4056
1489 4058
1490 4060
1491 4059
1492 4060
1493 4060
1494 4057
1495 4061
1496 4060
1497 4059
1498 4064
1499 4060
1500 4057
1501 4064
1502 4058
1503 4054
1504 4058
1505 4058
1506 4058
1507 4058
1508 4056
1509 4061
1510 4060
1511 4059
1512 4059
1513 4058
1514 4060
1515 4057
1516 4060
1517 4055
1518 4060
1519 4064
1520 4060
1521 4057
1522 4057
1523 4053
1524 4060
1525 4058
1526 4060
1527 4058
1528 4057
1529 4058
1530 4057
1531 4061
1532 4059
1533 4059
1534 4057
1535 4059
1536 4061
1537 4059
1538 4060
1539 4057
1540 4059
1541 4058
1542 4057
1543 4059
1544 4060
1545 4059
1546 4059
1547 4059
1548 4061
1549 4058
1550 4058
1551 4064
1552 4054
1553 4058
1554 4060
1555 4059
1556 4057
1557 4058
1558 4058
1559 4059
1560 4059
1561 4059
1562 4061
1563 4057
1564 4064
1565 4060
1566 4057
1567 4059
1568 4064
1569 4056
1570 4057
1571 4059
1572 4056
1573 4061
1574 4060
1575 4059
1576 4057
1577 4057
1578 4061
1579 4057
1580 4059
1581 4057
1582 4057
1583 4059
1584 4059
1585 4059
1586 4057
1587 4061
1588 4059
1589 4061
1590 4057
1591 4060
1592 4057
1593 4060
1594 4060
1595 4060
1596 4057
1597 4058
1598 4059
1599 4059
1600 4060
1601 4062
1602 4060
1603 4057
1604 4057
1605 4061
1606 4059
1607 4059
1608 4056
1609 4059
1610 4060
1611 4058
1612 4058
1613 4060
1614 4057
1615 4057
1616 4061
1617 4060
1618 4057
1619 4059
1620 4061
1621 4056
1622 4056
1623 4060
1624 4060
1625 4059
1626 4055
1627 4059
1628 4057
1629 4058
1630 4056
1631 4061
1632 4056
1633 4061
1634 4061
1635 4059
1636 4058
1637 4061
1638 4057
1639 4058
1640 4060
1641 4061
1642 4057
1643 4057
1644 4057
1645 4056
1646 4056
1647 4060
1648 4060
1649 4061
1650 4060
1651 4064
1652 4054
1653 4058
1654 4059
1655 4059
1656 4057
1657 4058
1658 4055
1659 4060
1660 4057
1661 4058
1662 4061
1663 4062
1664 4058
1665 4060
1666 4061
1667 4060
1668 4058
1669 4061
1670 4059
1671 4056
1672 4060
1673 4064
1674 4058
1675 4061
1676 4060
1677 4060
1678 4057
1679 4061
1680 4061
1681 4057
1682 4058
1683 4059
1684 4061
1685 4060
1686 4059
1687 4058
1688 4058
1689 4057
1690 4060
1691 4061
1692 4058
1693 4060
1694 4059
1695 4059
1696 4062
1697 4061
1698 4060
1699 4059
1700 4059
1701 4060
1702 4058
1703 4057
1704 4059
1705 4060
1706 4057
1707 4057
1708 4057
1709 4057
1710 4058
1711 4060
1712 4058
1713 4058
1714 4059
1715 4060
1716 4061
1717 4054
1718 4059
1719 4057
1720 4054
1721 4060
1722 4059
1723 4060
1724 4055
1725 4057
1726 4057
1727 4058
1728 4057
1729 4059
1730 4058
1731 4059
1732 4055
1733 4059
1734 4059
1735 4055
1736 4059
1737 4058
1738 4054
1739 4058
1740 4058
1741 4057
1742 4058
1743 4058
1744 4055
1745 4057
1746 4058
1747 4054
1748 4058
1749 4057
1750 4059
1751 4058
1752 4052
1753 4055
1754 4056
1755 4061
1756 4057
1757 4056
1758 4059
1759 4055
1760 4061
1761 4059
1762 4058
1763 4057
1764 4061
1765 4057
1766 4058
1767 4059
1768 4052
1769 4058
1770 4057
1771 4056
1772 4058
1773 4059
1774 4059
1775 4055
1776 4058
1777 4060
1778 4057
1779 4060
1780 4057
1781 4058
1782 4058
1783 4062
1784 4057
1785 4058
1786 4057
1787 4058
1788 4057
1789 4062
1790 4061
1791 4059
1792 4059
1793 4058
1794 4059
1795 4057
1796 4057
1797 4059
1798 4058
1799 4061
1800 4059
1801 4061
1802 4059
1803 4058
1804 4058
1805 4061
1806 4061
1807 4061
1808 4058
1809 4061
1810 4059
1811 4058
1812 4061
1813 4059
1814 4055
1815 4059
1816 4059
1817 4056
1818 4061
1819 4058
1820 4059
1821 4058
1822 4060
1823 4057
1824 4058
1825 4061
1826 4059
1827 4056
1828 4060
1829 4060
1830 4058
1831 4059
1832 4057
1833 4060
1834 4058
1835 4060
1836 4057
1837 4057
1838 4058
1839 4060
1840 4058
1841 4058
1842 4056
1843 4059
1844 4059
1845 4061
1846 4059
1847 4060
1848 4060
1849 4060
1850 4060
1851 4061
1852 4057
1853 4061
1854 4059
1855 4059
1856 4058
1857 4060
1858 4061
1859 4059
1860 4056
1861 4059
1862 4060
1863 4058
1864 4057
1865 4059
1866 4065
1867 4059
1868 4055
1869 4060
1870 4057
1871 4059
1872 4061
1873 4060
1874 4059
1875 4056
1876 4060
1877 4059
1878 4058
1879 4059
1880 4057
1881 4059
1882 4058
1883 4059
1884 4057
1885 4056
1886 4059
1887 4059
1888 4056
1889 4059
1890 4060
1891 4061
1892 4057
1893 4061
1894 4059
1895 4060
1896 4064
1897 4057
1898 4057
1899 4058
1900 4060
1901 4064
1902 4058
1903 4058
1904 4058
1905 4058
1906 4062
1907 4057
1908 4058
1909 4059
1910 4060
1911 4057
1912 4061
1913 4058
1914 4057
1915 4059
1916 4058
1917 4061
1918 4060
1919 4058
1920 4057
1921 4057
1922 4059
1923 4059
1924 4059
1925 4061
1926 4061
1927 4057
1928 4058
1929 4059
1930 4056
1931 4059
1932 4057
1933 4058
1934 4057
1935 4061
1936 4057
1937 4059
1938 4056
1939 4057
1940 4055
1941 4058
1942 4057
1943 4061
1944 4056
1945 4061
1946 4059
1947 4057
1948 4060
1949 4059
1950 4056
1951 4064
1952 4055
1953 4061
1954 4058
1955 4058
1956 4059
1957 4060
1958 4055
1959 4064
1960 4058
1961 4060
1962 4060
1963 4062
1964 4060
1965 4057
1966 4062
1967 4064
1968 4060
1969 4060
1970 4059
1971 4060
1972 4057
1973 4059
1974 4056
1975 4056
1976 4057
1977 4061
1978 4055
1979 4061
1980 4060
1981 4059
1982 4058
1983 4059
1984 4056
1985 4059
1986 4057
1987 4061
1988 4057
1989 4060
1990 4057
1991 4059
1992 4057
1993 4059
1994 4058
1995 4060
1996 4057
1997 4059
1998 4059
1999 4062
2000 4056
2001 4064
2002 4055
2003 4057
2004 4055
2005 4061
2006 4059
2007 4059
2008 4059
2009 4057
2010 4062
2011 4058
2012 4059
2013 4059
2014 4060
2015 4061
2016 4060
2017 4060
2018 4060
2019 4058
2020 4056
2021 4064
2022 4057
2023 4058
2024 4060
2025 4055
2026 4061
2027 4061
2028 4060
2029 4060
2030 4061
2031 4060
2032 4057
2033 4061
2034 4060
2035 4058
2036 4060
2037 4061
2038 4060
2039 4060
2040 4057
2041 4061
2042 4056
2043 4059
2044 4061
2045 4058
2046 4060
2047 4058
2048 4058
2049 4061
2050 4056
2051 4060
2052 4054
2053 4057
2054 4058
2055 4060
2056 4058
2057 4061
2058 4060
2059 4057
2060 4058
2061 4061
2062 4061
2063 4059
2064 4057
2065 4059
2066 4060
2067 4060
2068 4056
2069 4061
2070 4059
2071 4060
2072 4061
2073 4064
2074 4059
2075 4059
2076 4058
2077 4061
2078 4054
2079 4058
2080 4058
2081 4061
2082 4057
2083 4058
2084 4060
2085 4058
2086 4060
2087 4064
2088 4057
2089 4058
2090 4060
2091 4060
2092 4059
2093 4062
2094 4058
2095 4058
2096 4060
2097 4061
2098 4056
2099 4059
2100 4057
2101 4061
2102 4056
2103 4060
2104 4057
2105 4058
2106 4059
2107 4060
2108 4059
2109 4061
2110 4055
2111 4059
2112 4059
2113 4059
2114 4058
2115 4064
2116 4057
2117 4055
2118 4057
2119 4056
2120 4059
2121 4060
2122 4060
2123 4058
2124 4059
2125 4060
2126 4056
2127 4059
2128 4059
2129 4056
2130 4058
2131 4058
2132 4060
2133 4057
2134 4061
2135 4056
2136 4059
2137 4052
2138 4059
2139 4058
2140 4058
2141 4061
2142 4057
2143 4060
2144 4061
2145 4059
2146 4061
2147 4060
2148 4054
2149 4060
2150 4060
2151 4059
2152 4053
2153 4060
2154 4057
2155 4061
2156 4056
2157 4057
2158 4060
2159 4058
2160 4059
2161 4057
2162 4058
2163 4061
2164 4058
2165 4058
2166 4060
2167 4061
2168 4061
2169 4059
2170 4059
2171 4060
2172 4055
2173 4059
2174 4057
2175 4059
2176 4058
2177 4061
2178 4060
2179 4061
2180 4059
2181 4058
2182 4057
2183 4059
2184 4058
2185 4060
2186 4058
2187 4056
2188 4056
2189 4055
2190 4056
2191 4060
2192 4058
2193 4060
2194 4061
2195 4058
2196 4056
2197 4057
2198 4060
2199 4059
2200 4056
2201 4064
2202 4057
2203 4059
2204 4056
2205 4055
2206 4059
2207 4059
2208 4057
2209 4059
2210 4057
2211 4064
2212 4059
2213 4062
2214 4059
2215 4059
2216 4059
2217 4059
2218 4061
2219 4055
2220 4058
2221 4059
2222 4056
2223 4058
2224 4059
2225 4057
2226 4056
2227 4061
2228 4055
2229 4059
2230 4059
2231 4059
2232 4061
2233 4060
2234 4058
2235 4058
2236 4061
2237 4062
2238 4059
2239 4056
2240 4059
2241 4060
2242 4058
2243 4059
2244 4059
2245 4056
2246 4057
2247 4057
2248 4060
2249 4057
2250 4059
2251 4061
2252 4051
2253 4059
2254 4056
2255 4056
2256 4059
2257 4061
2258 4060
2259 4061
2260 4059
2261 4059
2262 4059
2263 4060
2264 4059
2265 4059
2266 4061
2267 4057
2268 4059
2269 4060
2270 4058
2271 4058
2272 4058
2273 4064
2274 4059
2275 4058
2276 4058
2277 4059
2278 4060
2279 4064
2280 4056
2281 4057
2282 4057
2283 4059
2284 4059
2285 4058
2286 4059
2287 4059
2288 4057
2289 4061
2290 4057
2291 4059
2292 4058
2293 4058
2294 4057
2295 4062
2296 4059
2297 4059
2298 4058
2299 4059
2300 4059
2301 4060
2302 4055
2303 4059
2304 4059
2305 4059
2306 4059
2307 4061
2308 4061
2309 4058
2310 4057
2311 4060
2312 4061
2313 4055
2314 4059
2315 4057
2316 4059
2317 4060
2318 4056
2319 4060
2320 4059
2321 4060
2322 4060
2323 4059
2324 4058
2325 4057
2326 4059
2327 4057
2328 4057
2329 4061
2330 4057
2331 4059
2332 4056
2333 4058
2334 4059
2335 4060
2336 4059
2337 4058
2338 4059
2339 4061
2340 4057
2341 4061
2342 4057
2343 4059
2344 4058
2345 4057
2346 4057
2347 4056
2348 4059
2349 4057
2350 4059
2351 4062
2352 4056
2353 4060
2354 4060
2355 4059
2356 4061
2357 4056
2358 4060
2359 4056
2360 4059
2361 4057
2362 4061
2363 4060
2364 4058
2365 4059
2366 4057
2367 4056
2368 4057
2369 4059
2370 4058
2371 4059
2372 4058
2373 4059
2374 4060
2375 4058
2376 4057
2377 4060
2378 4057
2379 4061
2380 4060
2381 4057
2382 4058
2383 4061
2384 4060
2385 4055
2386 4061
2387 4057
2388 4059
2389 4058
2390 4058
2391 4064
2392 4057
2393 4057
2394 4056
2395 4056
2396 4058
2397 4055
2398 4059
2399 4058
2400 4059
2401 4061
2402 4055
2403 4057
2404 4062
2405 4059
2406 4056
2407 4058
2408 4058
2409 4058
2410 4057
2411 4059
2412 4058
2413 4058
2414 4060
2415 4057
2416 4060
2417 4057
2418 4057
2419 4060
2420 4058
2421 4057
2422 4058
2423 4056
2424 4059
2425 4061
2426 4060
2427 4057
2428 4058
2429 4059
2430 4060
2431 4058
2432 4061
2433 4057
2434 4058
2435 4059
2436 4058
2437 4060
2438 4054
2439 4059
2440 4057
2441 4059
2442 4059
2443 4058
2444 4059
2445 4057
2446 4055
2447 4058
2448 4058
2449 4060
2450 4058
2451 4060
2452 4056
2453 4061
2454 4059
2455 4057
2456 4060
2457 4064
2458 4057
2459 4058
2460 4060
2461 4059
2462 4059
2463 4060
2464 4056
2465 4058
2466 4059
2467 4058
2468 4056
2469 4059
2470 4060
2471 4057
2472 4058
2473 4058
2474 4061
2475 4058
2476 4058
2477 4061
2478 4057
2479 4060
2480 4057
2481 4059
2482 4061
2483 4058
2484 4059
2485 4057
2486 4054
2487 4058
2488 4057
2489 4059
2490 4060
2491 4061
2492 4060
2493 4061
2494 4060
2495 4058
2496 4058
2497 4064
2498 4061
2499 4059
2500 4059
2501 4064
2502 4054
2503 4062
2504 4060
2505 4057
2506 4059
2507 4058
2508 4059
2509 4058
2510 4059
2511 4056
2512 4058
2513 4059
2514 4057
2515 4057
2516 4057
2517 4064
2518 4059
2519 4057
2520 4060
2521 4055
2522 4060
2523 4055
2524 4060
2525 4061
2526 4062
2527 4055
2528 4057
2529 4058
2530 4059
2531 4059
2532 4059
2533 4055
2534 4061
2535 4059
2536 4059
2537 4057
2538 4062
2539 4055
2540 4059
2541 4059
2542 4056
2543 4057
2544 4056
2545 4055
2546 4056
2547 4058
2548 4059
2549 4059
2550 4059
2551 4062
2552 4057
2553 4060
2554 4060
2555 4058
2556 4059
2557 4055
2558 4059
2559 4060
2560 4059
2561 4059
2562 4059
2563 4062
2564 4057
2565 4057
2566 4061
2567 4056
2568 4058
2569 4060
2570 4056
2571 4057
2572 4056
2573 4059
2574 4056
2575 4058
2576 4056
2577 4061
2578 4057
2579 4059
2580 4059
2581 4055
2582 4059
2583 4058
2584 4060
2585 4058
2586 4055
2587 4058
2588 4059
2589 4059
2590 4057
2591 4060
2592 4055
2593 4061
2594 4057
2595 4058
2596 4064
2597 4060
2598 4056
2599 4058
2600 4057
2601 4062
2602 4054
2603 4058
2604 4060
2605 4057
2606 4055
2607 4061
2608 4059
2609 4058
2610 4059
2611 4059
2612 4061
2613 4059
2614 4059
2615 4058
2616 4060
2617 4055
2618 4057
2619 4058
2620 4057
2621 4056
2622 4055
2623 4057
2624 4059
2625 4060
2626 4058
2627 4059
2628 4055
2629 4058
2630 4057
2631 4055
2632 4056
2633 4061
2634 4057
2635 4058
2636 4059
2637 4060
2638 4055
2639 4060
2640 4059
2641 4059
2642 4055
2643 4058
2644 4060
2645 4055
2646 4058
2647 4059
2648 4057
2649 4060
2650 4058
2651 4061
2652 4052
2653 4060
2654 4058
2655 4059
2656 4059
2657 4059
2658 4057
2659 4058
2660 4062
2661 4057
2662 4059
2663 4058
2664 4055
2665 4058
2666 4061
2667 4061
2668 4058
2669 4058
2670 4061
2671 4058
2672 4057
2673 4054
2674 4058
2675 4056
2676 4058
2677 4060
2678 4057
2679 4059
2680 4056
2681 4059
2682 4058
2683 4060
2684 4056
2685 4055
2686 4057
2687 4056
2688 4058
2689 4059
2690 4056
2691 4061
2692 4056
2693 4060
2694 4060
2695 4060
2696 4057
2697 4059
2698 4055
2699 4061
2700 4057
2701 4058
2702 4056
2703 4059
2704 4057
2705 4061
2706 4060
2707 4058
2708 4061
2709 4059
2710 4059
2711 4059
2712 4057
2713 4061
2714 4059
2715 4057
2716 4061
2717 4057
2718 4057
2719 4059
2720 4058
2721 4061
2722 4058
2723 4058
2724 4059
2725 4058
2726 4059
2727 4056
2728 4060
2729 4058
2730 4055
2731 4058
2732 4056
2733 4059
2734 4056
2735 4064
2736 4056
2737 4059
2738 4058
2739 4061
2740 4057
2741 4060
2742 4055
2743 4061
2744 4062
2745 4055
2746 4059
2747 4057
2748 4058
2749 4058
2750 4059
2751 4062
2752 4055
2753 4055
2754 4057
2755 4058
2756 4055
2757 4059
2758 4057
2759 4059
2760 4057
2761 4059
2762 4058
2763 4060
2764 4059
2765 4057
2766 4060
2767 4058
2768 4059
2769 4061
2770 4056
2771 4060
2772 4057
2773 4057
2774 4057
2775 4058
2776 4059
2777 4055
2778 4058
2779 4056
2780 4059
2781 4059
2782 4057
2783 4056
2784 4057
2785 4059
2786 4055
2787 4056
2788 4055
2789 4057
2790 4061
2791 4058
2792 4059
2793 4060
2794 4059
2795 4055
2796 4057
2797 4058
2798 4057
2799 4058
2800 4059
2801 4060
2802 4053
2803 4055
2804 4064
2805 4056
2806 4056
2807 4061
2808 4055
2809 4055
2810 4056
2811 4058
2812 4055
2813 4055
2814 4057
2815 4053
2816 4058
2817 4060
2818 4057
2819 4058
2820 4060
2821 4053
2822 4057
2823 4058
2824 4053
2825 4057
2826 4057
2827 4059
2828 4059
2829 4058
2830 4055
2831 4058
2832 4057
2833 4055
2834 4055
2835 4059
2836 4056
2837 4056
2838 4058
2839 4059
2840 4054
2841 4057
2842 4054
2843 4054
2844 4058
2845 4054
2846 4057
2847 4054
2848 4057
2849 4056
2850 4056
2851 4058
2852 4056
2853 4057
2854 4052
2855 4057
2856 4057
2857 4055
2858 4054
2859 4056
2860 4054
2861 4056
2862 4053
2863 4056
2864 4056
2865 4053
2866 4059
2867 4055
2868 4054
2869 4055
2870 4056
2871 4056
2872 4053
2873 4057
2874 4054
2875 4056
2876 4061
2877 4055
2878 4054
2879 4058
2880 4057
2881 4056
2882 4055
2883 4056
2884 4055
2885 4060
2886 4057
2887 4055
2888 4058
2889 4053
2890 4056
2891 4056
2892 4055
2893 4060
2894 4059
2895 4056
2896 4058
2897 4057
2898 4060
2899 4056
2900 4055
2901 4061
2902 4054
2903 4059
2904 4057
2905 4055
2906 4055
2907 4055
2908 4056
2909 4058
2910 4055
2911 4056
2912 4059
2913 4056
2914 4056
2915 4057
2916 4055
2917 4055
2918 4056
2919 4055
2920 4056
2921 4053
2922 4053
2923 4057
2924 4056
2925 4060
2926 4056
2927 4059
2928 4058
2929 4057
2930 4058
2931 4060
2932 4058
2933 4055
2934 4058
2935 4061
2936 4058
2937 4060
2938 4057
2939 4057
2940 4055
2941 4058
2942 4055
2943 4060
2944 4058
2945 4057
2946 4059
2947 4058
2948 4056
2949 4059
2950 4059
2951 4061
2952 4055
2953 4058
2954 4059
2955 4057
2956 4057
2957 4057
2958 4057
2959 4060
2960 4059
2961 4060
2962 4058
2963 4061
2964 4060
2965 4060
2966 4058
2967 4059
2968 4060
2969 4054
2970 4060
2971 4057
2972 4057
2973 4056
2974 4058
2975 4060
2976 4057
2977 4060
2978 4064
2979 4060
2980 4057
2981 4058
2982 4061
2983 4056
2984 4057
2985 4058
2986 4061
2987 4059
2988 4058
2989 4061
2990 4060
2991 4059
2992 4058
2993 4058
2994 4058
2995 4061
2996 4058
2997 4060
2998 4056
2999 4061
3000 4058
3001 4061
3002 4055
3003 4060
3004 4064
3005 4057
3006 4058
3007 4058
3008 4060
3009 4058
3010 4057
3011 4060
3012 4057
3013 4059
3014 4060
3015 4058
3016 4059
3017 4060
3018 4058
3019 4064
3020 4061
3021 4059
3022 4057
3023 4060
3024 4058
3025 4058
3026 4058
3027 4057
3028 4061
3029 4059
3030 4058
3031 4058
3032 4060
3033 4057
3034 4060
3035 4058
3036 4055
3037 4058
3038 4060
3039 4058
3040 4058
3041 4058
3042 4058
3043 4057
3044 4058
3045 4060
3046 4059
3047 4060
3048 4060
3049 4056
3050 4057
3051 4066
3052 4058
3053 4058
3054 4064
3055 4057
3056 4057
3057 4057
3058 4056
3059 4060
3060 4057
3061 4059
3062 4060
3063 4060
3064 4060
3065 4057
3066 4061
3067 4057
3068 4060
3069 4064
3070 4061
3071 4054
3072 4059
3073 4060
3074 4062
3075 4058
3076 4057
3077 4061
3078 4058
3079 4059
3080 4057
3081 4059
3082 4059
3083 4059
3084 4057
3085 4059
3086 4061
3087 4060
3088 4060
3089 4059
3090 4058
3091 4056
3092 4059
3093 4059
3094 4057
3095 4060
3096 4059
3097 4057
3098 4059
3099 4058
3100 4058
3101 4064
3102 4054
3103 4057
3104 4061
3105 4057
3106 4059
3107 4060
3108 4061
3109 4057
3110 4059
3111 4057
3112 4061
3113 4060
3114 4058
3115 4058
3116 4060
3117 4057
3118 4054
3119 4057
3120 4058
3121 4060
3122 4056
3123 4060
3124 4060
3125 4059
3126 4057
3127 4057
3128 4057
3129 4059
3130 4060
3131 4060
3132 4057
3133 4057
3134 4061
3135 4059
3136 4055
3137 4056
3138 4057
3139 4061
3140 4057
3141 4060
3142 4056
3143 4064
3144 4058
3145 4061
3146 4057
3147 4060
3148 4057
3149 4057
3150 4061
3151 4060
3152 4054
3153 4059
3154 4057
3155 4060
3156 4057
3157 4059
3158 4057
3159 4056
3160 4059
3161 4057
3162 4058
3163 4057
3164 4058
3165 4061
3166 4059
3167 4056
3168 4061
3169 4058
3170 4059
3171 4059
3172 4057
3173 4060
3174 4060
3175 4057
3176 4064
3177 4057
3178 4056
3179 4058
3180 4056
3181 4064
3182 4057
3183 4061
3184 4057
3185 4060
3186 4060
3187 4057
3188 4057
3189 4060
3190 4058
3191 4061
3192 4059
3193 4056
3194 4057
3195 4061
3196 4057
3197 4057
3198 4059
3199 4058
3200 4060
3201 4064
3202 4056
3203 4059
3204 4059
3205 4058
3206 4061
3207 4058
3208 4059
3209 4060
3210 4056
3211 4065
3212 4057
3213 4059
3214 4057
3215 4056
3216 4058
3217 4059
3218 4056
3219 4060
3220 4059
3221 4056
3222 4058
3223 4066
3224 4055
3225 4057
3226 4059
3227 4060
3228 4061
3229 4057
3230 4060
3231 4058
3232 4058
3233 4064
3234 4060
3235 4059
3236 4056
3237 4059
3238 4058
3239 4060
3240 4057
3241 4064
3242 4060
3243 4056
3244 4061
3245 4061
3246 4058
3247 4056
3248 4057
3249 4060
3250 4058
3251 4065
3252 4055
3253 4061
3254 4061
3255 4061
3256 4059
3257 4055
3258 4060
3259 4061
3260 4058
3261 4059
3262 4059
3263 4058
3264 4061
3265 4059
3266 4060
3267 4060
3268 4057
3269 4058
3270 4055
3271 4058
3272 4060
3273 4059
3274 4056
3275 4056
3276 4060
3277 4058
3278 4060
3279 4057
3280 4058
3281 4057
3282 4057
3283 4057
3284 4058
3285 4058
3286 4060
3287 4055
3288 4058
3289 4056
3290 4059
3291 4060
3292 4055
3293 4061
3294 4059
3295 4057
3296 4056
3297 4059
3298 4059
3299 4057
3300 4060
3301 4064
3302 4057
3303 4059
3304 4058
3305 4061
3306 4058
3307 4058
3308 4060
3309 4059
3310 4059
3311 4057
3312 4059
3313 4058
3314 4059
3315 4059
3316 4062
3317 4053
3318 4061
3319 4057
3320 4058
3321 4057
3322 4057
3323 4058
3324 4060
3325 4058
3326 4058
3327 4061
3328 4055
3329 4060
3330 4060
3331 4055
3332 4057
3333 4062
3334 4058
3335 4059
3336 4060
3337 4056
3338 4057
3339 4057
3340 4057
3341 4061
3342 4064
3343 4058
3344 4058
3345 4059
3346 4059
3347 4057
3348 4057
3349 4058
3350 4059
3351 4058
3352 4057
3353 4058
3354 4057
3355 4059
3356 4059
3357 4061
3358 4054
3359 4062
3360 4059
3361 4060
3362 4057
3363 4061
3364 4058
3365 4058
3366 4061
3367 4057
3368 4059
3369 4058
3370 4061
3371 4055
3372 4058
3373 4060
3374 4060
3375 4057
3376 4059
3377 4057
3378 4060
3379 4057
3380 4060
3381 4056
3382 4057
3383 4055
3384 4057
3385 4059
3386 4061
3387 4058
3388 4058
3389 4058
3390 4056
3391 4061
3392 4057
3393 4059
3394 4055
3395 4061
3396 4057
3397 4059
3398 4061
3399 4057
3400 4055
3401 4064
3402 4057
3403 4058
3404 4059
3405 4057
3406 4056
3407 4058
3408 4058
3409 4060
3410 4056
3411 4057
3412 4061
3413 4058
3414 4057
3415 4058
3416 4059
3417 4058
3418 4061
3419 4059
3420 4059
3421 4059
3422 4059
3423 4059
3424 4061
3425 4055
3426 4057
3427 4062
3428 4052
3429 4058
3430 4060
3431 4061
3432 4057
3433 4061
3434 4058
3435 4055
3436 4059
3437 4060
3438 4058
3439 4061
3440 4055
3441 4064
3442 4058
3443 4056
3444 4059
3445 4064
3446 4055
3447 4057
3448 4059
3449 4057
3450 4057
3451 4064
3452 4056
3453 4056
3454 4059
3455 4059
3456 4058
3457 4056
3458 4057
3459 4059
3460 4057
3461 4060
3462 4059
3463 4057
3464 4060
3465 4056
3466 4059
3467 4055
3468 4057
3469 4060
3470 4057
3471 4058
3472 4059
3473 4060
3474 4058
3475 4057
3476 4058
3477 4057
3478 4061
3479 4061
3480 4054
3481 4059
3482 4057
3483 4058
3484 4059
3485 4057
3486 4059
3487 4060
3488 4060
3489 4057
3490 4057
3491 4055
3492 4057
3493 4055
3494 4061
3495 4059
3496 4059
3497 4056
3498 4058
3499 4060
3500 4055
3501 4061
3502 4054
3503 4058
3504 4059
3505 4057
3506 4057
3507 4057
3508 4060
3509 4057
3510 4058
3511 4059
3512 4062
3513 4058
3514 4056
3515 4058
3516 4056
3517 4058
3518 4059
3519 4058
3520 4061
3521 4057
3522 4058
3523 4060
3524 4060
3525 4056
3526 4058
3527 4059
3528 4057
3529 4055
3530 4058
3531 4057
3532 4058
3533 4058
3534 4056
3535 4060
3536 4057
3537 4059
3538 4057
3539 4061
3540 4054
3541 4059
3542 4058
3543 4060
3544 4050
3545 4059
3546 4058
3547 4057
3548 4059
3549 4060
3550 4057
3551 4060
3552 4056
3553 4057
3554 4060
3555 4058
3556 4061
3557 4060
3558 4060
3559 4058
3560 4055
3561 4059
3562 4057
3563 4057
3564 4055
3565 4058
3566 4059
3567 4060
3568 4057
3569 4060
3570 4057
3571 4057
3572 4060
3573 4057
3574 4057
3575 4055
3576 4055
3577 4059
3578 4057
3579 4058
3580 4057
3581 4061
3582 4055
3583 4059
3584 4060
3585 4056
3586 4060
3587 4061
3588 4057
3589 4058
3590 4054
3591 4059
3592 4057
3593 4058
3594 4058
3595 4060
3596 4058
3597 4057
3598 4061
3599 4058
3600 4057
3601 4064
3602 4056
3603 4060
3604 4057
3605 4060
3606 4058
3607 4057
3608 4059
3609 4061
3610 4060
3611 4058
3612 4058
3613 4055
3614 4057
3615 4059
3616 4059
3617 4057
3618 4057
3619 4057
3620 4057
3621 4058
3622 4056
3623 4058
3624 4057
3625 4057
3626 4057
3627 4061
3628 4056
3629 4056
3630 4058
3631 4060
3632 4059
3633 4057
3634 4060
3635 4058
3636 4061
3637 4057
3638 4055
3639 4062
3640 4055
3641 4059
3642 4056
3643 4064
3644 4056
3645 4057
3646 4055
3647 4057
3648 4058
3649 4058
3650 4059
3651 4061
3652 4055
3653 4064
3654 4059
3655 4060
3656 4057
3657 4057
3658 4060
3659 4058
3660 4059
3661 4057
3662 4055
3663 4059
3664 4059
3665 4057
3666 4059
3667 4060
3668 4058
3669 4059
3670 4058
3671 4060
3672 4064
3673 4056
3674 4059
3675 4059
3676 4060
3677 4055
3678 4059
3679 4058
3680 4054
3681 4058
3682 4056
3683 4059
3684 4055
3685 4057
3686 4060
3687 4057
3688 4059
3689 4060
3690 4060
3691 4060
3692 4058
3693 4060
3694 4057
