#Data from the TCD1304 linear CCD
#column 1 = pixelnumber , column 2 = pixelvalue
#Pixel 1-32 and 3679-3694 and are dummy pixels
#SH-period: 200    ICG-period: 100000    Integration time: 100.0 us
2 4031
3 4035
4 4055
5 4055
6 4060
7 4057
8 4054
9 4055
10 4055
11 4057
12 4055
13 4059
14 4057
15 4056
16 4057
17 4059
18 4054
19 4061
20 4057
21 4057
22 4057
23 4058
24 4059
25 4059
26 4057
27 4059
28 4053
29 4056
30 4052
31 4059
32 4058
34 4056
35 4055
36 4058
37 4058
38 4060
39 4059
40 4055
41 4055
42 4059
43 4058
44 4055
45 4059
46 4056
47 4059
48 4058
49 4057
50 4058
51 4057
52 4058
53 4058
54 4059
55 4057
56 4054
57 4058
58 4054
59 4060
60 4057
61 4058
62 4054
63 4059
64 4056
65 4053
66 4058
67 4058
68 4056
69 4059
70 4059
71 4054
72 4053
73 4056
74 4057
75 4059
76 4057
77 4058
78 4056
79 4059
80 4056
81 4058
82 4058
83 4058
84 4058
85 4056
86 4057
87 4056
88 4058
89 4058
90 4059
91 4057
92 4057
93 4060
94 4048
95 4058
96 4057
97 4058
98 4058
99 4055
100 4057
101 4064
102 4055
103 4058
104 4058
105 4058
106 4057
107 4056
108 4058
109 4059
110 4059
111 4058
112 4055
113 4057
114 4058
115 4059
116 4058
117 4061
118 4059
119 4058
120 4057
121 4053
122 4057
123 4057
124 4054
125 4058
126 4057
127 4057
128 4055
129 4058
130 4059
131 4059
132 4057
133 4055
134 4054
135 4058
136 4056
137 4057
138 4056
139 4057
140 4055
141 4059
142 4051
143 4057
144 4055
145 4057
146 4055
147 4058
148 4057
149 4058
150 4055
151 4060
152 4054
153 4055
154 4053
155 4055
156 4054
157 4058
158 4056
159 4059
160 4055
161 4056
162 4055
163 4057
164 4058
165 4058
166 4058
167 4055
168 4057
169 4057
170 4055
171 4058
172 4057
173 4056
174 4058
175 4057
176 4056
177 4054
178 4057
179 4060
180 4056
181 4059
182 4059
183 4055
184 4055
185 4057
186 4056
187 4057
188 4056
189 4059
190 4061
191 4059
192 4059
193 4057
194 4057
195 4058
196 4057
197 4056
198 4057
199 4057
200 4058
201 4060
202 4053
203 4057
204 4056
205 4058
206 4057
207 4057
208 4056
209 4057
210 4055
211 4058
212 4055
213 4055
214 4057
215 4057
216 4056
217 4059
218 4057
219 4054
220 4057
221 4059
222 4060
223 4059
224 4057
225 4056
226 4058
227 4057
228 4055
229 4055
230 4056
231 4057
232 4058
233 4054
234 4058
235 4058
236 4057
237 4055
238 4059
239 4057
240 4056
241 4057
242 4059
243 4059
244 4056
245 4059
246 4057
247 4057
248 4059
249 4057
250 4056
251 4062
252 4052
253 4059
254 4057
255 4059
256 4055
257 4059
258 4062
259 4060
260 4060
261 4057
262 4055
263 4058
264 4058
265 4058
266 4056
267 4058
268 4058
269 4059
270 4057
271 4058
272 4055
273 4059
274 4058
275 4057
276 4057
277 4059
278 4058
279 4055
280 4059
281 4056
282 4057
283 4058
284 4058
285 4059
286 4057
287 4057
288 4059
289 4059
290 4055
291 4056
292 4059
293 4057
294 4057
295 4057
296 4055
297 4055
298 4060
299 4057
300 4053
301 4062
302 4056
303 4058
304 4059
305 4056
306 4054
307 4058
308 4058
309 4055
310 4057
311 4059
312 4058
313 4057
314 4058
315 4054
316 4057
317 4053
318 4056
319 4055
320 4059
321 4057
322 4059
323 4057
324 4055
325 4057
326 4056
327 4056
328 4058
329 4056
330 4057
331 4055
332 4061
333 4054
334 4059
335 4061
336 4057
337 4059
338 4057
339 4056
340 4056
341 4058
342 4057
343 4056
344 4057
345 4055
346 4057
347 4053
348 4056
349 4058
350 4057
351 4058
352 4054
353 4058
354 4057
355 4058
356 4055
357 4059
358 4059
359 4055
360 4057
361 4056
362 4057
363 4055
364 4060
365 4057
366 4056
367 4055
368 4056
369 4057
370 4057
371 4054
372 4056
373 4057
374 4056
375 4058
376 4057
377 4058
378 4057
379 4056
380 4058
381 4057
382 4060
383 4056
384 4058
385 4057
386 4057
387 4060
388 4056
389 4059
390 4057
391 4060
392 4059
393 4058
394 4055
395 4057
396 4055
397 4056
398 4061
399 4058
400 4057
401 4058
402 4053
403 4058
404 4057
405 4062
406 4057
407 4059
408 4054
409 4057
410 4055
411 4060
412 4053
413 4057
414 4056
415 4057
416 4059
417 4061
418 4054
419 4060
420 4057
421 4058
422 4060
423 4058
424 4060
425 4059
426 4054
427 4061
428 4056
429 4054
430 4056
431 4059
432 4059
433 4057
434 4056
435 4060
436 4052
437 4057
438 4054
439 4058
440 4058
441 4059
442 4056
443 4057
444 4055
445 4056
446 4057
447 4058
448 4056
449 4060
450 4056
451 4061
452 4054
453 4056
454 4054
455 4057
456 4056
457 4060
458 4056
459 4057
460 4055
461 4057
462 4057
463 4057
464 4057
465 4061
466 4057
467 4055
468 4059
469 4053
470 4057
471 4055
472 4059
473 4057
474 4055
475 4058
476 4060
477 4058
478 4056
479 4059
480 4057
481 4053
482 4057
483 4055
484 4056
485 4057
486 4055
487 4059
488 4055
489 4057
490 4056
491 4058
492 4057
493 4058
494 4052
495 4056
496 4057
497 4057
498 4058
499 4055
500 4056
501 4059
502 4054
503 4058
504 4059
505 4057
506 4056
507 4057
508 4057
509 4059
510 4055
511 4058
512 4056
513 4055
514 4057
515 4055
516 4055
517 4058
518 4057
519 4054
520 4054
521 4059
522 4059
523 4055
524 4058
525 4057
526 4053
527 4055
528 4054
529 4059
530 4054
531 4055
532 4060
533 4057
534 4053
535 4059
536 4057
537 4057
538 4056
539 4058
540 4052
541 4057
542 4055
543 4057
544 4054
545 4055
546 4055
547 4056
548 4055
549 4058
550 4053
551 4060
552 4054
553 4057
554 4058
555 4055
556 4056
557 4060
558 4056
559 4056
560 4057
561 4055
562 4058
563 4055
564 4058
565 4059
566 4057
567 4056
568 4054
569 4058
570 4056
571 4057
572 4058
573 4056
574 4057
575 4055
576 4052
577 4061
578 4056
579 4060
580 4058
581 4058
582 4060
583 4056
584 4056
585 4057
586 4053
587 4057
588 4059
589 4056
590 4057
591 4058
592 4056
593 4058
594 4055
595 4061
596 4055
597 4054
598 4058
599 4057
600 4056
601 4064
602 4053
603 4059
604 4057
605 4060
606 4058
607 4055
608 4055
609 4060
610 4057
611 4058
612 4057
613 4058
614 4057
615 4058
616 4057
617 4057
618 4056
619 4059
620 4056
621 4058
622 4060
623 4059
624 4056
625 4058
626 4058
627 4055
628 4057
629 4057
630 4059
631 4057
632 4057
633 4059
634 4053
635 4059
636 4057
637 4058
638 4057
639 4058
640 4056
641 4055
642 4058
643 4056
644 4058
645 4056
646 4057
647 4058
648 4053
649 4052
650 4055
651 4060
652 4056
653 4053
654 4055
655 4056
656 4053
657 4060
658 4055
659 4056
660 4056
661 4059
662 4057
663 4068
664 4055
665 4055
666 4054
667 4058
668 4059
669 4055
670 4057
671 4057
672 4056
673 4057
674 4055
675 4057
676 4059
677 4055
678 4056
679 4058
680 4057
681 4061
682 4057
683 4056
684 4055
685 4059
686 4056
687 4059
688 4056
689 4057
690 4058
691 4059
692 4057
693 4061
694 4059
695 4058
696 4059
697 4057
698 4056
699 4057
700 4056
701 4062
702 4053
703 4056
704 4057
705 4058
706 4056
707 4061
708 4056
709 4057
710 4061
711 4056
712 4056
713 4058
714 4056
715 4057
716 4055
717 4058
718 4056
719 4060
720 4055
721 4062
722 4058
723 4058
724 4055
725 4059
726 4056
727 4051
728 4057
729 4056
730 4057
731 4057
732 4059
733 4061
734 4058
735 4057
736 4056
737 4057
738 4058
739 4057
740 4058
741 4055
742 4055
743 4058
744 4053
745 4057
746 4056
747 4057
748 4060
749 4059
750 4058
751 4061
752 4057
753 4057
754 4056
755 4058
756 4055
757 4055
758 4060
759 4059
760 4056
761 4058
762 4057
763 4059
764 4056
765 4057
766 4056
767 4055
768 4058
769 4054
770 4055
771 4058
772 4058
773 4055
774 4057
775 4055
776 4055
777 4055
778 4059
779 4054
780 4056
781 4057
782 4057
783 4058
784 4057
785 4058
786 4058
787 4057
788 4056
789 4052
790 4057
791 4057
792 4057
793 4055
794 4057
795 4058
796 4059
797 4054
798 4053
799 4055
800 4058
801 4059
802 4055
803 4056
804 4055
805 4058
806 4057
807 4057
808 4056
809 4057
810 4055
811 4059
812 4059
813 4056
814 4058
815 4058
816 4057
817 4060
818 4057
819 4055
820 4059
821 4055
822 4056
823 4057
824 4055
825 4057
826 4056
827 4058
828 4055
829 4057
830 4057
831 4058
832 4057
833 4057
834 4057
835 4060
836 4058
837 4057
838 4054
839 4056
840 4058
841 4057
842 4052
843 4059
844 4060
845 4057
846 4055
847 4057
848 4060
849 4055
850 4060
851 4061
852 4055
853 4056
854 4056
855 4055
856 4055
857 4057
858 4059
859 4055
860 4053
861 4057
862 4057
863 4053
864 4056
865 4057
866 4057
867 4056
868 4057
869 4056
870 4056
871 4057
872 4053
873 4058
874 4055
875 4058
876 4055
877 4057
878 4056
879 4055
880 4055
881 4057
882 4060
883 4056
884 4055
885 4057
886 4057
887 4059
888 4056
889 4056
890 4058
891 4056
892 4055
893 4061
894 4053
895 4059
896 4056
897 4056
898 4054
899 4055
900 4057
901 4060
902 4055
903 4057
904 4059
905 4058
906 4059
907 4055
908 4057
909 4053
910 4058
911 4058
912 4056
913 4061
914 4057
915 4057
916 4059
917 4057
918 4058
919 4056
920 4055
921 4056
922 4058
923 4057
924 4057
925 4057
926 4055
927 4060
928 4058
929 4053
930 4056
931 4059
932 4060
933 4055
934 4058
935 4057
936 4059
937 4056
938 4059
939 4060
940 4060
941 4058
942 4060
943 4058
944 4053
945 4058
946 4056
947 4055
948 4057
949 4059
950 4057
951 4061
952 4056
953 4057
954 4057
955 4059
956 4055
957 4061
958 4059
959 4055
960 4055
961 4060
962 4059
963 4054
964 4055
965 4059
966 4055
967 4059
968 4056
969 4059
970 4058
971 4060
972 4055
973 4056
974 4055
975 4056
976 4059
977 4058
978 4058
979 4058
980 4058
981 4056
982 4060
983 4057
984 4056
985 4059
986 4057
987 4059
988 4054
989 4054
990 4059
991 4056
992 4058
993 4055
994 4057
995 4058
996 4054
997 4057
998 4056
999 4059
1000 4055
1001 4059
1002 4055
1003 4055
1004 4057
1005 4058
1006 4056
1007 4059
1008 4058
1009 4058
1010 4055
1011 4057
1012 4058
1013 4056
1014 4059
1015 4059
1016 4058
1017 4055
1018 4056
1019 4058
1020 4056
1021 4055
1022 4057
1023 4056
1024 4057
1025 4059
1026 4057
1027 4058
1028 4055
1029 4057
1030 4059
1031 4056
1032 4058
1033 4057
1034 4059
1035 4055
1036 4056
1037 4056
1038 4059
1039 4059
1040 4059
1041 4057
1042 4056
1043 4057
1044 4055
1045 4056
1046 4057
1047 4055
1048 4058
1049 4059
1050 4055
1051 4060
1052 4057
1053 4058
1054 4057
1055 4057
1056 4058
1057 4058
1058 4055
1059 4057
1060 4057
1061 4059
1062 4056
1063 4058
1064 4055
1065 4058
1066 4056
1067 4058
1068 4056
1069 4057
1070 4058
1071 4058
1072 4059
1073 4057
1074 4059
1075 4055
1076 4057
1077 4058
1078 4056
1079 4056
1080 4058
1081 4060
1082 4057
1083 4057
1084 4055
1085 4058
1086 4057
1087 4060
1088 4052
1089 4059
1090 4057
1091 4056
1092 4055
1093 4056
1094 4057
1095 4059
1096 4056
1097 4058
1098 4057
1099 4055
1100 4054
1101 4061
1102 4056
1103 4058
1104 4057
1105 4059
1106 4057
1107 4059
1108 4055
1109 4056
1110 4057
1111 4057
1112 4057
1113 4054
1114 4058
1115 4057
1116 4057
1117 4056
1118 4057
1119 4057
1120 4054
1121 4056
1122 4057
1123 4055
1124 4059
1125 4057
1126 4054
1127 4060
1128 4056
1129 4058
1130 4059
1131 4053
1132 4060
1133 4055
1134 4055
1135 4055
1136 4056
1137 4057
1138 4057
1139 4055
1140 4055
1141 4057
1142 4056
1143 4056
1144 4057
1145 4056
1146 4056
1147 4057
1148 4056
1149 4054
1150 4054
1151 4064
1152 4052
1153 4056
1154 4056
1155 4057
1156 4059
1157 4057
1158 4057
1159 4057
1160 4060
1161 4057
1162 4054
1163 4058
1164 4057
1165 4058
1166 4056
1167 4058
1168 4058
1169 4057
1170 4059
1171 4057
1172 4057
1173 4059
1174 4058
1175 4055
1176 4056
1177 4057
1178 4057
1179 4058
1180 4057
1181 4057
1182 4059
1183 4057
1184 4056
1185 4059
1186 4054
1187 4057
1188 4058
1189 4058
1190 4057
1191 4055
1192 4057
1193 4056
1194 4056
1195 4058
1196 4057
1197 4058
1198 4057
1199 4058
1200 4059
1201 4061
1202 4053
1203 4060
1204 4057
1205 4056
1206 4057
1207 4060
1208 4056
1209 4058
1210 4056
1211 4056
1212 4056
1213 4055
1214 4060
1215 4056
1216 4057
1217 4057
1218 4057
1219 4058
1220 4055
1221 4057
1222 4057
1223 4062
1224 4056
1225 4055
1226 4055
1227 4056
1228 4060
1229 4056
1230 4057
1231 4055
1232 4057
1233 4059
1234 4056
1235 4059
1236 4055
1237 4056
1238 4059
1239 4055
1240 4056
1241 4058
1242 4056
1243 4056
1244 4055
1245 4057
1246 4055
1247 4059
1248 4053
1249 4065
1250 4059
1251 4058
1252 4057
1253 4057
1254 4056
1255 4054
1256 4057
1257 4055
1258 4058
1259 4059
1260 4057
1261 4059
1262 4057
1263 4056
1264 4057
1265 4060
1266 4060
1267 4055
1268 4059
1269 4061
1270 4057
1271 4057
1272 4057
1273 4057
1274 4057
1275 4059
1276 4058
1277 4060
1278 4055
1279 4056
1280 4060
1281 4054
1282 4058
1283 4060
1284 4054
1285 4055
1286 4054
1287 4056
1288 4058
1289 4057
1290 4057
1291 4059
1292 4057
1293 4058
1294 4054
1295 4056
1296 4057
1297 4058
1298 4057
1299 4057
1300 4057
1301 4058
1302 4052
1303 4060
1304 4057
1305 4056
1306 4057
1307 4058
1308 4053
1309 4058
1310 4057
1311 4058
1312 4054
1313 4057
1314 4054
1315 4059
1316 4059
1317 4055
1318 4057
1319 4058
1320 4059
1321 4054
1322 4055
1323 4057
1324 4057
1325 4058
1326 4058
1327 4057
1328 4056
1329 4058
1330 4058
1331 4055
1332 4057
1333 4057
1334 4056
1335 4054
1336 4060
1337 4057
1338 4057
1339 4056
1340 4057
1341 4057
1342 4056
1343 4058
1344 4059
1345 4058
1346 4056
1347 4054
1348 4057
1349 4054
1350 4058
1351 4061
1352 4053
1353 4059
1354 4056
1355 4058
1356 4056
1357 4060
1358 4059
1359 4056
1360 4055
1361 4057
1362 4057
1363 4057
1364 4059
1365 4057
1366 4058
1367 4057
1368 4057
1369 4060
1370 4058
1371 4058
1372 4057
1373 4054
1374 4055
1375 4062
1376 4058
1377 4057
1378 4059
1379 4059
1380 4057
1381 4060
1382 4061
1383 4060
1384 4055
1385 4059
1386 4058
1387 4055
1388 4055
1389 4059
1390 4057
1391 4057
1392 4059
1393 4058
1394 4056
1395 4058
1396 4057
1397 4058
1398 4060
1399 4057
1400 4057
1401 4064
1402 4053
1403 4059
1404 4058
1405 4059
1406 4056
1407 4055
1408 4060
1409 4056
1410 4055
1411 4056
1412 4057
1413 4056
1414 4055
1415 4057
1416 4058
1417 4056
1418 4057
1419 4060
1420 4059
1421 4056
1422 4055
1423 4056
1424 4056
1425 4057
1426 4055
1427 4057
1428 4055
1429 4056
1430 4059
1431 4056
1432 4058
1433 4057
1434 4057
1435 4059
1436 4056
1437 4055
1438 4057
1439 4057
1440 4055
1441 4057
1442 4057
1443 4056
1444 4055
1445 4055
1446 4058
1447 4055
1448 4054
1449 4059
1450 4058
1451 4061
1452 4054
1453 4058
1454 4053
1455 4057
1456 4056
1457 4058
1458 4053
1459 4057
1460 4055
1461 4057
1462 4056
1463 4055
1464 4056
1465 4055
1466 4053
1467 4056
1468 4056
1469 4058
1470 4055
1471 4055
1472 4054
1473 4056
1474 4054
1475 4053
1476 4053
1477 4057
1478 4058
1479 4057
1480 4053
1481 4057
1482 4054
1483 4051
1484 4053
1485 4056
1486 4053
1487 4055
1488 4055
1489 4052
1490 4053
1491 4057
1492 4056
1493 4054
1494 4053
1495 4059
1496 4052
1497 4053
1498 4059
1499 4052
1500 4054
1501 4055
1502 4055
1503 4056
1504 4055
1505 4056
1506 4055
1507 4058
1508 4054
1509 4056
1510 4053
1511 4057
1512 4054
1513 4057
1514 4052
1515 4053
1516 4054
1517 4054
1518 4055
1519 4053
1520 4056
1521 4055
1522 4052
1523 4056
1524 4055
1525 4054
1526 4052
1527 4054
1528 4056
1529 4055
1530 4054
1531 4053
1532 4061
1533 4055
1534 4054
1535 4058
1536 4057
1537 4055
1538 4056
1539 4055
1540 4056
1541 4057
1542 4052
1543 4054
1544 4057
1545 4055
1546 4053
1547 4055
1548 4054
1549 4054
1550 4055
1551 4055
1552 4051
1553 4053
1554 4056
1555 4055
1556 4052
1557 4057
1558 4058
1559 4055
1560 4053
1561 4056
1562 4055
1563 4055
1564 4057
1565 4055
1566 4055
1567 4056
1568 4055
1569 4056
1570 4054
1571 4055
1572 4053
1573 4054
1574 4055
1575 4055
1576 4055
1577 4052
1578 4053
1579 4057
1580 4054
1581 4054
1582 4059
1583 4050
1584 4053
1585 4056
1586 4055
1587 4057
1588 4056
1589 4054
1590 4053
1591 4055
1592 4056
1593 4054
1594 4053
1595 4054
1596 4053
1597 4059
1598 4053
1599 4057
1600 4056
1601 4057
1602 4052
1603 4055
1604 4054
1605 4053
1606 4056
1607 4055
1608 4053
1609 4055
1610 4055
1611 4057
1612 4058
1613 4058
1614 4059
1615 4057
1616 4056
1617 4058
1618 4056
1619 4053
1620 4058
1621 4056
1622 4052
1623 4055
1624 4057
1625 4056
1626 4055
1627 4055
1628 4055
1629 4054
1630 4054
1631 4055
1632 4059
1633 4054
1634 4057
1635 4056
1636 4054
1637 4056
1638 4054
1639 4056
1640 4054
1641 4057
1642 4055
1643 4052
1644 4056
1645 4054
1646 4052
1647 4058
1648 4053
1649 4055
1650 4056
1651 4057
1652 4053
1653 4057
1654 4053
1655 4055
1656 4054
1657 4057
1658 4054
1659 4056
1660 4054
1661 4055
1662 4057
1663 4055
1664 4055
1665 4055
1666 4053
1667 4057
1668 4055
1669 4057
1670 4058
1671 4058
1672 4055
1673 4059
1674 4054
1675 4055
1676 4059
1677 4057
1678 4056
1679 4058
1680 4053
1681 4057
1682 4056
1683 4053
1684 4056
1685 4059
1686 4057
1687 4056
1688 4058
1689 4058
1690 4055
1691 4058
1692 4055
1693 4055
1694 4057
1695 4057
1696 4057
1697 4057
1698 4057
1699 4058
1700 4055
1701 4060
1702 4056
1703 4057
1704 4057
1705 4057
1706 4057
1707 4056
1708 4057
1709 4057
1710 4057
1711 4058
1712 4059
1713 4055
1714 4058
1715 4053
1716 4055
1717 4058
1718 4057
1719 4059
1720 4056
1721 4055
1722 4055
1723 4058
1724 4056
1725 4057
1726 4057
1727 4057
1728 4055
1729 4055
1730 4054
1731 4055
1732 4057
1733 4053
1734 4056
1735 4057
1736 4055
1737 4054
1738 4057
1739 4057
1740 4054
1741 4055
1742 4055
1743 4055
1744 4056
1745 4053
1746 4055
1747 4056
1748 4054
1749 4056
1750 4058
1751 4058
1752 4052
1753 4059
1754 4059
1755 4053
1756 4056
1757 4059
1758 4055
1759 4056
1760 4055
1761 4057
1762 4053
1763 4055
1764 4055
1765 4056
1766 4055
1767 4057
1768 4060
1769 4055
1770 4058
1771 4057
1772 4052
1773 4055
1774 4055
1775 4057
1776 4057
1777 4056
1778 4055
1779 4059
1780 4055
1781 4056
1782 4060
1783 4054
1784 4055
1785 4057
1786 4059
1787 4056
1788 4056
1789 4058
1790 4056
1791 4062
1792 4053
1793 4057
1794 4058
1795 4059
1796 4059
1797 4057
1798 4057
1799 4056
1800 4054
1801 4060
1802 4052
1803 4059
1804 4056
1805 4058
1806 4054
1807 4061
1808 4055
1809 4055
1810 4057
1811 4053
1812 4057
1813 4059
1814 4056
1815 4055
1816 4055
1817 4059
1818 4057
1819 4057
1820 4057
1821 4057
1822 4055
1823 4057
1824 4057
1825 4059
1826 4057
1827 4057
1828 4057
1829 4061
1830 4057
1831 4057
1832 4057
1833 4055
1834 4057
1835 4058
1836 4056
1837 4054
1838 4058
1839 4055
1840 4057
1841 4057
1842 4056
1843 4056
1844 4058
1845 4060
1846 4059
1847 4055
1848 4058
1849 4056
1850 4055
1851 4064
1852 4055
1853 4057
1854 4056
1855 4059
1856 4057
1857 4058
1858 4059
1859 4060
1860 4057
1861 4057
1862 4057
1863 4055
1864 4060
1865 4057
1866 4055
1867 4057
1868 4055
1869 4056
1870 4058
1871 4057
1872 4057
1873 4057
1874 4055
1875 4053
1876 4057
1877 4059
1878 4055
1879 4054
1880 4057
1881 4060
1882 4059
1883 4057
1884 4055
1885 4056
1886 4057
1887 4057
1888 4056
1889 4057
1890 4055
1891 4057
1892 4055
1893 4057
1894 4058
1895 4056
1896 4054
1897 4055
1898 4061
1899 4055
1900 4057
1901 4059
1902 4055
1903 4061
1904 4057
1905 4057
1906 4058
1907 4059
1908 4057
1909 4055
1910 4057
1911 4059
1912 4053
1913 4057
1914 4057
1915 4058
1916 4058
1917 4056
1918 4055
1919 4056
1920 4055
1921 4060
1922 4056
1923 4061
1924 4057
1925 4070
1926 4057
1927 4058
1928 4057
1929 4057
1930 4054
1931 4058
1932 4057
1933 4057
1934 4057
1935 4059
1936 4055
1937 4059
1938 4055
1939 4064
1940 4059
1941 4053
1942 4057
1943 4054
1944 4057
1945 4058
1946 4058
1947 4057
1948 4057
1949 4058
1950 4056
1951 4066
1952 4053
1953 4057
1954 4057
1955 4056
1956 4057
1957 4057
1958 4056
1959 4057
1960 4055
1961 4059
1962 4056
1963 4064
1964 4057
1965 4058
1966 4057
1967 4057
1968 4059
1969 4057
1970 4054
1971 4059
1972 4057
1973 4057
1974 4057
1975 4055
1976 4055
1977 4057
1978 4056
1979 4055
1980 4059
1981 4055
1982 4055
1983 4060
1984 4059
1985 4060
1986 4057
1987 4058
1988 4055
1989 4058
1990 4055
1991 4059
1992 4060
1993 4053
1994 4056
1995 4059
1996 4059
1997 4055
1998 4055
1999 4058
2000 4060
2001 4060
2002 4050
2003 4057
2004 4060
2005 4055
2006 4057
2007 4056
2008 4059
2009 4059
2010 4056
2011 4058
2012 4055
2013 4061
2014 4057
2015 4057
2016 4055
2017 4057
2018 4057
2019 4053
2020 4056
2021 4053
2022 4057
2023 4059
2024 4055
2025 4059
2026 4060
2027 4056
2028 4056
2029 4056
2030 4055
2031 4060
2032 4058
2033 4055
2034 4054
2035 4056
2036 4055
2037 4057
2038 4057
2039 4055
2040 4060
2041 4058
2042 4057
2043 4057
2044 4057
2045 4057
2046 4057
2047 4057
2048 4057
2049 4055
2050 4058
2051 4064
2052 4054
2053 4057
2054 4057
2055 4055
2056 4055
2057 4061
2058 4057
2059 4059
2060 4056
2061 4057
2062 4058
2063 4053
2064 4060
2065 4057
2066 4052
2067 4054
2068 4053
2069 4058
2070 4054
2071 4056
2072 4057
2073 4057
2074 4055
2075 4058
2076 4058
2077 4055
2078 4058
2079 4057
2080 4059
2081 4056
2082 4058
2083 4058
2084 4057
2085 4055
2086 4055
2087 4057
2088 4055
2089 4053
2090 4053
2091 4057
2092 4056
2093 4057
2094 4054
2095 4056
2096 4059
2097 4054
2098 4053
2099 4058
2100 4057
2101 4060
2102 4052
2103 4061
2104 4058
2105 4057
2106 4057
2107 4060
2108 4052
2109 4053
2110 4060
2111 4056
2112 4054
2113 4056
2114 4054
2115 4055
2116 4057
2117 4060
2118 4057
2119 4057
2120 4057
2121 4059
2122 4055
2123 4057
2124 4058
2125 4054
2126 4057
2127 4054
2128 4057
2129 4056
2130 4055
2131 4055
2132 4055
2133 4059
2134 4058
2135 4057
2136 4055
2137 4057
2138 4056
2139 4057
2140 4057
2141 4057
2142 4059
2143 4057
2144 4057
2145 4057
2146 4058
2147 4057
2148 4058
2149 4057
2150 4056
2151 4062
2152 4056
2153 4058
2154 4055
2155 4058
2156 4060
2157 4058
2158 4052
2159 4057
2160 4057
2161 4058
2162 4059
2163 4056
2164 4057
2165 4056
2166 4057
2167 4055
2168 4056
2169 4057
2170 4057
2171 4057
2172 4055
2173 4053
2174 4059
2175 4056
2176 4057
2177 4053
2178 4058
2179 4058
2180 4056
2181 4058
2182 4056
2183 4055
2184 4057
2185 4056
2186 4056
2187 4057
2188 4055
2189 4057
2190 4057
2191 4057
2192 4057
2193 4055
2194 4059
2195 4055
2196 4055
2197 4058
2198 4057
2199 4057
2200 4059
2201 4061
2202 4054
2203 4059
2204 4056
2205 4058
2206 4054
2207 4057
2208 4056
2209 4056
2210 4055
2211 4059
2212 4057
2213 4059
2214 4059
2215 4056
2216 4057
2217 4058
2218 4059
2219 4055
2220 4058
2221 4055
2222 4054
2223 4056
2224 4055
2225 4059
2226 4055
2227 4056
2228 4057
2229 4058
2230 4057
2231 4056
2232 4059
2233 4057
2234 4056
2235 4054
2236 4057
2237 4056
2238 4055
2239 4058
2240 4055
2241 4057
2242 4057
2243 4056
2244 4058
2245 4058
2246 4054
2247 4058
2248 4055
2249 4059
2250 4058
2251 4061
2252 4055
2253 4059
2254 4053
2255 4056
2256 4055
2257 4058
2258 4058
2259 4058
2260 4057
2261 4056
2262 4055
2263 4055
2264 4057
2265 4054
2266 4059
2267 4059
2268 4059
2269 4057
2270 4056
2271 4057
2272 4056
2273 4058
2274 4058
2275 4056
2276 4056
2277 4059
2278 4054
2279 4060
2280 4055
2281 4055
2282 4057
2283 4054
2284 4054
2285 4057
2286 4057
2287 4058
2288 4057
2289 4057
2290 4056
2291 4057
2292 4057
2293 4053
2294 4051
2295 4059
2296 4056
2297 4056
2298 4057
2299 4057
2300 4057
2301 4062
2302 4055
2303 4060
2304 4057
2305 4056
2306 4054
2307 4056
2308 4057
2309 4055
2310 4058
2311 4061
2312 4057
2313 4059
2314 4053
2315 4058
2316 4057
2317 4057
2318 4059
2319 4056
2320 4058
2321 4053
2322 4055
2323 4057
2324 4057
2325 4055
2326 4059
2327 4058
2328 4054
2329 4056
2330 4057
2331 4055
2332 4057
2333 4055
2334 4055
2335 4057
2336 4055
2337 4059
2338 4053
2339 4057
2340 4057
2341 4057
2342 4058
2343 4057
2344 4058
2345 4057
2346 4057
2347 4055
2348 4059
2349 4059
2350 4055
2351 4060
2352 4053
2353 4058
2354 4055
2355 4053
2356 4055
2357 4057
2358 4058
2359 4060
2360 4058
2361 4056
2362 4059
2363 4057
2364 4055
2365 4061
2366 4058
2367 4056
2368 4057
2369 4056
2370 4057
2371 4057
2372 4054
2373 4057
2374 4055
2375 4057
2376 4058
2377 4056
2378 4057
2379 4057
2380 4058
2381 4053
2382 4055
2383 4058
2384 4056
2385 4055
2386 4059
2387 4055
2388 4056
2389 4057
2390 4058
2391 4055
2392 4055
2393 4055
2394 4056
2395 4060
2396 4056
2397 4057
2398 4058
2399 4058
2400 4054
2401 4064
2402 4053
2403 4057
2404 4056
2405 4057
2406 4057
2407 4060
2408 4052
2409 4057
2410 4055
2411 4057
2412 4060
2413 4055
2414 4057
2415 4057
2416 4057
2417 4054
2418 4057
2419 4054
2420 4055
2421 4055
2422 4058
2423 4055
2424 4061
2425 4061
2426 4055
2427 4062
2428 4057
2429 4059
2430 4057
2431 4053
2432 4055
2433 4058
2434 4053
2435 4057
2436 4055
2437 4055
2438 4054
2439 4057
2440 4059
2441 4057
2442 4054
2443 4060
2444 4056
2445 4057
2446 4056
2447 4056
2448 4058
2449 4058
2450 4056
2451 4059
2452 4054
2453 4056
2454 4056
2455 4056
2456 4056
2457 4057
2458 4061
2459 4060
2460 4057
2461 4057
2462 4057
2463 4055
2464 4057
2465 4055
2466 4057
2467 4057
2468 4057
2469 4054
2470 4058
2471 4057
2472 4058
2473 4058
2474 4054
2475 4059
2476 4057
2477 4058
2478 4056
2479 4055
2480 4055
2481 4057
2482 4057
2483 4055
2484 4057
2485 4058
2486 4055
2487 4055
2488 4059
2489 4059
2490 4053
2491 4057
2492 4057
2493 4060
2494 4057
2495 4056
2496 4057
2497 4059
2498 4059
2499 4059
2500 4057
2501 4061
2502 4053
2503 4057
2504 4055
2505 4054
2506 4057
2507 4059
2508 4055
2509 4057
2510 4055
2511 4058
2512 4054
2513 4056
2514 4056
2515 4056
2516 4053
2517 4055
2518 4055
2519 4056
2520 4057
2521 4052
2522 4059
2523 4057
2524 4060
2525 4057
2526 4057
2527 4055
2528 4054
2529 4057
2530 4055
2531 4055
2532 4059
2533 4056
2534 4053
2535 4055
2536 4056
2537 4060
2538 4054
2539 4055
2540 4055
2541 4054
2542 4055
2543 4058
2544 4058
2545 4059
2546 4059
2547 4056
2548 4053
2549 4057
2550 4058
2551 4061
2552 4055
2553 4056
2554 4055
2555 4059
2556 4055
2557 4058
2558 4058
2559 4056
2560 4055
2561 4058
2562 4057
2563 4056
2564 4055
2565 4057
2566 4057
2567 4055
2568 4059
2569 4057
2570 4058
2571 4057
2572 4055
2573 4057
2574 4056
2575 4057
2576 4055
2577 4054
2578 4057
2579 4055
2580 4055
2581 4056
2582 4058
2583 4055
2584 4057
2585 4057
2586 4056
2587 4057
2588 4056
2589 4056
2590 4057
2591 4057
2592 4055
2593 4059
2594 4057
2595 4054
2596 4055
2597 4058
2598 4058
2599 4058
2600 4053
2601 4060
2602 4057
2603 4059
2604 4056
2605 4062
2606 4055
2607 4060
2608 4055
2609 4058
2610 4055
2611 4057
2612 4057
2613 4054
2614 4058
2615 4059
2616 4055
2617 4054
2618 4055
2619 4055
2620 4056
2621 4059
2622 4053
2623 4055
2624 4060
2625 4057
2626 4057
2627 4056
2628 4056
2629 4055
2630 4055
2631 4059
2632 4060
2633 4054
2634 4058
2635 4055
2636 4057
2637 4055
2638 4055
2639 4059
2640 4059
2641 4055
2642 4055
2643 4061
2644 4054
2645 4057
2646 4058
2647 4053
2648 4056
2649 4059
2650 4055
2651 4060
2652 4052
2653 4058
2654 4056
2655 4057
2656 4057
2657 4057
2658 4059
2659 4056
2660 4055
2661 4056
2662 4055
2663 4057
2664 4058
2665 4057
2666 4056
2667 4055
2668 4056
2669 4055
2670 4053
2671 4057
2672 4057
2673 4055
2674 4057
2675 4059
2676 4053
2677 4058
2678 4057
2679 4056
2680 4055
2681 4056
2682 4057
2683 4052
2684 4059
2685 4057
2686 4057
2687 4056
2688 4055
2689 4056
2690 4058
2691 4055
2692 4056
2693 4059
2694 4052
2695 4059
2696 4059
2697 4054
2698 4054
2699 4058
2700 4053
2701 4062
2702 4051
2703 4057
2704 4055
2705 4057
2706 4056
2707 4058
2708 4055
2709 4057
2710 4056
2711 4055
2712 4055
2713 4054
2714 4055
2715 4056
2716 4055
2717 4057
2718 4059
2719 4057
2720 4056
2721 4057
2722 4056
2723 4055
2724 4057
2725 4054
2726 4061
2727 4058
2728 4053
2729 4059
2730 4054
2731 4056
2732 4056
2733 4055
2734 4053
2735 4059
2736 4055
2737 4057
2738 4054
2739 4060
2740 4057
2741 4057
2742 4055
2743 4056
2744 4057
2745 4056
2746 4055
2747 4057
2748 4053
2749 4058
2750 4056
2751 4061
2752 4053
2753 4053
2754 4053
2755 4055
2756 4054
2757 4052
2758 4053
2759 4054
2760 4057
2761 4055
2762 4054
2763 4053
2764 4057
2765 4055
2766 4055
2767 4055
2768 4057
2769 4054
2770 4054
2771 4057
2772 4056
2773 4056
2774 4055
2775 4058
2776 4055
2777 4059
2778 4057
2779 4057
2780 4058
2781 4055
2782 4055
2783 4053
2784 4060
2785 4055
2786 4058
2787 4058
2788 4051
2789 4057
2790 4055
2791 4056
2792 4055
2793 4056
2794 4055
2795 4060
2796 4053
2797 4052
2798 4055
2799 4059
2800 4056
2801 4058
2802 4052
2803 4059
2804 4057
2805 4056
2806 4058
2807 4058
2808 4055
2809 4054
2810 4054
2811 4055
2812 4055
2813 4058
2814 4053
2815 4054
2816 4057
2817 4055
2818 4056
2819 4055
2820 4054
2821 4053
2822 4057
2823 4055
2824 4057
2825 4056
2826 4056
2827 4054
2828 4057
2829 4055
2830 4054
2831 4055
2832 4055
2833 4056
2834 4057
2835 4055
2836 4056
2837 4053
2838 4057
2839 4055
2840 4054
2841 4057
2842 4057
2843 4057
2844 4054
2845 4057
2846 4054
2847 4056
2848 4053
2849 4055
2850 4053
2851 4060
2852 4053
2853 4057
2854 4054
2855 4060
2856 4057
2857 4060
2858 4057
2859 4058
2860 4055
2861 4057
2862 4053
2863 4057
2864 4056
2865 4058
2866 4057
2867 4056
2868 4058
2869 4055
2870 4055
2871 4059
2872 4057
2873 4057
2874 4057
2875 4054
2876 4054
2877 4056
2878 4054
2879 4059
2880 4053
2881 4056
2882 4057
2883 4055
2884 4056
2885 4056
2886 4052
2887 4057
2888 4056
2889 4055
2890 4054
2891 4057
2892 4053
2893 4056
2894 4055
2895 4054
2896 4054
2897 4054
2898 4055
2899 4056
2900 4056
2901 4059
2902 4054
2903 4057
2904 4054
2905 4055
2906 4055
2907 4055
2908 4055
2909 4057
2910 4055
2911 4057
2912 4058
2913 4055
2914 4055
2915 4060
2916 4059
2917 4055
2918 4064
2919 4057
2920 4059
2921 4054
2922 4057
2923 4057
2924 4054
2925 4057
2926 4059
2927 4056
2928 4055
2929 4057
2930 4054
2931 4054
2932 4057
2933 4057
2934 4057
2935 4056
2936 4055
2937 4057
2938 4056
2939 4058
2940 4052
2941 4057
2942 4055
2943 4056
2944 4057
2945 4055
2946 4057
2947 4058
2948 4059
2949 4060
2950 4054
2951 4061
2952 4052
2953 4057
2954 4057
2955 4056
2956 4055
2957 4060
2958 4057
2959 4056
2960 4057
2961 4057
2962 4059
2963 4058
2964 4055
2965 4056
2966 4054
2967 4057
2968 4056
2969 4059
2970 4056
2971 4057
2972 4057
2973 4057
2974 4059
2975 4055
2976 4056
2977 4055
2978 4056
2979 4058
2980 4055
2981 4058
2982 4057
2983 4057
2984 4055
2985 4055
2986 4057
2987 4056
2988 4059
2989 4057
2990 4056
2991 4057
2992 4056
2993 4058
2994 4056
2995 4055
2996 4054
2997 4056
2998 4057
2999 4059
3000 4057
3001 4061
3002 4055
3003 4059
3004 4057
3005 4058
3006 4056
3007 4058
3008 4058
3009 4061
3010 4057
3011 4056
3012 4055
3013 4061
3014 4058
3015 4056
3016 4056
3017 4057
3018 4059
3019 4059
3020 4057
3021 4058
3022 4060
3023 4057
3024 4055
3025 4060
3026 4057
3027 4059
3028 4058
3029 4053
3030 4055
3031 4058
3032 4059
3033 4057
3034 4058
3035 4056
3036 4057
3037 4057
3038 4055
3039 4061
3040 4052
3041 4058
3042 4057
3043 4057
3044 4058
3045 4054
3046 4054
3047 4053
3048 4058
3049 4060
3050 4055
3051 4064
3052 4055
3053 4054
3054 4055
3055 4061
3056 4056
3057 4061
3058 4058
3059 4055
3060 4056
3061 4057
3062 4057
3063 4054
3064 4058
3065 4058
3066 4058
3067 4058
3068 4057
3069 4061
3070 4055
3071 4055
3072 4059
3073 4059
3074 4058
3075 4055
3076 4057
3077 4056
3078 4057
3079 4056
3080 4057
3081 4055
3082 4058
3083 4055
3084 4054
3085 4060
3086 4057
3087 4054
3088 4060
3089 4052
3090 4057
3091 4056
3092 4057
3093 4057
3094 4057
3095 4059
3096 4058
3097 4058
3098 4055
3099 4057
3100 4055
3101 4061
3102 4053
3103 4055
3104 4058
3105 4061
3106 4054
3107 4059
3108 4053
3109 4058
3110 4055
3111 4059
3112 4055
3113 4060
3114 4059
3115 4054
3116 4058
3117 4056
3118 4053
3119 4060
3120 4057
3121 4056
3122 4061
3123 4057
3124 4058
3125 4062
3126 4055
3127 4060
3128 4060
3129 4056
3130 4056
3131 4057
3132 4057
3133 4053
3134 4057
3135 4058
3136 4055
3137 4059
3138 4055
3139 4060
3140 4055
3141 4057
3142 4053
3143 4056
3144 4058
3145 4056
3146 4055
3147 4057
3148 4056
3149 4059
3150 4060
3151 4060
3152 4056
3153 4059
3154 4059
3155 4054
3156 4057
3157 4059
3158 4057
3159 4057
3160 4059
3161 4057
3162 4057
3163 4058
3164 4059
3165 4058
3166 4059
3167 4057
3168 4058
3169 4058
3170 4059
3171 4057
3172 4058
3173 4055
3174 4058
3175 4055
3176 4055
3177 4059
3178 4056
3179 4060
3180 4057
3181 4055
3182 4058
3183 4061
3184 4058
3185 4056
3186 4055
3187 4056
3188 4059
3189 4058
3190 4060
3191 4058
3192 4057
3193 4057
3194 4055
3195 4058
3196 4056
3197 4058
3198 4056
3199 4061
3200 4057
3201 4060
3202 4055
3203 4060
3204 4058
3205 4057
3206 4056
3207 4056
3208 4056
3209 4059
3210 4058
3211 4056
3212 4056
3213 4059
3214 4057
3215 4057
3216 4057
3217 4061
3218 4061
3219 4060
3220 4057
3221 4057
3222 4054
3223 4056
3224 4057
3225 4059
3226 4057
3227 4060
3228 4055
3229 4055
3230 4057
3231 4059
3232 4060
3233 4055
3234 4053
3235 4057
3236 4055
3237 4059
3238 4054
3239 4058
3240 4058
3241 4057
3242 4055
3243 4057
3244 4056
3245 4060
3246 4055
3247 4057
3248 4056
3249 4058
3250 4059
3251 4066
3252 4059
3253 4058
3254 4054
3255 4057
3256 4058
3257 4058
3258 4061
3259 4054
3260 4056
3261 4056
3262 4059
3263 4056
3264 4060
3265 4055
3266 4056
3267 4054
3268 4055
3269 4057
3270 4058
3271 4055
3272 4059
3273 4059
3274 4055
3275 4057
3276 4056
3277 4061
3278 4057
3279 4059
3280 4057
3281 4055
3282 4058
3283 4056
3284 4056
3285 4060
3286 4058
3287 4057
3288 4055
3289 4055
3290 4059
3291 4061
3292 4055
3293 4055
3294 4057
3295 4057
3296 4060
3297 4056
3298 4056
3299 4057
3300 4056
3301 4062
3302 4052
3303 4058
3304 4055
3305 4056
3306 4060
3307 4059
3308 4056
3309 4060
3310 4054
3311 4057
3312 4056
3313 4057
3314 4059
3315 4057
3316 4053
3317 4057
3318 4057
3319 4057
3320 4058
3321 4055
3322 4059
3323 4057
3324 4057
3325 4058
3326 4058
3327 4057
3328 4055
3329 4060
3330 4056
3331 4055
3332 4058
3333 4060
3334 4056
3335 4055
3336 4059
3337 4058
3338 4059
3339 4055
3340 4057
3341 4057
3342 4057
3343 4058
3344 4059
3345 4057
3346 4055
3347 4060
3348 4057
3349 4057
3350 4058
3351 4062
3352 4055
3353 4055
3354 4057
3355 4057
3356 4061
3357 4057
3358 4056
3359 4057
3360 4056
3361 4053
3362 4055
3363 4060
3364 4056
3365 4055
3366 4057
3367 4057
3368 4057
3369 4059
3370 4058
3371 4056
3372 4058
3373 4058
3374 4058
3375 4058
3376 4057
3377 4057
3378 4053
3379 4059
3380 4060
3381 4057
3382 4058
3383 4053
3384 4056
3385 4056
3386 4057
3387 4057
3388 4057
3389 4060
3390 4054
3391 4056
3392 4057
3393 4058
3394 4056
3395 4057
3396 4055
3397 4056
3398 4058
3399 4060
3400 4058
3401 4064
3402 4053
3403 4055
3404 4059
3405 4061
3406 4054
3407 4058
3408 4053
3409 4057
3410 4056
3411 4060
3412 4057
3413 4055
3414 4058
3415 4055
3416 4057
3417 4058
3418 4056
3419 4057
3420 4057
3421 4058
3422 4057
3423 4061
3424 4055
3425 4058
3426 4056
3427 4058
3428 4058
3429 4055
3430 4059
3431 4055
3432 4064
3433 4057
3434 4054
3435 4055
3436 4059
3437 4057
3438 4056
3439 4057
3440 4057
3441 4057
3442 4052
3443 4057
3444 4054
3445 4060
3446 4056
3447 4057
3448 4058
3449 4057
3450 4056
3451 4061
3452 4055
3453 4059
3454 4055
3455 4058
3456 4058
3457 4060
3458 4056
3459 4058
3460 4057
3461 4058
3462 4057
3463 4060
3464 4058
3465 4059
3466 4058
3467 4057
3468 4060
3469 4058
3470 4055
3471 4056
3472 4059
3473 4055
3474 4057
3475 4057
3476 4056
3477 4057
3478 4055
3479 4060
3480 4056
3481 4057
3482 4059
3483 4054
3484 4057
3485 4057
3486 4057
3487 4059
3488 4053
3489 4056
3490 4058
3491 4057
3492 4057
3493 4057
3494 4054
3495 4057
3496 4059
3497 4058
3498 4056
3499 4058
3500 4059
3501 4062
3502 4054
3503 4058
3504 4055
3505 4057
3506 4057
3507 4061
3508 4060
3509 4059
3510 4058
3511 4061
3512 4055
3513 4055
3514 4057
3515 4058
3516 4055
3517 4056
3518 4054
3519 4059
3520 4053
3521 4058
3522 4054
3523 4055
3524 4057
3525 4056
3526 4057
3527 4056
3528 4056
3529 4057
3530 4059
3531 4057
3532 4059
3533 4054
3534 4055
3535 4053
3536 4058
3537 4057
3538 4057
3539 4057
3540 4057
3541 4055
3542 4057
3543 4057
3544 4058
3545 4060
3546 4054
3547 4056
3548 4058
3549 4053
3550 4060
3551 4061
3552 4053
3553 4056
3554 4055
3555 4058
3556 4054
3557 4056
3558 4055
3559 4057
3560 4058
3561 4058
3562 4056
3563 4062
3564 4056
3565 4056
3566 4057
3567 4059
3568 4060
3569 4058
3570 4057
3571 4057
3572 4056
3573 4057
3574 4055
3575 4055
3576 4056
3577 4056
3578 4055
3579 4055
3580 4058
3581 4054
3582 4060
3583 4057
3584 4057
3585 4059
3586 4055
3587 4059
3588 4057
3589 4057
3590 4055
3591 4055
3592 4054
3593 4056
3594 4056
3595 4058
3596 4058
3597 4054
3598 4060
3599 4058
3600 4055
3601 4057
3602 4053
3603 4056
3604 4056
3605 4058
3606 4058
3607 4058
3608 4053
3609 4057
3610 4059
3611 4056
3612 4056
3613 4056
3614 4056
3615 4059
3616 4057
3617 4056
3618 4058
3619 4055
3620 4055
3621 4056
3622 4055
3623 4057
3624 4058
3625 4057
3626 4054
3627 4064
3628 4057
3629 4057
3630 4055
3631 4061
3632 4059
3633 4059
3634 4057
3635 4057
3636 4055
3637 4055
3638 4055
3639 4059
3640 4056
3641 4056
3642 4057
3643 4058
3644 4058
3645 4056
3646 4057
3647 4057
3648 4057
3649 4055
3650 4056
3651 4064
3652 4052
3653 4057
3654 4054
3655 4058
3656 4056
3657 4058
3658 4059
3659 4057
3660 4057
3661 4054
3662 4057
3663 4057
3664 4057
3665 4059
3666 4055
3667 4058
3668 4059
3669 4057
3670 4058
3671 4057
3672 4057
3673 4055
3674 4056
3675 4055
3676 4057
3677 4060
3678 4057
3679 4057
3680 4059
3681 4052
3682 4057
3683 4059
3684 4058
3685 4058
3686 4055
3687 4053
3688 4058
3689 4057
3690 4056
3691 4055
3692 4062
3693 4059
3694 4055
