#Data from the TCD1304 linear CCD
#column 1 = pixelnumber , column 2 = pixelvalue
#Pixel 1-32 and 3679-3694 and are dummy pixels
#SH-period: 200    ICG-period: 100000    Integration time: 100.0 us
2 4039
3 4041
4 4054
5 4052
6 4054
7 4057
8 4054
9 4056
10 4057
11 4056
12 4055
13 4059
14 4055
15 4054
16 4055
17 4054
18 4057
19 4057
20 4057
21 4055
22 4057
23 4056
24 4056
25 4056
26 4057
27 4052
28 4057
29 4054
30 4056
31 4059
32 4053
34 4056
35 4057
36 4055
37 4056
38 4053
39 4055
40 4057
41 4056
42 4057
43 4053
44 4055
45 4054
46 4054
47 4054
48 4056
49 4059
50 4056
51 4060
52 4053
53 4056
54 4055
55 4057
56 4052
57 4056
58 4054
59 4053
60 4057
61 4050
62 4053
63 4054
64 4053
65 4058
66 4053
67 4057
68 4055
69 4059
70 4054
71 4055
72 4058
73 4056
74 4055
75 4056
76 4055
77 4054
78 4056
79 4055
80 4056
81 4059
82 4059
83 4057
84 4057
85 4055
86 4056
87 4053
88 4057
89 4052
90 4055
91 4057
92 4057
93 4055
94 4056
95 4055
96 4053
97 4055
98 4056
99 4056
100 4050
101 4060
102 4054
103 4055
104 4057
105 4057
106 4055
107 4059
108 4052
109 4056
110 4054
111 4058
112 4057
113 4057
114 4054
115 4056
116 4056
117 4058
118 4056
119 4059
120 4054
121 4058
122 4056
123 4052
124 4057
125 4059
126 4058
127 4054
128 4052
129 4053
130 4053
131 4053
132 4055
133 4056
134 4054
135 4055
136 4053
137 4055
138 4057
139 4054
140 4054
141 4056
142 4055
143 4056
144 4057
145 4051
146 4054
147 4056
148 4056
149 4053
150 4053
151 4060
152 4054
153 4056
154 4056
155 4057
156 4052
157 4055
158 4056
159 4054
160 4057
161 4057
162 4057
163 4059
164 4055
165 4055
166 4055
167 4059
168 4055
169 4054
170 4056
171 4057
172 4057
173 4054
174 4053
175 4056
176 4056
177 4059
178 4056
179 4060
180 4057
181 4058
182 4061
183 4058
184 4057
185 4060
186 4058
187 4057
188 4058
189 4059
190 4058
191 4056
192 4058
193 4058
194 4058
195 4057
196 4053
197 4055
198 4060
199 4060
200 4057
201 4064
202 4055
203 4060
204 4060
205 4064
206 4060
207 4064
208 4064
209 4060
210 4061
211 4060
212 4057
213 4060
214 4061
215 4060
216 4061
217 4060
218 4057
219 4060
220 4056
221 4057
222 4056
223 4060
224 4060
225 4058
226 4055
227 4057
228 4055
229 4058
230 4057
231 4057
232 4061
233 4059
234 4057
235 4064
236 4057
237 4053
238 4060
239 4056
240 4057
241 4056
242 4060
243 4059
244 4060
245 4055
246 4060
247 4064
248 4058
249 4059
250 4055
251 4061
252 4056
253 4057
254 4057
255 4059
256 4057
257 4057
258 4058
259 4058
260 4057
261 4059
262 4058
263 4056
264 4057
265 4058
266 4056
267 4058
268 4057
269 4053
270 4058
271 4055
272 4055
273 4058
274 4056
275 4055
276 4057
277 4057
278 4055
279 4061
280 4059
281 4060
282 4057
283 4059
284 4057
285 4060
286 4060
287 4059
288 4058
289 4058
290 4058
291 4058
292 4060
293 4057
294 4054
295 4058
296 4057
297 4060
298 4055
299 4056
300 4056
301 4060
302 4055
303 4056
304 4059
305 4057
306 4058
307 4057
308 4056
309 4057
310 4060
311 4057
312 4059
313 4064
314 4059
315 4057
316 4058
317 4060
318 4059
319 4057
320 4058
321 4059
322 4057
323 4057
324 4059
325 4060
326 4058
327 4056
328 4057
329 4056
330 4056
331 4057
332 4058
333 4058
334 4057
335 4057
336 4059
337 4060
338 4059
339 4057
340 4056
341 4060
342 4059
343 4060
344 4061
345 4059
346 4059
347 4064
348 4059
349 4057
350 4058
351 4060
352 4057
353 4057
354 4056
355 4062
356 4056
357 4057
358 4060
359 4054
360 4057
361 4058
362 4057
363 4057
364 4059
365 4058
366 4056
367 4061
368 4057
369 4059
370 4057
371 4060
372 4058
373 4059
374 4055
375 4055
376 4064
377 4061
378 4061
379 4059
380 4060
381 4060
382 4059
383 4059
384 4055
385 4057
386 4058
387 4058
388 4059
389 4060
390 4056
391 4058
392 4057
393 4055
394 4060
395 4057
396 4061
397 4058
398 4059
399 4064
400 4057
401 4070
402 4057
403 4058
404 4060
405 4057
406 4059
407 4060
408 4058
409 4057
410 4054
411 4061
412 4055
413 4061
414 4058
415 4059
416 4064
417 4058
418 4055
419 4054
420 4055
421 4059
422 4060
423 4059
424 4056
425 4058
426 4058
427 4060
428 4057
429 4060
430 4061
431 4058
432 4061
433 4059
434 4059
435 4059
436 4059
437 4059
438 4056
439 4060
440 4060
441 4060
442 4056
443 4057
444 4058
445 4054
446 4060
447 4059
448 4060
449 4057
450 4059
451 4057
452 4057
453 4061
454 4059
455 4058
456 4060
457 4060
458 4061
459 4064
460 4060
461 4057
462 4059
463 4058
464 4059
465 4058
466 4057
467 4058
468 4058
469 4058
470 4058
471 4058
472 4059
473 4058
474 4058
475 4060
476 4059
477 4061
478 4056
479 4059
480 4060
481 4060
482 4059
483 4061
484 4057
485 4060
486 4057
487 4056
488 4057
489 4058
490 4058
491 4061
492 4064
493 4059
494 4057
495 4059
496 4058
497 4056
498 4061
499 4060
500 4056
501 4064
502 4055
503 4061
504 4059
505 4057
506 4058
507 4058
508 4058
509 4056
510 4056
511 4057
512 4059
513 4059
514 4058
515 4056
516 4058
517 4058
518 4057
519 4060
520 4064
521 4058
522 4058
523 4060
524 4057
525 4060
526 4057
527 4061
528 4059
529 4064
530 4060
531 4057
532 4058
533 4058
534 4058
535 4057
536 4056
537 4057
538 4059
539 4056
540 4060
541 4057
542 4053
543 4060
544 4060
545 4058
546 4057
547 4057
548 4061
549 4064
550 4059
551 4064
552 4057
553 4060
554 4057
555 4060
556 4055
557 4061
558 4057
559 4062
560 4060
561 4058
562 4055
563 4059
564 4058
565 4056
566 4057
567 4058
568 4056
569 4057
570 4059
571 4060
572 4059
573 4060
574 4053
575 4057
576 4058
577 4057
578 4058
579 4057
580 4061
581 4060
582 4060
583 4060
584 4059
585 4058
586 4060
587 4059
588 4058
589 4059
590 4060
591 4060
592 4058
593 4057
594 4058
595 4059
596 4058
597 4058
598 4057
599 4059
600 4056
601 4064
602 4056
603 4058
604 4058
605 4060
606 4058
607 4059
608 4057
609 4061
610 4058
611 4058
612 4056
613 4059
614 4053
615 4059
616 4057
617 4060
618 4059
619 4057
620 4057
621 4058
622 4057
623 4060
624 4055
625 4060
626 4064
627 4054
628 4060
629 4060
630 4064
631 4061
632 4060
633 4064
634 4060
635 4058
636 4059
637 4060
638 4054
639 4057
640 4060
641 4057
642 4058
643 4055
644 4057
645 4058
646 4058
647 4060
648 4057
649 4058
650 4055
651 4064
652 4052
653 4058
654 4057
655 4060
656 4058
657 4055
658 4057
659 4059
660 4057
661 4059
662 4058
663 4056
664 4059
665 4060
666 4056
667 4057
668 4057
669 4060
670 4056
671 4058
672 4058
673 4059
674 4057
675 4061
676 4060
677 4058
678 4059
679 4060
680 4059
681 4059
682 4057
683 4060
684 4058
685 4061
686 4057
687 4059
688 4057
689 4059
690 4058
691 4061
692 4060
693 4057
694 4059
695 4056
696 4057
697 4059
698 4059
699 4056
700 4059
701 4061
702 4054
703 4058
704 4056
705 4057
706 4056
707 4058
708 4058
709 4060
710 4061
711 4060
712 4058
713 4055
714 4059
715 4055
716 4059
717 4059
718 4060
719 4058
720 4064
721 4057
722 4057
723 4058
724 4059
725 4060
726 4064
727 4061
728 4060
729 4056
730 4060
731 4056
732 4060
733 4056
734 4054
735 4057
736 4057
737 4057
738 4061
739 4060
740 4059
741 4058
742 4058
743 4057
744 4059
745 4059
746 4054
747 4059
748 4059
749 4061
750 4057
751 4064
752 4057
753 4064
754 4056
755 4064
756 4059
757 4058
758 4058
759 4059
760 4060
761 4057
762 4055
763 4056
764 4057
765 4057
766 4059
767 4064
768 4060
769 4061
770 4064
771 4064
772 4060
773 4058
774 4056
775 4064
776 4057
777 4057
778 4060
779 4060
780 4059
781 4060
782 4059
783 4059
784 4061
785 4056
786 4057
787 4059
788 4061
789 4055
790 4061
791 4061
792 4058
793 4059
794 4057
795 4061
796 4058
797 4053
798 4059
799 4061
800 4059
801 4064
802 4055
803 4061
804 4060
805 4059
806 4060
807 4060
808 4056
809 4054
810 4058
811 4060
812 4058
813 4054
814 4054
815 4055
816 4057
817 4061
818 4058
819 4060
820 4056
821 4059
822 4059
823 4058
824 4057
825 4057
826 4060
827 4057
828 4058
829 4060
830 4060
831 4064
832 4056
833 4061
834 4060
835 4061
836 4059
837 4060
838 4060
839 4059
840 4061
841 4058
842 4057
843 4057
844 4059
845 4060
846 4055
847 4056
848 4064
849 4058
850 4060
851 4058
852 4057
853 4060
854 4055
855 4058
856 4055
857 4060
858 4057
859 4053
860 4059
861 4061
862 4059
863 4060
864 4057
865 4061
866 4060
867 4059
868 4059
869 4058
870 4057
871 4059
872 4059
873 4058
874 4058
875 4058
876 4055
877 4058
878 4057
879 4058
880 4059
881 4062
882 4057
883 4056
884 4061
885 4062
886 4056
887 4056
888 4059
889 4057
890 4059
891 4057
892 4059
893 4058
894 4060
895 4058
896 4057
897 4058
898 4060
899 4064
900 4058
901 4073
902 4055
903 4056
904 4058
905 4059
906 4061
907 4060
908 4055
909 4058
910 4056
911 4055
912 4058
913 4058
914 4056
915 4060
916 4061
917 4059
918 4057
919 4059
920 4059
921 4064
922 4056
923 4060
924 4064
925 4059
926 4054
927 4059
928 4061
929 4058
930 4058
931 4064
932 4060
933 4059
934 4059
935 4060
936 4060
937 4055
938 4057
939 4055
940 4058
941 4061
942 4056
943 4057
944 4055
945 4059
946 4058
947 4057
948 4059
949 4058
950 4057
951 4060
952 4057
953 4060
954 4060
955 4059
956 4059
957 4060
958 4057
959 4057
960 4057
961 4055
962 4059
963 4061
964 4060
965 4060
966 4057
967 4059
968 4060
969 4057
970 4059
971 4060
972 4058
973 4056
974 4061
975 4061
976 4059
977 4058
978 4057
979 4057
980 4060
981 4064
982 4058
983 4059
984 4059
985 4058
986 4059
987 4056
988 4059
989 4058
990 4057
991 4060
992 4053
993 4058
994 4056
995 4058
996 4060
997 4058
998 4056
999 4058
1000 4060
1001 4061
1002 4053
1003 4061
1004 4060
1005 4058
1006 4059
1007 4060
1008 4059
1009 4061
1010 4056
1011 4057
1012 4059
1013 4056
1014 4059
1015 4060
1016 4057
1017 4059
1018 4059
1019 4059
1020 4057
1021 4064
1022 4057
1023 4061
1024 4057
1025 4057
1026 4060
1027 4055
1028 4059
1029 4059
1030 4058
1031 4057
1032 4058
1033 4060
1034 4058
1035 4056
1036 4058
1037 4058
1038 4056
1039 4061
1040 4059
1041 4057
1042 4064
1043 4057
1044 4064
1045 4055
1046 4058
1047 4056
1048 4061
1049 4056
1050 4061
1051 4060
1052 4051
1053 4060
1054 4057
1055 4059
1056 4057
1057 4060
1058 4060
1059 4061
1060 4056
1061 4060
1062 4065
1063 4059
1064 4064
1065 4060
1066 4057
1067 4061
1068 4058
1069 4060
1070 4055
1071 4057
1072 4064
1073 4055
1074 4061
1075 4061
1076 4059
1077 4057
1078 4059
1079 4059
1080 4056
1081 4057
1082 4055
1083 4061
1084 4059
1085 4059
1086 4058
1087 4059
1088 4057
1089 4060
1090 4059
1091 4057
1092 4055
1093 4060
1094 4060
1095 4058
1096 4058
1097 4057
1098 4055
1099 4060
1100 4059
1101 4061
1102 4056
1103 4059
1104 4057
1105 4057
1106 4057
1107 4057
1108 4064
1109 4059
1110 4064
1111 4060
1112 4058
1113 4055
1114 4056
1115 4060
1116 4059
1117 4056
1118 4055
1119 4055
1120 4053
1121 4059
1122 4057
1123 4057
1124 4056
1125 4059
1126 4059
1127 4054
1128 4060
1129 4055
1130 4057
1131 4058
1132 4059
1133 4057
1134 4059
1135 4059
1136 4058
1137 4058
1138 4057
1139 4058
1140 4059
1141 4057
1142 4058
1143 4055
1144 4061
1145 4056
1146 4060
1147 4055
1148 4060
1149 4060
1150 4060
1151 4064
1152 4054
1153 4057
1154 4056
1155 4056
1156 4056
1157 4057
1158 4057
1159 4055
1160 4057
1161 4057
1162 4059
1163 4059
1164 4057
1165 4058
1166 4064
1167 4058
1168 4058
1169 4059
1170 4058
1171 4057
1172 4057
1173 4056
1174 4059
1175 4060
1176 4060
1177 4064
1178 4059
1179 4059
1180 4057
1181 4058
1182 4055
1183 4056
1184 4055
1185 4059
1186 4057
1187 4060
1188 4058
1189 4057
1190 4064
1191 4057
1192 4057
1193 4064
1194 4057
1195 4057
1196 4058
1197 4059
1198 4055
1199 4058
1200 4059
1201 4060
1202 4052
1203 4060
1204 4056
1205 4058
1206 4055
1207 4058
1208 4057
1209 4059
1210 4057
1211 4057
1212 4059
1213 4057
1214 4060
1215 4060
1216 4054
1217 4059
1218 4059
1219 4056
1220 4058
1221 4059
1222 4056
1223 4060
1224 4056
1225 4060
1226 4057
1227 4056
1228 4060
1229 4059
1230 4058
1231 4059
1232 4060
1233 4056
1234 4058
1235 4064
1236 4059
1237 4058
1238 4055
1239 4054
1240 4059
1241 4058
1242 4056
1243 4053
1244 4059
1245 4059
1246 4061
1247 4064
1248 4056
1249 4059
1250 4058
1251 4059
1252 4051
1253 4059
1254 4055
1255 4057
1256 4055
1257 4060
1258 4056
1259 4060
1260 4055
1261 4058
1262 4055
1263 4054
1264 4059
1265 4057
1266 4060
1267 4059
1268 4059
1269 4059
1270 4057
1271 4056
1272 4058
1273 4061
1274 4058
1275 4057
1276 4058
1277 4057
1278 4060
1279 4057
1280 4057
1281 4061
1282 4057
1283 4058
1284 4058
1285 4061
1286 4058
1287 4060
1288 4059
1289 4057
1290 4064
1291 4059
1292 4055
1293 4057
1294 4057
1295 4056
1296 4057
1297 4060
1298 4058
1299 4057
1300 4060
1301 4064
1302 4052
1303 4060
1304 4055
1305 4059
1306 4059
1307 4059
1308 4057
1309 4059
1310 4060
1311 4055
1312 4055
1313 4058
1314 4056
1315 4061
1316 4057
1317 4058
1318 4060
1319 4060
1320 4061
1321 4060
1322 4057
1323 4061
1324 4054
1325 4060
1326 4056
1327 4058
1328 4061
1329 4055
1330 4057
1331 4057
1332 4058
1333 4058
1334 4057
1335 4059
1336 4060
1337 4056
1338 4060
1339 4054
1340 4059
1341 4058
1342 4057
1343 4061
1344 4057
1345 4055
1346 4058
1347 4064
1348 4060
1349 4059
1350 4064
1351 4061
1352 4057
1353 4061
1354 4057
1355 4057
1356 4058
1357 4064
1358 4057
1359 4059
1360 4056
1361 4060
1362 4056
1363 4060
1364 4059
1365 4064
1366 4058
1367 4059
1368 4058
1369 4061
1370 4055
1371 4060
1372 4058
1373 4056
1374 4058
1375 4058
1376 4056
1377 4055
1378 4057
1379 4057
1380 4057
1381 4056
1382 4055
1383 4058
1384 4060
1385 4058
1386 4059
1387 4060
1388 4057
1389 4061
1390 4060
1391 4059
1392 4055
1393 4058
1394 4059
1395 4059
1396 4059
1397 4058
1398 4056
1399 4057
1400 4060
1401 4061
1402 4053
1403 4057
1404 4057
1405 4058
1406 4058
1407 4058
1408 4055
1409 4057
1410 4057
1411 4057
1412 4059
1413 4059
1414 4056
1415 4057
1416 4055
1417 4059
1418 4055
1419 4060
1420 4055
1421 4054
1422 4056
1423 4057
1424 4059
1425 4057
1426 4058
1427 4058
1428 4059
1429 4057
1430 4061
1431 4061
1432 4060
1433 4059
1434 4057
1435 4064
1436 4056
1437 4057
1438 4058
1439 4060
1440 4058
1441 4059
1442 4060
1443 4059
1444 4057
1445 4061
1446 4060
1447 4058
1448 4058
1449 4059
1450 4060
1451 4064
1452 4052
1453 4064
1454 4060
1455 4061
1456 4059
1457 4057
1458 4055
1459 4056
1460 4060
1461 4058
1462 4057
1463 4058
1464 4056
1465 4059
1466 4064
1467 4064
1468 4057
1469 4061
1470 4059
1471 4057
1472 4057
1473 4057
1474 4058
1475 4059
1476 4057
1477 4058
1478 4059
1479 4059
1480 4058
1481 4057
1482 4058
1483 4058
1484 4059
1485 4059
1486 4055
1487 4061
1488 4058
1489 4059
1490 4058
1491 4056
1492 4055
1493 4057
1494 4059
1495 4057
1496 4059
1497 4058
1498 4059
1499 4058
1500 4060
1501 4064
1502 4053
1503 4056
1504 4058
1505 4056
1506 4057
1507 4061
1508 4057
1509 4058
1510 4061
1511 4057
1512 4057
1513 4060
1514 4055
1515 4059
1516 4057
1517 4056
1518 4056
1519 4058
1520 4057
1521 4058
1522 4056
1523 4058
1524 4057
1525 4060
1526 4059
1527 4057
1528 4057
1529 4057
1530 4056
1531 4058
1532 4059
1533 4057
1534 4058
1535 4061
1536 4060
1537 4057
1538 4057
1539 4061
1540 4059
1541 4058
1542 4057
1543 4060
1544 4056
1545 4061
1546 4061
1547 4058
1548 4058
1549 4058
1550 4059
1551 4059
1552 4054
1553 4059
1554 4060
1555 4059
1556 4059
1557 4060
1558 4057
1559 4060
1560 4061
1561 4058
1562 4056
1563 4058
1564 4059
1565 4058
1566 4056
1567 4055
1568 4057
1569 4058
1570 4059
1571 4060
1572 4057
1573 4056
1574 4058
1575 4058
1576 4057
1577 4052
1578 4057
1579 4057
1580 4057
1581 4060
1582 4058
1583 4056
1584 4057
1585 4059
1586 4057
1587 4057
1588 4060
1589 4061
1590 4057
1591 4055
1592 4057
1593 4057
1594 4056
1595 4060
1596 4058
1597 4061
1598 4056
1599 4057
1600 4060
1601 4059
1602 4059
1603 4064
1604 4055
1605 4054
1606 4057
1607 4058
1608 4056
1609 4059
1610 4059
1611 4058
1612 4057
1613 4060
1614 4055
1615 4059
1616 4058
1617 4060
1618 4057
1619 4059
1620 4060
1621 4064
1622 4058
1623 4058
1624 4059
1625 4060
1626 4058
1627 4058
1628 4059
1629 4056
1630 4055
1631 4058
1632 4058
1633 4058
1634 4057
1635 4056
1636 4060
1637 4057
1638 4055
1639 4060
1640 4058
1641 4060
1642 4053
1643 4057
1644 4055
1645 4061
1646 4057
1647 4057
1648 4061
1649 4061
1650 4056
1651 4057
1652 4055
1653 4059
1654 4056
1655 4061
1656 4057
1657 4057
1658 4061
1659 4059
1660 4056
1661 4059
1662 4056
1663 4060
1664 4054
1665 4059
1666 4057
1667 4057
1668 4057
1669 4064
1670 4058
1671 4059
1672 4057
1673 4060
1674 4058
1675 4058
1676 4059
1677 4059
1678 4059
1679 4055
1680 4058
1681 4056
1682 4055
1683 4056
1684 4058
1685 4057
1686 4058
1687 4060
1688 4059
1689 4055
1690 4056
1691 4057
1692 4060
1693 4057
1694 4061
1695 4060
1696 4057
1697 4059
1698 4057
1699 4057
1700 4056
1701 4061
1702 4051
1703 4059
1704 4061
1705 4059
1706 4058
1707 4057
1708 4060
1709 4059
1710 4057
1711 4060
1712 4058
1713 4064
1714 4059
1715 4057
1716 4055
1717 4057
1718 4058
1719 4058
1720 4055
1721 4057
1722 4057
1723 4056
1724 4058
1725 4060
1726 4057
1727 4057
1728 4058
1729 4056
1730 4058
1731 4059
1732 4059
1733 4058
1734 4059
1735 4057
1736 4058
1737 4057
1738 4058
1739 4057
1740 4056
1741 4058
1742 4060
1743 4056
1744 4057
1745 4057
1746 4058
1747 4057
1748 4055
1749 4058
1750 4056
1751 4064
1752 4054
1753 4058
1754 4059
1755 4057
1756 4060
1757 4060
1758 4058
1759 4058
1760 4060
1761 4064
1762 4059
1763 4058
1764 4058
1765 4059
1766 4057
1767 4059
1768 4057
1769 4058
1770 4057
1771 4057
1772 4057
1773 4059
1774 4057
1775 4057
1776 4060
1777 4057
1778 4057
1779 4056
1780 4057
1781 4057
1782 4060
1783 4064
1784 4056
1785 4058
1786 4059
1787 4059
1788 4055
1789 4064
1790 4057
1791 4057
1792 4058
1793 4060
1794 4056
1795 4057
1796 4054
1797 4057
1798 4059
1799 4057
1800 4056
1801 4058
1802 4057
1803 4060
1804 4057
1805 4059
1806 4060
1807 4056
1808 4058
1809 4060
1810 4061
1811 4059
1812 4055
1813 4057
1814 4056
1815 4057
1816 4059
1817 4056
1818 4058
1819 4059
1820 4057
1821 4060
1822 4058
1823 4059
1824 4061
1825 4061
1826 4057
1827 4056
1828 4059
1829 4058
1830 4058
1831 4058
1832 4057
1833 4060
1834 4060
1835 4064
1836 4056
1837 4059
1838 4064
1839 4064
1840 4064
1841 4064
1842 4056
1843 4060
1844 4057
1845 4060
1846 4060
1847 4056
1848 4059
1849 4060
1850 4059
1851 4061
1852 4055
1853 4059
1854 4059
1855 4057
1856 4058
1857 4059
1858 4059
1859 4057
1860 4060
1861 4058
1862 4060
1863 4058
1864 4059
1865 4064
1866 4060
1867 4064
1868 4057
1869 4059
1870 4058
1871 4058
1872 4058
1873 4056
1874 4059
1875 4058
1876 4057
1877 4064
1878 4060
1879 4057
1880 4057
1881 4060
1882 4059
1883 4061
1884 4060
1885 4060
1886 4064
1887 4058
1888 4059
1889 4057
1890 4058
1891 4058
1892 4054
1893 4058
1894 4059
1895 4058
1896 4057
1897 4058
1898 4056
1899 4057
1900 4057
1901 4064
1902 4056
1903 4057
1904 4056
1905 4060
1906 4058
1907 4058
1908 4054
1909 4057
1910 4059
1911 4057
1912 4060
1913 4058
1914 4060
1915 4060
1916 4056
1917 4059
1918 4058
1919 4059
1920 4057
1921 4058
1922 4059
1923 4057
1924 4056
1925 4056
1926 4058
1927 4056
1928 4059
1929 4059
1930 4057
1931 4060
1932 4057
1933 4058
1934 4059
1935 4053
1936 4060
1937 4058
1938 4060
1939 4059
1940 4060
1941 4058
1942 4059
1943 4059
1944 4061
1945 4059
1946 4057
1947 4065
1948 4057
1949 4059
1950 4057
1951 4058
1952 4053
1953 4058
1954 4053
1955 4056
1956 4058
1957 4060
1958 4055
1959 4059
1960 4059
1961 4061
1962 4055
1963 4060
1964 4059
1965 4060
1966 4058
1967 4055
1968 4056
1969 4055
1970 4059
1971 4056
1972 4058
1973 4061
1974 4059
1975 4056
1976 4057
1977 4059
1978 4060
1979 4059
1980 4059
1981 4057
1982 4060
1983 4053
1984 4056
1985 4058
1986 4057
1987 4059
1988 4060
1989 4064
1990 4056
1991 4057
1992 4061
1993 4056
1994 4061
1995 4061
1996 4060
1997 4060
1998 4060
1999 4058
2000 4058
2001 4059
2002 4054
2003 4060
2004 4060
2005 4057
2006 4057
2007 4056
2008 4060
2009 4057
2010 4059
2011 4059
2012 4057
2013 4061
2014 4057
2015 4056
2016 4059
2017 4060
2018 4061
2019 4057
2020 4056
2021 4060
2022 4056
2023 4056
2024 4064
2025 4058
2026 4059
2027 4056
2028 4061
2029 4061
2030 4057
2031 4057
2032 4056
2033 4057
2034 4060
2035 4057
2036 4056
2037 4056
2038 4057
2039 4058
2040 4060
2041 4059
2042 4057
2043 4061
2044 4057
2045 4060
2046 4064
2047 4061
2048 4061
2049 4059
2050 4057
2051 4060
2052 4054
2053 4058
2054 4061
2055 4058
2056 4059
2057 4055
2058 4057
2059 4066
2060 4055
2061 4056
2062 4059
2063 4057
2064 4060
2065 4058
2066 4057
2067 4060
2068 4056
2069 4058
2070 4058
2071 4056
2072 4058
2073 4064
2074 4059
2075 4058
2076 4056
2077 4059
2078 4060
2079 4059
2080 4058
2081 4060
2082 4058
2083 4064
2084 4061
2085 4057
2086 4058
2087 4054
2088 4058
2089 4058
2090 4059
2091 4057
2092 4058
2093 4057
2094 4057
2095 4056
2096 4060
2097 4058
2098 4056
2099 4058
2100 4058
2101 4061
2102 4054
2103 4061
2104 4059
2105 4056
2106 4054
2107 4057
2108 4060
2109 4060
2110 4057
2111 4060
2112 4055
2113 4060
2114 4057
2115 4061
2116 4054
2117 4058
2118 4059
2119 4058
2120 4056
2121 4058
2122 4060
2123 4060
2124 4058
2125 4056
2126 4057
2127 4057
2128 4058
2129 4058
2130 4059
2131 4057
2132 4056
2133 4059
2134 4056
2135 4061
2136 4056
2137 4060
2138 4059
2139 4058
2140 4058
2141 4057
2142 4060
2143 4060
2144 4056
2145 4058
2146 4059
2147 4057
2148 4057
2149 4061
2150 4056
2151 4060
2152 4055
2153 4064
2154 4059
2155 4060
2156 4058
2157 4057
2158 4060
2159 4059
2160 4058
2161 4060
2162 4058
2163 4057
2164 4056
2165 4058
2166 4057
2167 4064
2168 4058
2169 4057
2170 4056
2171 4060
2172 4059
2173 4058
2174 4060
2175 4054
2176 4058
2177 4054
2178 4057
2179 4058
2180 4056
2181 4059
2182 4056
2183 4061
2184 4055
2185 4060
2186 4054
2187 4060
2188 4060
2189 4059
2190 4057
2191 4060
2192 4060
2193 4060
2194 4058
2195 4060
2196 4060
2197 4059
2198 4056
2199 4059
2200 4058
2201 4064
2202 4055
2203 4059
2204 4058
2205 4058
2206 4056
2207 4058
2208 4059
2209 4057
2210 4057
2211 4061
2212 4058
2213 4060
2214 4054
2215 4064
2216 4059
2217 4056
2218 4064
2219 4056
2220 4056
2221 4057
2222 4055
2223 4059
2224 4059
2225 4057
2226 4058
2227 4055
2228 4060
2229 4059
2230 4061
2231 4056
2232 4057
2233 4060
2234 4051
2235 4056
2236 4058
2237 4058
2238 4059
2239 4057
2240 4059
2241 4058
2242 4059
2243 4061
2244 4056
2245 4059
2246 4059
2247 4064
2248 4058
2249 4057
2250 4057
2251 4060
2252 4050
2253 4058
2254 4057
2255 4058
2256 4064
2257 4060
2258 4057
2259 4057
2260 4059
2261 4059
2262 4060
2263 4058
2264 4060
2265 4060
2266 4058
2267 4058
2268 4060
2269 4056
2270 4060
2271 4056
2272 4058
2273 4058
2274 4058
2275 4058
2276 4057
2277 4057
2278 4056
2279 4056
2280 4059
2281 4056
2282 4058
2283 4064
2284 4055
2285 4058
2286 4059
2287 4055
2288 4056
2289 4057
2290 4053
2291 4058
2292 4059
2293 4057
2294 4056
2295 4057
2296 4056
2297 4058
2298 4054
2299 4057
2300 4060
2301 4058
2302 4051
2303 4057
2304 4056
2305 4053
2306 4056
2307 4054
2308 4054
2309 4054
2310 4056
2311 4053
2312 4055
2313 4055
2314 4058
2315 4056
2316 4054
2317 4058
2318 4059
2319 4057
2320 4056
2321 4055
2322 4053
2323 4055
2324 4057
2325 4056
2326 4055
2327 4057
2328 4058
2329 4058
2330 4055
2331 4058
2332 4053
2333 4057
2334 4058
2335 4056
2336 4057
2337 4058
2338 4057
2339 4057
2340 4058
2341 4055
2342 4054
2343 4056
2344 4057
2345 4057
2346 4058
2347 4056
2348 4055
2349 4058
2350 4059
2351 4060
2352 4053
2353 4060
2354 4055
2355 4057
2356 4056
2357 4056
2358 4056
2359 4056
2360 4056
2361 4058
2362 4058
2363 4058
2364 4053
2365 4059
2366 4058
2367 4056
2368 4057
2369 4056
2370 4055
2371 4060
2372 4061
2373 4059
2374 4058
2375 4060
2376 4059
2377 4056
2378 4062
2379 4059
2380 4056
2381 4059
2382 4058
2383 4061
2384 4060
2385 4058
2386 4059
2387 4064
2388 4055
2389 4060
2390 4058
2391 4056
2392 4056
2393 4060
2394 4055
2395 4055
2396 4064
2397 4057
2398 4058
2399 4057
2400 4057
2401 4060
2402 4056
2403 4056
2404 4060
2405 4064
2406 4061
2407 4056
2408 4057
2409 4059
2410 4057
2411 4061
2412 4058
2413 4055
2414 4056
2415 4057
2416 4058
2417 4060
2418 4057
2419 4058
2420 4056
2421 4058
2422 4059
2423 4058
2424 4058
2425 4060
2426 4059
2427 4060
2428 4059
2429 4058
2430 4058
2431 4060
2432 4056
2433 4058
2434 4058
2435 4059
2436 4059
2437 4057
2438 4055
2439 4057
2440 4058
2441 4058
2442 4058
2443 4057
2444 4064
2445 4058
2446 4060
2447 4060
2448 4058
2449 4055
2450 4058
2451 4060
2452 4057
2453 4060
2454 4059
2455 4060
2456 4061
2457 4059
2458 4058
2459 4057
2460 4059
2461 4057
2462 4061
2463 4058
2464 4055
2465 4058
2466 4055
2467 4059
2468 4056
2469 4064
2470 4057
2471 4058
2472 4055
2473 4056
2474 4060
2475 4058
2476 4055
2477 4058
2478 4060
2479 4057
2480 4056
2481 4056
2482 4060
2483 4058
2484 4058
2485 4060
2486 4060
2487 4057
2488 4060
2489 4055
2490 4058
2491 4059
2492 4058
2493 4060
2494 4059
2495 4060
2496 4057
2497 4059
2498 4057
2499 4058
2500 4061
2501 4060
2502 4055
2503 4056
2504 4058
2505 4057
2506 4060
2507 4059
2508 4058
2509 4060
2510 4056
2511 4056
2512 4060
2513 4059
2514 4059
2515 4060
2516 4058
2517 4056
2518 4061
2519 4055
2520 4059
2521 4060
2522 4060
2523 4059
2524 4057
2525 4056
2526 4059
2527 4053
2528 4057
2529 4057
2530 4059
2531 4060
2532 4060
2533 4057
2534 4058
2535 4057
2536 4057
2537 4057
2538 4058
2539 4058
2540 4061
2541 4059
2542 4057
2543 4057
2544 4057
2545 4061
2546 4060
2547 4056
2548 4056
2549 4059
2550 4057
2551 4061
2552 4053
2553 4057
2554 4061
2555 4061
2556 4056
2557 4057
2558 4060
2559 4056
2560 4058
2561 4057
2562 4056
2563 4059
2564 4059
2565 4058
2566 4057
2567 4055
2568 4055
2569 4056
2570 4058
2571 4060
2572 4060
2573 4060
2574 4060
2575 4061
2576 4056
2577 4061
2578 4058
2579 4059
2580 4055
2581 4059
2582 4056
2583 4061
2584 4058
2585 4060
2586 4057
2587 4058
2588 4058
2589 4057
2590 4061
2591 4057
2592 4058
2593 4061
2594 4055
2595 4059
2596 4058
2597 4058
2598 4059
2599 4054
2600 4061
2601 4060
2602 4057
2603 4058
2604 4053
2605 4057
2606 4058
2607 4060
2608 4058
2609 4058
2610 4057
2611 4061
2612 4056
2613 4059
2614 4058
2615 4064
2616 4058
2617 4059
2618 4059
2619 4060
2620 4057
2621 4057
2622 4059
2623 4056
2624 4056
2625 4060
2626 4057
2627 4061
2628 4055
2629 4060
2630 4058
2631 4058
2632 4059
2633 4059
2634 4058
2635 4060
2636 4056
2637 4058
2638 4058
2639 4058
2640 4057
2641 4054
2642 4055
2643 4058
2644 4056
2645 4057
2646 4056
2647 4061
2648 4059
2649 4057
2650 4061
2651 4057
2652 4055
2653 4061
2654 4056
2655 4060
2656 4061
2657 4057
2658 4061
2659 4058
2660 4057
2661 4059
2662 4056
2663 4059
2664 4056
2665 4058
2666 4059
2667 4058
2668 4057
2669 4056
2670 4059
2671 4059
2672 4060
2673 4059
2674 4057
2675 4061
2676 4055
2677 4057
2678 4059
2679 4057
2680 4057
2681 4061
2682 4059
2683 4057
2684 4057
2685 4061
2686 4059
2687 4053
2688 4059
2689 4060
2690 4058
2691 4058
2692 4057
2693 4058
2694 4056
2695 4060
2696 4056
2697 4058
2698 4058
2699 4058
2700 4057
2701 4064
2702 4053
2703 4058
2704 4056
2705 4056
2706 4055
2707 4060
2708 4055
2709 4056
2710 4058
2711 4058
2712 4057
2713 4057
2714 4055
2715 4058
2716 4054
2717 4065
2718 4055
2719 4061
2720 4056
2721 4055
2722 4060
2723 4057
2724 4059
2725 4059
2726 4058
2727 4058
2728 4060
2729 4055
2730 4057
2731 4059
2732 4056
2733 4059
2734 4056
2735 4056
2736 4060
2737 4057
2738 4060
2739 4058
2740 4057
2741 4057
2742 4056
2743 4059
2744 4060
2745 4058
2746 4056
2747 4060
2748 4058
2749 4057
2750 4058
2751 4060
2752 4056
2753 4059
2754 4060
2755 4058
2756 4059
2757 4061
2758 4057
2759 4059
2760 4057
2761 4057
2762 4056
2763 4054
2764 4059
2765 4060
2766 4056
2767 4058
2768 4060
2769 4056
2770 4057
2771 4058
2772 4056
2773 4057
2774 4060
2775 4058
2776 4054
2777 4057
2778 4059
2779 4057
2780 4058
2781 4057
2782 4058
2783 4059
2784 4056
2785 4060
2786 4055
2787 4060
2788 4055
2789 4059
2790 4064
2791 4058
2792 4055
2793 4059
2794 4061
2795 4055
2796 4057
2797 4056
2798 4058
2799 4059
2800 4058
2801 4060
2802 4055
2803 4058
2804 4057
2805 4056
2806 4057
2807 4055
2808 4056
2809 4057
2810 4057
2811 4059
2812 4057
2813 4055
2814 4057
2815 4056
2816 4056
2817 4057
2818 4054
2819 4057
2820 4059
2821 4059
2822 4058
2823 4059
2824 4056
2825 4058
2826 4059
2827 4060
2828 4058
2829 4057
2830 4057
2831 4059
2832 4064
2833 4058
2834 4057
2835 4060
2836 4057
2837 4058
2838 4056
2839 4060
2840 4057
2841 4055
2842 4056
2843 4055
2844 4058
2845 4057
2846 4061
2847 4060
2848 4057
2849 4055
2850 4057
2851 4059
2852 4055
2853 4060
2854 4059
2855 4056
2856 4056
2857 4054
2858 4057
2859 4060
2860 4059
2861 4055
2862 4057
2863 4055
2864 4053
2865 4059
2866 4057
2867 4057
2868 4059
2869 4058
2870 4055
2871 4056
2872 4057
2873 4055
2874 4057
2875 4060
2876 4057
2877 4059
2878 4057
2879 4060
2880 4059
2881 4057
2882 4057
2883 4058
2884 4059
2885 4059
2886 4056
2887 4058
2888 4056
2889 4057
2890 4058
2891 4059
2892 4057
2893 4055
2894 4057
2895 4064
2896 4058
2897 4061
2898 4059
2899 4057
2900 4056
2901 4064
2902 4055
2903 4060
2904 4060
2905 4056
2906 4059
2907 4056
2908 4057
2909 4057
2910 4059
2911 4056
2912 4059
2913 4059
2914 4057
2915 4057
2916 4059
2917 4056
2918 4060
2919 4057
2920 4057
2921 4059
2922 4057
2923 4058
2924 4056
2925 4060
2926 4058
2927 4059
2928 4058
2929 4061
2930 4060
2931 4057
2932 4057
2933 4058
2934 4056
2935 4055
2936 4057
2937 4058
2938 4059
2939 4058
2940 4058
2941 4060
2942 4057
2943 4064
2944 4058
2945 4060
2946 4059
2947 4057
2948 4055
2949 4058
2950 4058
2951 4061
2952 4054
2953 4058
2954 4058
2955 4060
2956 4056
2957 4059
2958 4060
2959 4060
2960 4057
2961 4058
2962 4057
2963 4059
2964 4057
2965 4061
2966 4058
2967 4055
2968 4059
2969 4057
2970 4060
2971 4059
2972 4061
2973 4057
2974 4056
2975 4057
2976 4059
2977 4055
2978 4057
2979 4065
2980 4059
2981 4058
2982 4061
2983 4059
2984 4058
2985 4059
2986 4060
2987 4060
2988 4059
2989 4057
2990 4058
2991 4055
2992 4057
2993 4056
2994 4058
2995 4059
2996 4058
2997 4057
2998 4059
2999 4058
3000 4056
3001 4064
3002 4055
3003 4059
3004 4064
3005 4059
3006 4058
3007 4061
3008 4056
3009 4059
3010 4055
3011 4058
3012 4055
3013 4057
3014 4055
3015 4058
3016 4057
3017 4059
3018 4059
3019 4058
3020 4064
3021 4059
3022 4059
3023 4061
3024 4055
3025 4059
3026 4061
3027 4057
3028 4059
3029 4057
3030 4058
3031 4059
3032 4058
3033 4061
3034 4058
3035 4058
3036 4059
3037 4061
3038 4058
3039 4058
3040 4056
3041 4058
3042 4060
3043 4058
3044 4060
3045 4058
3046 4058
3047 4057
3048 4057
3049 4060
3050 4057
3051 4061
3052 4056
3053 4060
3054 4057
3055 4057
3056 4057
3057 4056
3058 4058
3059 4056
3060 4056
3061 4060
3062 4057
3063 4059
3064 4057
3065 4059
3066 4058
3067 4057
3068 4056
3069 4058
3070 4059
3071 4056
3072 4061
3073 4055
3074 4056
3075 4059
3076 4057
3077 4058
3078 4055
3079 4060
3080 4056
3081 4059
3082 4058
3083 4061
3084 4057
3085 4058
3086 4055
3087 4056
3088 4057
3089 4059
3090 4061
3091 4055
3092 4055
3093 4055
3094 4059
3095 4058
3096 4060
3097 4056
3098 4064
3099 4064
3100 4057
3101 4058
3102 4054
3103 4059
3104 4055
3105 4059
3106 4057
3107 4057
3108 4057
3109 4058
3110 4057
3111 4057
3112 4057
3113 4056
3114 4057
3115 4064
3116 4058
3117 4059
3118 4059
3119 4057
3120 4054
3121 4058
3122 4060
3123 4060
3124 4057
3125 4059
3126 4058
3127 4055
3128 4058
3129 4060
3130 4057
3131 4060
3132 4060
3133 4059
3134 4055
3135 4060
3136 4060
3137 4058
3138 4059
3139 4058
3140 4059
3141 4056
3142 4061
3143 4059
3144 4059
3145 4058
3146 4061
3147 4058
3148 4058
3149 4060
3150 4058
3151 4064
3152 4054
3153 4060
3154 4057
3155 4059
3156 4057
3157 4058
3158 4061
3159 4055
3160 4059
3161 4059
3162 4057
3163 4058
3164 4056
3165 4060
3166 4059
3167 4064
3168 4061
3169 4059
3170 4059
3171 4056
3172 4060
3173 4059
3174 4057
3175 4058
3176 4058
3177 4057
3178 4058
3179 4060
3180 4058
3181 4059
3182 4057
3183 4058
3184 4058
3185 4058
3186 4056
3187 4057
3188 4059
3189 4056
3190 4060
3191 4058
3192 4060
3193 4058
3194 4058
3195 4057
3196 4055
3197 4060
3198 4058
3199 4060
3200 4060
3201 4058
3202 4058
3203 4059
3204 4057
3205 4058
3206 4055
3207 4058
3208 4060
3209 4057
3210 4060
3211 4058
3212 4058
3213 4058
3214 4057
3215 4058
3216 4057
3217 4061
3218 4055
3219 4059
3220 4059
3221 4059
3222 4057
3223 4057
3224 4055
3225 4060
3226 4057
3227 4064
3228 4057
3229 4055
3230 4055
3231 4056
3232 4061
3233 4061
3234 4055
3235 4059
3236 4057
3237 4057
3238 4057
3239 4056
3240 4060
3241 4054
3242 4060
3243 4059
3244 4058
3245 4064
3246 4059
3247 4060
3248 4059
3249 4060
3250 4060
3251 4064
3252 4054
3253 4057
3254 4060
3255 4056
3256 4060
3257 4057
3258 4058
3259 4060
3260 4061
3261 4059
3262 4057
3263 4061
3264 4056
3265 4059
3266 4057
3267 4059
3268 4059
3269 4057
3270 4060
3271 4058
3272 4057
3273 4059
3274 4058
3275 4057
3276 4057
3277 4059
3278 4059
3279 4064
3280 4058
3281 4061
3282 4058
3283 4056
3284 4060
3285 4057
3286 4059
3287 4054
3288 4055
3289 4061
3290 4057
3291 4057
3292 4060
3293 4060
3294 4055
3295 4059
3296 4057
3297 4057
3298 4056
3299 4061
3300 4057
3301 4064
3302 4055
3303 4057
3304 4059
3305 4056
3306 4058
3307 4058
3308 4059
3309 4058
3310 4057
3311 4059
3312 4055
3313 4056
3314 4059
3315 4056
3316 4058
3317 4058
3318 4057
3319 4059
3320 4059
3321 4055
3322 4056
3323 4057
3324 4060
3325 4057
3326 4058
3327 4057
3328 4058
3329 4060
3330 4058
3331 4057
3332 4056
3333 4060
3334 4059
3335 4059
3336 4061
3337 4059
3338 4058
3339 4057
3340 4061
3341 4057
3342 4057
3343 4061
3344 4057
3345 4058
3346 4058
3347 4058
3348 4059
3349 4060
3350 4058
3351 4059
3352 4056
3353 4058
3354 4061
3355 4056
3356 4057
3357 4058
3358 4054
3359 4058
3360 4057
3361 4061
3362 4055
3363 4061
3364 4059
3365 4057
3366 4059
3367 4060
3368 4057
3369 4057
3370 4059
3371 4058
3372 4055
3373 4059
3374 4057
3375 4056
3376 4056
3377 4059
3378 4057
3379 4058
3380 4060
3381 4058
3382 4058
3383 4060
3384 4059
3385 4058
3386 4059
3387 4058
3388 4059
3389 4058
3390 4060
3391 4057
3392 4059
3393 4060
3394 4059
3395 4059
3396 4059
3397 4060
3398 4059
3399 4059
3400 4058
3401 4060
3402 4054
3403 4061
3404 4058
3405 4061
3406 4058
3407 4059
3408 4056
3409 4057
3410 4058
3411 4061
3412 4058
3413 4057
3414 4058
3415 4061
3416 4056
3417 4060
3418 4058
3419 4056
3420 4060
3421 4057
3422 4059
3423 4061
3424 4056
3425 4057
3426 4064
3427 4058
3428 4058
3429 4058
3430 4056
3431 4059
3432 4057
3433 4056
3434 4055
3435 4058
3436 4061
3437 4057
3438 4056
3439 4055
3440 4061
3441 4055
3442 4058
3443 4059
3444 4058
3445 4060
3446 4055
3447 4061
3448 4059
3449 4053
3450 4058
3451 4057
3452 4055
3453 4056
3454 4060
3455 4061
3456 4059
3457 4060
3458 4059
3459 4056
3460 4057
3461 4057
3462 4060
3463 4057
3464 4057
3465 4061
3466 4060
3467 4057
3468 4056
3469 4056
3470 4058
3471 4061
3472 4057
3473 4057
3474 4057
3475 4057
3476 4060
3477 4059
3478 4059
3479 4057
3480 4059
3481 4055
3482 4057
3483 4059
3484 4058
3485 4059
3486 4059
3487 4058
3488 4053
3489 4057
3490 4057
3491 4059
3492 4054
3493 4059
3494 4057
3495 4057
3496 4059
3497 4056
3498 4057
3499 4059
3500 4056
3501 4061
3502 4056
3503 4061
3504 4058
3505 4059
3506 4061
3507 4057
3508 4057
3509 4057
3510 4056
3511 4060
3512 4057
3513 4058
3514 4057
3515 4061
3516 4056
3517 4058
3518 4059
3519 4054
3520 4061
3521 4061
3522 4055
3523 4059
3524 4058
3525 4057
3526 4060
3527 4059
3528 4058
3529 4057
3530 4058
3531 4056
3532 4060
3533 4057
3534 4058
3535 4057
3536 4055
3537 4058
3538 4056
3539 4058
3540 4064
3541 4057
3542 4058
3543 4059
3544 4057
3545 4061
3546 4060
3547 4057
3548 4058
3549 4060
3550 4057
3551 4060
3552 4055
3553 4058
3554 4058
3555 4057
3556 4060
3557 4058
3558 4058
3559 4058
3560 4059
3561 4058
3562 4059
3563 4058
3564 4058
3565 4061
3566 4057
3567 4059
3568 4055
3569 4059
3570 4058
3571 4058
3572 4057
3573 4057
3574 4056
3575 4061
3576 4061
3577 4060
3578 4055
3579 4055
3580 4057
3581 4055
3582 4056
3583 4059
3584 4056
3585 4057
3586 4056
3587 4061
3588 4053
3589 4054
3590 4057
3591 4056
3592 4057
3593 4058
3594 4056
3595 4059
3596 4058
3597 4059
3598 4058
3599 4064
3600 4059
3601 4064
3602 4057
3603 4060
3604 4057
3605 4057
3606 4057
3607 4060
3608 4061
3609 4057
3610 4058
3611 4060
3612 4054
3613 4060
3614 4055
3615 4057
3616 4058
3617 4064
3618 4058
3619 4059
3620 4059
3621 4057
3622 4060
3623 4058
3624 4058
3625 4061
3626 4058
3627 4061
3628 4061
3629 4060
3630 4058
3631 4055
3632 4056
3633 4059
3634 4055
3635 4058
3636 4056
3637 4059
3638 4056
3639 4057
3640 4057
3641 4059
3642 4058
3643 4060
3644 4059
3645 4059
3646 4058
3647 4055
3648 4057
3649 4058
3650 4057
3651 4061
3652 4054
3653 4053
3654 4059
3655 4060
3656 4055
3657 4059
3658 4058
3659 4060
3660 4056
3661 4058
3662 4060
3663 4057
3664 4055
3665 4064
3666 4060
3667 4058
3668 4055
3669 4057
3670 4056
3671 4057
3672 4056
3673 4059
3674 4058
3675 4057
3676 4058
3677 4059
3678 4058
3679 4057
3680 4058
3681 4059
3682 4056
3683 4058
3684 4059
3685 4057
3686 4053
3687 4064
3688 4059
3689 4059
3690 4056
3691 4055
3692 4064
3693 4057
3694 4054
