#Data from the TCD1304 linear CCD
#column 1 = pixelnumber , column 2 = pixelvalue
#Pixel 1-32 and 3679-3694 and are dummy pixels
#SH-period: 200    ICG-period: 100000    Integration time: 100.0 us
2 4040
3 4040
4 4057
5 4057
6 4056
7 4058
8 4055
9 4057
10 4061
11 4056
12 4059
13 4058
14 4055
15 4057
16 4060
17 4057
18 4059
19 4060
20 4057
21 4060
22 4057
23 4059
24 4061
25 4058
26 4060
27 4055
28 4057
29 4058
30 4057
31 4060
32 4060
34 4058
35 4060
36 4060
37 4057
38 4057
39 4061
40 4060
41 4059
42 4061
43 4060
44 4057
45 4060
46 4062
47 4060
48 4056
49 4057
50 4056
51 4064
52 4055
53 4060
54 4060
55 4060
56 4056
57 4062
58 4057
59 4057
60 4058
61 4061
62 4058
63 4055
64 4059
65 4060
66 4059
67 4061
68 4058
69 4055
70 4058
71 4062
72 4054
73 4059
74 4054
75 4056
76 4057
77 4058
78 4059
79 4055
80 4057
81 4061
82 4055
83 4055
84 4059
85 4057
86 4055
87 4056
88 4056
89 4056
90 4058
91 4058
92 4058
93 4057
94 4059
95 4061
96 4060
97 4060
98 4058
99 4057
100 4058
101 4064
102 4055
103 4057
104 4061
105 4059
106 4060
107 4060
108 4060
109 4058
110 4055
111 4061
112 4057
113 4057
114 4060
115 4061
116 4057
117 4058
118 4060
119 4060
120 4055
121 4061
122 4057
123 4060
124 4059
125 4060
126 4060
127 4058
128 4060
129 4059
130 4058
131 4060
132 4059
133 4057
134 4059
135 4059
136 4059
137 4061
138 4057
139 4056
140 4059
141 4060
142 4058
143 4059
144 4058
145 4057
146 4058
147 4058
148 4056
149 4060
150 4059
151 4062
152 4056
153 4061
154 4060
155 4056
156 4059
157 4056
158 4060
159 4058
160 4057
161 4061
162 4054
163 4059
164 4059
165 4058
166 4056
167 4055
168 4060
169 4056
170 4054
171 4057
172 4056
173 4055
174 4058
175 4058
176 4053
177 4057
178 4058
179 4060
180 4055
181 4059
182 4061
183 4059
184 4057
185 4057
186 4061
187 4058
188 4059
189 4056
190 4057
191 4056
192 4061
193 4058
194 4058
195 4055
196 4060
197 4057
198 4064
199 4060
200 4058
201 4064
202 4053
203 4059
204 4061
205 4057
206 4057
207 4058
208 4058
209 4059
210 4059
211 4061
212 4057
213 4060
214 4061
215 4055
216 4062
217 4060
218 4059
219 4055
220 4058
221 4061
222 4057
223 4055
224 4059
225 4061
226 4057
227 4058
228 4058
229 4060
230 4059
231 4060
232 4059
233 4060
234 4061
235 4056
236 4055
237 4057
238 4060
239 4060
240 4057
241 4061
242 4058
243 4061
244 4059
245 4057
246 4058
247 4055
248 4057
249 4053
250 4057
251 4060
252 4056
253 4058
254 4057
255 4061
256 4057
257 4060
258 4060
259 4059
260 4058
261 4056
262 4060
263 4060
264 4061
265 4059
266 4056
267 4061
268 4058
269 4056
270 4057
271 4061
272 4057
273 4058
274 4058
275 4060
276 4057
277 4058
278 4057
279 4058
280 4059
281 4056
282 4060
283 4061
284 4059
285 4061
286 4057
287 4058
288 4057
289 4057
290 4058
291 4060
292 4055
293 4058
294 4059
295 4059
296 4056
297 4058
298 4060
299 4056
300 4056
301 4064
302 4054
303 4060
304 4059
305 4062
306 4058
307 4061
308 4056
309 4058
310 4058
311 4059
312 4059
313 4058
314 4056
315 4060
316 4057
317 4057
318 4060
319 4056
320 4055
321 4058
322 4057
323 4059
324 4058
325 4061
326 4057
327 4059
328 4058
329 4059
330 4060
331 4059
332 4057
333 4062
334 4056
335 4059
336 4059
337 4060
338 4058
339 4061
340 4058
341 4060
342 4056
343 4064
344 4057
345 4059
346 4060
347 4060
348 4057
349 4056
350 4056
351 4062
352 4055
353 4057
354 4059
355 4060
356 4059
357 4062
358 4059
359 4060
360 4062
361 4058
362 4056
363 4058
364 4061
365 4060
366 4057
367 4055
368 4058
369 4059
370 4059
371 4059
372 4057
373 4054
374 4061
375 4056
376 4059
377 4058
378 4057
379 4056
380 4057
381 4059
382 4060
383 4058
384 4059
385 4058
386 4057
387 4055
388 4059
389 4061
390 4061
391 4059
392 4056
393 4059
394 4055
395 4057
396 4059
397 4060
398 4060
399 4055
400 4056
401 4061
402 4055
403 4061
404 4060
405 4058
406 4062
407 4060
408 4060
409 4059
410 4064
411 4059
412 4061
413 4059
414 4057
415 4058
416 4059
417 4060
418 4059
419 4055
420 4057
421 4058
422 4056
423 4058
424 4061
425 4058
426 4058
427 4055
428 4056
429 4057
430 4056
431 4062
432 4064
433 4061
434 4061
435 4060
436 4060
437 4058
438 4057
439 4059
440 4057
441 4059
442 4061
443 4055
444 4059
445 4060
446 4060
447 4056
448 4057
449 4059
450 4057
451 4061
452 4057
453 4061
454 4058
455 4061
456 4055
457 4061
458 4060
459 4059
460 4059
461 4061
462 4058
463 4057
464 4059
465 4059
466 4060
467 4059
468 4057
469 4058
470 4061
471 4059
472 4059
473 4062
474 4058
475 4056
476 4059
477 4058
478 4060
479 4057
480 4058
481 4057
482 4057
483 4057
484 4059
485 4062
486 4059
487 4062
488 4060
489 4058
490 4058
491 4057
492 4059
493 4061
494 4060
495 4057
496 4057
497 4058
498 4061
499 4061
500 4057
501 4059
502 4060
503 4059
504 4058
505 4060
506 4057
507 4058
508 4060
509 4058
510 4055
511 4059
512 4059
513 4058
514 4059
515 4058
516 4059
517 4060
518 4057
519 4059
520 4055
521 4056
522 4059
523 4060
524 4060
525 4058
526 4061
527 4055
528 4057
529 4059
530 4058
531 4058
532 4058
533 4060
534 4059
535 4060
536 4057
537 4057
538 4058
539 4058
540 4059
541 4059
542 4059
543 4058
544 4057
545 4056
546 4061
547 4056
548 4057
549 4060
550 4060
551 4062
552 4059
553 4057
554 4057
555 4062
556 4058
557 4058
558 4057
559 4059
560 4055
561 4058
562 4055
563 4060
564 4061
565 4058
566 4059
567 4059
568 4058
569 4057
570 4057
571 4058
572 4058
573 4057
574 4056
575 4057
576 4057
577 4059
578 4060
579 4058
580 4057
581 4057
582 4060
583 4059
584 4057
585 4055
586 4059
587 4060
588 4057
589 4058
590 4057
591 4056
592 4058
593 4061
594 4058
595 4057
596 4059
597 4058
598 4062
599 4060
600 4059
601 4061
602 4057
603 4056
604 4057
605 4058
606 4055
607 4058
608 4060
609 4054
610 4058
611 4055
612 4056
613 4058
614 4061
615 4056
616 4056
617 4061
618 4057
619 4059
620 4058
621 4059
622 4057
623 4058
624 4061
625 4056
626 4058
627 4056
628 4058
629 4059
630 4058
631 4057
632 4061
633 4062
634 4060
635 4059
636 4059
637 4057
638 4057
639 4058
640 4058
641 4057
642 4061
643 4060
644 4058
645 4055
646 4057
647 4057
648 4057
649 4060
650 4058
651 4058
652 4058
653 4057
654 4058
655 4061
656 4058
657 4058
658 4057
659 4055
660 4055
661 4060
662 4061
663 4055
664 4056
665 4057
666 4058
667 4058
668 4056
669 4058
670 4057
671 4060
672 4055
673 4058
674 4057
675 4057
676 4059
677 4055
678 4057
679 4059
680 4056
681 4060
682 4057
683 4061
684 4059
685 4059
686 4059
687 4056
688 4060
689 4057
690 4058
691 4056
692 4059
693 4059
694 4059
695 4057
696 4058
697 4058
698 4060
699 4057
700 4060
701 4060
702 4059
703 4058
704 4055
705 4058
706 4058
707 4059
708 4055
709 4060
710 4055
711 4061
712 4061
713 4056
714 4055
715 4059
716 4057
717 4056
718 4058
719 4058
720 4058
721 4059
722 4057
723 4056
724 4060
725 4053
726 4057
727 4059
728 4059
729 4060
730 4057
731 4058
732 4059
733 4060
734 4057
735 4058
736 4054
737 4058
738 4059
739 4056
740 4055
741 4061
742 4057
743 4056
744 4057
745 4058
746 4061
747 4060
748 4058
749 4059
750 4055
751 4060
752 4057
753 4057
754 4059
755 4060
756 4057
757 4057
758 4057
759 4059
760 4060
761 4057
762 4059
763 4057
764 4057
765 4054
766 4058
767 4058
768 4057
769 4055
770 4055
771 4062
772 4055
773 4059
774 4061
775 4059
776 4058
777 4060
778 4061
779 4061
780 4059
781 4061
782 4057
783 4061
784 4058
785 4059
786 4058
787 4061
788 4058
789 4057
790 4057
791 4061
792 4060
793 4058
794 4056
795 4056
796 4059
797 4061
798 4058
799 4058
800 4059
801 4061
802 4054
803 4060
804 4060
805 4060
806 4057
807 4057
808 4060
809 4060
810 4058
811 4059
812 4057
813 4057
814 4057
815 4060
816 4058
817 4057
818 4062
819 4058
820 4057
821 4060
822 4060
823 4058
824 4058
825 4059
826 4060
827 4059
828 4058
829 4057
830 4058
831 4058
832 4059
833 4056
834 4058
835 4058
836 4056
837 4060
838 4057
839 4060
840 4061
841 4057
842 4062
843 4060
844 4057
845 4056
846 4057
847 4058
848 4056
849 4057
850 4055
851 4059
852 4060
853 4061
854 4057
855 4061
856 4059
857 4057
858 4057
859 4061
860 4059
861 4057
862 4060
863 4060
864 4057
865 4059
866 4059
867 4065
868 4060
869 4058
870 4057
871 4059
872 4058
873 4058
874 4059
875 4057
876 4058
877 4057
878 4061
879 4057
880 4061
881 4055
882 4059
883 4058
884 4058
885 4058
886 4057
887 4060
888 4061
889 4056
890 4060
891 4060
892 4055
893 4058
894 4060
895 4058
896 4061
897 4058
898 4057
899 4059
900 4058
901 4060
902 4055
903 4061
904 4056
905 4058
906 4057
907 4056
908 4058
909 4062
910 4053
911 4058
912 4055
913 4057
914 4058
915 4059
916 4055
917 4057
918 4060
919 4057
920 4059
921 4060
922 4055
923 4059
924 4059
925 4056
926 4060
927 4057
928 4057
929 4058
930 4057
931 4058
932 4057
933 4060
934 4061
935 4057
936 4054
937 4061
938 4058
939 4057
940 4064
941 4059
942 4059
943 4058
944 4060
945 4056
946 4064
947 4057
948 4058
949 4058
950 4054
951 4061
952 4053
953 4060
954 4056
955 4059
956 4054
957 4059
958 4057
959 4058
960 4060
961 4055
962 4057
963 4062
964 4057
965 4059
966 4060
967 4058
968 4062
969 4060
970 4058
971 4059
972 4056
973 4058
974 4058
975 4062
976 4058
977 4059
978 4060
979 4056
980 4056
981 4058
982 4057
983 4061
984 4057
985 4058
986 4059
987 4055
988 4057
989 4060
990 4059
991 4060
992 4059
993 4058
994 4060
995 4057
996 4059
997 4057
998 4055
999 4060
1000 4055
1001 4061
1002 4057
1003 4057
1004 4060
1005 4057
1006 4060
1007 4059
1008 4057
1009 4057
1010 4058
1011 4058
1012 4058
1013 4057
1014 4059
1015 4060
1016 4055
1017 4060
1018 4057
1019 4059
1020 4057
1021 4059
1022 4053
1023 4058
1024 4058
1025 4055
1026 4056
1027 4057
1028 4059
1029 4058
1030 4058
1031 4060
1032 4059
1033 4060
1034 4057
1035 4054
1036 4059
1037 4060
1038 4056
1039 4057
1040 4058
1041 4061
1042 4058
1043 4058
1044 4059
1045 4055
1046 4058
1047 4056
1048 4055
1049 4057
1050 4058
1051 4060
1052 4055
1053 4059
1054 4056
1055 4058
1056 4060
1057 4060
1058 4058
1059 4057
1060 4057
1061 4056
1062 4060
1063 4059
1064 4056
1065 4058
1066 4057
1067 4057
1068 4058
1069 4058
1070 4060
1071 4060
1072 4059
1073 4057
1074 4056
1075 4062
1076 4055
1077 4059
1078 4057
1079 4058
1080 4056
1081 4061
1082 4059
1083 4058
1084 4059
1085 4058
1086 4060
1087 4059
1088 4058
1089 4059
1090 4058
1091 4060
1092 4057
1093 4058
1094 4060
1095 4056
1096 4057
1097 4057
1098 4059
1099 4060
1100 4060
1101 4057
1102 4057
1103 4059
1104 4059
1105 4058
1106 4059
1107 4056
1108 4059
1109 4059
1110 4061
1111 4058
1112 4059
1113 4057
1114 4058
1115 4061
1116 4064
1117 4055
1118 4056
1119 4059
1120 4056
1121 4062
1122 4057
1123 4057
1124 4059
1125 4058
1126 4061
1127 4060
1128 4061
1129 4057
1130 4055
1131 4058
1132 4055
1133 4060
1134 4058
1135 4058
1136 4057
1137 4061
1138 4059
1139 4057
1140 4060
1141 4059
1142 4056
1143 4061
1144 4057
1145 4058
1146 4061
1147 4057
1148 4057
1149 4057
1150 4057
1151 4061
1152 4056
1153 4057
1154 4060
1155 4061
1156 4058
1157 4057
1158 4059
1159 4057
1160 4055
1161 4061
1162 4059
1163 4058
1164 4060
1165 4056
1166 4057
1167 4060
1168 4058
1169 4061
1170 4057
1171 4064
1172 4058
1173 4060
1174 4056
1175 4060
1176 4060
1177 4059
1178 4057
1179 4057
1180 4060
1181 4060
1182 4060
1183 4055
1184 4058
1185 4059
1186 4059
1187 4059
1188 4055
1189 4058
1190 4057
1191 4058
1192 4058
1193 4057
1194 4054
1195 4057
1196 4058
1197 4058
1198 4059
1199 4060
1200 4055
1201 4060
1202 4057
1203 4058
1204 4057
1205 4057
1206 4058
1207 4061
1208 4055
1209 4056
1210 4058
1211 4056
1212 4059
1213 4061
1214 4055
1215 4062
1216 4058
1217 4060
1218 4057
1219 4058
1220 4057
1221 4057
1222 4061
1223 4057
1224 4057
1225 4057
1226 4058
1227 4058
1228 4059
1229 4061
1230 4057
1231 4060
1232 4058
1233 4060
1234 4058
1235 4057
1236 4056
1237 4058
1238 4057
1239 4056
1240 4059
1241 4057
1242 4057
1243 4061
1244 4057
1245 4058
1246 4061
1247 4062
1248 4056
1249 4058
1250 4056
1251 4060
1252 4055
1253 4060
1254 4058
1255 4064
1256 4058
1257 4061
1258 4056
1259 4059
1260 4057
1261 4056
1262 4057
1263 4058
1264 4059
1265 4058
1266 4061
1267 4060
1268 4058
1269 4061
1270 4056
1271 4058
1272 4061
1273 4060
1274 4058
1275 4061
1276 4058
1277 4059
1278 4059
1279 4061
1280 4055
1281 4058
1282 4055
1283 4060
1284 4059
1285 4057
1286 4058
1287 4061
1288 4057
1289 4058
1290 4055
1291 4060
1292 4056
1293 4056
1294 4055
1295 4057
1296 4062
1297 4058
1298 4061
1299 4060
1300 4059
1301 4062
1302 4053
1303 4060
1304 4059
1305 4060
1306 4058
1307 4061
1308 4060
1309 4060
1310 4057
1311 4058
1312 4059
1313 4059
1314 4059
1315 4059
1316 4059
1317 4057
1318 4060
1319 4057
1320 4056
1321 4062
1322 4055
1323 4057
1324 4057
1325 4059
1326 4059
1327 4060
1328 4057
1329 4061
1330 4059
1331 4059
1332 4057
1333 4059
1334 4060
1335 4058
1336 4059
1337 4061
1338 4057
1339 4057
1340 4060
1341 4058
1342 4058
1343 4059
1344 4061
1345 4054
1346 4061
1347 4058
1348 4061
1349 4059
1350 4058
1351 4061
1352 4054
1353 4060
1354 4057
1355 4059
1356 4058
1357 4061
1358 4057
1359 4057
1360 4060
1361 4057
1362 4061
1363 4058
1364 4059
1365 4060
1366 4058
1367 4055
1368 4055
1369 4056
1370 4060
1371 4057
1372 4055
1373 4061
1374 4056
1375 4060
1376 4059
1377 4058
1378 4059
1379 4061
1380 4058
1381 4059
1382 4059
1383 4058
1384 4060
1385 4058
1386 4057
1387 4057
1388 4058
1389 4058
1390 4057
1391 4057
1392 4057
1393 4059
1394 4057
1395 4057
1396 4060
1397 4059
1398 4056
1399 4059
1400 4060
1401 4061
1402 4055
1403 4058
1404 4057
1405 4058
1406 4058
1407 4054
1408 4059
1409 4058
1410 4059
1411 4058
1412 4058
1413 4057
1414 4060
1415 4057
1416 4054
1417 4059
1418 4060
1419 4055
1420 4060
1421 4059
1422 4058
1423 4055
1424 4057
1425 4060
1426 4059
1427 4055
1428 4059
1429 4060
1430 4057
1431 4057
1432 4058
1433 4055
1434 4058
1435 4061
1436 4056
1437 4059
1438 4060
1439 4061
1440 4059
1441 4058
1442 4060
1443 4060
1444 4060
1445 4061
1446 4058
1447 4059
1448 4057
1449 4058
1450 4060
1451 4061
1452 4053
1453 4061
1454 4059
1455 4057
1456 4060
1457 4057
1458 4057
1459 4057
1460 4058
1461 4059
1462 4056
1463 4058
1464 4058
1465 4056
1466 4060
1467 4057
1468 4057
1469 4064
1470 4056
1471 4058
1472 4058
1473 4057
1474 4057
1475 4056
1476 4060
1477 4055
1478 4058
1479 4058
1480 4061
1481 4059
1482 4059
1483 4059
1484 4057
1485 4060
1486 4056
1487 4061
1488 4056
1489 4055
1490 4058
1491 4056
1492 4058
1493 4057
1494 4059
1495 4060
1496 4060
1497 4058
1498 4060
1499 4058
1500 4055
1501 4064
1502 4055
1503 4056
1504 4059
1505 4059
1506 4056
1507 4059
1508 4058
1509 4057
1510 4058
1511 4057
1512 4056
1513 4059
1514 4057
1515 4059
1516 4056
1517 4058
1518 4060
1519 4058
1520 4057
1521 4058
1522 4061
1523 4058
1524 4062
1525 4057
1526 4058
1527 4057
1528 4058
1529 4058
1530 4058
1531 4055
1532 4055
1533 4065
1534 4060
1535 4059
1536 4059
1537 4058
1538 4057
1539 4061
1540 4057
1541 4061
1542 4061
1543 4058
1544 4057
1545 4058
1546 4059
1547 4059
1548 4059
1549 4058
1550 4059
1551 4061
1552 4058
1553 4060
1554 4060
1555 4059
1556 4057
1557 4059
1558 4056
1559 4057
1560 4057
1561 4059
1562 4060
1563 4061
1564 4055
1565 4056
1566 4057
1567 4059
1568 4059
1569 4058
1570 4055
1571 4061
1572 4060
1573 4057
1574 4057
1575 4058
1576 4058
1577 4058
1578 4055
1579 4057
1580 4058
1581 4058
1582 4055
1583 4055
1584 4057
1585 4059
1586 4059
1587 4056
1588 4056
1589 4061
1590 4056
1591 4060
1592 4060
1593 4053
1594 4055
1595 4057
1596 4058
1597 4056
1598 4057
1599 4058
1600 4060
1601 4064
1602 4055
1603 4057
1604 4058
1605 4058
1606 4060
1607 4059
1608 4055
1609 4057
1610 4055
1611 4061
1612 4057
1613 4061
1614 4057
1615 4058
1616 4060
1617 4061
1618 4055
1619 4060
1620 4060
1621 4059
1622 4058
1623 4059
1624 4057
1625 4060
1626 4053
1627 4060
1628 4054
1629 4064
1630 4058
1631 4057
1632 4058
1633 4059
1634 4058
1635 4058
1636 4059
1637 4058
1638 4059
1639 4058
1640 4056
1641 4059
1642 4056
1643 4053
1644 4054
1645 4057
1646 4059
1647 4057
1648 4060
1649 4060
1650 4057
1651 4059
1652 4056
1653 4060
1654 4057
1655 4059
1656 4060
1657 4058
1658 4056
1659 4058
1660 4061
1661 4059
1662 4057
1663 4056
1664 4060
1665 4060
1666 4059
1667 4061
1668 4054
1669 4061
1670 4060
1671 4058
1672 4056
1673 4060
1674 4058
1675 4059
1676 4059
1677 4058
1678 4057
1679 4060
1680 4058
1681 4057
1682 4059
1683 4060
1684 4061
1685 4060
1686 4058
1687 4055
1688 4057
1689 4057
1690 4060
1691 4059
1692 4057
1693 4057
1694 4061
1695 4057
1696 4060
1697 4058
1698 4060
1699 4060
1700 4060
1701 4061
1702 4054
1703 4055
1704 4064
1705 4053
1706 4058
1707 4060
1708 4057
1709 4058
1710 4061
1711 4057
1712 4062
1713 4060
1714 4058
1715 4056
1716 4061
1717 4060
1718 4061
1719 4059
1720 4060
1721 4060
1722 4060
1723 4060
1724 4058
1725 4058
1726 4059
1727 4054
1728 4058
1729 4060
1730 4057
1731 4057
1732 4058
1733 4060
1734 4055
1735 4058
1736 4060
1737 4060
1738 4055
1739 4060
1740 4057
1741 4060
1742 4059
1743 4056
1744 4056
1745 4057
1746 4060
1747 4055
1748 4060
1749 4057
1750 4058
1751 4057
1752 4055
1753 4057
1754 4056
1755 4058
1756 4058
1757 4059
1758 4060
1759 4056
1760 4061
1761 4060
1762 4060
1763 4061
1764 4058
1765 4057
1766 4055
1767 4060
1768 4058
1769 4057
1770 4058
1771 4057
1772 4057
1773 4058
1774 4060
1775 4057
1776 4057
1777 4060
1778 4055
1779 4057
1780 4059
1781 4059
1782 4059
1783 4056
1784 4057
1785 4055
1786 4060
1787 4054
1788 4061
1789 4062
1790 4057
1791 4056
1792 4059
1793 4058
1794 4055
1795 4056
1796 4056
1797 4054
1798 4057
1799 4055
1800 4057
1801 4057
1802 4054
1803 4060
1804 4058
1805 4057
1806 4057
1807 4057
1808 4060
1809 4061
1810 4059
1811 4056
1812 4055
1813 4058
1814 4059
1815 4056
1816 4059
1817 4057
1818 4059
1819 4060
1820 4057
1821 4055
1822 4057
1823 4059
1824 4054
1825 4062
1826 4059
1827 4060
1828 4058
1829 4058
1830 4060
1831 4055
1832 4056
1833 4059
1834 4057
1835 4060
1836 4060
1837 4056
1838 4056
1839 4055
1840 4059
1841 4058
1842 4059
1843 4058
1844 4059
1845 4057
1846 4056
1847 4056
1848 4059
1849 4059
1850 4056
1851 4060
1852 4057
1853 4060
1854 4057
1855 4057
1856 4060
1857 4058
1858 4057
1859 4057
1860 4057
1861 4055
1862 4058
1863 4059
1864 4058
1865 4055
1866 4058
1867 4058
1868 4059
1869 4057
1870 4058
1871 4060
1872 4060
1873 4060
1874 4058
1875 4059
1876 4056
1877 4057
1878 4058
1879 4061
1880 4059
1881 4059
1882 4055
1883 4059
1884 4058
1885 4060
1886 4057
1887 4058
1888 4060
1889 4060
1890 4058
1891 4058
1892 4057
1893 4060
1894 4058
1895 4055
1896 4058
1897 4055
1898 4058
1899 4057
1900 4055
1901 4063
1902 4055
1903 4059
1904 4057
1905 4058
1906 4059
1907 4061
1908 4060
1909 4060
1910 4057
1911 4059
1912 4061
1913 4057
1914 4057
1915 4060
1916 4059
1917 4061
1918 4060
1919 4056
1920 4061
1921 4059
1922 4060
1923 4056
1924 4057
1925 4057
1926 4057
1927 4057
1928 4057
1929 4056
1930 4061
1931 4057
1932 4057
1933 4060
1934 4055
1935 4058
1936 4060
1937 4059
1938 4056
1939 4064
1940 4061
1941 4058
1942 4060
1943 4056
1944 4055
1945 4059
1946 4060
1947 4058
1948 4058
1949 4059
1950 4056
1951 4064
1952 4053
1953 4057
1954 4060
1955 4060
1956 4058
1957 4057
1958 4060
1959 4061
1960 4060
1961 4071
1962 4057
1963 4060
1964 4057
1965 4060
1966 4059
1967 4057
1968 4057
1969 4055
1970 4055
1971 4061
1972 4057
1973 4058
1974 4060
1975 4061
1976 4058
1977 4061
1978 4060
1979 4055
1980 4058
1981 4060
1982 4058
1983 4061
1984 4059
1985 4057
1986 4057
1987 4057
1988 4061
1989 4059
1990 4058
1991 4059
1992 4061
1993 4054
1994 4058
1995 4061
1996 4059
1997 4060
1998 4061
1999 4059
2000 4057
2001 4060
2002 4057
2003 4057
2004 4052
2005 4059
2006 4054
2007 4055
2008 4058
2009 4055
2010 4059
2011 4060
2012 4058
2013 4057
2014 4057
2015 4057
2016 4055
2017 4060
2018 4060
2019 4057
2020 4056
2021 4065
2022 4059
2023 4057
2024 4059
2025 4056
2026 4058
2027 4058
2028 4058
2029 4058
2030 4058
2031 4057
2032 4055
2033 4057
2034 4059
2035 4057
2036 4055
2037 4060
2038 4057
2039 4057
2040 4057
2041 4057
2042 4060
2043 4061
2044 4057
2045 4057
2046 4058
2047 4058
2048 4061
2049 4057
2050 4057
2051 4061
2052 4057
2053 4057
2054 4059
2055 4060
2056 4056
2057 4057
2058 4057
2059 4056
2060 4055
2061 4055
2062 4057
2063 4057
2064 4060
2065 4059
2066 4060
2067 4057
2068 4054
2069 4057
2070 4057
2071 4062
2072 4054
2073 4058
2074 4059
2075 4059
2076 4059
2077 4055
2078 4060
2079 4058
2080 4057
2081 4059
2082 4058
2083 4060
2084 4060
2085 4057
2086 4057
2087 4058
2088 4055
2089 4060
2090 4059
2091 4057
2092 4057
2093 4059
2094 4055
2095 4054
2096 4062
2097 4059
2098 4057
2099 4057
2100 4060
2101 4061
2102 4057
2103 4059
2104 4058
2105 4058
2106 4055
2107 4064
2108 4060
2109 4059
2110 4057
2111 4061
2112 4059
2113 4058
2114 4061
2115 4058
2116 4059
2117 4059
2118 4059
2119 4059
2120 4055
2121 4061
2122 4058
2123 4058
2124 4058
2125 4060
2126 4059
2127 4057
2128 4060
2129 4058
2130 4057
2131 4060
2132 4056
2133 4058
2134 4058
2135 4060
2136 4057
2137 4060
2138 4057
2139 4057
2140 4060
2141 4058
2142 4058
2143 4059
2144 4054
2145 4057
2146 4060
2147 4057
2148 4060
2149 4058
2150 4054
2151 4061
2152 4058
2153 4057
2154 4059
2155 4057
2156 4057
2157 4061
2158 4058
2159 4060
2160 4059
2161 4058
2162 4059
2163 4060
2164 4060
2165 4056
2166 4056
2167 4058
2168 4055
2169 4058
2170 4061
2171 4061
2172 4058
2173 4055
2174 4058
2175 4057
2176 4058
2177 4061
2178 4059
2179 4057
2180 4059
2181 4058
2182 4058
2183 4060
2184 4061
2185 4059
2186 4057
2187 4060
2188 4059
2189 4059
2190 4060
2191 4055
2192 4057
2193 4060
2194 4057
2195 4056
2196 4056
2197 4059
2198 4058
2199 4056
2200 4055
2201 4063
2202 4053
2203 4060
2204 4055
2205 4057
2206 4057
2207 4055
2208 4059
2209 4062
2210 4059
2211 4059
2212 4058
2213 4056
2214 4058
2215 4057
2216 4058
2217 4061
2218 4059
2219 4057
2220 4060
2221 4055
2222 4057
2223 4058
2224 4055
2225 4058
2226 4060
2227 4058
2228 4060
2229 4062
2230 4057
2231 4064
2232 4058
2233 4060
2234 4057
2235 4058
2236 4058
2237 4060
2238 4059
2239 4058
2240 4060
2241 4056
2242 4058
2243 4059
2244 4061
2245 4057
2246 4061
2247 4058
2248 4058
2249 4062
2250 4059
2251 4064
2252 4057
2253 4060
2254 4060
2255 4057
2256 4058
2257 4062
2258 4060
2259 4062
2260 4055
2261 4058
2262 4056
2263 4058
2264 4060
2265 4059
2266 4057
2267 4059
2268 4059
2269 4059
2270 4055
2271 4060
2272 4056
2273 4059
2274 4055
2275 4056
2276 4055
2277 4059
2278 4057
2279 4059
2280 4058
2281 4062
2282 4057
2283 4058
2284 4060
2285 4059
2286 4062
2287 4058
2288 4058
2289 4058
2290 4060
2291 4059
2292 4056
2293 4059
2294 4057
2295 4057
2296 4059
2297 4059
2298 4057
2299 4058
2300 4061
2301 4062
2302 4058
2303 4055
2304 4060
2305 4059
2306 4057
2307 4057
2308 4061
2309 4057
2310 4057
2311 4062
2312 4057
2313 4059
2314 4058
2315 4060
2316 4061
2317 4058
2318 4058
2319 4062
2320 4057
2321 4062
2322 4060
2323 4058
2324 4059
2325 4061
2326 4061
2327 4061
2328 4058
2329 4058
2330 4059
2331 4057
2332 4056
2333 4061
2334 4056
2335 4062
2336 4058
2337 4058
2338 4057
2339 4061
2340 4060
2341 4059
2342 4060
2343 4057
2344 4059
2345 4058
2346 4057
2347 4055
2348 4058
2349 4058
2350 4057
2351 4058
2352 4056
2353 4060
2354 4057
2355 4061
2356 4059
2357 4060
2358 4059
2359 4060
2360 4060
2361 4061
2362 4058
2363 4059
2364 4058
2365 4058
2366 4058
2367 4059
2368 4057
2369 4057
2370 4060
2371 4060
2372 4055
2373 4060
2374 4059
2375 4054
2376 4057
2377 4061
2378 4058
2379 4058
2380 4057
2381 4059
2382 4059
2383 4059
2384 4058
2385 4055
2386 4057
2387 4060
2388 4058
2389 4057
2390 4059
2391 4060
2392 4056
2393 4059
2394 4059
2395 4056
2396 4061
2397 4059
2398 4057
2399 4059
2400 4058
2401 4062
2402 4057
2403 4056
2404 4059
2405 4062
2406 4059
2407 4059
2408 4058
2409 4057
2410 4055
2411 4056
2412 4058
2413 4058
2414 4061
2415 4059
2416 4058
2417 4060
2418 4056
2419 4058
2420 4057
2421 4060
2422 4055
2423 4058
2424 4057
2425 4061
2426 4061
2427 4055
2428 4055
2429 4057
2430 4056
2431 4060
2432 4057
2433 4057
2434 4059
2435 4057
2436 4057
2437 4059
2438 4056
2439 4057
2440 4060
2441 4059
2442 4058
2443 4058
2444 4057
2445 4061
2446 4060
2447 4058
2448 4060
2449 4060
2450 4057
2451 4062
2452 4056
2453 4060
2454 4057
2455 4060
2456 4057
2457 4058
2458 4060
2459 4059
2460 4059
2461 4058
2462 4058
2463 4060
2464 4058
2465 4060
2466 4056
2467 4058
2468 4060
2469 4059
2470 4057
2471 4059
2472 4057
2473 4056
2474 4055
2475 4060
2476 4057
2477 4058
2478 4057
2479 4058
2480 4055
2481 4057
2482 4058
2483 4055
2484 4055
2485 4058
2486 4061
2487 4058
2488 4059
2489 4056
2490 4060
2491 4059
2492 4058
2493 4060
2494 4057
2495 4061
2496 4055
2497 4057
2498 4060
2499 4060
2500 4057
2501 4059
2502 4057
2503 4057
2504 4060
2505 4054
2506 4057
2507 4058
2508 4057
2509 4058
2510 4058
2511 4056
2512 4054
2513 4055
2514 4058
2515 4056
2516 4060
2517 4056
2518 4058
2519 4060
2520 4058
2521 4060
2522 4057
2523 4058
2524 4056
2525 4060
2526 4062
2527 4057
2528 4060
2529 4060
2530 4058
2531 4062
2532 4057
2533 4059
2534 4060
2535 4058
2536 4055
2537 4059
2538 4061
2539 4060
2540 4060
2541 4062
2542 4056
2543 4059
2544 4058
2545 4057
2546 4058
2547 4059
2548 4057
2549 4059
2550 4057
2551 4062
2552 4054
2553 4057
2554 4060
2555 4055
2556 4058
2557 4058
2558 4057
2559 4055
2560 4060
2561 4059
2562 4060
2563 4057
2564 4055
2565 4055
2566 4058
2567 4057
2568 4056
2569 4057
2570 4058
2571 4057
2572 4057
2573 4059
2574 4058
2575 4059
2576 4058
2577 4059
2578 4056
2579 4059
2580 4058
2581 4056
2582 4058
2583 4059
2584 4058
2585 4059
2586 4056
2587 4058
2588 4059
2589 4062
2590 4057
2591 4059
2592 4055
2593 4060
2594 4058
2595 4060
2596 4057
2597 4059
2598 4058
2599 4057
2600 4060
2601 4061
2602 4057
2603 4062
2604 4060
2605 4057
2606 4058
2607 4061
2608 4060
2609 4059
2610 4058
2611 4059
2612 4060
2613 4056
2614 4060
2615 4057
2616 4055
2617 4059
2618 4060
2619 4057
2620 4057
2621 4057
2622 4061
2623 4058
2624 4062
2625 4059
2626 4059
2627 4057
2628 4057
2629 4058
2630 4056
2631 4059
2632 4058
2633 4057
2634 4058
2635 4058
2636 4057
2637 4059
2638 4059
2639 4057
2640 4058
2641 4057
2642 4057
2643 4062
2644 4056
2645 4059
2646 4058
2647 4056
2648 4057
2649 4056
2650 4061
2651 4061
2652 4056
2653 4055
2654 4059
2655 4056
2656 4058
2657 4058
2658 4055
2659 4058
2660 4058
2661 4060
2662 4056
2663 4057
2664 4060
2665 4055
2666 4057
2667 4057
2668 4059
2669 4058
2670 4057
2671 4056
2672 4058
2673 4058
2674 4056
2675 4059
2676 4055
2677 4055
2678 4058
2679 4058
2680 4056
2681 4058
2682 4057
2683 4057
2684 4061
2685 4057
2686 4059
2687 4059
2688 4062
2689 4060
2690 4057
2691 4060
2692 4054
2693 4056
2694 4057
2695 4056
2696 4058
2697 4058
2698 4056
2699 4059
2700 4060
2701 4060
2702 4055
2703 4057
2704 4057
2705 4058
2706 4056
2707 4060
2708 4059
2709 4059
2710 4058
2711 4059
2712 4059
2713 4055
2714 4056
2715 4058
2716 4055
2717 4061
2718 4058
2719 4057
2720 4058
2721 4058
2722 4060
2723 4059
2724 4057
2725 4055
2726 4060
2727 4059
2728 4057
2729 4056
2730 4057
2731 4058
2732 4053
2733 4057
2734 4057
2735 4059
2736 4055
2737 4056
2738 4055
2739 4059
2740 4058
2741 4055
2742 4058
2743 4060
2744 4058
2745 4058
2746 4056
2747 4057
2748 4057
2749 4060
2750 4058
2751 4064
2752 4056
2753 4058
2754 4056
2755 4055
2756 4057
2757 4057
2758 4058
2759 4060
2760 4054
2761 4061
2762 4053
2763 4054
2764 4055
2765 4055
2766 4057
2767 4056
2768 4057
2769 4061
2770 4055
2771 4057
2772 4058
2773 4058
2774 4057
2775 4057
2776 4058
2777 4059
2778 4061
2779 4055
2780 4057
2781 4057
2782 4059
2783 4057
2784 4055
2785 4059
2786 4057
2787 4058
2788 4060
2789 4056
2790 4054
2791 4061
2792 4057
2793 4057
2794 4055
2795 4058
2796 4057
2797 4060
2798 4058
2799 4057
2800 4060
2801 4060
2802 4056
2803 4060
2804 4061
2805 4061
2806 4060
2807 4057
2808 4057
2809 4056
2810 4057
2811 4060
2812 4057
2813 4057
2814 4061
2815 4060
2816 4056
2817 4057
2818 4056
2819 4055
2820 4058
2821 4059
2822 4058
2823 4060
2824 4059
2825 4058
2826 4059
2827 4057
2828 4059
2829 4052
2830 4055
2831 4064
2832 4057
2833 4056
2834 4060
2835 4057
2836 4058
2837 4059
2838 4054
2839 4057
2840 4057
2841 4059
2842 4060
2843 4057
2844 4058
2845 4058
2846 4058
2847 4059
2848 4059
2849 4059
2850 4055
2851 4060
2852 4057
2853 4057
2854 4056
2855 4059
2856 4059
2857 4055
2858 4059
2859 4057
2860 4056
2861 4056
2862 4058
2863 4058
2864 4061
2865 4058
2866 4055
2867 4057
2868 4059
2869 4059
2870 4058
2871 4054
2872 4055
2873 4056
2874 4058
2875 4059
2876 4059
2877 4058
2878 4058
2879 4054
2880 4059
2881 4059
2882 4060
2883 4057
2884 4058
2885 4058
2886 4058
2887 4061
2888 4057
2889 4058
2890 4060
2891 4061
2892 4059
2893 4058
2894 4058
2895 4056
2896 4058
2897 4059
2898 4058
2899 4058
2900 4056
2901 4061
2902 4058
2903 4059
2904 4059
2905 4057
2906 4056
2907 4060
2908 4060
2909 4060
2910 4059
2911 4055
2912 4059
2913 4061
2914 4057
2915 4056
2916 4060
2917 4061
2918 4059
2919 4057
2920 4060
2921 4058
2922 4059
2923 4060
2924 4057
2925 4059
2926 4059
2927 4060
2928 4055
2929 4064
2930 4058
2931 4057
2932 4060
2933 4059
2934 4059
2935 4060
2936 4059
2937 4059
2938 4061
2939 4059
2940 4056
2941 4056
2942 4060
2943 4059
2944 4060
2945 4058
2946 4060
2947 4062
2948 4055
2949 4059
2950 4058
2951 4061
2952 4055
2953 4057
2954 4062
2955 4058
2956 4055
2957 4061
2958 4058
2959 4056
2960 4058
2961 4057
2962 4059
2963 4058
2964 4055
2965 4059
2966 4055
2967 4055
2968 4058
2969 4059
2970 4058
2971 4057
2972 4057
2973 4059
2974 4059
2975 4059
2976 4059
2977 4059
2978 4059
2979 4064
2980 4057
2981 4056
2982 4059
2983 4064
2984 4061
2985 4059
2986 4057
2987 4061
2988 4059
2989 4057
2990 4058
2991 4059
2992 4058
2993 4060
2994 4060
2995 4058
2996 4060
2997 4060
2998 4056
2999 4057
3000 4058
3001 4061
3002 4053
3003 4059
3004 4058
3005 4057
3006 4056
3007 4057
3008 4059
3009 4058
3010 4062
3011 4056
3012 4057
3013 4060
3014 4060
3015 4056
3016 4059
3017 4061
3018 4058
3019 4055
3020 4057
3021 4060
3022 4060
3023 4056
3024 4060
3025 4060
3026 4058
3027 4059
3028 4058
3029 4057
3030 4061
3031 4059
3032 4059
3033 4057
3034 4059
3035 4059
3036 4056
3037 4058
3038 4057
3039 4060
3040 4059
3041 4060
3042 4059
3043 4057
3044 4055
3045 4057
3046 4061
3047 4056
3048 4057
3049 4060
3050 4058
3051 4061
3052 4058
3053 4060
3054 4060
3055 4058
3056 4059
3057 4058
3058 4057
3059 4058
3060 4058
3061 4059
3062 4055
3063 4057
3064 4055
3065 4060
3066 4057
3067 4060
3068 4057
3069 4058
3070 4058
3071 4059
3072 4055
3073 4057
3074 4056
3075 4060
3076 4059
3077 4057
3078 4055
3079 4061
3080 4060
3081 4058
3082 4061
3083 4061
3084 4057
3085 4059
3086 4060
3087 4057
3088 4059
3089 4058
3090 4057
3091 4057
3092 4059
3093 4058
3094 4060
3095 4058
3096 4060
3097 4057
3098 4061
3099 4058
3100 4059
3101 4064
3102 4058
3103 4059
3104 4059
3105 4059
3106 4059
3107 4059
3108 4059
3109 4058
3110 4058
3111 4061
3112 4054
3113 4060
3114 4058
3115 4056
3116 4059
3117 4061
3118 4058
3119 4058
3120 4056
3121 4057
3122 4058
3123 4058
3124 4059
3125 4059
3126 4059
3127 4060
3128 4060
3129 4056
3130 4054
3131 4060
3132 4058
3133 4059
3134 4055
3135 4061
3136 4057
3137 4060
3138 4056
3139 4059
3140 4059
3141 4055
3142 4060
3143 4057
3144 4057
3145 4059
3146 4058
3147 4056
3148 4055
3149 4059
3150 4056
3151 4062
3152 4060
3153 4059
3154 4058
3155 4058
3156 4059
3157 4057
3158 4057
3159 4059
3160 4061
3161 4062
3162 4057
3163 4056
3164 4061
3165 4058
3166 4059
3167 4059
3168 4060
3169 4058
3170 4059
3171 4060
3172 4055
3173 4060
3174 4055
3175 4057
3176 4058
3177 4060
3178 4058
3179 4060
3180 4059
3181 4055
3182 4058
3183 4060
3184 4059
3185 4057
3186 4060
3187 4061
3188 4061
3189 4057
3190 4059
3191 4058
3192 4060
3193 4056
3194 4058
3195 4059
3196 4061
3197 4058
3198 4059
3199 4059
3200 4060
3201 4057
3202 4054
3203 4060
3204 4059
3205 4059
3206 4060
3207 4060
3208 4057
3209 4057
3210 4056
3211 4058
3212 4060
3213 4061
3214 4059
3215 4054
3216 4058
3217 4060
3218 4057
3219 4057
3220 4058
3221 4058
3222 4058
3223 4060
3224 4057
3225 4056
3226 4057
3227 4057
3228 4056
3229 4059
3230 4056
3231 4060
3232 4061
3233 4058
3234 4057
3235 4060
3236 4057
3237 4057
3238 4055
3239 4058
3240 4058
3241 4057
3242 4057
3243 4058
3244 4059
3245 4056
3246 4058
3247 4057
3248 4057
3249 4059
3250 4059
3251 4063
3252 4057
3253 4056
3254 4060
3255 4060
3256 4057
3257 4060
3258 4060
3259 4061
3260 4060
3261 4060
3262 4059
3263 4060
3264 4060
3265 4058
3266 4058
3267 4057
3268 4058
3269 4057
3270 4060
3271 4058
3272 4064
3273 4060
3274 4057
3275 4059
3276 4060
3277 4060
3278 4058
3279 4062
3280 4059
3281 4057
3282 4059
3283 4060
3284 4057
3285 4057
3286 4061
3287 4061
3288 4056
3289 4059
3290 4060
3291 4058
3292 4058
3293 4061
3294 4058
3295 4056
3296 4055
3297 4057
3298 4057
3299 4059
3300 4057
3301 4061
3302 4054
3303 4059
3304 4057
3305 4056
3306 4056
3307 4056
3308 4057
3309 4059
3310 4059
3311 4058
3312 4060
3313 4055
3314 4060
3315 4057
3316 4058
3317 4062
3318 4054
3319 4059
3320 4057
3321 4057
3322 4055
3323 4057
3324 4057
3325 4057
3326 4056
3327 4056
3328 4056
3329 4056
3330 4059
3331 4059
3332 4058
3333 4057
3334 4060
3335 4059
3336 4058
3337 4056
3338 4057
3339 4059
3340 4060
3341 4057
3342 4057
3343 4060
3344 4058
3345 4057
3346 4060
3347 4056
3348 4055
3349 4059
3350 4057
3351 4057
3352 4059
3353 4057
3354 4057
3355 4059
3356 4058
3357 4059
3358 4058
3359 4060
3360 4056
3361 4058
3362 4055
3363 4060
3364 4056
3365 4059
3366 4059
3367 4056
3368 4058
3369 4059
3370 4056
3371 4064
3372 4059
3373 4057
3374 4059
3375 4060
3376 4057
3377 4057
3378 4060
3379 4059
3380 4059
3381 4057
3382 4059
3383 4058
3384 4057
3385 4061
3386 4064
3387 4057
3388 4059
3389 4059
3390 4055
3391 4061
3392 4060
3393 4059
3394 4059
3395 4055
3396 4059
3397 4059
3398 4057
3399 4061
3400 4055
3401 4061
3402 4057
3403 4059
3404 4059
3405 4059
3406 4060
3407 4057
3408 4057
3409 4059
3410 4056
3411 4058
3412 4060
3413 4058
3414 4055
3415 4061
3416 4056
3417 4058
3418 4060
3419 4058
3420 4057
3421 4064
3422 4059
3423 4057
3424 4057
3425 4057
3426 4057
3427 4061
3428 4057
3429 4057
3430 4059
3431 4055
3432 4057
3433 4060
3434 4058
3435 4058
3436 4056
3437 4060
3438 4057
3439 4057
3440 4058
3441 4060
3442 4060
3443 4060
3444 4056
3445 4059
3446 4058
3447 4057
3448 4060
3449 4057
3450 4058
3451 4064
3452 4060
3453 4055
3454 4060
3455 4055
3456 4056
3457 4059
3458 4056
3459 4060
3460 4055
3461 4057
3462 4059
3463 4058
3464 4057
3465 4054
3466 4060
3467 4059
3468 4055
3469 4061
3470 4055
3471 4062
3472 4057
3473 4057
3474 4055
3475 4060
3476 4058
3477 4058
3478 4059
3479 4055
3480 4059
3481 4058
3482 4059
3483 4056
3484 4061
3485 4061
3486 4058
3487 4060
3488 4056
3489 4060
3490 4060
3491 4060
3492 4058
3493 4061
3494 4061
3495 4057
3496 4057
3497 4060
3498 4058
3499 4060
3500 4056
3501 4061
3502 4054
3503 4061
3504 4059
3505 4059
3506 4057
3507 4058
3508 4059
3509 4060
3510 4055
3511 4058
3512 4058
3513 4057
3514 4059
3515 4063
3516 4054
3517 4060
3518 4057
3519 4059
3520 4056
3521 4062
3522 4059
3523 4057
3524 4062
3525 4057
3526 4058
3527 4066
3528 4059
3529 4058
3530 4062
3531 4057
3532 4056
3533 4059
3534 4057
3535 4058
3536 4058
3537 4060
3538 4055
3539 4058
3540 4058
3541 4055
3542 4060
3543 4060
3544 4060
3545 4057
3546 4061
3547 4058
3548 4058
3549 4058
3550 4058
3551 4062
3552 4057
3553 4058
3554 4059
3555 4059
3556 4059
3557 4059
3558 4062
3559 4059
3560 4059
3561 4059
3562 4061
3563 4060
3564 4055
3565 4060
3566 4056
3567 4058
3568 4057
3569 4059
3570 4058
3571 4059
3572 4057
3573 4059
3574 4056
3575 4059
3576 4058
3577 4060
3578 4057
3579 4055
3580 4056
3581 4058
3582 4058
3583 4058
3584 4055
3585 4058
3586 4055
3587 4058
3588 4058
3589 4060
3590 4058
3591 4059
3592 4059
3593 4057
3594 4057
3595 4057
3596 4058
3597 4057
3598 4060
3599 4058
3600 4058
3601 4059
3602 4058
3603 4058
3604 4055
3605 4059
3606 4057
3607 4055
3608 4060
3609 4057
3610 4059
3611 4060
3612 4058
3613 4060
3614 4057
3615 4056
3616 4060
3617 4056
3618 4058
3619 4057
3620 4057
3621 4058
3622 4058
3623 4062
3624 4058
3625 4057
3626 4059
3627 4059
3628 4060
3629 4057
3630 4057
3631 4055
3632 4058
3633 4059
3634 4057
3635 4062
3636 4061
3637 4060
3638 4058
3639 4058
3640 4057
3641 4058
3642 4059
3643 4058
3644 4059
3645 4060
3646 4058
3647 4056
3648 4060
3649 4064
3650 4057
3651 4060
3652 4056
3653 4058
3654 4056
3655 4064
3656 4057
3657 4055
3658 4056
3659 4058
3660 4058
3661 4059
3662 4061
3663 4061
3664 4058
3665 4061
3666 4059
3667 4057
3668 4059
3669 4056
3670 4058
3671 4058
3672 4058
3673 4055
3674 4059
3675 4064
3676 4056
3677 4059
3678 4059
3679 4058
3680 4056
3681 4059
3682 4059
3683 4058
3684 4057
3685 4058
3686 4060
3687 4057
3688 4057
3689 4057
3690 4057
3691 4059
3692 4061
3693 4059
3694 4060
