#Data from the TCD1304 linear CCD
#column 1 = pixelnumber , column 2 = pixelvalue
#Pixel 1-32 and 3679-3694 and are dummy pixels
#SH-period: 200    ICG-period: 100000    Integration time: 100.0 us
2 4036
3 4037
4 4057
5 4054
6 4056
7 4056
8 4057
9 4054
10 4057
11 4057
12 4059
13 4055
14 4055
15 4056
16 4055
17 4057
18 4054
19 4058
20 4057
21 4055
22 4056
23 4055
24 4059
25 4057
26 4058
27 4057
28 4055
29 4056
30 4057
31 4053
32 4059
34 4058
35 4057
36 4058
37 4057
38 4054
39 4056
40 4056
41 4057
42 4053
43 4056
44 4053
45 4058
46 4057
47 4058
48 4055
49 4058
50 4058
51 4059
52 4057
53 4055
54 4056
55 4061
56 4057
57 4056
58 4057
59 4057
60 4054
61 4057
62 4061
63 4050
64 4056
65 4057
66 4055
67 4057
68 4056
69 4057
70 4057
71 4058
72 4056
73 4057
74 4058
75 4054
76 4056
77 4055
78 4057
79 4054
80 4053
81 4058
82 4054
83 4057
84 4059
85 4055
86 4055
87 4059
88 4054
89 4055
90 4055
91 4055
92 4055
93 4057
94 4057
95 4053
96 4054
97 4056
98 4055
99 4060
100 4055
101 4061
102 4053
103 4057
104 4056
105 4059
106 4055
107 4059
108 4059
109 4057
110 4055
111 4058
112 4056
113 4056
114 4057
115 4055
116 4055
117 4056
118 4059
119 4056
120 4055
121 4055
122 4055
123 4058
124 4060
125 4056
126 4056
127 4056
128 4052
129 4059
130 4055
131 4056
132 4054
133 4059
134 4056
135 4056
136 4059
137 4056
138 4057
139 4056
140 4055
141 4057
142 4055
143 4053
144 4052
145 4057
146 4057
147 4052
148 4058
149 4056
150 4051
151 4056
152 4054
153 4054
154 4053
155 4054
156 4054
157 4055
158 4054
159 4055
160 4055
161 4056
162 4056
163 4053
164 4056
165 4055
166 4053
167 4055
168 4055
169 4053
170 4055
171 4057
172 4057
173 4053
174 4053
175 4057
176 4054
177 4057
178 4055
179 4057
180 4056
181 4057
182 4056
183 4057
184 4055
185 4057
186 4057
187 4057
188 4055
189 4057
190 4056
191 4054
192 4058
193 4058
194 4057
195 4058
196 4055
197 4055
198 4055
199 4060
200 4054
201 4060
202 4054
203 4056
204 4058
205 4059
206 4056
207 4060
208 4055
209 4058
210 4057
211 4059
212 4058
213 4055
214 4055
215 4057
216 4055
217 4057
218 4057
219 4059
220 4056
221 4056
222 4058
223 4054
224 4055
225 4058
226 4059
227 4057
228 4056
229 4058
230 4056
231 4055
232 4057
233 4057
234 4055
235 4057
236 4058
237 4053
238 4056
239 4058
240 4055
241 4056
242 4057
243 4056
244 4058
245 4056
246 4056
247 4056
248 4057
249 4058
250 4052
251 4058
252 4054
253 4058
254 4054
255 4059
256 4057
257 4055
258 4056
259 4060
260 4055
261 4055
262 4058
263 4053
264 4055
265 4057
266 4056
267 4055
268 4057
269 4055
270 4056
271 4057
272 4055
273 4056
274 4056
275 4055
276 4056
277 4057
278 4056
279 4055
280 4056
281 4057
282 4056
283 4059
284 4054
285 4057
286 4053
287 4055
288 4055
289 4058
290 4057
291 4057
292 4054
293 4057
294 4054
295 4057
296 4057
297 4054
298 4056
299 4056
300 4055
301 4061
302 4056
303 4056
304 4056
305 4058
306 4058
307 4055
308 4053
309 4054
310 4057
311 4055
312 4060
313 4055
314 4054
315 4058
316 4057
317 4056
318 4053
319 4058
320 4054
321 4061
322 4056
323 4056
324 4057
325 4057
326 4056
327 4059
328 4055
329 4056
330 4054
331 4059
332 4053
333 4057
334 4057
335 4055
336 4055
337 4058
338 4053
339 4059
340 4056
341 4056
342 4056
343 4057
344 4055
345 4055
346 4058
347 4056
348 4053
349 4057
350 4053
351 4061
352 4054
353 4055
354 4057
355 4056
356 4058
357 4055
358 4056
359 4056
360 4054
361 4059
362 4057
363 4055
364 4057
365 4058
366 4055
367 4060
368 4053
369 4057
370 4059
371 4059
372 4057
373 4051
374 4058
375 4054
376 4055
377 4055
378 4056
379 4056
380 4056
381 4057
382 4056
383 4058
384 4055
385 4059
386 4055
387 4059
388 4057
389 4055
390 4057
391 4057
392 4055
393 4059
394 4055
395 4057
396 4064
397 4055
398 4056
399 4056
400 4057
401 4060
402 4053
403 4058
404 4053
405 4057
406 4057
407 4056
408 4054
409 4057
410 4055
411 4055
412 4058
413 4057
414 4055
415 4059
416 4060
417 4060
418 4052
419 4057
420 4057
421 4057
422 4056
423 4057
424 4059
425 4056
426 4055
427 4056
428 4056
429 4055
430 4059
431 4055
432 4054
433 4054
434 4054
435 4059
436 4057
437 4059
438 4056
439 4059
440 4055
441 4055
442 4054
443 4057
444 4056
445 4058
446 4057
447 4054
448 4053
449 4056
450 4056
451 4057
452 4056
453 4060
454 4059
455 4057
456 4054
457 4054
458 4057
459 4060
460 4058
461 4055
462 4055
463 4057
464 4055
465 4058
466 4054
467 4055
468 4058
469 4055
470 4056
471 4057
472 4059
473 4057
474 4057
475 4059
476 4056
477 4059
478 4053
479 4055
480 4056
481 4058
482 4054
483 4060
484 4054
485 4055
486 4055
487 4054
488 4055
489 4058
490 4057
491 4057
492 4055
493 4058
494 4057
495 4054
496 4054
497 4059
498 4054
499 4053
500 4055
501 4060
502 4054
503 4057
504 4057
505 4056
506 4054
507 4057
508 4056
509 4057
510 4055
511 4057
512 4055
513 4053
514 4056
515 4054
516 4058
517 4056
518 4054
519 4056
520 4055
521 4059
522 4057
523 4054
524 4055
525 4056
526 4055
527 4055
528 4052
529 4057
530 4056
531 4053
532 4055
533 4058
534 4055
535 4055
536 4059
537 4055
538 4055
539 4057
540 4056
541 4058
542 4055
543 4056
544 4057
545 4053
546 4054
547 4057
548 4055
549 4057
550 4054
551 4058
552 4056
553 4060
554 4055
555 4053
556 4057
557 4055
558 4057
559 4057
560 4058
561 4057
562 4058
563 4057
564 4055
565 4057
566 4056
567 4055
568 4054
569 4054
570 4059
571 4058
572 4054
573 4058
574 4054
575 4056
576 4054
577 4059
578 4057
579 4059
580 4056
581 4054
582 4057
583 4053
584 4059
585 4054
586 4057
587 4059
588 4057
589 4054
590 4059
591 4053
592 4054
593 4057
594 4057
595 4054
596 4055
597 4057
598 4057
599 4057
600 4054
601 4060
602 4053
603 4057
604 4056
605 4058
606 4055
607 4056
608 4054
609 4059
610 4057
611 4057
612 4055
613 4055
614 4055
615 4058
616 4055
617 4057
618 4056
619 4057
620 4053
621 4057
622 4055
623 4057
624 4056
625 4056
626 4055
627 4055
628 4058
629 4057
630 4056
631 4061
632 4055
633 4059
634 4057
635 4056
636 4054
637 4058
638 4059
639 4057
640 4057
641 4056
642 4056
643 4057
644 4055
645 4058
646 4054
647 4058
648 4057
649 4060
650 4055
651 4059
652 4055
653 4057
654 4057
655 4055
656 4055
657 4055
658 4057
659 4056
660 4056
661 4061
662 4058
663 4058
664 4055
665 4054
666 4056
667 4060
668 4057
669 4058
670 4054
671 4055
672 4057
673 4056
674 4057
675 4056
676 4058
677 4055
678 4055
679 4058
680 4056
681 4055
682 4058
683 4059
684 4058
685 4057
686 4057
687 4056
688 4057
689 4053
690 4056
691 4055
692 4055
693 4060
694 4056
695 4056
696 4059
697 4056
698 4058
699 4057
700 4057
701 4060
702 4053
703 4059
704 4056
705 4055
706 4058
707 4059
708 4057
709 4057
710 4060
711 4058
712 4056
713 4058
714 4057
715 4057
716 4055
717 4057
718 4055
719 4057
720 4055
721 4058
722 4057
723 4055
724 4057
725 4055
726 4056
727 4055
728 4057
729 4053
730 4052
731 4058
732 4058
733 4056
734 4057
735 4054
736 4054
737 4059
738 4057
739 4057
740 4054
741 4058
742 4056
743 4059
744 4058
745 4056
746 4058
747 4058
748 4057
749 4059
750 4053
751 4059
752 4054
753 4058
754 4056
755 4059
756 4057
757 4057
758 4056
759 4057
760 4055
761 4053
762 4055
763 4057
764 4056
765 4059
766 4058
767 4056
768 4057
769 4057
770 4056
771 4055
772 4055
773 4057
774 4057
775 4057
776 4056
777 4057
778 4055
779 4057
780 4054
781 4055
782 4057
783 4054
784 4056
785 4057
786 4057
787 4057
788 4057
789 4055
790 4057
791 4059
792 4055
793 4056
794 4058
795 4058
796 4056
797 4056
798 4061
799 4059
800 4058
801 4057
802 4052
803 4057
804 4055
805 4056
806 4056
807 4057
808 4057
809 4058
810 4055
811 4057
812 4056
813 4056
814 4060
815 4058
816 4054
817 4056
818 4057
819 4057
820 4055
821 4054
822 4059
823 4057
824 4055
825 4059
826 4057
827 4054
828 4057
829 4057
830 4057
831 4058
832 4056
833 4058
834 4058
835 4056
836 4055
837 4057
838 4056
839 4057
840 4057
841 4058
842 4055
843 4059
844 4056
845 4058
846 4055
847 4057
848 4055
849 4060
850 4057
851 4057
852 4052
853 4058
854 4059
855 4056
856 4054
857 4060
858 4056
859 4055
860 4057
861 4056
862 4054
863 4054
864 4055
865 4055
866 4057
867 4056
868 4057
869 4058
870 4058
871 4057
872 4058
873 4058
874 4057
875 4057
876 4056
877 4055
878 4055
879 4056
880 4056
881 4057
882 4058
883 4057
884 4056
885 4058
886 4056
887 4058
888 4057
889 4056
890 4056
891 4057
892 4053
893 4054
894 4055
895 4058
896 4054
897 4059
898 4056
899 4058
900 4060
901 4058
902 4053
903 4056
904 4059
905 4056
906 4056
907 4056
908 4057
909 4053
910 4059
911 4056
912 4057
913 4057
914 4057
915 4054
916 4057
917 4056
918 4056
919 4057
920 4061
921 4057
922 4057
923 4055
924 4057
925 4057
926 4055
927 4058
928 4059
929 4055
930 4058
931 4055
932 4055
933 4055
934 4059
935 4058
936 4056
937 4056
938 4055
939 4060
940 4055
941 4057
942 4055
943 4054
944 4057
945 4057
946 4058
947 4055
948 4057
949 4059
950 4055
951 4058
952 4052
953 4057
954 4053
955 4056
956 4060
957 4057
958 4060
959 4055
960 4057
961 4057
962 4057
963 4053
964 4057
965 4057
966 4057
967 4056
968 4055
969 4058
970 4057
971 4057
972 4055
973 4057
974 4057
975 4054
976 4057
977 4057
978 4055
979 4054
980 4057
981 4056
982 4058
983 4058
984 4055
985 4057
986 4057
987 4058
988 4056
989 4058
990 4055
991 4058
992 4057
993 4058
994 4056
995 4055
996 4057
997 4055
998 4054
999 4056
1000 4057
1001 4059
1002 4055
1003 4054
1004 4055
1005 4057
1006 4056
1007 4058
1008 4057
1009 4055
1010 4056
1011 4057
1012 4057
1013 4058
1014 4057
1015 4055
1016 4055
1017 4057
1018 4057
1019 4058
1020 4055
1021 4054
1022 4055
1023 4059
1024 4054
1025 4055
1026 4058
1027 4058
1028 4058
1029 4057
1030 4058
1031 4054
1032 4056
1033 4060
1034 4055
1035 4057
1036 4056
1037 4056
1038 4056
1039 4057
1040 4053
1041 4054
1042 4057
1043 4058
1044 4057
1045 4058
1046 4059
1047 4056
1048 4056
1049 4058
1050 4057
1051 4064
1052 4055
1053 4059
1054 4056
1055 4055
1056 4055
1057 4059
1058 4056
1059 4058
1060 4056
1061 4056
1062 4057
1063 4054
1064 4056
1065 4057
1066 4054
1067 4055
1068 4056
1069 4058
1070 4057
1071 4054
1072 4055
1073 4054
1074 4058
1075 4056
1076 4057
1077 4056
1078 4053
1079 4058
1080 4053
1081 4059
1082 4059
1083 4056
1084 4057
1085 4057
1086 4054
1087 4057
1088 4054
1089 4055
1090 4053
1091 4057
1092 4060
1093 4054
1094 4052
1095 4059
1096 4055
1097 4054
1098 4058
1099 4055
1100 4054
1101 4058
1102 4057
1103 4057
1104 4057
1105 4056
1106 4055
1107 4057
1108 4054
1109 4057
1110 4056
1111 4056
1112 4058
1113 4054
1114 4056
1115 4055
1116 4055
1117 4056
1118 4054
1119 4057
1120 4057
1121 4057
1122 4058
1123 4058
1124 4057
1125 4055
1126 4056
1127 4055
1128 4055
1129 4054
1130 4058
1131 4058
1132 4055
1133 4055
1134 4057
1135 4057
1136 4055
1137 4058
1138 4056
1139 4056
1140 4058
1141 4055
1142 4053
1143 4056
1144 4058
1145 4056
1146 4057
1147 4055
1148 4058
1149 4059
1150 4054
1151 4059
1152 4054
1153 4059
1154 4056
1155 4057
1156 4055
1157 4058
1158 4057
1159 4056
1160 4057
1161 4056
1162 4054
1163 4056
1164 4056
1165 4055
1166 4057
1167 4059
1168 4055
1169 4058
1170 4055
1171 4049
1172 4057
1173 4059
1174 4060
1175 4056
1176 4054
1177 4058
1178 4054
1179 4057
1180 4058
1181 4055
1182 4055
1183 4058
1184 4056
1185 4055
1186 4053
1187 4059
1188 4058
1189 4055
1190 4057
1191 4057
1192 4058
1193 4057
1194 4056
1195 4057
1196 4054
1197 4056
1198 4060
1199 4055
1200 4057
1201 4060
1202 4055
1203 4057
1204 4054
1205 4060
1206 4056
1207 4054
1208 4057
1209 4056
1210 4057
1211 4053
1212 4059
1213 4054
1214 4060
1215 4059
1216 4054
1217 4055
1218 4046
1219 4057
1220 4054
1221 4057
1222 4053
1223 4057
1224 4055
1225 4055
1226 4055
1227 4057
1228 4054
1229 4058
1230 4057
1231 4059
1232 4057
1233 4055
1234 4056
1235 4057
1236 4057
1237 4056
1238 4058
1239 4054
1240 4057
1241 4060
1242 4054
1243 4056
1244 4054
1245 4056
1246 4059
1247 4056
1248 4058
1249 4059
1250 4057
1251 4057
1252 4053
1253 4056
1254 4055
1255 4055
1256 4057
1257 4057
1258 4055
1259 4056
1260 4056
1261 4058
1262 4056
1263 4055
1264 4056
1265 4061
1266 4055
1267 4057
1268 4054
1269 4054
1270 4053
1271 4055
1272 4056
1273 4057
1274 4059
1275 4054
1276 4056
1277 4059
1278 4056
1279 4058
1280 4053
1281 4057
1282 4058
1283 4057
1284 4054
1285 4058
1286 4054
1287 4057
1288 4057
1289 4054
1290 4055
1291 4057
1292 4056
1293 4055
1294 4058
1295 4056
1296 4056
1297 4054
1298 4056
1299 4059
1300 4055
1301 4057
1302 4055
1303 4056
1304 4057
1305 4057
1306 4054
1307 4056
1308 4057
1309 4053
1310 4056
1311 4055
1312 4051
1313 4054
1314 4061
1315 4055
1316 4054
1317 4057
1318 4055
1319 4059
1320 4056
1321 4053
1322 4057
1323 4058
1324 4056
1325 4060
1326 4053
1327 4057
1328 4053
1329 4056
1330 4057
1331 4053
1332 4053
1333 4057
1334 4054
1335 4055
1336 4056
1337 4057
1338 4057
1339 4057
1340 4055
1341 4056
1342 4059
1343 4053
1344 4053
1345 4056
1346 4055
1347 4053
1348 4056
1349 4054
1350 4054
1351 4055
1352 4051
1353 4056
1354 4055
1355 4054
1356 4053
1357 4054
1358 4054
1359 4054
1360 4054
1361 4055
1362 4054
1363 4055
1364 4053
1365 4053
1366 4052
1367 4051
1368 4058
1369 4058
1370 4054
1371 4055
1372 4052
1373 4055
1374 4058
1375 4055
1376 4054
1377 4056
1378 4054
1379 4057
1380 4058
1381 4057
1382 4053
1383 4057
1384 4053
1385 4056
1386 4056
1387 4055
1388 4057
1389 4055
1390 4052
1391 4054
1392 4060
1393 4057
1394 4054
1395 4056
1396 4057
1397 4054
1398 4053
1399 4057
1400 4057
1401 4059
1402 4050
1403 4055
1404 4053
1405 4052
1406 4055
1407 4055
1408 4051
1409 4055
1410 4056
1411 4052
1412 4057
1413 4057
1414 4055
1415 4053
1416 4053
1417 4055
1418 4057
1419 4055
1420 4057
1421 4054
1422 4056
1423 4053
1424 4057
1425 4053
1426 4057
1427 4053
1428 4055
1429 4053
1430 4054
1431 4058
1432 4053
1433 4054
1434 4052
1435 4054
1436 4052
1437 4053
1438 4057
1439 4054
1440 4053
1441 4055
1442 4055
1443 4053
1444 4055
1445 4056
1446 4057
1447 4058
1448 4053
1449 4057
1450 4053
1451 4060
1452 4052
1453 4058
1454 4056
1455 4056
1456 4052
1457 4054
1458 4053
1459 4056
1460 4055
1461 4053
1462 4055
1463 4058
1464 4054
1465 4055
1466 4056
1467 4056
1468 4054
1469 4055
1470 4057
1471 4052
1472 4055
1473 4056
1474 4058
1475 4057
1476 4057
1477 4058
1478 4055
1479 4055
1480 4056
1481 4057
1482 4055
1483 4054
1484 4056
1485 4056
1486 4057
1487 4061
1488 4055
1489 4055
1490 4056
1491 4054
1492 4057
1493 4059
1494 4055
1495 4055
1496 4054
1497 4059
1498 4059
1499 4056
1500 4055
1501 4060
1502 4053
1503 4056
1504 4057
1505 4055
1506 4056
1507 4056
1508 4056
1509 4056
1510 4056
1511 4055
1512 4057
1513 4055
1514 4055
1515 4055
1516 4057
1517 4057
1518 4054
1519 4059
1520 4058
1521 4059
1522 4057
1523 4056
1524 4058
1525 4056
1526 4056
1527 4055
1528 4055
1529 4058
1530 4059
1531 4055
1532 4055
1533 4058
1534 4056
1535 4058
1536 4054
1537 4058
1538 4057
1539 4053
1540 4056
1541 4055
1542 4054
1543 4055
1544 4056
1545 4057
1546 4055
1547 4052
1548 4057
1549 4058
1550 4055
1551 4060
1552 4056
1553 4054
1554 4057
1555 4059
1556 4057
1557 4055
1558 4058
1559 4056
1560 4053
1561 4056
1562 4057
1563 4059
1564 4059
1565 4057
1566 4055
1567 4057
1568 4057
1569 4055
1570 4056
1571 4054
1572 4057
1573 4053
1574 4059
1575 4054
1576 4058
1577 4055
1578 4054
1579 4058
1580 4060
1581 4056
1582 4055
1583 4057
1584 4055
1585 4057
1586 4056
1587 4055
1588 4057
1589 4057
1590 4055
1591 4059
1592 4058
1593 4057
1594 4055
1595 4057
1596 4056
1597 4055
1598 4056
1599 4060
1600 4055
1601 4059
1602 4056
1603 4061
1604 4055
1605 4057
1606 4057
1607 4060
1608 4056
1609 4058
1610 4057
1611 4058
1612 4055
1613 4056
1614 4054
1615 4056
1616 4057
1617 4055
1618 4055
1619 4054
1620 4056
1621 4058
1622 4057
1623 4057
1624 4054
1625 4060
1626 4057
1627 4057
1628 4054
1629 4054
1630 4057
1631 4060
1632 4055
1633 4057
1634 4055
1635 4060
1636 4055
1637 4056
1638 4057
1639 4056
1640 4056
1641 4057
1642 4059
1643 4055
1644 4061
1645 4056
1646 4058
1647 4057
1648 4058
1649 4056
1650 4059
1651 4057
1652 4050
1653 4054
1654 4051
1655 4057
1656 4055
1657 4053
1658 4053
1659 4058
1660 4055
1661 4054
1662 4058
1663 4056
1664 4057
1665 4059
1666 4055
1667 4056
1668 4059
1669 4056
1670 4058
1671 4053
1672 4059
1673 4055
1674 4058
1675 4056
1676 4055
1677 4056
1678 4055
1679 4057
1680 4056
1681 4054
1682 4053
1683 4059
1684 4056
1685 4058
1686 4051
1687 4057
1688 4056
1689 4057
1690 4055
1691 4054
1692 4056
1693 4057
1694 4059
1695 4055
1696 4057
1697 4057
1698 4057
1699 4061
1700 4059
1701 4058
1702 4058
1703 4055
1704 4055
1705 4055
1706 4056
1707 4054
1708 4057
1709 4054
1710 4055
1711 4055
1712 4058
1713 4058
1714 4056
1715 4054
1716 4059
1717 4056
1718 4058
1719 4057
1720 4054
1721 4059
1722 4059
1723 4054
1724 4055
1725 4057
1726 4054
1727 4059
1728 4057
1729 4055
1730 4057
1731 4058
1732 4054
1733 4056
1734 4055
1735 4056
1736 4057
1737 4057
1738 4057
1739 4059
1740 4053
1741 4058
1742 4054
1743 4056
1744 4056
1745 4058
1746 4057
1747 4057
1748 4053
1749 4059
1750 4055
1751 4060
1752 4055
1753 4057
1754 4055
1755 4056
1756 4055
1757 4054
1758 4054
1759 4057
1760 4055
1761 4054
1762 4056
1763 4056
1764 4060
1765 4056
1766 4057
1767 4057
1768 4059
1769 4058
1770 4055
1771 4054
1772 4057
1773 4055
1774 4057
1775 4058
1776 4055
1777 4055
1778 4060
1779 4057
1780 4056
1781 4058
1782 4056
1783 4055
1784 4056
1785 4053
1786 4057
1787 4055
1788 4054
1789 4058
1790 4057
1791 4055
1792 4056
1793 4057
1794 4057
1795 4057
1796 4054
1797 4059
1798 4056
1799 4059
1800 4053
1801 4061
1802 4055
1803 4056
1804 4055
1805 4057
1806 4060
1807 4055
1808 4055
1809 4057
1810 4060
1811 4057
1812 4057
1813 4056
1814 4055
1815 4056
1816 4059
1817 4059
1818 4054
1819 4059
1820 4060
1821 4058
1822 4053
1823 4057
1824 4055
1825 4057
1826 4055
1827 4057
1828 4057
1829 4057
1830 4057
1831 4056
1832 4058
1833 4057
1834 4057
1835 4056
1836 4057
1837 4057
1838 4054
1839 4057
1840 4057
1841 4055
1842 4056
1843 4058
1844 4057
1845 4056
1846 4056
1847 4056
1848 4056
1849 4059
1850 4056
1851 4055
1852 4056
1853 4055
1854 4056
1855 4055
1856 4056
1857 4058
1858 4054
1859 4056
1860 4055
1861 4055
1862 4056
1863 4058
1864 4055
1865 4057
1866 4059
1867 4057
1868 4057
1869 4057
1870 4057
1871 4055
1872 4055
1873 4055
1874 4058
1875 4058
1876 4056
1877 4056
1878 4058
1879 4056
1880 4058
1881 4056
1882 4053
1883 4056
1884 4058
1885 4055
1886 4055
1887 4059
1888 4056
1889 4053
1890 4057
1891 4058
1892 4055
1893 4054
1894 4055
1895 4056
1896 4054
1897 4058
1898 4056
1899 4059
1900 4056
1901 4062
1902 4055
1903 4055
1904 4057
1905 4054
1906 4057
1907 4056
1908 4057
1909 4058
1910 4057
1911 4053
1912 4059
1913 4057
1914 4055
1915 4057
1916 4057
1917 4059
1918 4058
1919 4053
1920 4055
1921 4058
1922 4057
1923 4055
1924 4059
1925 4053
1926 4056
1927 4055
1928 4056
1929 4055
1930 4054
1931 4056
1932 4057
1933 4056
1934 4057
1935 4058
1936 4053
1937 4054
1938 4059
1939 4055
1940 4056
1941 4057
1942 4055
1943 4058
1944 4059
1945 4056
1946 4054
1947 4057
1948 4054
1949 4058
1950 4053
1951 4056
1952 4053
1953 4059
1954 4055
1955 4056
1956 4055
1957 4056
1958 4052
1959 4057
1960 4055
1961 4056
1962 4057
1963 4055
1964 4057
1965 4054
1966 4057
1967 4057
1968 4056
1969 4054
1970 4057
1971 4058
1972 4055
1973 4055
1974 4055
1975 4055
1976 4056
1977 4057
1978 4055
1979 4059
1980 4059
1981 4057
1982 4057
1983 4056
1984 4054
1985 4056
1986 4059
1987 4055
1988 4055
1989 4054
1990 4055
1991 4056
1992 4056
1993 4059
1994 4060
1995 4054
1996 4056
1997 4058
1998 4057
1999 4060
2000 4059
2001 4061
2002 4053
2003 4058
2004 4057
2005 4056
2006 4059
2007 4054
2008 4058
2009 4055
2010 4057
2011 4059
2012 4056
2013 4059
2014 4053
2015 4057
2016 4059
2017 4056
2018 4056
2019 4056
2020 4057
2021 4057
2022 4055
2023 4057
2024 4056
2025 4057
2026 4059
2027 4056
2028 4058
2029 4055
2030 4055
2031 4056
2032 4058
2033 4055
2034 4057
2035 4059
2036 4055
2037 4058
2038 4058
2039 4056
2040 4059
2041 4057
2042 4055
2043 4056
2044 4057
2045 4056
2046 4054
2047 4057
2048 4056
2049 4058
2050 4057
2051 4060
2052 4055
2053 4055
2054 4057
2055 4058
2056 4056
2057 4055
2058 4056
2059 4058
2060 4052
2061 4055
2062 4057
2063 4055
2064 4055
2065 4057
2066 4056
2067 4058
2068 4055
2069 4056
2070 4058
2071 4052
2072 4057
2073 4057
2074 4065
2075 4052
2076 4055
2077 4054
2078 4056
2079 4058
2080 4056
2081 4057
2082 4055
2083 4055
2084 4053
2085 4056
2086 4054
2087 4055
2088 4055
2089 4055
2090 4055
2091 4059
2092 4055
2093 4055
2094 4054
2095 4057
2096 4057
2097 4056
2098 4054
2099 4055
2100 4057
2101 4060
2102 4055
2103 4058
2104 4056
2105 4057
2106 4056
2107 4055
2108 4056
2109 4054
2110 4057
2111 4056
2112 4057
2113 4057
2114 4055
2115 4058
2116 4057
2117 4056
2118 4058
2119 4056
2120 4057
2121 4058
2122 4053
2123 4053
2124 4057
2125 4054
2126 4055
2127 4055
2128 4056
2129 4058
2130 4057
2131 4058
2132 4052
2133 4056
2134 4056
2135 4059
2136 4053
2137 4054
2138 4056
2139 4057
2140 4057
2141 4061
2142 4057
2143 4057
2144 4057
2145 4054
2146 4055
2147 4057
2148 4054
2149 4055
2150 4056
2151 4059
2152 4053
2153 4055
2154 4053
2155 4057
2156 4054
2157 4056
2158 4050
2159 4056
2160 4055
2161 4055
2162 4054
2163 4056
2164 4058
2165 4056
2166 4055
2167 4057
2168 4055
2169 4054
2170 4058
2171 4057
2172 4055
2173 4060
2174 4056
2175 4055
2176 4055
2177 4056
2178 4054
2179 4057
2180 4056
2181 4054
2182 4055
2183 4055
2184 4057
2185 4058
2186 4056
2187 4060
2188 4052
2189 4056
2190 4055
2191 4055
2192 4056
2193 4055
2194 4058
2195 4054
2196 4054
2197 4058
2198 4057
2199 4056
2200 4056
2201 4061
2202 4054
2203 4053
2204 4055
2205 4058
2206 4058
2207 4059
2208 4055
2209 4056
2210 4056
2211 4064
2212 4057
2213 4056
2214 4057
2215 4059
2216 4054
2217 4054
2218 4057
2219 4056
2220 4058
2221 4058
2222 4057
2223 4054
2224 4059
2225 4055
2226 4057
2227 4056
2228 4057
2229 4056
2230 4054
2231 4057
2232 4053
2233 4054
2234 4056
2235 4055
2236 4055
2237 4056
2238 4055
2239 4055
2240 4060
2241 4059
2242 4059
2243 4055
2244 4058
2245 4058
2246 4052
2247 4055
2248 4055
2249 4059
2250 4056
2251 4059
2252 4055
2253 4057
2254 4058
2255 4054
2256 4057
2257 4058
2258 4059
2259 4058
2260 4057
2261 4053
2262 4053
2263 4057
2264 4054
2265 4059
2266 4056
2267 4055
2268 4055
2269 4059
2270 4055
2271 4055
2272 4055
2273 4057
2274 4057
2275 4053
2276 4056
2277 4055
2278 4060
2279 4059
2280 4057
2281 4061
2282 4057
2283 4054
2284 4056
2285 4055
2286 4056
2287 4057
2288 4055
2289 4057
2290 4055
2291 4054
2292 4058
2293 4058
2294 4055
2295 4056
2296 4055
2297 4057
2298 4053
2299 4060
2300 4057
2301 4060
2302 4054
2303 4059
2304 4055
2305 4056
2306 4058
2307 4058
2308 4055
2309 4059
2310 4058
2311 4056
2312 4059
2313 4057
2314 4057
2315 4058
2316 4057
2317 4055
2318 4057
2319 4056
2320 4057
2321 4056
2322 4056
2323 4055
2324 4057
2325 4058
2326 4053
2327 4053
2328 4055
2329 4055
2330 4057
2331 4055
2332 4061
2333 4056
2334 4058
2335 4056
2336 4052
2337 4058
2338 4055
2339 4053
2340 4054
2341 4059
2342 4055
2343 4061
2344 4059
2345 4053
2346 4056
2347 4059
2348 4056
2349 4059
2350 4053
2351 4061
2352 4054
2353 4056
2354 4057
2355 4053
2356 4058
2357 4058
2358 4055
2359 4058
2360 4056
2361 4057
2362 4058
2363 4055
2364 4053
2365 4057
2366 4057
2367 4054
2368 4055
2369 4058
2370 4056
2371 4058
2372 4055
2373 4055
2374 4056
2375 4054
2376 4059
2377 4053
2378 4056
2379 4057
2380 4056
2381 4059
2382 4054
2383 4055
2384 4056
2385 4056
2386 4056
2387 4057
2388 4053
2389 4058
2390 4057
2391 4056
2392 4058
2393 4057
2394 4056
2395 4057
2396 4057
2397 4059
2398 4055
2399 4058
2400 4055
2401 4059
2402 4057
2403 4055
2404 4054
2405 4055
2406 4058
2407 4060
2408 4056
2409 4056
2410 4056
2411 4059
2412 4053
2413 4056
2414 4059
2415 4056
2416 4057
2417 4058
2418 4057
2419 4055
2420 4056
2421 4057
2422 4058
2423 4057
2424 4055
2425 4057
2426 4054
2427 4056
2428 4054
2429 4055
2430 4056
2431 4053
2432 4059
2433 4059
2434 4057
2435 4054
2436 4054
2437 4055
2438 4059
2439 4057
2440 4057
2441 4056
2442 4057
2443 4057
2444 4060
2445 4056
2446 4059
2447 4055
2448 4056
2449 4059
2450 4058
2451 4060
2452 4054
2453 4059
2454 4057
2455 4053
2456 4057
2457 4056
2458 4060
2459 4053
2460 4056
2461 4055
2462 4057
2463 4057
2464 4053
2465 4058
2466 4055
2467 4054
2468 4057
2469 4058
2470 4057
2471 4055
2472 4055
2473 4059
2474 4056
2475 4055
2476 4057
2477 4054
2478 4054
2479 4055
2480 4055
2481 4058
2482 4057
2483 4058
2484 4056
2485 4056
2486 4055
2487 4055
2488 4058
2489 4056
2490 4052
2491 4054
2492 4054
2493 4055
2494 4056
2495 4055
2496 4055
2497 4055
2498 4053
2499 4055
2500 4058
2501 4058
2502 4053
2503 4054
2504 4055
2505 4057
2506 4055
2507 4054
2508 4055
2509 4057
2510 4056
2511 4056
2512 4055
2513 4058
2514 4058
2515 4056
2516 4055
2517 4058
2518 4054
2519 4058
2520 4053
2521 4056
2522 4057
2523 4057
2524 4058
2525 4055
2526 4051
2527 4056
2528 4059
2529 4057
2530 4056
2531 4055
2532 4058
2533 4056
2534 4056
2535 4059
2536 4053
2537 4057
2538 4058
2539 4055
2540 4057
2541 4058
2542 4054
2543 4054
2544 4056
2545 4057
2546 4054
2547 4057
2548 4058
2549 4054
2550 4056
2551 4061
2552 4054
2553 4056
2554 4057
2555 4053
2556 4057
2557 4056
2558 4057
2559 4060
2560 4055
2561 4055
2562 4056
2563 4055
2564 4056
2565 4056
2566 4057
2567 4055
2568 4055
2569 4056
2570 4052
2571 4054
2572 4055
2573 4054
2574 4053
2575 4054
2576 4056
2577 4053
2578 4053
2579 4057
2580 4057
2581 4055
2582 4054
2583 4056
2584 4056
2585 4052
2586 4053
2587 4055
2588 4058
2589 4053
2590 4055
2591 4056
2592 4055
2593 4055
2594 4057
2595 4055
2596 4053
2597 4060
2598 4055
2599 4058
2600 4053
2601 4058
2602 4053
2603 4056
2604 4055
2605 4059
2606 4054
2607 4055
2608 4057
2609 4053
2610 4058
2611 4057
2612 4056
2613 4056
2614 4056
2615 4056
2616 4055
2617 4058
2618 4057
2619 4054
2620 4053
2621 4055
2622 4053
2623 4054
2624 4058
2625 4056
2626 4056
2627 4056
2628 4056
2629 4055
2630 4055
2631 4056
2632 4057
2633 4057
2634 4053
2635 4055
2636 4054
2637 4054
2638 4056
2639 4057
2640 4054
2641 4056
2642 4056
2643 4055
2644 4054
2645 4055
2646 4055
2647 4054
2648 4054
2649 4055
2650 4054
2651 4061
2652 4054
2653 4053
2654 4054
2655 4056
2656 4055
2657 4054
2658 4054
2659 4057
2660 4056
2661 4056
2662 4055
2663 4055
2664 4055
2665 4054
2666 4055
2667 4056
2668 4056
2669 4055
2670 4053
2671 4056
2672 4060
2673 4056
2674 4055
2675 4054
2676 4055
2677 4058
2678 4052
2679 4055
2680 4056
2681 4056
2682 4052
2683 4055
2684 4054
2685 4055
2686 4059
2687 4057
2688 4053
2689 4058
2690 4059
2691 4058
2692 4055
2693 4055
2694 4055
2695 4053
2696 4055
2697 4055
2698 4053
2699 4059
2700 4052
2701 4057
2702 4056
2703 4057
2704 4056
2705 4058
2706 4057
2707 4054
2708 4052
2709 4053
2710 4055
2711 4057
2712 4057
2713 4055
2714 4055
2715 4055
2716 4058
2717 4053
2718 4056
2719 4055
2720 4057
2721 4056
2722 4054
2723 4057
2724 4056
2725 4054
2726 4056
2727 4055
2728 4055
2729 4051
2730 4055
2731 4057
2732 4053
2733 4057
2734 4054
2735 4056
2736 4054
2737 4055
2738 4052
2739 4054
2740 4055
2741 4057
2742 4056
2743 4055
2744 4056
2745 4059
2746 4056
2747 4055
2748 4057
2749 4056
2750 4055
2751 4057
2752 4054
2753 4054
2754 4056
2755 4053
2756 4053
2757 4056
2758 4056
2759 4055
2760 4054
2761 4058
2762 4058
2763 4057
2764 4055
2765 4058
2766 4055
2767 4054
2768 4053
2769 4056
2770 4056
2771 4064
2772 4056
2773 4058
2774 4056
2775 4059
2776 4057
2777 4056
2778 4053
2779 4055
2780 4053
2781 4054
2782 4057
2783 4056
2784 4055
2785 4057
2786 4055
2787 4059
2788 4053
2789 4057
2790 4057
2791 4053
2792 4053
2793 4055
2794 4059
2795 4054
2796 4057
2797 4055
2798 4055
2799 4056
2800 4055
2801 4057
2802 4049
2803 4055
2804 4056
2805 4052
2806 4059
2807 4053
2808 4054
2809 4055
2810 4055
2811 4057
2812 4058
2813 4057
2814 4055
2815 4057
2816 4053
2817 4057
2818 4055
2819 4055
2820 4057
2821 4055
2822 4055
2823 4055
2824 4053
2825 4054
2826 4053
2827 4057
2828 4055
2829 4053
2830 4054
2831 4056
2832 4055
2833 4053
2834 4054
2835 4053
2836 4053
2837 4055
2838 4055
2839 4054
2840 4059
2841 4052
2842 4053
2843 4055
2844 4053
2845 4056
2846 4057
2847 4052
2848 4052
2849 4059
2850 4051
2851 4055
2852 4055
2853 4056
2854 4053
2855 4057
2856 4053
2857 4054
2858 4055
2859 4055
2860 4053
2861 4053
2862 4052
2863 4055
2864 4054
2865 4053
2866 4053
2867 4056
2868 4052
2869 4054
2870 4054
2871 4055
2872 4053
2873 4055
2874 4054
2875 4056
2876 4054
2877 4054
2878 4055
2879 4052
2880 4053
2881 4053
2882 4053
2883 4054
2884 4053
2885 4056
2886 4054
2887 4057
2888 4054
2889 4058
2890 4055
2891 4055
2892 4053
2893 4057
2894 4052
2895 4057
2896 4054
2897 4057
2898 4056
2899 4058
2900 4056
2901 4064
2902 4052
2903 4054
2904 4056
2905 4058
2906 4057
2907 4057
2908 4054
2909 4054
2910 4057
2911 4055
2912 4056
2913 4057
2914 4055
2915 4059
2916 4055
2917 4057
2918 4058
2919 4058
2920 4052
2921 4055
2922 4057
2923 4057
2924 4057
2925 4056
2926 4058
2927 4056
2928 4056
2929 4058
2930 4059
2931 4058
2932 4057
2933 4058
2934 4056
2935 4057
2936 4058
2937 4058
2938 4057
2939 4053
2940 4057
2941 4059
2942 4053
2943 4057
2944 4056
2945 4057
2946 4055
2947 4055
2948 4057
2949 4058
2950 4057
2951 4060
2952 4053
2953 4056
2954 4056
2955 4059
2956 4055
2957 4058
2958 4056
2959 4056
2960 4057
2961 4056
2962 4059
2963 4055
2964 4055
2965 4057
2966 4054
2967 4056
2968 4057
2969 4059
2970 4057
2971 4060
2972 4055
2973 4057
2974 4056
2975 4057
2976 4058
2977 4056
2978 4058
2979 4055
2980 4055
2981 4059
2982 4054
2983 4058
2984 4057
2985 4055
2986 4056
2987 4057
2988 4055
2989 4056
2990 4056
2991 4057
2992 4055
2993 4060
2994 4056
2995 4056
2996 4058
2997 4053
2998 4058
2999 4057
3000 4058
3001 4062
3002 4055
3003 4058
3004 4058
3005 4058
3006 4057
3007 4057
3008 4055
3009 4057
3010 4059
3011 4059
3012 4055
3013 4057
3014 4056
3015 4054
3016 4054
3017 4056
3018 4057
3019 4055
3020 4053
3021 4055
3022 4059
3023 4055
3024 4057
3025 4054
3026 4056
3027 4057
3028 4055
3029 4057
3030 4054
3031 4055
3032 4053
3033 4059
3034 4057
3035 4055
3036 4056
3037 4059
3038 4053
3039 4057
3040 4055
3041 4055
3042 4054
3043 4057
3044 4054
3045 4058
3046 4056
3047 4058
3048 4058
3049 4057
3050 4056
3051 4059
3052 4053
3053 4058
3054 4059
3055 4056
3056 4055
3057 4056
3058 4058
3059 4057
3060 4055
3061 4055
3062 4057
3063 4056
3064 4055
3065 4056
3066 4055
3067 4058
3068 4055
3069 4054
3070 4056
3071 4056
3072 4057
3073 4057
3074 4055
3075 4057
3076 4057
3077 4059
3078 4056
3079 4056
3080 4057
3081 4056
3082 4057
3083 4055
3084 4054
3085 4055
3086 4054
3087 4058
3088 4056
3089 4056
3090 4057
3091 4059
3092 4055
3093 4056
3094 4054
3095 4053
3096 4058
3097 4058
3098 4054
3099 4060
3100 4056
3101 4058
3102 4053
3103 4055
3104 4057
3105 4059
3106 4056
3107 4057
3108 4056
3109 4054
3110 4053
3111 4054
3112 4056
3113 4053
3114 4055
3115 4057
3116 4054
3117 4055
3118 4060
3119 4053
3120 4056
3121 4059
3122 4056
3123 4054
3124 4056
3125 4058
3126 4056
3127 4057
3128 4057
3129 4056
3130 4056
3131 4057
3132 4055
3133 4057
3134 4054
3135 4057
3136 4052
3137 4058
3138 4055
3139 4058
3140 4056
3141 4056
3142 4055
3143 4053
3144 4059
3145 4055
3146 4054
3147 4057
3148 4056
3149 4058
3150 4055
3151 4061
3152 4053
3153 4057
3154 4053
3155 4055
3156 4055
3157 4056
3158 4057
3159 4056
3160 4058
3161 4054
3162 4055
3163 4057
3164 4056
3165 4056
3166 4057
3167 4053
3168 4056
3169 4055
3170 4056
3171 4056
3172 4056
3173 4055
3174 4053
3175 4058
3176 4054
3177 4056
3178 4057
3179 4056
3180 4057
3181 4054
3182 4054
3183 4056
3184 4053
3185 4055
3186 4054
3187 4055
3188 4056
3189 4057
3190 4058
3191 4059
3192 4056
3193 4056
3194 4058
3195 4054
3196 4059
3197 4055
3198 4055
3199 4062
3200 4054
3201 4058
3202 4056
3203 4057
3204 4055
3205 4054
3206 4054
3207 4057
3208 4055
3209 4059
3210 4057
3211 4051
3212 4055
3213 4054
3214 4055
3215 4055
3216 4056
3217 4056
3218 4058
3219 4058
3220 4056
3221 4056
3222 4057
3223 4055
3224 4054
3225 4060
3226 4055
3227 4057
3228 4057
3229 4056
3230 4057
3231 4055
3232 4054
3233 4059
3234 4057
3235 4055
3236 4052
3237 4058
3238 4056
3239 4055
3240 4056
3241 4057
3242 4055
3243 4057
3244 4057
3245 4056
3246 4055
3247 4056
3248 4053
3249 4060
3250 4056
3251 4060
3252 4053
3253 4057
3254 4056
3255 4059
3256 4056
3257 4055
3258 4055
3259 4056
3260 4053
3261 4056
3262 4056
3263 4058
3264 4059
3265 4055
3266 4061
3267 4056
3268 4058
3269 4059
3270 4056
3271 4058
3272 4057
3273 4054
3274 4057
3275 4059
3276 4058
3277 4056
3278 4055
3279 4057
3280 4058
3281 4057
3282 4057
3283 4058
3284 4055
3285 4055
3286 4059
3287 4057
3288 4055
3289 4053
3290 4057
3291 4057
3292 4055
3293 4058
3294 4053
3295 4058
3296 4059
3297 4057
3298 4054
3299 4059
3300 4055
3301 4060
3302 4053
3303 4055
3304 4056
3305 4060
3306 4059
3307 4054
3308 4055
3309 4057
3310 4053
3311 4054
3312 4056
3313 4057
3314 4055
3315 4056
3316 4053
3317 4058
3318 4059
3319 4054
3320 4057
3321 4058
3322 4055
3323 4057
3324 4059
3325 4057
3326 4056
3327 4057
3328 4056
3329 4061
3330 4058
3331 4057
3332 4054
3333 4056
3334 4057
3335 4060
3336 4056
3337 4058
3338 4058
3339 4055
3340 4057
3341 4053
3342 4056
3343 4057
3344 4056
3345 4055
3346 4057
3347 4057
3348 4055
3349 4055
3350 4058
3351 4064
3352 4052
3353 4058
3354 4056
3355 4057
3356 4060
3357 4060
3358 4058
3359 4056
3360 4054
3361 4055
3362 4059
3363 4057
3364 4057
3365 4057
3366 4053
3367 4057
3368 4055
3369 4059
3370 4057
3371 4057
3372 4053
3373 4055
3374 4057
3375 4059
3376 4055
3377 4059
3378 4058
3379 4054
3380 4059
3381 4056
3382 4056
3383 4054
3384 4057
3385 4057
3386 4053
3387 4054
3388 4057
3389 4057
3390 4056
3391 4056
3392 4058
3393 4057
3394 4057
3395 4056
3396 4056
3397 4057
3398 4054
3399 4055
3400 4057
3401 4061
3402 4053
3403 4057
3404 4056
3405 4054
3406 4058
3407 4055
3408 4053
3409 4053
3410 4057
3411 4053
3412 4057
3413 4056
3414 4055
3415 4056
3416 4055
3417 4055
3418 4055
3419 4055
3420 4056
3421 4058
3422 4062
3423 4057
3424 4058
3425 4055
3426 4057
3427 4058
3428 4055
3429 4057
3430 4055
3431 4056
3432 4055
3433 4055
3434 4057
3435 4060
3436 4054
3437 4057
3438 4054
3439 4054
3440 4058
3441 4057
3442 4057
3443 4056
3444 4056
3445 4056
3446 4058
3447 4056
3448 4053
3449 4058
3450 4055
3451 4057
3452 4056
3453 4058
3454 4060
3455 4056
3456 4060
3457 4060
3458 4055
3459 4057
3460 4055
3461 4057
3462 4055
3463 4057
3464 4054
3465 4054
3466 4056
3467 4055
3468 4057
3469 4054
3470 4055
3471 4055
3472 4057
3473 4053
3474 4057
3475 4057
3476 4055
3477 4056
3478 4054
3479 4055
3480 4057
3481 4059
3482 4059
3483 4052
3484 4059
3485 4055
3486 4055
3487 4054
3488 4053
3489 4059
3490 4057
3491 4060
3492 4056
3493 4057
3494 4058
3495 4052
3496 4056
3497 4058
3498 4054
3499 4057
3500 4054
3501 4059
3502 4054
3503 4058
3504 4056
3505 4059
3506 4055
3507 4054
3508 4057
3509 4053
3510 4056
3511 4056
3512 4055
3513 4057
3514 4055
3515 4056
3516 4057
3517 4055
3518 4055
3519 4057
3520 4056
3521 4059
3522 4057
3523 4056
3524 4057
3525 4055
3526 4061
3527 4057
3528 4054
3529 4055
3530 4056
3531 4057
3532 4058
3533 4055
3534 4055
3535 4057
3536 4051
3537 4056
3538 4057
3539 4059
3540 4056
3541 4056
3542 4058
3543 4057
3544 4058
3545 4056
3546 4058
3547 4057
3548 4056
3549 4056
3550 4056
3551 4060
3552 4055
3553 4059
3554 4054
3555 4056
3556 4057
3557 4058
3558 4056
3559 4059
3560 4056
3561 4054
3562 4056
3563 4054
3564 4054
3565 4053
3566 4055
3567 4060
3568 4055
3569 4057
3570 4055
3571 4051
3572 4055
3573 4060
3574 4056
3575 4056
3576 4057
3577 4057
3578 4056
3579 4057
3580 4053
3581 4057
3582 4053
3583 4058
3584 4054
3585 4059
3586 4050
3587 4056
3588 4059
3589 4052
3590 4056
3591 4057
3592 4055
3593 4056
3594 4055
3595 4054
3596 4056
3597 4058
3598 4055
3599 4056
3600 4056
3601 4061
3602 4053
3603 4057
3604 4057
3605 4057
3606 4056
3607 4056
3608 4057
3609 4058
3610 4055
3611 4055
3612 4057
3613 4057
3614 4055
3615 4057
3616 4056
3617 4057
3618 4056
3619 4061
3620 4054
3621 4057
3622 4054
3623 4059
3624 4056
3625 4055
3626 4056
3627 4055
3628 4056
3629 4058
3630 4054
3631 4055
3632 4057
3633 4053
3634 4059
3635 4056
3636 4052
3637 4057
3638 4056
3639 4055
3640 4056
3641 4059
3642 4053
3643 4061
3644 4055
3645 4055
3646 4057
3647 4057
3648 4055
3649 4058
3650 4057
3651 4059
3652 4053
3653 4057
3654 4056
3655 4058
3656 4059
3657 4058
3658 4056
3659 4057
3660 4058
3661 4054
3662 4056
3663 4053
3664 4057
3665 4056
3666 4058
3667 4055
3668 4055
3669 4055
3670 4055
3671 4058
3672 4059
3673 4055
3674 4060
3675 4058
3676 4055
3677 4055
3678 4059
3679 4058
3680 4058
3681 4055
3682 4060
3683 4057
3684 4053
3685 4055
3686 4056
3687 4059
3688 4056
3689 4057
3690 4056
3691 4059
3692 4059
3693 4054
3694 4058
