#Data from the TCD1304 linear CCD
#column 1 = pixelnumber , column 2 = pixelvalue
#Pixel 1-32 and 3679-3694 and are dummy pixels
#SH-period: 200    ICG-period: 100000    Integration time: 100.0 us
2 4031
3 4035
4 4054
5 4055
6 4056
7 4055
8 4055
9 4054
10 4053
11 4055
12 4052
13 4058
14 4061
15 4052
16 4057
17 4053
18 4055
19 4059
20 4056
21 4057
22 4053
23 4052
24 4054
25 4056
26 4053
27 4054
28 4054
29 4056
30 4056
31 4059
32 4056
34 4053
35 4055
36 4052
37 4054
38 4055
39 4057
40 4052
41 4058
42 4053
43 4055
44 4058
45 4056
46 4053
47 4053
48 4054
49 4055
50 4057
51 4058
52 4056
53 4057
54 4056
55 4058
56 4057
57 4053
58 4054
59 4056
60 4058
61 4055
62 4056
63 4055
64 4056
65 4055
66 4058
67 4055
68 4057
69 4056
70 4057
71 4057
72 4053
73 4057
74 4053
75 4057
76 4055
77 4055
78 4058
79 4052
80 4052
81 4059
82 4058
83 4055
84 4055
85 4056
86 4055
87 4055
88 4056
89 4054
90 4058
91 4058
92 4056
93 4054
94 4058
95 4056
96 4058
97 4058
98 4053
99 4055
100 4059
101 4061
102 4053
103 4060
104 4055
105 4053
106 4054
107 4055
108 4053
109 4053
110 4053
111 4056
112 4056
113 4054
114 4056
115 4053
116 4055
117 4055
118 4054
119 4056
120 4054
121 4058
122 4056
123 4057
124 4055
125 4056
126 4055
127 4052
128 4056
129 4059
130 4053
131 4056
132 4055
133 4056
134 4055
135 4055
136 4055
137 4055
138 4055
139 4058
140 4054
141 4057
142 4054
143 4055
144 4057
145 4054
146 4059
147 4055
148 4054
149 4051
150 4053
151 4061
152 4053
153 4059
154 4056
155 4055
156 4054
157 4057
158 4057
159 4055
160 4054
161 4056
162 4059
163 4057
164 4054
165 4055
166 4051
167 4058
168 4055
169 4055
170 4055
171 4058
172 4054
173 4061
174 4057
175 4057
176 4059
177 4053
178 4053
179 4057
180 4054
181 4057
182 4055
183 4055
184 4055
185 4056
186 4053
187 4055
188 4055
189 4053
190 4057
191 4053
192 4057
193 4055
194 4056
195 4055
196 4053
197 4056
198 4054
199 4054
200 4054
201 4059
202 4055
203 4057
204 4058
205 4053
206 4054
207 4055
208 4055
209 4059
210 4053
211 4056
212 4053
213 4058
214 4054
215 4054
216 4055
217 4055
218 4054
219 4058
220 4053
221 4056
222 4058
223 4055
224 4055
225 4057
226 4057
227 4057
228 4058
229 4058
230 4058
231 4061
232 4056
233 4055
234 4056
235 4054
236 4052
237 4055
238 4055
239 4053
240 4055
241 4055
242 4055
243 4055
244 4056
245 4055
246 4053
247 4052
248 4053
249 4055
250 4052
251 4059
252 4050
253 4054
254 4054
255 4060
256 4054
257 4054
258 4056
259 4057
260 4054
261 4047
262 4056
263 4055
264 4054
265 4054
266 4057
267 4052
268 4056
269 4054
270 4056
271 4054
272 4055
273 4057
274 4052
275 4056
276 4053
277 4054
278 4056
279 4055
280 4056
281 4059
282 4053
283 4057
284 4056
285 4055
286 4055
287 4055
288 4051
289 4055
290 4054
291 4055
292 4055
293 4055
294 4055
295 4057
296 4055
297 4055
298 4056
299 4057
300 4054
301 4060
302 4055
303 4055
304 4056
305 4055
306 4055
307 4060
308 4057
309 4055
310 4056
311 4055
312 4056
313 4055
314 4055
315 4053
316 4053
317 4052
318 4053
319 4057
320 4054
321 4056
322 4055
323 4054
324 4056
325 4057
326 4057
327 4055
328 4055
329 4055
330 4056
331 4055
332 4055
333 4056
334 4056
335 4054
336 4055
337 4059
338 4057
339 4057
340 4055
341 4052
342 4057
343 4057
344 4054
345 4052
346 4052
347 4053
348 4058
349 4054
350 4054
351 4060
352 4053
353 4055
354 4053
355 4064
356 4054
357 4055
358 4054
359 4055
360 4058
361 4053
362 4054
363 4056
364 4055
365 4055
366 4054
367 4055
368 4054
369 4059
370 4055
371 4055
372 4053
373 4057
374 4058
375 4055
376 4055
377 4055
378 4056
379 4054
380 4057
381 4056
382 4051
383 4055
384 4055
385 4053
386 4058
387 4053
388 4051
389 4055
390 4054
391 4055
392 4055
393 4055
394 4057
395 4055
396 4054
397 4056
398 4057
399 4054
400 4053
401 4057
402 4053
403 4057
404 4055
405 4055
406 4054
407 4055
408 4053
409 4057
410 4053
411 4059
412 4053
413 4053
414 4056
415 4053
416 4052
417 4055
418 4055
419 4057
420 4053
421 4055
422 4055
423 4055
424 4054
425 4056
426 4055
427 4057
428 4053
429 4055
430 4056
431 4056
432 4056
433 4056
434 4057
435 4056
436 4056
437 4057
438 4055
439 4054
440 4055
441 4057
442 4055
443 4057
444 4057
445 4057
446 4056
447 4057
448 4054
449 4060
450 4052
451 4057
452 4050
453 4055
454 4056
455 4055
456 4055
457 4056
458 4060
459 4058
460 4055
461 4056
462 4056
463 4053
464 4054
465 4055
466 4057
467 4057
468 4052
469 4056
470 4055
471 4052
472 4055
473 4056
474 4056
475 4052
476 4058
477 4058
478 4054
479 4057
480 4057
481 4054
482 4055
483 4053
484 4052
485 4057
486 4056
487 4055
488 4054
489 4055
490 4053
491 4055
492 4054
493 4057
494 4056
495 4054
496 4056
497 4055
498 4056
499 4056
500 4055
501 4059
502 4052
503 4056
504 4057
505 4056
506 4059
507 4057
508 4053
509 4055
510 4050
511 4054
512 4055
513 4050
514 4054
515 4055
516 4055
517 4058
518 4053
519 4057
520 4055
521 4054
522 4055
523 4058
524 4055
525 4057
526 4055
527 4055
528 4056
529 4057
530 4053
531 4055
532 4053
533 4057
534 4055
535 4055
536 4054
537 4055
538 4053
539 4056
540 4050
541 4055
542 4056
543 4053
544 4056
545 4055
546 4054
547 4053
548 4055
549 4055
550 4055
551 4058
552 4057
553 4055
554 4055
555 4055
556 4054
557 4059
558 4053
559 4055
560 4057
561 4053
562 4053
563 4057
564 4053
565 4057
566 4055
567 4054
568 4053
569 4055
570 4053
571 4055
572 4052
573 4057
574 4056
575 4053
576 4054
577 4057
578 4055
579 4057
580 4052
581 4055
582 4057
583 4056
584 4055
585 4055
586 4052
587 4056
588 4055
589 4058
590 4053
591 4055
592 4059
593 4052
594 4055
595 4055
596 4054
597 4055
598 4054
599 4053
600 4055
601 4059
602 4053
603 4053
604 4055
605 4055
606 4052
607 4056
608 4055
609 4055
610 4054
611 4055
612 4055
613 4052
614 4055
615 4055
616 4056
617 4054
618 4054
619 4061
620 4050
621 4056
622 4054
623 4055
624 4054
625 4055
626 4053
627 4053
628 4052
629 4056
630 4056
631 4056
632 4054
633 4057
634 4052
635 4053
636 4055
637 4054
638 4057
639 4054
640 4053
641 4055
642 4054
643 4057
644 4055
645 4056
646 4054
647 4057
648 4055
649 4058
650 4053
651 4062
652 4054
653 4057
654 4054
655 4057
656 4055
657 4061
658 4052
659 4060
660 4052
661 4055
662 4053
663 4055
664 4053
665 4053
666 4056
667 4054
668 4055
669 4056
670 4057
671 4054
672 4053
673 4057
674 4057
675 4054
676 4054
677 4055
678 4053
679 4054
680 4056
681 4054
682 4055
683 4054
684 4055
685 4055
686 4055
687 4054
688 4056
689 4055
690 4055
691 4055
692 4053
693 4057
694 4057
695 4053
696 4053
697 4055
698 4054
699 4059
700 4056
701 4060
702 4055
703 4054
704 4054
705 4055
706 4054
707 4057
708 4057
709 4055
710 4056
711 4058
712 4057
713 4055
714 4057
715 4054
716 4056
717 4057
718 4053
719 4054
720 4054
721 4053
722 4053
723 4054
724 4057
725 4056
726 4057
727 4053
728 4051
729 4053
730 4056
731 4053
732 4055
733 4055
734 4055
735 4055
736 4054
737 4057
738 4056
739 4054
740 4055
741 4057
742 4053
743 4053
744 4055
745 4053
746 4057
747 4055
748 4057
749 4055
750 4056
751 4058
752 4055
753 4055
754 4054
755 4056
756 4055
757 4052
758 4054
759 4057
760 4055
761 4054
762 4055
763 4055
764 4055
765 4055
766 4053
767 4057
768 4054
769 4057
770 4053
771 4056
772 4052
773 4056
774 4057
775 4055
776 4056
777 4056
778 4058
779 4057
780 4055
781 4057
782 4055
783 4055
784 4055
785 4056
786 4052
787 4056
788 4052
789 4055
790 4053
791 4056
792 4056
793 4054
794 4056
795 4055
796 4053
797 4055
798 4056
799 4056
800 4055
801 4055
802 4053
803 4056
804 4055
805 4057
806 4055
807 4054
808 4055
809 4058
810 4054
811 4058
812 4055
813 4053
814 4057
815 4055
816 4053
817 4055
818 4053
819 4055
820 4056
821 4055
822 4056
823 4057
824 4055
825 4055
826 4056
827 4056
828 4057
829 4057
830 4054
831 4058
832 4053
833 4059
834 4052
835 4055
836 4055
837 4058
838 4053
839 4054
840 4056
841 4055
842 4053
843 4057
844 4058
845 4055
846 4057
847 4057
848 4054
849 4053
850 4057
851 4059
852 4049
853 4056
854 4052
855 4052
856 4053
857 4055
858 4055
859 4054
860 4056
861 4057
862 4058
863 4055
864 4053
865 4057
866 4052
867 4054
868 4054
869 4057
870 4058
871 4057
872 4055
873 4053
874 4053
875 4055
876 4057
877 4055
878 4053
879 4054
880 4055
881 4055
882 4054
883 4055
884 4054
885 4057
886 4056
887 4055
888 4057
889 4055
890 4056
891 4055
892 4057
893 4057
894 4055
895 4055
896 4060
897 4055
898 4052
899 4055
900 4056
901 4061
902 4051
903 4057
904 4055
905 4055
906 4056
907 4054
908 4055
909 4053
910 4053
911 4057
912 4055
913 4055
914 4055
915 4056
916 4053
917 4054
918 4056
919 4054
920 4055
921 4055
922 4053
923 4056
924 4058
925 4052
926 4052
927 4057
928 4055
929 4053
930 4053
931 4053
932 4053
933 4057
934 4054
935 4054
936 4055
937 4055
938 4052
939 4053
940 4052
941 4057
942 4053
943 4049
944 4052
945 4052
946 4052
947 4050
948 4051
949 4052
950 4055
951 4057
952 4051
953 4052
954 4053
955 4055
956 4056
957 4055
958 4053
959 4054
960 4051
961 4051
962 4053
963 4053
964 4056
965 4053
966 4051
967 4052
968 4055
969 4052
970 4056
971 4058
972 4054
973 4053
974 4054
975 4053
976 4054
977 4055
978 4053
979 4060
980 4055
981 4054
982 4055
983 4057
984 4055
985 4055
986 4052
987 4052
988 4054
989 4055
990 4052
991 4055
992 4055
993 4055
994 4059
995 4054
996 4056
997 4057
998 4053
999 4056
1000 4057
1001 4059
1002 4054
1003 4054
1004 4057
1005 4058
1006 4058
1007 4057
1008 4054
1009 4055
1010 4056
1011 4055
1012 4056
1013 4049
1014 4054
1015 4056
1016 4054
1017 4053
1018 4051
1019 4056
1020 4053
1021 4054
1022 4053
1023 4052
1024 4058
1025 4057
1026 4055
1027 4055
1028 4057
1029 4056
1030 4054
1031 4055
1032 4054
1033 4054
1034 4052
1035 4054
1036 4053
1037 4057
1038 4054
1039 4054
1040 4052
1041 4053
1042 4052
1043 4057
1044 4053
1045 4053
1046 4053
1047 4057
1048 4055
1049 4055
1050 4055
1051 4061
1052 4049
1053 4059
1054 4053
1055 4055
1056 4055
1057 4055
1058 4056
1059 4054
1060 4056
1061 4060
1062 4057
1063 4057
1064 4057
1065 4055
1066 4055
1067 4055
1068 4056
1069 4057
1070 4055
1071 4058
1072 4053
1073 4055
1074 4055
1075 4056
1076 4051
1077 4055
1078 4055
1079 4052
1080 4055
1081 4057
1082 4052
1083 4055
1084 4055
1085 4053
1086 4053
1087 4059
1088 4055
1089 4056
1090 4057
1091 4054
1092 4058
1093 4057
1094 4055
1095 4055
1096 4051
1097 4057
1098 4055
1099 4053
1100 4053
1101 4060
1102 4055
1103 4056
1104 4057
1105 4055
1106 4053
1107 4056
1108 4057
1109 4057
1110 4052
1111 4055
1112 4053
1113 4054
1114 4056
1115 4058
1116 4053
1117 4057
1118 4057
1119 4060
1120 4055
1121 4055
1122 4055
1123 4055
1124 4053
1125 4054
1126 4054
1127 4056
1128 4053
1129 4053
1130 4059
1131 4057
1132 4057
1133 4049
1134 4055
1135 4053
1136 4054
1137 4057
1138 4055
1139 4057
1140 4055
1141 4055
1142 4055
1143 4054
1144 4057
1145 4057
1146 4052
1147 4055
1148 4053
1149 4054
1150 4053
1151 4057
1152 4054
1153 4057
1154 4053
1155 4058
1156 4052
1157 4058
1158 4055
1159 4058
1160 4056
1161 4057
1162 4055
1163 4056
1164 4055
1165 4059
1166 4057
1167 4054
1168 4057
1169 4059
1170 4056
1171 4055
1172 4055
1173 4054
1174 4056
1175 4057
1176 4053
1177 4053
1178 4057
1179 4053
1180 4055
1181 4055
1182 4056
1183 4057
1184 4055
1185 4053
1186 4055
1187 4057
1188 4054
1189 4053
1190 4056
1191 4057
1192 4055
1193 4053
1194 4059
1195 4054
1196 4055
1197 4057
1198 4060
1199 4057
1200 4057
1201 4062
1202 4055
1203 4057
1204 4057
1205 4057
1206 4056
1207 4055
1208 4054
1209 4054
1210 4054
1211 4057
1212 4057
1213 4055
1214 4057
1215 4058
1216 4055
1217 4055
1218 4054
1219 4055
1220 4055
1221 4053
1222 4054
1223 4052
1224 4061
1225 4055
1226 4057
1227 4057
1228 4052
1229 4056
1230 4055
1231 4054
1232 4056
1233 4055
1234 4055
1235 4057
1236 4055
1237 4053
1238 4057
1239 4055
1240 4056
1241 4055
1242 4057
1243 4058
1244 4055
1245 4059
1246 4055
1247 4055
1248 4057
1249 4055
1250 4054
1251 4057
1252 4052
1253 4056
1254 4055
1255 4055
1256 4055
1257 4056
1258 4053
1259 4055
1260 4055
1261 4054
1262 4057
1263 4058
1264 4055
1265 4058
1266 4053
1267 4054
1268 4059
1269 4054
1270 4056
1271 4053
1272 4054
1273 4054
1274 4054
1275 4055
1276 4057
1277 4056
1278 4057
1279 4055
1280 4055
1281 4057
1282 4057
1283 4053
1284 4055
1285 4058
1286 4055
1287 4057
1288 4056
1289 4055
1290 4055
1291 4055
1292 4057
1293 4052
1294 4057
1295 4054
1296 4052
1297 4055
1298 4055
1299 4057
1300 4056
1301 4057
1302 4053
1303 4058
1304 4051
1305 4054
1306 4053
1307 4053
1308 4055
1309 4053
1310 4054
1311 4054
1312 4055
1313 4057
1314 4057
1315 4053
1316 4053
1317 4056
1318 4053
1319 4053
1320 4055
1321 4053
1322 4057
1323 4056
1324 4058
1325 4057
1326 4054
1327 4055
1328 4056
1329 4054
1330 4055
1331 4055
1332 4052
1333 4057
1334 4055
1335 4054
1336 4056
1337 4057
1338 4055
1339 4055
1340 4055
1341 4055
1342 4055
1343 4058
1344 4056
1345 4056
1346 4055
1347 4057
1348 4053
1349 4054
1350 4058
1351 4058
1352 4054
1353 4055
1354 4055
1355 4054
1356 4055
1357 4053
1358 4055
1359 4054
1360 4056
1361 4058
1362 4056
1363 4055
1364 4055
1365 4053
1366 4056
1367 4053
1368 4055
1369 4057
1370 4052
1371 4053
1372 4055
1373 4053
1374 4053
1375 4057
1376 4053
1377 4057
1378 4055
1379 4055
1380 4054
1381 4058
1382 4054
1383 4055
1384 4055
1385 4055
1386 4056
1387 4055
1388 4058
1389 4054
1390 4053
1391 4056
1392 4053
1393 4051
1394 4058
1395 4055
1396 4059
1397 4055
1398 4055
1399 4055
1400 4054
1401 4061
1402 4055
1403 4053
1404 4054
1405 4055
1406 4055
1407 4059
1408 4055
1409 4053
1410 4055
1411 4056
1412 4053
1413 4055
1414 4057
1415 4055
1416 4056
1417 4053
1418 4055
1419 4054
1420 4053
1421 4058
1422 4054
1423 4055
1424 4055
1425 4056
1426 4056
1427 4055
1428 4057
1429 4058
1430 4055
1431 4053
1432 4057
1433 4054
1434 4057
1435 4053
1436 4056
1437 4054
1438 4055
1439 4052
1440 4055
1441 4055
1442 4054
1443 4054
1444 4055
1445 4056
1446 4059
1447 4058
1448 4054
1449 4057
1450 4054
1451 4058
1452 4051
1453 4055
1454 4055
1455 4055
1456 4054
1457 4057
1458 4057
1459 4055
1460 4056
1461 4054
1462 4052
1463 4051
1464 4055
1465 4055
1466 4057
1467 4057
1468 4056
1469 4057
1470 4055
1471 4055
1472 4057
1473 4053
1474 4056
1475 4054
1476 4056
1477 4056
1478 4054
1479 4055
1480 4055
1481 4056
1482 4057
1483 4055
1484 4057
1485 4058
1486 4057
1487 4054
1488 4054
1489 4055
1490 4057
1491 4056
1492 4055
1493 4054
1494 4055
1495 4053
1496 4053
1497 4058
1498 4055
1499 4053
1500 4055
1501 4057
1502 4052
1503 4054
1504 4055
1505 4055
1506 4054
1507 4054
1508 4055
1509 4056
1510 4054
1511 4054
1512 4053
1513 4056
1514 4051
1515 4053
1516 4053
1517 4055
1518 4054
1519 4054
1520 4052
1521 4051
1522 4055
1523 4055
1524 4051
1525 4056
1526 4054
1527 4052
1528 4054
1529 4052
1530 4055
1531 4055
1532 4052
1533 4053
1534 4056
1535 4055
1536 4055
1537 4055
1538 4054
1539 4055
1540 4057
1541 4056
1542 4057
1543 4053
1544 4057
1545 4055
1546 4055
1547 4054
1548 4053
1549 4054
1550 4054
1551 4059
1552 4052
1553 4056
1554 4053
1555 4055
1556 4054
1557 4049
1558 4055
1559 4056
1560 4056
1561 4053
1562 4054
1563 4055
1564 4054
1565 4057
1566 4053
1567 4053
1568 4055
1569 4056
1570 4054
1571 4055
1572 4057
1573 4057
1574 4051
1575 4053
1576 4055
1577 4054
1578 4055
1579 4060
1580 4054
1581 4054
1582 4055
1583 4054
1584 4053
1585 4056
1586 4052
1587 4056
1588 4055
1589 4057
1590 4055
1591 4053
1592 4058
1593 4054
1594 4054
1595 4057
1596 4053
1597 4056
1598 4052
1599 4054
1600 4052
1601 4058
1602 4056
1603 4054
1604 4056
1605 4054
1606 4053
1607 4059
1608 4055
1609 4056
1610 4055
1611 4054
1612 4054
1613 4055
1614 4056
1615 4056
1616 4057
1617 4056
1618 4053
1619 4058
1620 4056
1621 4054
1622 4053
1623 4057
1624 4056
1625 4056
1626 4054
1627 4056
1628 4055
1629 4058
1630 4055
1631 4054
1632 4056
1633 4056
1634 4055
1635 4055
1636 4056
1637 4059
1638 4055
1639 4055
1640 4055
1641 4056
1642 4054
1643 4055
1644 4058
1645 4056
1646 4055
1647 4057
1648 4053
1649 4054
1650 4055
1651 4057
1652 4056
1653 4056
1654 4056
1655 4055
1656 4055
1657 4059
1658 4055
1659 4057
1660 4054
1661 4056
1662 4055
1663 4055
1664 4056
1665 4055
1666 4056
1667 4059
1668 4052
1669 4059
1670 4056
1671 4058
1672 4054
1673 4057
1674 4055
1675 4055
1676 4054
1677 4059
1678 4056
1679 4058
1680 4055
1681 4054
1682 4052
1683 4057
1684 4055
1685 4052
1686 4055
1687 4054
1688 4057
1689 4056
1690 4056
1691 4056
1692 4053
1693 4055
1694 4061
1695 4055
1696 4053
1697 4059
1698 4054
1699 4056
1700 4057
1701 4055
1702 4053
1703 4056
1704 4052
1705 4057
1706 4056
1707 4053
1708 4053
1709 4057
1710 4057
1711 4055
1712 4056
1713 4053
1714 4054
1715 4057
1716 4053
1717 4058
1718 4053
1719 4055
1720 4057
1721 4056
1722 4057
1723 4056
1724 4055
1725 4059
1726 4056
1727 4054
1728 4057
1729 4057
1730 4054
1731 4058
1732 4054
1733 4054
1734 4054
1735 4057
1736 4057
1737 4055
1738 4054
1739 4055
1740 4054
1741 4054
1742 4055
1743 4055
1744 4055
1745 4055
1746 4053
1747 4053
1748 4055
1749 4056
1750 4053
1751 4058
1752 4053
1753 4055
1754 4059
1755 4055
1756 4053
1757 4055
1758 4056
1759 4056
1760 4056
1761 4056
1762 4057
1763 4053
1764 4055
1765 4055
1766 4056
1767 4053
1768 4054
1769 4053
1770 4057
1771 4055
1772 4056
1773 4056
1774 4055
1775 4057
1776 4057
1777 4056
1778 4057
1779 4055
1780 4054
1781 4057
1782 4057
1783 4057
1784 4057
1785 4053
1786 4053
1787 4054
1788 4055
1789 4054
1790 4058
1791 4057
1792 4054
1793 4057
1794 4054
1795 4056
1796 4053
1797 4055
1798 4053
1799 4053
1800 4054
1801 4060
1802 4053
1803 4053
1804 4053
1805 4059
1806 4056
1807 4057
1808 4056
1809 4055
1810 4055
1811 4055
1812 4055
1813 4055
1814 4054
1815 4052
1816 4054
1817 4057
1818 4053
1819 4055
1820 4055
1821 4055
1822 4060
1823 4057
1824 4057
1825 4054
1826 4056
1827 4058
1828 4055
1829 4055
1830 4055
1831 4055
1832 4053
1833 4057
1834 4053
1835 4055
1836 4055
1837 4057
1838 4058
1839 4054
1840 4054
1841 4058
1842 4053
1843 4055
1844 4057
1845 4055
1846 4051
1847 4058
1848 4053
1849 4056
1850 4054
1851 4059
1852 4052
1853 4054
1854 4059
1855 4053
1856 4055
1857 4055
1858 4053
1859 4056
1860 4054
1861 4055
1862 4055
1863 4059
1864 4055
1865 4056
1866 4058
1867 4053
1868 4055
1869 4054
1870 4055
1871 4054
1872 4055
1873 4055
1874 4055
1875 4055
1876 4053
1877 4056
1878 4053
1879 4057
1880 4055
1881 4055
1882 4055
1883 4055
1884 4055
1885 4053
1886 4055
1887 4057
1888 4054
1889 4055
1890 4053
1891 4057
1892 4056
1893 4053
1894 4058
1895 4054
1896 4057
1897 4055
1898 4056
1899 4054
1900 4056
1901 4061
1902 4055
1903 4053
1904 4058
1905 4054
1906 4058
1907 4055
1908 4058
1909 4058
1910 4058
1911 4056
1912 4053
1913 4056
1914 4057
1915 4055
1916 4054
1917 4053
1918 4052
1919 4053
1920 4054
1921 4056
1922 4054
1923 4058
1924 4052
1925 4058
1926 4055
1927 4052
1928 4053
1929 4059
1930 4055
1931 4053
1932 4053
1933 4054
1934 4057
1935 4055
1936 4057
1937 4055
1938 4053
1939 4053
1940 4055
1941 4056
1942 4053
1943 4053
1944 4056
1945 4061
1946 4056
1947 4055
1948 4054
1949 4058
1950 4054
1951 4054
1952 4050
1953 4056
1954 4055
1955 4053
1956 4053
1957 4056
1958 4056
1959 4057
1960 4056
1961 4055
1962 4055
1963 4056
1964 4055
1965 4057
1966 4052
1967 4057
1968 4053
1969 4057
1970 4059
1971 4054
1972 4053
1973 4057
1974 4055
1975 4058
1976 4055
1977 4055
1978 4054
1979 4055
1980 4053
1981 4054
1982 4057
1983 4054
1984 4055
1985 4060
1986 4055
1987 4055
1988 4057
1989 4052
1990 4056
1991 4054
1992 4055
1993 4052
1994 4056
1995 4054
1996 4055
1997 4054
1998 4056
1999 4054
2000 4059
2001 4059
2002 4050
2003 4057
2004 4054
2005 4055
2006 4058
2007 4055
2008 4054
2009 4056
2010 4053
2011 4054
2012 4053
2013 4055
2014 4058
2015 4055
2016 4054
2017 4055
2018 4053
2019 4059
2020 4053
2021 4053
2022 4055
2023 4059
2024 4057
2025 4054
2026 4056
2027 4057
2028 4057
2029 4055
2030 4053
2031 4058
2032 4059
2033 4057
2034 4057
2035 4053
2036 4058
2037 4055
2038 4057
2039 4056
2040 4056
2041 4055
2042 4051
2043 4053
2044 4057
2045 4055
2046 4053
2047 4056
2048 4056
2049 4054
2050 4055
2051 4061
2052 4051
2053 4055
2054 4053
2055 4053
2056 4056
2057 4054
2058 4055
2059 4053
2060 4057
2061 4057
2062 4056
2063 4056
2064 4057
2065 4059
2066 4056
2067 4056
2068 4052
2069 4058
2070 4053
2071 4055
2072 4055
2073 4058
2074 4055
2075 4055
2076 4058
2077 4055
2078 4054
2079 4055
2080 4055
2081 4058
2082 4055
2083 4056
2084 4055
2085 4053
2086 4055
2087 4055
2088 4055
2089 4053
2090 4054
2091 4051
2092 4057
2093 4054
2094 4053
2095 4057
2096 4051
2097 4057
2098 4054
2099 4051
2100 4055
2101 4059
2102 4052
2103 4053
2104 4056
2105 4052
2106 4055
2107 4057
2108 4054
2109 4053
2110 4053
2111 4057
2112 4052
2113 4054
2114 4053
2115 4051
2116 4052
2117 4055
2118 4053
2119 4055
2120 4052
2121 4055
2122 4048
2123 4050
2124 4053
2125 4055
2126 4052
2127 4056
2128 4053
2129 4051
2130 4055
2131 4053
2132 4054
2133 4055
2134 4056
2135 4052
2136 4051
2137 4051
2138 4053
2139 4057
2140 4052
2141 4051
2142 4052
2143 4051
2144 4054
2145 4053
2146 4053
2147 4054
2148 4055
2149 4053
2150 4053
2151 4058
2152 4053
2153 4054
2154 4053
2155 4055
2156 4053
2157 4054
2158 4055
2159 4055
2160 4056
2161 4053
2162 4055
2163 4055
2164 4054
2165 4054
2166 4053
2167 4057
2168 4052
2169 4056
2170 4054
2171 4055
2172 4053
2173 4055
2174 4053
2175 4050
2176 4056
2177 4053
2178 4052
2179 4055
2180 4054
2181 4056
2182 4054
2183 4053
2184 4052
2185 4055
2186 4053
2187 4056
2188 4055
2189 4055
2190 4055
2191 4056
2192 4055
2193 4057
2194 4055
2195 4055
2196 4056
2197 4053
2198 4055
2199 4055
2200 4052
2201 4060
2202 4057
2203 4054
2204 4053
2205 4055
2206 4053
2207 4054
2208 4058
2209 4056
2210 4054
2211 4058
2212 4055
2213 4053
2214 4056
2215 4056
2216 4053
2217 4056
2218 4051
2219 4053
2220 4056
2221 4057
2222 4055
2223 4055
2224 4053
2225 4058
2226 4054
2227 4055
2228 4057
2229 4057
2230 4053
2231 4055
2232 4054
2233 4052
2234 4055
2235 4055
2236 4054
2237 4054
2238 4059
2239 4054
2240 4054
2241 4055
2242 4053
2243 4057
2244 4056
2245 4055
2246 4055
2247 4053
2248 4055
2249 4051
2250 4055
2251 4058
2252 4052
2253 4054
2254 4053
2255 4056
2256 4054
2257 4052
2258 4055
2259 4053
2260 4050
2261 4056
2262 4051
2263 4056
2264 4051
2265 4054
2266 4053
2267 4056
2268 4052
2269 4055
2270 4055
2271 4052
2272 4053
2273 4053
2274 4055
2275 4054
2276 4051
2277 4052
2278 4057
2279 4055
2280 4051
2281 4054
2282 4056
2283 4054
2284 4052
2285 4056
2286 4053
2287 4053
2288 4053
2289 4055
2290 4055
2291 4055
2292 4053
2293 4056
2294 4055
2295 4050
2296 4053
2297 4053
2298 4052
2299 4055
2300 4052
2301 4057
2302 4053
2303 4053
2304 4054
2305 4053
2306 4051
2307 4055
2308 4054
2309 4053
2310 4053
2311 4051
2312 4052
2313 4054
2314 4057
2315 4053
2316 4053
2317 4052
2318 4053
2319 4056
2320 4053
2321 4056
2322 4053
2323 4052
2324 4055
2325 4050
2326 4051
2327 4053
2328 4052
2329 4052
2330 4052
2331 4057
2332 4051
2333 4053
2334 4056
2335 4056
2336 4050
2337 4053
2338 4055
2339 4052
2340 4054
2341 4055
2342 4053
2343 4055
2344 4056
2345 4052
2346 4055
2347 4056
2348 4049
2349 4055
2350 4052
2351 4056
2352 4054
2353 4053
2354 4055
2355 4055
2356 4053
2357 4055
2358 4055
2359 4052
2360 4052
2361 4054
2362 4052
2363 4055
2364 4055
2365 4055
2366 4055
2367 4054
2368 4050
2369 4054
2370 4052
2371 4055
2372 4052
2373 4056
2374 4050
2375 4054
2376 4052
2377 4053
2378 4049
2379 4053
2380 4051
2381 4052
2382 4052
2383 4053
2384 4052
2385 4053
2386 4050
2387 4055
2388 4052
2389 4053
2390 4054
2391 4052
2392 4053
2393 4053
2394 4055
2395 4053
2396 4052
2397 4052
2398 4052
2399 4056
2400 4052
2401 4054
2402 4052
2403 4055
2404 4055
2405 4052
2406 4055
2407 4053
2408 4057
2409 4052
2410 4053
2411 4055
2412 4053
2413 4053
2414 4054
2415 4053
2416 4055
2417 4055
2418 4055
2419 4056
2420 4053
2421 4054
2422 4056
2423 4056
2424 4052
2425 4057
2426 4053
2427 4054
2428 4055
2429 4054
2430 4053
2431 4057
2432 4056
2433 4056
2434 4055
2435 4055
2436 4055
2437 4054
2438 4057
2439 4055
2440 4056
2441 4055
2442 4054
2443 4055
2444 4056
2445 4053
2446 4054
2447 4054
2448 4055
2449 4059
2450 4055
2451 4058
2452 4054
2453 4053
2454 4056
2455 4054
2456 4057
2457 4056
2458 4056
2459 4054
2460 4055
2461 4054
2462 4057
2463 4057
2464 4055
2465 4056
2466 4053
2467 4057
2468 4052
2469 4058
2470 4055
2471 4055
2472 4056
2473 4056
2474 4057
2475 4052
2476 4055
2477 4055
2478 4054
2479 4054
2480 4055
2481 4056
2482 4059
2483 4055
2484 4054
2485 4056
2486 4056
2487 4054
2488 4056
2489 4056
2490 4054
2491 4052
2492 4053
2493 4056
2494 4057
2495 4055
2496 4058
2497 4055
2498 4055
2499 4056
2500 4057
2501 4057
2502 4053
2503 4056
2504 4055
2505 4056
2506 4052
2507 4056
2508 4053
2509 4054
2510 4056
2511 4055
2512 4055
2513 4054
2514 4053
2515 4054
2516 4056
2517 4056
2518 4054
2519 4057
2520 4053
2521 4056
2522 4057
2523 4054
2524 4053
2525 4057
2526 4053
2527 4057
2528 4052
2529 4056
2530 4060
2531 4055
2532 4052
2533 4059
2534 4057
2535 4056
2536 4054
2537 4057
2538 4053
2539 4056
2540 4057
2541 4052
2542 4053
2543 4053
2544 4053
2545 4055
2546 4059
2547 4055
2548 4054
2549 4056
2550 4052
2551 4058
2552 4052
2553 4057
2554 4055
2555 4055
2556 4054
2557 4054
2558 4055
2559 4055
2560 4059
2561 4053
2562 4059
2563 4057
2564 4055
2565 4053
2566 4056
2567 4052
2568 4049
2569 4054
2570 4054
2571 4056
2572 4055
2573 4053
2574 4057
2575 4053
2576 4057
2577 4055
2578 4056
2579 4056
2580 4056
2581 4054
2582 4053
2583 4054
2584 4053
2585 4053
2586 4055
2587 4055
2588 4053
2589 4053
2590 4053
2591 4053
2592 4055
2593 4051
2594 4057
2595 4055
2596 4057
2597 4054
2598 4056
2599 4055
2600 4053
2601 4059
2602 4052
2603 4055
2604 4054
2605 4056
2606 4056
2607 4054
2608 4055
2609 4051
2610 4059
2611 4056
2612 4053
2613 4056
2614 4056
2615 4057
2616 4055
2617 4053
2618 4055
2619 4057
2620 4050
2621 4059
2622 4052
2623 4056
2624 4057
2625 4056
2626 4052
2627 4054
2628 4055
2629 4055
2630 4055
2631 4056
2632 4053
2633 4054
2634 4053
2635 4055
2636 4056
2637 4054
2638 4054
2639 4054
2640 4052
2641 4055
2642 4053
2643 4053
2644 4054
2645 4057
2646 4055
2647 4053
2648 4056
2649 4054
2650 4057
2651 4056
2652 4051
2653 4052
2654 4055
2655 4054
2656 4053
2657 4053
2658 4054
2659 4058
2660 4055
2661 4055
2662 4055
2663 4056
2664 4054
2665 4055
2666 4055
2667 4057
2668 4057
2669 4053
2670 4052
2671 4056
2672 4056
2673 4055
2674 4054
2675 4058
2676 4055
2677 4055
2678 4056
2679 4055
2680 4057
2681 4053
2682 4055
2683 4057
2684 4051
2685 4058
2686 4051
2687 4052
2688 4053
2689 4053
2690 4054
2691 4058
2692 4053
2693 4053
2694 4054
2695 4057
2696 4054
2697 4052
2698 4055
2699 4054
2700 4055
2701 4057
2702 4054
2703 4053
2704 4054
2705 4053
2706 4059
2707 4055
2708 4054
2709 4055
2710 4055
2711 4054
2712 4053
2713 4054
2714 4055
2715 4055
2716 4052
2717 4057
2718 4052
2719 4052
2720 4056
2721 4054
2722 4055
2723 4055
2724 4055
2725 4055
2726 4054
2727 4057
2728 4054
2729 4055
2730 4055
2731 4055
2732 4053
2733 4055
2734 4053
2735 4053
2736 4054
2737 4057
2738 4057
2739 4054
2740 4057
2741 4053
2742 4053
2743 4053
2744 4054
2745 4055
2746 4054
2747 4054
2748 4056
2749 4058
2750 4053
2751 4059
2752 4050
2753 4055
2754 4054
2755 4054
2756 4054
2757 4054
2758 4052
2759 4057
2760 4053
2761 4055
2762 4053
2763 4054
2764 4053
2765 4053
2766 4054
2767 4053
2768 4057
2769 4049
2770 4057
2771 4055
2772 4055
2773 4053
2774 4053
2775 4057
2776 4056
2777 4055
2778 4054
2779 4056
2780 4052
2781 4055
2782 4054
2783 4052
2784 4054
2785 4057
2786 4053
2787 4055
2788 4051
2789 4056
2790 4055
2791 4052
2792 4058
2793 4056
2794 4055
2795 4051
2796 4055
2797 4054
2798 4056
2799 4055
2800 4053
2801 4060
2802 4052
2803 4057
2804 4056
2805 4057
2806 4055
2807 4054
2808 4055
2809 4057
2810 4055
2811 4053
2812 4057
2813 4054
2814 4054
2815 4057
2816 4053
2817 4054
2818 4052
2819 4054
2820 4057
2821 4056
2822 4052
2823 4052
2824 4055
2825 4053
2826 4055
2827 4057
2828 4052
2829 4055
2830 4055
2831 4051
2832 4055
2833 4054
2834 4051
2835 4056
2836 4052
2837 4054
2838 4054
2839 4053
2840 4055
2841 4055
2842 4053
2843 4054
2844 4055
2845 4054
2846 4051
2847 4054
2848 4055
2849 4058
2850 4053
2851 4053
2852 4052
2853 4056
2854 4052
2855 4053
2856 4057
2857 4053
2858 4057
2859 4054
2860 4058
2861 4055
2862 4054
2863 4054
2864 4055
2865 4055
2866 4055
2867 4054
2868 4053
2869 4056
2870 4055
2871 4056
2872 4053
2873 4056
2874 4055
2875 4053
2876 4055
2877 4054
2878 4055
2879 4055
2880 4057
2881 4056
2882 4053
2883 4057
2884 4057
2885 4055
2886 4052
2887 4059
2888 4053
2889 4059
2890 4054
2891 4055
2892 4053
2893 4053
2894 4057
2895 4052
2896 4055
2897 4057
2898 4053
2899 4055
2900 4057
2901 4058
2902 4053
2903 4055
2904 4056
2905 4057
2906 4049
2907 4055
2908 4054
2909 4056
2910 4053
2911 4055
2912 4055
2913 4054
2914 4050
2915 4059
2916 4054
2917 4055
2918 4053
2919 4056
2920 4055
2921 4057
2922 4057
2923 4057
2924 4051
2925 4057
2926 4055
2927 4052
2928 4055
2929 4052
2930 4054
2931 4058
2932 4055
2933 4054
2934 4054
2935 4054
2936 4052
2937 4057
2938 4051
2939 4050
2940 4056
2941 4054
2942 4054
2943 4055
2944 4052
2945 4053
2946 4057
2947 4058
2948 4052
2949 4056
2950 4055
2951 4059
2952 4051
2953 4053
2954 4055
2955 4058
2956 4055
2957 4055
2958 4054
2959 4059
2960 4057
2961 4053
2962 4056
2963 4056
2964 4053
2965 4054
2966 4059
2967 4053
2968 4052
2969 4055
2970 4051
2971 4055
2972 4052
2973 4057
2974 4055
2975 4058
2976 4050
2977 4055
2978 4054
2979 4058
2980 4057
2981 4055
2982 4055
2983 4056
2984 4054
2985 4057
2986 4055
2987 4055
2988 4055
2989 4056
2990 4056
2991 4055
2992 4055
2993 4055
2994 4054
2995 4056
2996 4053
2997 4054
2998 4054
2999 4055
3000 4053
3001 4059
3002 4050
3003 4057
3004 4053
3005 4054
3006 4057
3007 4057
3008 4055
3009 4055
3010 4057
3011 4057
3012 4053
3013 4055
3014 4056
3015 4056
3016 4052
3017 4059
3018 4054
3019 4055
3020 4054
3021 4056
3022 4052
3023 4055
3024 4053
3025 4056
3026 4054
3027 4059
3028 4057
3029 4054
3030 4054
3031 4061
3032 4054
3033 4057
3034 4055
3035 4058
3036 4056
3037 4057
3038 4054
3039 4055
3040 4054
3041 4053
3042 4057
3043 4054
3044 4053
3045 4056
3046 4056
3047 4059
3048 4057
3049 4058
3050 4055
3051 4059
3052 4051
3053 4058
3054 4056
3055 4056
3056 4053
3057 4055
3058 4053
3059 4058
3060 4056
3061 4058
3062 4054
3063 4060
3064 4051
3065 4058
3066 4054
3067 4058
3068 4053
3069 4055
3070 4053
3071 4058
3072 4055
3073 4056
3074 4056
3075 4053
3076 4057
3077 4057
3078 4054
3079 4055
3080 4053
3081 4058
3082 4052
3083 4055
3084 4055
3085 4056
3086 4053
3087 4058
3088 4057
3089 4054
3090 4059
3091 4058
3092 4057
3093 4058
3094 4057
3095 4055
3096 4055
3097 4057
3098 4053
3099 4054
3100 4057
3101 4058
3102 4051
3103 4055
3104 4058
3105 4056
3106 4057
3107 4054
3108 4053
3109 4053
3110 4057
3111 4053
3112 4058
3113 4053
3114 4058
3115 4057
3116 4053
3117 4056
3118 4057
3119 4057
3120 4055
3121 4056
3122 4054
3123 4059
3124 4053
3125 4053
3126 4052
3127 4055
3128 4057
3129 4055
3130 4057
3131 4058
3132 4054
3133 4053
3134 4057
3135 4055
3136 4057
3137 4058
3138 4052
3139 4057
3140 4055
3141 4055
3142 4053
3143 4053
3144 4057
3145 4055
3146 4057
3147 4056
3148 4054
3149 4055
3150 4056
3151 4060
3152 4055
3153 4059
3154 4055
3155 4056
3156 4055
3157 4055
3158 4051
3159 4059
3160 4054
3161 4052
3162 4054
3163 4054
3164 4058
3165 4054
3166 4053
3167 4054
3168 4056
3169 4058
3170 4055
3171 4054
3172 4050
3173 4058
3174 4053
3175 4059
3176 4056
3177 4057
3178 4056
3179 4059
3180 4055
3181 4055
3182 4055
3183 4056
3184 4054
3185 4057
3186 4056
3187 4057
3188 4056
3189 4054
3190 4055
3191 4056
3192 4055
3193 4055
3194 4057
3195 4053
3196 4054
3197 4056
3198 4057
3199 4057
3200 4056
3201 4058
3202 4051
3203 4055
3204 4055
3205 4053
3206 4055
3207 4055
3208 4055
3209 4055
3210 4058
3211 4055
3212 4054
3213 4056
3214 4053
3215 4056
3216 4055
3217 4060
3218 4052
3219 4057
3220 4053
3221 4055
3222 4057
3223 4054
3224 4053
3225 4057
3226 4057
3227 4057
3228 4056
3229 4056
3230 4058
3231 4056
3232 4055
3233 4055
3234 4053
3235 4059
3236 4054
3237 4059
3238 4054
3239 4054
3240 4058
3241 4055
3242 4051
3243 4053
3244 4054
3245 4053
3246 4048
3247 4059
3248 4059
3249 4056
3250 4056
3251 4057
3252 4050
3253 4054
3254 4056
3255 4057
3256 4055
3257 4059
3258 4052
3259 4058
3260 4055
3261 4057
3262 4056
3263 4056
3264 4054
3265 4054
3266 4057
3267 4056
3268 4057
3269 4055
3270 4057
3271 4053
3272 4056
3273 4053
3274 4057
3275 4055
3276 4057
3277 4053
3278 4053
3279 4055
3280 4056
3281 4054
3282 4053
3283 4059
3284 4057
3285 4054
3286 4059
3287 4053
3288 4053
3289 4057
3290 4052
3291 4054
3292 4053
3293 4056
3294 4057
3295 4055
3296 4053
3297 4057
3298 4056
3299 4053
3300 4056
3301 4057
3302 4056
3303 4057
3304 4055
3305 4056
3306 4055
3307 4057
3308 4054
3309 4054
3310 4053
3311 4056
3312 4054
3313 4055
3314 4055
3315 4056
3316 4055
3317 4058
3318 4052
3319 4057
3320 4056
3321 4054
3322 4057
3323 4055
3324 4057
3325 4056
3326 4057
3327 4053
3328 4057
3329 4056
3330 4056
3331 4058
3332 4058
3333 4054
3334 4053
3335 4057
3336 4055
3337 4053
3338 4051
3339 4055
3340 4055
3341 4055
3342 4057
3343 4053
3344 4057
3345 4055
3346 4058
3347 4054
3348 4056
3349 4057
3350 4057
3351 4059
3352 4055
3353 4055
3354 4058
3355 4055
3356 4053
3357 4056
3358 4054
3359 4057
3360 4053
3361 4056
3362 4053
3363 4054
3364 4055
3365 4054
3366 4054
3367 4053
3368 4053
3369 4058
3370 4053
3371 4059
3372 4057
3373 4056
3374 4057
3375 4056
3376 4055
3377 4053
3378 4052
3379 4054
3380 4057
3381 4054
3382 4056
3383 4055
3384 4053
3385 4055
3386 4052
3387 4054
3388 4054
3389 4057
3390 4058
3391 4057
3392 4054
3393 4052
3394 4058
3395 4053
3396 4056
3397 4054
3398 4054
3399 4055
3400 4054
3401 4057
3402 4055
3403 4058
3404 4053
3405 4055
3406 4057
3407 4055
3408 4057
3409 4053
3410 4057
3411 4055
3412 4057
3413 4052
3414 4054
3415 4058
3416 4055
3417 4058
3418 4051
3419 4055
3420 4057
3421 4052
3422 4054
3423 4056
3424 4057
3425 4053
3426 4057
3427 4056
3428 4055
3429 4054
3430 4055
3431 4058
3432 4057
3433 4053
3434 4055
3435 4055
3436 4052
3437 4057
3438 4054
3439 4055
3440 4053
3441 4057
3442 4056
3443 4054
3444 4057
3445 4057
3446 4053
3447 4054
3448 4056
3449 4056
3450 4056
3451 4058
3452 4054
3453 4057
3454 4055
3455 4058
3456 4055
3457 4053
3458 4055
3459 4056
3460 4055
3461 4057
3462 4055
3463 4057
3464 4055
3465 4055
3466 4053
3467 4058
3468 4056
3469 4055
3470 4054
3471 4055
3472 4058
3473 4061
3474 4052
3475 4054
3476 4054
3477 4055
3478 4054
3479 4057
3480 4055
3481 4055
3482 4053
3483 4056
3484 4057
3485 4055
3486 4054
3487 4060
3488 4056
3489 4055
3490 4056
3491 4057
3492 4054
3493 4059
3494 4058
3495 4052
3496 4056
3497 4055
3498 4054
3499 4056
3500 4054
3501 4057
3502 4051
3503 4053
3504 4055
3505 4053
3506 4054
3507 4053
3508 4053
3509 4056
3510 4054
3511 4058
3512 4058
3513 4057
3514 4055
3515 4056
3516 4055
3517 4055
3518 4057
3519 4056
3520 4055
3521 4056
3522 4054
3523 4054
3524 4056
3525 4055
3526 4054
3527 4057
3528 4054
3529 4055
3530 4053
3531 4056
3532 4057
3533 4054
3534 4055
3535 4057
3536 4053
3537 4052
3538 4057
3539 4054
3540 4054
3541 4057
3542 4054
3543 4052
3544 4055
3545 4059
3546 4054
3547 4057
3548 4056
3549 4059
3550 4054
3551 4059
3552 4055
3553 4054
3554 4054
3555 4054
3556 4054
3557 4054
3558 4054
3559 4056
3560 4058
3561 4055
3562 4053
3563 4053
3564 4057
3565 4055
3566 4059
3567 4056
3568 4054
3569 4055
3570 4056
3571 4056
3572 4054
3573 4055
3574 4059
3575 4055
3576 4055
3577 4056
3578 4053
3579 4055
3580 4053
3581 4054
3582 4057
3583 4055
3584 4053
3585 4058
3586 4053
3587 4055
3588 4056
3589 4056
3590 4056
3591 4051
3592 4055
3593 4053
3594 4058
3595 4058
3596 4057
3597 4051
3598 4055
3599 4056
3600 4054
3601 4061
3602 4053
3603 4056
3604 4055
3605 4054
3606 4053
3607 4054
3608 4054
3609 4055
3610 4055
3611 4057
3612 4053
3613 4055
3614 4057
3615 4056
3616 4056
3617 4056
3618 4058
3619 4055
3620 4056
3621 4056
3622 4057
3623 4053
3624 4055
3625 4057
3626 4057
3627 4054
3628 4057
3629 4056
3630 4054
3631 4054
3632 4052
3633 4057
3634 4055
3635 4055
3636 4056
3637 4055
3638 4056
3639 4056
3640 4056
3641 4056
3642 4051
3643 4057
3644 4055
3645 4058
3646 4057
3647 4057
3648 4057
3649 4054
3650 4057
3651 4057
3652 4055
3653 4057
3654 4060
3655 4049
3656 4055
3657 4053
3658 4059
3659 4055
3660 4055
3661 4055
3662 4056
3663 4056
3664 4057
3665 4057
3666 4052
3667 4057
3668 4055
3669 4059
3670 4053
3671 4056
3672 4055
3673 4057
3674 4055
3675 4057
3676 4051
3677 4056
3678 4055
3679 4058
3680 4052
3681 4057
3682 4056
3683 4057
3684 4052
3685 4055
3686 4053
3687 4055
3688 4054
3689 4057
3690 4055
3691 4054
3692 4056
3693 4054
3694 4052
