#Data from the TCD1304 linear CCD
#column 1 = pixelnumber , column 2 = pixelvalue
#Pixel 1-32 and 3679-3694 and are dummy pixels
#SH-period: 200    ICG-period: 100000    Integration time: 100.0 us
2 4044
3 4046
4 4061
5 4064
6 4058
7 4061
8 4061
9 4060
10 4060
11 4064
12 4064
13 4062
14 4061
15 4056
16 4062
17 4061
18 4064
19 4064
20 4059
21 4064
22 4059
23 4057
24 4058
25 4059
26 4060
27 4061
28 4061
29 4061
30 4062
31 4059
32 4065
34 4060
35 4060
36 4061
37 4061
38 4058
39 4061
40 4060
41 4062
42 4060
43 4062
44 4062
45 4059
46 4060
47 4062
48 4061
49 4064
50 4061
51 4064
52 4059
53 4059
54 4064
55 4061
56 4059
57 4060
58 4061
59 4064
60 4061
61 4064
62 4064
63 4061
64 4062
65 4064
66 4060
67 4061
68 4059
69 4061
70 4061
71 4061
72 4064
73 4059
74 4060
75 4059
76 4064
77 4061
78 4061
79 4062
80 4061
81 4064
82 4062
83 4061
84 4064
85 4062
86 4057
87 4061
88 4064
89 4062
90 4060
91 4064
92 4067
93 4061
94 4059
95 4058
96 4060
97 4060
98 4061
99 4065
100 4060
101 4064
102 4060
103 4059
104 4061
105 4064
106 4061
107 4060
108 4062
109 4061
110 4061
111 4061
112 4061
113 4061
114 4061
115 4057
116 4060
117 4062
118 4064
119 4064
120 4062
121 4060
122 4062
123 4060
124 4064
125 4058
126 4062
127 4060
128 4061
129 4061
130 4060
131 4064
132 4064
133 4062
134 4064
135 4057
136 4059
137 4061
138 4058
139 4061
140 4059
141 4061
142 4064
143 4064
144 4062
145 4060
146 4061
147 4061
148 4061
149 4061
150 4056
151 4065
152 4059
153 4064
154 4061
155 4064
156 4059
157 4064
158 4059
159 4060
160 4061
161 4064
162 4057
163 4060
164 4061
165 4060
166 4061
167 4061
168 4064
169 4060
170 4060
171 4059
172 4060
173 4061
174 4064
175 4062
176 4059
177 4056
178 4059
179 4060
180 4066
181 4057
182 4061
183 4061
184 4064
185 4064
186 4060
187 4062
188 4061
189 4064
190 4061
191 4064
192 4062
193 4060
194 4061
195 4060
196 4060
197 4057
198 4061
199 4060
200 4062
201 4064
202 4060
203 4062
204 4060
205 4060
206 4060
207 4064
208 4060
209 4064
210 4058
211 4058
212 4060
213 4061
214 4059
215 4064
216 4060
217 4061
218 4060
219 4061
220 4059
221 4062
222 4064
223 4060
224 4064
225 4058
226 4064
227 4064
228 4061
229 4061
230 4064
231 4062
232 4064
233 4061
234 4064
235 4062
236 4061
237 4064
238 4057
239 4058
240 4057
241 4064
242 4065
243 4064
244 4062
245 4064
246 4061
247 4064
248 4062
249 4064
250 4059
251 4066
252 4058
253 4061
254 4061
255 4061
256 4064
257 4060
258 4061
259 4061
260 4064
261 4064
262 4061
263 4061
264 4061
265 4064
266 4061
267 4060
268 4064
269 4061
270 4061
271 4064
272 4064
273 4057
274 4064
275 4060
276 4061
277 4062
278 4062
279 4064
280 4062
281 4064
282 4064
283 4061
284 4061
285 4060
286 4061
287 4061
288 4065
289 4064
290 4061
291 4064
292 4064
293 4061
294 4059
295 4059
296 4058
297 4064
298 4060
299 4064
300 4061
301 4064
302 4061
303 4062
304 4061
305 4061
306 4059
307 4061
308 4061
309 4064
310 4064
311 4060
312 4064
313 4061
314 4061
315 4064
316 4060
317 4062
318 4061
319 4064
320 4059
321 4056
322 4064
323 4061
324 4064
325 4057
326 4064
327 4060
328 4064
329 4057
330 4059
331 4058
332 4062
333 4060
334 4060
335 4060
336 4064
337 4064
338 4061
339 4065
340 4062
341 4062
342 4064
343 4064
344 4062
345 4060
346 4059
347 4065
348 4057
349 4062
350 4059
351 4066
352 4060
353 4059
354 4064
355 4061
356 4060
357 4064
358 4058
359 4062
360 4061
361 4064
362 4060
363 4064
364 4059
365 4064
366 4059
367 4059
368 4061
369 4057
370 4066
371 4061
372 4059
373 4059
374 4062
375 4060
376 4062
377 4064
378 4062
379 4060
380 4058
381 4062
382 4060
383 4064
384 4060
385 4059
386 4061
387 4059
388 4061
389 4060
390 4060
391 4060
392 4060
393 4058
394 4064
395 4064
396 4064
397 4062
398 4060
399 4064
400 4061
401 4066
402 4060
403 4061
404 4064
405 4058
406 4061
407 4060
408 4057
409 4064
410 4062
411 4059
412 4061
413 4060
414 4061
415 4061
416 4060
417 4064
418 4059
419 4060
420 4060
421 4062
422 4059
423 4060
424 4064
425 4064
426 4061
427 4056
428 4061
429 4060
430 4064
431 4061
432 4060
433 4056
434 4060
435 4064
436 4058
437 4062
438 4059
439 4061
440 4064
441 4064
442 4060
443 4064
444 4061
445 4064
446 4060
447 4064
448 4061
449 4064
450 4060
451 4065
452 4059
453 4062
454 4060
455 4059
456 4062
457 4060
458 4060
459 4060
460 4062
461 4061
462 4058
463 4061
464 4062
465 4061
466 4064
467 4060
468 4060
469 4060
470 4059
471 4064
472 4058
473 4064
474 4061
475 4063
476 4064
477 4062
478 4059
479 4061
480 4059
481 4061
482 4061
483 4061
484 4060
485 4064
486 4060
487 4060
488 4059
489 4064
490 4061
491 4063
492 4061
493 4061
494 4060
495 4058
496 4062
497 4060
498 4060
499 4064
500 4062
501 4064
502 4061
503 4061
504 4060
505 4064
506 4064
507 4062
508 4060
509 4064
510 4059
511 4064
512 4064
513 4059
514 4065
515 4061
516 4062
517 4061
518 4064
519 4061
520 4061
521 4061
522 4061
523 4064
524 4062
525 4058
526 4059
527 4059
528 4064
529 4061
530 4058
531 4060
532 4064
533 4061
534 4062
535 4061
536 4064
537 4062
538 4064
539 4060
540 4062
541 4059
542 4061
543 4060
544 4062
545 4061
546 4058
547 4064
548 4057
549 4065
550 4059
551 4066
552 4057
553 4064
554 4064
555 4060
556 4061
557 4060
558 4064
559 4061
560 4058
561 4061
562 4064
563 4065
564 4064
565 4060
566 4059
567 4067
568 4057
569 4060
570 4061
571 4057
572 4060
573 4055
574 4060
575 4060
576 4060
577 4061
578 4064
579 4064
580 4057
581 4064
582 4059
583 4061
584 4058
585 4064
586 4064
587 4060
588 4062
589 4064
590 4057
591 4059
592 4064
593 4060
594 4062
595 4064
596 4061
597 4061
598 4057
599 4064
600 4060
601 4064
602 4057
603 4060
604 4061
605 4059
606 4060
607 4059
608 4062
609 4061
610 4065
611 4064
612 4061
613 4060
614 4061
615 4061
616 4064
617 4065
618 4059
619 4061
620 4060
621 4058
622 4060
623 4061
624 4064
625 4062
626 4058
627 4061
628 4061
629 4064
630 4061
631 4064
632 4059
633 4061
634 4061
635 4064
636 4061
637 4062
638 4061
639 4061
640 4061
641 4061
642 4057
643 4061
644 4060
645 4060
646 4061
647 4061
648 4059
649 4061
650 4062
651 4064
652 4057
653 4064
654 4065
655 4061
656 4059
657 4062
658 4064
659 4064
660 4064
661 4064
662 4061
663 4060
664 4060
665 4062
666 4062
667 4060
668 4058
669 4060
670 4064
671 4064
672 4061
673 4064
674 4060
675 4061
676 4061
677 4057
678 4062
679 4067
680 4061
681 4059
682 4061
683 4062
684 4061
685 4064
686 4057
687 4062
688 4057
689 4061
690 4064
691 4061
692 4064
693 4059
694 4062
695 4062
696 4061
697 4061
698 4060
699 4064
700 4064
701 4067
702 4059
703 4063
704 4059
705 4060
706 4059
707 4061
708 4062
709 4061
710 4061
711 4059
712 4061
713 4064
714 4061
715 4064
716 4057
717 4062
718 4061
719 4064
720 4064
721 4059
722 4065
723 4055
724 4060
725 4064
726 4060
727 4060
728 4061
729 4064
730 4060
731 4064
732 4059
733 4058
734 4064
735 4060
736 4061
737 4064
738 4061
739 4060
740 4061
741 4064
742 4060
743 4060
744 4058
745 4064
746 4064
747 4064
748 4061
749 4062
750 4061
751 4064
752 4061
753 4065
754 4060
755 4061
756 4064
757 4064
758 4057
759 4061
760 4064
761 4059
762 4059
763 4064
764 4060
765 4061
766 4062
767 4062
768 4060
769 4064
770 4065
771 4064
772 4061
773 4059
774 4062
775 4064
776 4064
777 4061
778 4062
779 4064
780 4061
781 4061
782 4062
783 4060
784 4064
785 4061
786 4064
787 4060
788 4065
789 4060
790 4061
791 4061
792 4064
793 4060
794 4057
795 4058
796 4060
797 4061
798 4059
799 4064
800 4064
801 4067
802 4052
803 4062
804 4059
805 4060
806 4059
807 4065
808 4064
809 4064
810 4061
811 4061
812 4062
813 4060
814 4062
815 4064
816 4064
817 4061
818 4059
819 4059
820 4058
821 4060
822 4066
823 4061
824 4064
825 4064
826 4062
827 4064
828 4064
829 4061
830 4061
831 4060
832 4060
833 4060
834 4060
835 4064
836 4060
837 4064
838 4064
839 4057
840 4058
841 4064
842 4060
843 4059
844 4061
845 4060
846 4058
847 4060
848 4060
849 4060
850 4064
851 4064
852 4061
853 4061
854 4064
855 4060
856 4064
857 4064
858 4064
859 4061
860 4062
861 4060
862 4061
863 4061
864 4062
865 4061
866 4061
867 4064
868 4061
869 4061
870 4060
871 4064
872 4062
873 4062
874 4059
875 4064
876 4059
877 4061
878 4060
879 4064
880 4059
881 4060
882 4061
883 4061
884 4060
885 4061
886 4061
887 4062
888 4060
889 4062
890 4064
891 4061
892 4059
893 4061
894 4061
895 4061
896 4058
897 4061
898 4060
899 4062
900 4058
901 4067
902 4064
903 4061
904 4062
905 4064
906 4061
907 4060
908 4061
909 4061
910 4062
911 4060
912 4060
913 4064
914 4061
915 4062
916 4059
917 4060
918 4061
919 4061
920 4061
921 4064
922 4057
923 4059
924 4061
925 4060
926 4061
927 4064
928 4061
929 4062
930 4060
931 4064
932 4061
933 4064
934 4058
935 4061
936 4059
937 4059
938 4061
939 4061
940 4062
941 4061
942 4061
943 4059
944 4057
945 4060
946 4060
947 4064
948 4061
949 4061
950 4060
951 4067
952 4056
953 4060
954 4061
955 4062
956 4061
957 4061
958 4063
959 4061
960 4061
961 4060
962 4060
963 4061
964 4061
965 4062
966 4058
967 4062
968 4064
969 4060
970 4059
971 4059
972 4060
973 4064
974 4062
975 4061
976 4061
977 4061
978 4058
979 4061
980 4063
981 4060
982 4064
983 4061
984 4064
985 4058
986 4063
987 4062
988 4058
989 4061
990 4064
991 4062
992 4059
993 4061
994 4061
995 4059
996 4061
997 4061
998 4061
999 4059
1000 4058
1001 4064
1002 4055
1003 4061
1004 4064
1005 4060
1006 4059
1007 4061
1008 4060
1009 4065
1010 4062
1011 4059
1012 4060
1013 4064
1014 4063
1015 4059
1016 4064
1017 4061
1018 4064
1019 4060
1020 4061
1021 4059
1022 4061
1023 4059
1024 4064
1025 4060
1026 4060
1027 4061
1028 4059
1029 4064
1030 4061
1031 4060
1032 4061
1033 4062
1034 4064
1035 4058
1036 4064
1037 4064
1038 4058
1039 4061
1040 4060
1041 4062
1042 4061
1043 4060
1044 4064
1045 4060
1046 4061
1047 4060
1048 4059
1049 4060
1050 4059
1051 4068
1052 4060
1053 4061
1054 4060
1055 4064
1056 4060
1057 4064
1058 4064
1059 4061
1060 4062
1061 4057
1062 4059
1063 4065
1064 4059
1065 4061
1066 4060
1067 4061
1068 4058
1069 4061
1070 4062
1071 4064
1072 4062
1073 4062
1074 4065
1075 4059
1076 4060
1077 4060
1078 4060
1079 4061
1080 4059
1081 4064
1082 4064
1083 4061
1084 4059
1085 4065
1086 4061
1087 4064
1088 4059
1089 4064
1090 4064
1091 4064
1092 4064
1093 4062
1094 4059
1095 4061
1096 4059
1097 4062
1098 4061
1099 4062
1100 4061
1101 4064
1102 4059
1103 4064
1104 4062
1105 4061
1106 4066
1107 4058
1108 4060
1109 4061
1110 4060
1111 4060
1112 4060
1113 4062
1114 4059
1115 4064
1116 4061
1117 4061
1118 4058
1119 4060
1120 4064
1121 4061
1122 4060
1123 4064
1124 4061
1125 4059
1126 4062
1127 4064
1128 4058
1129 4059
1130 4062
1131 4062
1132 4058
1133 4064
1134 4062
1135 4061
1136 4064
1137 4059
1138 4057
1139 4057
1140 4058
1141 4058
1142 4064
1143 4064
1144 4061
1145 4061
1146 4060
1147 4060
1148 4060
1149 4064
1150 4059
1151 4064
1152 4061
1153 4061
1154 4059
1155 4061
1156 4061
1157 4059
1158 4064
1159 4064
1160 4059
1161 4064
1162 4062
1163 4060
1164 4058
1165 4061
1166 4061
1167 4058
1168 4057
1169 4060
1170 4061
1171 4064
1172 4061
1173 4064
1174 4064
1175 4058
1176 4061
1177 4064
1178 4061
1179 4061
1180 4060
1181 4064
1182 4059
1183 4061
1184 4060
1185 4060
1186 4064
1187 4062
1188 4059
1189 4059
1190 4064
1191 4059
1192 4060
1193 4060
1194 4059
1195 4061
1196 4060
1197 4061
1198 4061
1199 4064
1200 4059
1201 4065
1202 4057
1203 4059
1204 4058
1205 4064
1206 4057
1207 4061
1208 4062
1209 4061
1210 4064
1211 4061
1212 4065
1213 4059
1214 4057
1215 4057
1216 4062
1217 4061
1218 4060
1219 4061
1220 4061
1221 4059
1222 4060
1223 4060
1224 4060
1225 4060
1226 4058
1227 4059
1228 4061
1229 4064
1230 4059
1231 4058
1232 4060
1233 4060
1234 4060
1235 4062
1236 4064
1237 4062
1238 4061
1239 4060
1240 4064
1241 4061
1242 4061
1243 4060
1244 4060
1245 4064
1246 4061
1247 4062
1248 4064
1249 4064
1250 4061
1251 4063
1252 4062
1253 4061
1254 4061
1255 4058
1256 4060
1257 4057
1258 4060
1259 4062
1260 4064
1261 4064
1262 4064
1263 4059
1264 4059
1265 4058
1266 4064
1267 4064
1268 4059
1269 4061
1270 4061
1271 4064
1272 4057
1273 4059
1274 4062
1275 4058
1276 4060
1277 4064
1278 4061
1279 4064
1280 4064
1281 4064
1282 4064
1283 4060
1284 4058
1285 4062
1286 4061
1287 4060
1288 4061
1289 4064
1290 4062
1291 4060
1292 4062
1293 4062
1294 4064
1295 4060
1296 4061
1297 4060
1298 4061
1299 4064
1300 4057
1301 4069
1302 4058
1303 4064
1304 4061
1305 4064
1306 4060
1307 4064
1308 4059
1309 4062
1310 4061
1311 4058
1312 4061
1313 4060
1314 4064
1315 4061
1316 4060
1317 4059
1318 4062
1319 4059
1320 4060
1321 4061
1322 4064
1323 4064
1324 4062
1325 4060
1326 4061
1327 4064
1328 4064
1329 4064
1330 4057
1331 4061
1332 4061
1333 4064
1334 4064
1335 4059
1336 4059
1337 4065
1338 4064
1339 4061
1340 4064
1341 4061
1342 4060
1343 4062
1344 4062
1345 4058
1346 4059
1347 4062
1348 4058
1349 4063
1350 4056
1351 4065
1352 4057
1353 4059
1354 4064
1355 4060
1356 4064
1357 4060
1358 4060
1359 4062
1360 4064
1361 4061
1362 4060
1363 4060
1364 4064
1365 4056
1366 4062
1367 4061
1368 4061
1369 4061
1370 4058
1371 4061
1372 4058
1373 4064
1374 4060
1375 4061
1376 4057
1377 4062
1378 4058
1379 4061
1380 4062
1381 4059
1382 4064
1383 4064
1384 4059
1385 4059
1386 4061
1387 4060
1388 4061
1389 4064
1390 4061
1391 4060
1392 4058
1393 4064
1394 4059
1395 4059
1396 4062
1397 4064
1398 4057
1399 4061
1400 4057
1401 4064
1402 4058
1403 4060
1404 4060
1405 4064
1406 4061
1407 4064
1408 4057
1409 4060
1410 4059
1411 4061
1412 4059
1413 4062
1414 4064
1415 4060
1416 4060
1417 4064
1418 4060
1419 4060
1420 4060
1421 4061
1422 4058
1423 4064
1424 4064
1425 4060
1426 4061
1427 4061
1428 4061
1429 4060
1430 4061
1431 4064
1432 4061
1433 4062
1434 4064
1435 4060
1436 4058
1437 4058
1438 4060
1439 4062
1440 4064
1441 4059
1442 4060
1443 4064
1444 4060
1445 4064
1446 4059
1447 4060
1448 4059
1449 4064
1450 4056
1451 4064
1452 4058
1453 4061
1454 4060
1455 4062
1456 4060
1457 4059
1458 4058
1459 4061
1460 4058
1461 4059
1462 4062
1463 4059
1464 4059
1465 4062
1466 4057
1467 4056
1468 4059
1469 4060
1470 4059
1471 4059
1472 4060
1473 4056
1474 4062
1475 4058
1476 4057
1477 4061
1478 4058
1479 4059
1480 4060
1481 4057
1482 4059
1483 4060
1484 4057
1485 4057
1486 4061
1487 4060
1488 4060
1489 4061
1490 4059
1491 4058
1492 4058
1493 4061
1494 4059
1495 4064
1496 4059
1497 4059
1498 4061
1499 4059
1500 4064
1501 4065
1502 4059
1503 4059
1504 4065
1505 4062
1506 4061
1507 4062
1508 4061
1509 4059
1510 4064
1511 4064
1512 4061
1513 4060
1514 4061
1515 4059
1516 4057
1517 4062
1518 4062
1519 4064
1520 4060
1521 4058
1522 4059
1523 4060
1524 4062
1525 4060
1526 4064
1527 4061
1528 4061
1529 4061
1530 4064
1531 4061
1532 4061
1533 4065
1534 4060
1535 4064
1536 4063
1537 4061
1538 4059
1539 4061
1540 4064
1541 4060
1542 4062
1543 4064
1544 4062
1545 4059
1546 4061
1547 4064
1548 4060
1549 4064
1550 4059
1551 4064
1552 4056
1553 4061
1554 4064
1555 4059
1556 4064
1557 4064
1558 4060
1559 4064
1560 4061
1561 4065
1562 4059
1563 4060
1564 4064
1565 4061
1566 4064
1567 4061
1568 4061
1569 4062
1570 4059
1571 4064
1572 4060
1573 4064
1574 4061
1575 4060
1576 4061
1577 4061
1578 4061
1579 4060
1580 4059
1581 4064
1582 4061
1583 4060
1584 4060
1585 4058
1586 4062
1587 4060
1588 4060
1589 4061
1590 4057
1591 4059
1592 4064
1593 4060
1594 4062
1595 4062
1596 4062
1597 4061
1598 4058
1599 4060
1600 4058
1601 4065
1602 4059
1603 4060
1604 4062
1605 4060
1606 4059
1607 4058
1608 4060
1609 4061
1610 4059
1611 4061
1612 4056
1613 4064
1614 4059
1615 4061
1616 4058
1617 4058
1618 4064
1619 4058
1620 4062
1621 4064
1622 4062
1623 4062
1624 4061
1625 4061
1626 4062
1627 4061
1628 4061
1629 4061
1630 4061
1631 4064
1632 4064
1633 4061
1634 4059
1635 4059
1636 4062
1637 4062
1638 4061
1639 4062
1640 4061
1641 4064
1642 4061
1643 4061
1644 4059
1645 4064
1646 4062
1647 4064
1648 4060
1649 4064
1650 4059
1651 4064
1652 4057
1653 4059
1654 4064
1655 4061
1656 4059
1657 4062
1658 4059
1659 4062
1660 4064
1661 4058
1662 4059
1663 4060
1664 4061
1665 4062
1666 4058
1667 4060
1668 4059
1669 4064
1670 4061
1671 4060
1672 4064
1673 4064
1674 4061
1675 4061
1676 4059
1677 4062
1678 4060
1679 4061
1680 4060
1681 4064
1682 4062
1683 4062
1684 4065
1685 4061
1686 4057
1687 4061
1688 4055
1689 4060
1690 4062
1691 4059
1692 4058
1693 4058
1694 4057
1695 4061
1696 4064
1697 4061
1698 4060
1699 4064
1700 4062
1701 4065
1702 4059
1703 4061
1704 4062
1705 4064
1706 4058
1707 4061
1708 4064
1709 4060
1710 4061
1711 4065
1712 4059
1713 4061
1714 4063
1715 4057
1716 4064
1717 4059
1718 4062
1719 4062
1720 4057
1721 4060
1722 4061
1723 4058
1724 4061
1725 4058
1726 4061
1727 4064
1728 4061
1729 4061
1730 4060
1731 4064
1732 4061
1733 4061
1734 4062
1735 4059
1736 4059
1737 4061
1738 4061
1739 4062
1740 4064
1741 4061
1742 4060
1743 4060
1744 4061
1745 4061
1746 4058
1747 4062
1748 4060
1749 4064
1750 4061
1751 4065
1752 4058
1753 4062
1754 4065
1755 4061
1756 4061
1757 4060
1758 4064
1759 4060
1760 4060
1761 4064
1762 4065
1763 4060
1764 4061
1765 4060
1766 4064
1767 4064
1768 4061
1769 4065
1770 4061
1771 4064
1772 4062
1773 4059
1774 4061
1775 4059
1776 4060
1777 4061
1778 4059
1779 4064
1780 4058
1781 4060
1782 4061
1783 4064
1784 4064
1785 4060
1786 4060
1787 4064
1788 4061
1789 4058
1790 4060
1791 4061
1792 4064
1793 4064
1794 4062
1795 4064
1796 4056
1797 4059
1798 4060
1799 4059
1800 4062
1801 4062
1802 4057
1803 4064
1804 4062
1805 4059
1806 4062
1807 4061
1808 4061
1809 4061
1810 4061
1811 4061
1812 4060
1813 4061
1814 4064
1815 4064
1816 4061
1817 4060
1818 4059
1819 4065
1820 4057
1821 4062
1822 4061
1823 4059
1824 4064
1825 4061
1826 4060
1827 4060
1828 4060
1829 4060
1830 4062
1831 4064
1832 4061
1833 4059
1834 4061
1835 4064
1836 4060
1837 4061
1838 4059
1839 4064
1840 4060
1841 4059
1842 4061
1843 4058
1844 4063
1845 4065
1846 4064
1847 4061
1848 4060
1849 4064
1850 4064
1851 4065
1852 4059
1853 4064
1854 4058
1855 4061
1856 4060
1857 4061
1858 4059
1859 4064
1860 4064
1861 4060
1862 4061
1863 4062
1864 4058
1865 4062
1866 4065
1867 4060
1868 4061
1869 4064
1870 4064
1871 4064
1872 4061
1873 4064
1874 4064
1875 4064
1876 4061
1877 4064
1878 4064
1879 4061
1880 4062
1881 4062
1882 4057
1883 4061
1884 4060
1885 4062
1886 4064
1887 4060
1888 4061
1889 4060
1890 4064
1891 4061
1892 4058
1893 4064
1894 4058
1895 4061
1896 4064
1897 4059
1898 4058
1899 4061
1900 4061
1901 4064
1902 4061
1903 4064
1904 4060
1905 4064
1906 4060
1907 4058
1908 4062
1909 4064
1910 4062
1911 4056
1912 4061
1913 4064
1914 4064
1915 4060
1916 4064
1917 4064
1918 4061
1919 4060
1920 4059
1921 4064
1922 4061
1923 4060
1924 4058
1925 4061
1926 4056
1927 4059
1928 4059
1929 4064
1930 4058
1931 4059
1932 4061
1933 4064
1934 4060
1935 4064
1936 4060
1937 4062
1938 4064
1939 4064
1940 4060
1941 4061
1942 4062
1943 4059
1944 4060
1945 4061
1946 4061
1947 4060
1948 4064
1949 4064
1950 4064
1951 4064
1952 4055
1953 4059
1954 4065
1955 4060
1956 4060
1957 4060
1958 4064
1959 4061
1960 4064
1961 4059
1962 4062
1963 4064
1964 4062
1965 4057
1966 4062
1967 4061
1968 4059
1969 4061
1970 4060
1971 4059
1972 4064
1973 4060
1974 4064
1975 4059
1976 4055
1977 4064
1978 4060
1979 4064
1980 4061
1981 4064
1982 4060
1983 4064
1984 4061
1985 4062
1986 4062
1987 4062
1988 4058
1989 4060
1990 4062
1991 4064
1992 4058
1993 4059
1994 4058
1995 4064
1996 4061
1997 4061
1998 4058
1999 4062
2000 4058
2001 4066
2002 4055
2003 4059
2004 4058
2005 4060
2006 4064
2007 4061
2008 4063
2009 4060
2010 4059
2011 4061
2012 4061
2013 4055
2014 4061
2015 4064
2016 4060
2017 4064
2018 4061
2019 4059
2020 4064
2021 4065
2022 4061
2023 4062
2024 4062
2025 4058
2026 4065
2027 4065
2028 4058
2029 4060
2030 4058
2031 4062
2032 4060
2033 4060
2034 4062
2035 4061
2036 4059
2037 4061
2038 4060
2039 4061
2040 4059
2041 4060
2042 4064
2043 4061
2044 4061
2045 4058
2046 4064
2047 4064
2048 4057
2049 4061
2050 4057
2051 4065
2052 4058
2053 4061
2054 4060
2055 4061
2056 4060
2057 4061
2058 4064
2059 4060
2060 4052
2061 4065
2062 4060
2063 4060
2064 4061
2065 4057
2066 4056
2067 4061
2068 4059
2069 4059
2070 4060
2071 4064
2072 4061
2073 4064
2074 4061
2075 4061
2076 4060
2077 4065
2078 4060
2079 4064
2080 4059
2081 4055
2082 4066
2083 4058
2084 4060
2085 4060
2086 4064
2087 4064
2088 4061
2089 4064
2090 4060
2091 4061
2092 4061
2093 4061
2094 4061
2095 4060
2096 4059
2097 4062
2098 4060
2099 4064
2100 4061
2101 4065
2102 4059
2103 4061
2104 4058
2105 4060
2106 4062
2107 4060
2108 4061
2109 4061
2110 4061
2111 4062
2112 4061
2113 4061
2114 4061
2115 4062
2116 4060
2117 4061
2118 4061
2119 4064
2120 4064
2121 4062
2122 4060
2123 4058
2124 4064
2125 4058
2126 4060
2127 4061
2128 4060
2129 4061
2130 4060
2131 4059
2132 4062
2133 4064
2134 4060
2135 4065
2136 4059
2137 4064
2138 4061
2139 4059
2140 4059
2141 4064
2142 4064
2143 4064
2144 4059
2145 4059
2146 4062
2147 4064
2148 4064
2149 4061
2150 4061
2151 4066
2152 4064
2153 4061
2154 4060
2155 4064
2156 4060
2157 4060
2158 4061
2159 4064
2160 4064
2161 4062
2162 4062
2163 4062
2164 4061
2165 4061
2166 4066
2167 4061
2168 4060
2169 4062
2170 4061
2171 4060
2172 4064
2173 4062
2174 4064
2175 4061
2176 4064
2177 4064
2178 4061
2179 4062
2180 4060
2181 4061
2182 4061
2183 4060
2184 4061
2185 4062
2186 4060
2187 4064
2188 4062
2189 4061
2190 4062
2191 4060
2192 4060
2193 4064
2194 4062
2195 4061
2196 4060
2197 4059
2198 4059
2199 4064
2200 4064
2201 4065
2202 4060
2203 4061
2204 4064
2205 4059
2206 4060
2207 4064
2208 4064
2209 4062
2210 4062
2211 4060
2212 4064
2213 4061
2214 4061
2215 4061
2216 4061
2217 4062
2218 4062
2219 4060
2220 4061
2221 4064
2222 4061
2223 4059
2224 4061
2225 4061
2226 4061
2227 4064
2228 4064
2229 4062
2230 4061
2231 4064
2232 4055
2233 4060
2234 4064
2235 4062
2236 4061
2237 4064
2238 4058
2239 4060
2240 4060
2241 4065
2242 4057
2243 4064
2244 4057
2245 4064
2246 4057
2247 4062
2248 4058
2249 4059
2250 4064
2251 4061
2252 4056
2253 4064
2254 4064
2255 4062
2256 4059
2257 4064
2258 4064
2259 4058
2260 4060
2261 4061
2262 4062
2263 4060
2264 4062
2265 4061
2266 4059
2267 4061
2268 4060
2269 4064
2270 4059
2271 4064
2272 4061
2273 4064
2274 4061
2275 4059
2276 4061
2277 4061
2278 4059
2279 4061
2280 4061
2281 4060
2282 4060
2283 4061
2284 4062
2285 4059
2286 4060
2287 4059
2288 4060
2289 4061
2290 4061
2291 4053
2292 4062
2293 4060
2294 4062
2295 4061
2296 4060
2297 4065
2298 4060
2299 4064
2300 4058
2301 4065
2302 4060
2303 4064
2304 4058
2305 4057
2306 4059
2307 4061
2308 4064
2309 4064
2310 4060
2311 4060
2312 4060
2313 4064
2314 4059
2315 4062
2316 4060
2317 4062
2318 4061
2319 4064
2320 4061
2321 4061
2322 4060
2323 4060
2324 4064
2325 4062
2326 4061
2327 4060
2328 4061
2329 4062
2330 4059
2331 4060
2332 4060
2333 4061
2334 4060
2335 4061
2336 4060
2337 4059
2338 4062
2339 4061
2340 4061
2341 4064
2342 4061
2343 4061
2344 4064
2345 4064
2346 4059
2347 4061
2348 4060
2349 4064
2350 4062
2351 4064
2352 4056
2353 4060
2354 4061
2355 4064
2356 4062
2357 4059
2358 4059
2359 4059
2360 4061
2361 4064
2362 4058
2363 4058
2364 4058
2365 4057
2366 4060
2367 4058
2368 4057
2369 4058
2370 4061
2371 4060
2372 4057
2373 4062
2374 4061
2375 4064
2376 4061
2377 4061
2378 4064
2379 4059
2380 4064
2381 4064
2382 4059
2383 4061
2384 4061
2385 4058
2386 4057
2387 4062
2388 4061
2389 4055
2390 4064
2391 4060
2392 4064
2393 4059
2394 4062
2395 4062
2396 4059
2397 4064
2398 4060
2399 4060
2400 4059
2401 4065
2402 4057
2403 4060
2404 4061
2405 4060
2406 4059
2407 4065
2408 4061
2409 4061
2410 4061
2411 4061
2412 4061
2413 4064
2414 4061
2415 4059
2416 4059
2417 4061
2418 4061
2419 4064
2420 4065
2421 4061
2422 4062
2423 4064
2424 4064
2425 4061
2426 4064
2427 4059
2428 4063
2429 4064
2430 4060
2431 4061
2432 4059
2433 4061
2434 4060
2435 4060
2436 4062
2437 4064
2438 4061
2439 4064
2440 4060
2441 4061
2442 4064
2443 4060
2444 4064
2445 4061
2446 4061
2447 4060
2448 4060
2449 4062
2450 4057
2451 4064
2452 4055
2453 4064
2454 4060
2455 4061
2456 4058
2457 4060
2458 4058
2459 4058
2460 4060
2461 4060
2462 4062
2463 4063
2464 4059
2465 4062
2466 4062
2467 4060
2468 4065
2469 4058
2470 4064
2471 4059
2472 4061
2473 4062
2474 4062
2475 4062
2476 4059
2477 4060
2478 4058
2479 4064
2480 4061
2481 4059
2482 4061
2483 4059
2484 4064
2485 4060
2486 4065
2487 4060
2488 4059
2489 4062
2490 4059
2491 4064
2492 4061
2493 4061
2494 4059
2495 4059
2496 4060
2497 4061
2498 4061
2499 4064
2500 4061
2501 4065
2502 4060
2503 4060
2504 4062
2505 4062
2506 4060
2507 4062
2508 4059
2509 4061
2510 4060
2511 4061
2512 4058
2513 4064
2514 4061
2515 4060
2516 4064
2517 4061
2518 4060
2519 4061
2520 4057
2521 4064
2522 4060
2523 4059
2524 4062
2525 4058
2526 4062
2527 4062
2528 4058
2529 4062
2530 4062
2531 4064
2532 4062
2533 4061
2534 4060
2535 4064
2536 4059
2537 4057
2538 4058
2539 4061
2540 4061
2541 4057
2542 4062
2543 4060
2544 4059
2545 4059
2546 4061
2547 4059
2548 4060
2549 4061
2550 4061
2551 4066
2552 4058
2553 4064
2554 4059
2555 4060
2556 4058
2557 4061
2558 4064
2559 4060
2560 4061
2561 4060
2562 4064
2563 4064
2564 4064
2565 4064
2566 4061
2567 4064
2568 4059
2569 4057
2570 4058
2571 4061
2572 4060
2573 4060
2574 4062
2575 4062
2576 4064
2577 4060
2578 4062
2579 4059
2580 4064
2581 4059
2582 4060
2583 4064
2584 4058
2585 4060
2586 4061
2587 4061
2588 4060
2589 4061
2590 4061
2591 4060
2592 4058
2593 4059
2594 4059
2595 4059
2596 4058
2597 4064
2598 4057
2599 4064
2600 4061
2601 4064
2602 4057
2603 4061
2604 4057
2605 4061
2606 4059
2607 4060
2608 4060
2609 4064
2610 4062
2611 4060
2612 4060
2613 4062
2614 4060
2615 4064
2616 4064
2617 4061
2618 4061
2619 4061
2620 4064
2621 4060
2622 4062
2623 4058
2624 4065
2625 4061
2626 4060
2627 4061
2628 4061
2629 4061
2630 4057
2631 4062
2632 4058
2633 4061
2634 4064
2635 4059
2636 4061
2637 4060
2638 4059
2639 4058
2640 4062
2641 4064
2642 4061
2643 4064
2644 4064
2645 4064
2646 4060
2647 4060
2648 4064
2649 4064
2650 4061
2651 4068
2652 4059
2653 4064
2654 4059
2655 4061
2656 4058
2657 4060
2658 4062
2659 4062
2660 4061
2661 4060
2662 4056
2663 4059
2664 4059
2665 4060
2666 4059
2667 4062
2668 4060
2669 4064
2670 4059
2671 4062
2672 4062
2673 4064
2674 4065
2675 4060
2676 4064
2677 4064
2678 4060
2679 4061
2680 4059
2681 4062
2682 4064
2683 4060
2684 4059
2685 4059
2686 4062
2687 4061
2688 4059
2689 4058
2690 4061
2691 4060
2692 4060
2693 4060
2694 4064
2695 4061
2696 4064
2697 4060
2698 4059
2699 4061
2700 4060
2701 4066
2702 4056
2703 4060
2704 4057
2705 4061
2706 4061
2707 4061
2708 4060
2709 4061
2710 4061
2711 4064
2712 4064
2713 4061
2714 4062
2715 4058
2716 4064
2717 4061
2718 4058
2719 4064
2720 4060
2721 4061
2722 4059
2723 4061
2724 4061
2725 4059
2726 4064
2727 4059
2728 4058
2729 4064
2730 4057
2731 4060
2732 4062
2733 4064
2734 4059
2735 4061
2736 4060
2737 4059
2738 4058
2739 4061
2740 4058
2741 4061
2742 4060
2743 4059
2744 4057
2745 4058
2746 4060
2747 4059
2748 4059
2749 4064
2750 4056
2751 4065
2752 4056
2753 4060
2754 4059
2755 4060
2756 4059
2757 4059
2758 4061
2759 4058
2760 4059
2761 4064
2762 4060
2763 4061
2764 4059
2765 4064
2766 4059
2767 4060
2768 4061
2769 4061
2770 4060
2771 4062
2772 4062
2773 4061
2774 4061
2775 4060
2776 4060
2777 4064
2778 4061
2779 4062
2780 4061
2781 4061
2782 4060
2783 4057
2784 4058
2785 4058
2786 4058
2787 4062
2788 4062
2789 4064
2790 4064
2791 4059
2792 4060
2793 4061
2794 4061
2795 4057
2796 4059
2797 4061
2798 4057
2799 4065
2800 4056
2801 4061
2802 4059
2803 4060
2804 4061
2805 4060
2806 4058
2807 4064
2808 4062
2809 4060
2810 4059
2811 4061
2812 4065
2813 4062
2814 4062
2815 4060
2816 4057
2817 4060
2818 4059
2819 4061
2820 4059
2821 4064
2822 4058
2823 4060
2824 4059
2825 4058
2826 4059
2827 4059
2828 4058
2829 4057
2830 4062
2831 4060
2832 4058
2833 4061
2834 4061
2835 4061
2836 4062
2837 4061
2838 4058
2839 4060
2840 4061
2841 4061
2842 4061
2843 4058
2844 4059
2845 4061
2846 4061
2847 4064
2848 4057
2849 4064
2850 4062
2851 4062
2852 4061
2853 4061
2854 4060
2855 4057
2856 4061
2857 4064
2858 4060
2859 4062
2860 4060
2861 4060
2862 4061
2863 4059
2864 4060
2865 4061
2866 4057
2867 4060
2868 4060
2869 4059
2870 4062
2871 4064
2872 4060
2873 4061
2874 4059
2875 4060
2876 4060
2877 4061
2878 4058
2879 4058
2880 4062
2881 4058
2882 4064
2883 4060
2884 4062
2885 4060
2886 4062
2887 4062
2888 4064
2889 4060
2890 4061
2891 4062
2892 4057
2893 4064
2894 4059
2895 4059
2896 4059
2897 4061
2898 4061
2899 4064
2900 4057
2901 4062
2902 4056
2903 4062
2904 4059
2905 4064
2906 4061
2907 4061
2908 4064
2909 4060
2910 4059
2911 4062
2912 4061
2913 4058
2914 4062
2915 4061
2916 4061
2917 4062
2918 4060
2919 4059
2920 4061
2921 4060
2922 4064
2923 4059
2924 4061
2925 4061
2926 4061
2927 4061
2928 4064
2929 4064
2930 4061
2931 4061
2932 4059
2933 4060
2934 4059
2935 4061
2936 4059
2937 4061
2938 4060
2939 4061
2940 4061
2941 4064
2942 4064
2943 4064
2944 4059
2945 4061
2946 4062
2947 4062
2948 4059
2949 4065
2950 4061
2951 4065
2952 4058
2953 4060
2954 4062
2955 4061
2956 4059
2957 4065
2958 4064
2959 4064
2960 4064
2961 4065
2962 4061
2963 4058
2964 4061
2965 4060
2966 4061
2967 4061
2968 4060
2969 4062
2970 4060
2971 4061
2972 4059
2973 4059
2974 4060
2975 4064
2976 4062
2977 4064
2978 4060
2979 4061
2980 4059
2981 4061
2982 4060
2983 4064
2984 4064
2985 4064
2986 4061
2987 4061
2988 4061
2989 4062
2990 4059
2991 4062
2992 4064
2993 4060
2994 4061
2995 4060
2996 4060
2997 4061
2998 4059
2999 4064
3000 4059
3001 4065
3002 4061
3003 4062
3004 4060
3005 4064
3006 4059
3007 4061
3008 4064
3009 4062
3010 4061
3011 4059
3012 4061
3013 4061
3014 4061
3015 4060
3016 4064
3017 4060
3018 4059
3019 4064
3020 4061
3021 4064
3022 4060
3023 4062
3024 4061
3025 4062
3026 4060
3027 4060
3028 4060
3029 4062
3030 4061
3031 4060
3032 4064
3033 4060
3034 4062
3035 4060
3036 4073
3037 4061
3038 4064
3039 4061
3040 4060
3041 4057
3042 4062
3043 4059
3044 4060
3045 4064
3046 4057
3047 4061
3048 4059
3049 4067
3050 4064
3051 4062
3052 4053
3053 4059
3054 4058
3055 4061
3056 4061
3057 4060
3058 4064
3059 4061
3060 4064
3061 4061
3062 4064
3063 4061
3064 4064
3065 4062
3066 4060
3067 4061
3068 4058
3069 4061
3070 4061
3071 4064
3072 4061
3073 4058
3074 4066
3075 4061
3076 4060
3077 4061
3078 4062
3079 4060
3080 4064
3081 4060
3082 4059
3083 4062
3084 4059
3085 4061
3086 4062
3087 4062
3088 4059
3089 4061
3090 4064
3091 4061
3092 4059
3093 4061
3094 4059
3095 4061
3096 4064
3097 4060
3098 4059
3099 4066
3100 4059
3101 4064
3102 4061
3103 4059
3104 4059
3105 4064
3106 4058
3107 4063
3108 4064
3109 4060
3110 4060
3111 4064
3112 4059
3113 4057
3114 4061
3115 4061
3116 4064
3117 4060
3118 4057
3119 4061
3120 4061
3121 4060
3122 4061
3123 4059
3124 4060
3125 4059
3126 4062
3127 4059
3128 4062
3129 4061
3130 4056
3131 4059
3132 4060
3133 4060
3134 4059
3135 4064
3136 4061
3137 4061
3138 4058
3139 4064
3140 4064
3141 4062
3142 4059
3143 4064
3144 4060
3145 4059
3146 4064
3147 4058
3148 4057
3149 4061
3150 4061
3151 4065
3152 4059
3153 4059
3154 4060
3155 4064
3156 4060
3157 4061
3158 4059
3159 4064
3160 4062
3161 4060
3162 4060
3163 4062
3164 4061
3165 4061
3166 4062
3167 4059
3168 4061
3169 4061
3170 4060
3171 4064
3172 4060
3173 4059
3174 4061
3175 4064
3176 4060
3177 4064
3178 4064
3179 4061
3180 4060
3181 4061
3182 4060
3183 4062
3184 4059
3185 4064
3186 4061
3187 4061
3188 4062
3189 4062
3190 4061
3191 4064
3192 4059
3193 4060
3194 4060
3195 4058
3196 4060
3197 4060
3198 4060
3199 4062
3200 4060
3201 4065
3202 4059
3203 4059
3204 4062
3205 4064
3206 4064
3207 4060
3208 4059
3209 4060
3210 4061
3211 4064
3212 4060
3213 4062
3214 4060
3215 4064
3216 4064
3217 4061
3218 4061
3219 4060
3220 4059
3221 4064
3222 4059
3223 4059
3224 4061
3225 4056
3226 4061
3227 4061
3228 4061
3229 4064
3230 4061
3231 4061
3232 4061
3233 4064
3234 4061
3235 4059
3236 4060
3237 4065
3238 4060
3239 4062
3240 4059
3241 4061
3242 4058
3243 4061
3244 4065
3245 4060
3246 4061
3247 4062
3248 4061
3249 4065
3250 4058
3251 4065
3252 4054
3253 4061
3254 4060
3255 4060
3256 4061
3257 4060
3258 4057
3259 4059
3260 4060
3261 4062
3262 4064
3263 4061
3264 4065
3265 4061
3266 4061
3267 4060
3268 4058
3269 4061
3270 4060
3271 4061
3272 4062
3273 4064
3274 4064
3275 4064
3276 4060
3277 4064
3278 4060
3279 4059
3280 4062
3281 4061
3282 4060
3283 4060
3284 4060
3285 4061
3286 4064
3287 4064
3288 4061
3289 4057
3290 4059
3291 4061
3292 4062
3293 4061
3294 4058
3295 4061
3296 4060
3297 4062
3298 4061
3299 4061
3300 4064
3301 4061
3302 4059
3303 4061
3304 4064
3305 4061
3306 4062
3307 4061
3308 4061
3309 4064
3310 4063
3311 4061
3312 4061
3313 4060
3314 4061
3315 4058
3316 4062
3317 4062
3318 4057
3319 4059
3320 4061
3321 4059
3322 4058
3323 4064
3324 4060
3325 4056
3326 4062
3327 4060
3328 4057
3329 4059
3330 4058
3331 4056
3332 4064
3333 4064
3334 4059
3335 4059
3336 4059
3337 4062
3338 4059
3339 4059
3340 4064
3341 4061
3342 4061
3343 4064
3344 4060
3345 4061
3346 4064
3347 4062
3348 4059
3349 4064
3350 4060
3351 4064
3352 4057
3353 4062
3354 4060
3355 4059
3356 4062
3357 4061
3358 4061
3359 4061
3360 4061
3361 4061
3362 4058
3363 4062
3364 4061
3365 4061
3366 4056
3367 4061
3368 4061
3369 4057
3370 4061
3371 4061
3372 4059
3373 4060
3374 4062
3375 4064
3376 4064
3377 4060
3378 4058
3379 4060
3380 4061
3381 4057
3382 4061
3383 4057
3384 4059
3385 4057
3386 4058
3387 4059
3388 4059
3389 4061
3390 4057
3391 4059
3392 4061
3393 4059
3394 4059
3395 4058
3396 4057
3397 4061
3398 4058
3399 4060
3400 4061
3401 4061
3402 4057
3403 4058
3404 4057
3405 4059
3406 4060
3407 4056
3408 4059
3409 4059
3410 4057
3411 4057
3412 4063
3413 4059
3414 4058
3415 4061
3416 4058
3417 4053
3418 4061
3419 4060
3420 4056
3421 4058
3422 4058
3423 4057
3424 4061
3425 4057
3426 4057
3427 4060
3428 4059
3429 4061
3430 4059
3431 4064
3432 4059
3433 4059
3434 4057
3435 4058
3436 4061
3437 4061
3438 4059
3439 4060
3440 4061
3441 4064
3442 4057
3443 4061
3444 4060
3445 4057
3446 4059
3447 4060
3448 4057
3449 4060
3450 4059
3451 4062
3452 4055
3453 4061
3454 4058
3455 4057
3456 4059
3457 4058
3458 4058
3459 4059
3460 4055
3461 4059
3462 4060
3463 4057
3464 4061
3465 4059
3466 4058
3467 4057
3468 4062
3469 4060
3470 4059
3471 4061
3472 4064
3473 4062
3474 4061
3475 4059
3476 4060
3477 4060
3478 4061
3479 4064
3480 4061
3481 4059
3482 4061
3483 4059
3484 4059
3485 4064
3486 4061
3487 4060
3488 4064
3489 4061
3490 4060
3491 4060
3492 4061
3493 4059
3494 4060
3495 4061
3496 4060
3497 4065
3498 4061
3499 4062
3500 4062
3501 4064
3502 4058
3503 4062
3504 4061
3505 4061
3506 4064
3507 4058
3508 4058
3509 4061
3510 4062
3511 4061
3512 4059
3513 4060
3514 4059
3515 4064
3516 4061
3517 4062
3518 4059
3519 4058
3520 4056
3521 4062
3522 4059
3523 4060
3524 4060
3525 4057
3526 4058
3527 4060
3528 4061
3529 4061
3530 4060
3531 4064
3532 4058
3533 4061
3534 4059
3535 4059
3536 4058
3537 4062
3538 4063
3539 4060
3540 4060
3541 4064
3542 4060
3543 4058
3544 4060
3545 4059
3546 4060
3547 4060
3548 4059
3549 4060
3550 4059
3551 4067
3552 4059
3553 4064
3554 4064
3555 4061
3556 4061
3557 4060
3558 4060
3559 4059
3560 4064
3561 4061
3562 4062
3563 4060
3564 4060
3565 4061
3566 4064
3567 4060
3568 4061
3569 4061
3570 4059
3571 4059
3572 4061
3573 4060
3574 4061
3575 4061
3576 4058
3577 4061
3578 4060
3579 4064
3580 4059
3581 4058
3582 4061
3583 4061
3584 4064
3585 4057
3586 4059
3587 4058
3588 4060
3589 4060
3590 4060
3591 4061
3592 4064
3593 4060
3594 4061
3595 4061
3596 4061
3597 4062
3598 4057
3599 4060
3600 4061
3601 4048
3602 4055
3603 4058
3604 4060
3605 4058
3606 4060
3607 4058
3608 4061
3609 4060
3610 4061
3611 4060
3612 4062
3613 4064
3614 4064
3615 4064
3616 4062
3617 4058
3618 4061
3619 4060
3620 4062
3621 4061
3622 4061
3623 4064
3624 4064
3625 4058
3626 4061
3627 4061
3628 4061
3629 4064
3630 4059
3631 4060
3632 4060
3633 4057
3634 4064
3635 4061
3636 4060
3637 4060
3638 4057
3639 4059
3640 4061
3641 4064
3642 4061
3643 4064
3644 4059
3645 4062
3646 4062
3647 4061
3648 4058
3649 4060
3650 4058
3651 4065
3652 4057
3653 4061
3654 4061
3655 4058
3656 4061
3657 4061
3658 4059
3659 4056
3660 4061
3661 4061
3662 4061
3663 4061
3664 4061
3665 4061
3666 4060
3667 4059
3668 4057
3669 4064
3670 4064
3671 4058
3672 4062
3673 4060
3674 4066
3675 4061
3676 4061
3677 4060
3678 4061
3679 4059
3680 4061
3681 4064
3682 4060
3683 4062
3684 4059
3685 4060
3686 4061
3687 4061
3688 4060
3689 4058
3690 4060
3691 4055
3692 4061
3693 4064
3694 4064
