#Data from the TCD1304 linear CCD
#column 1 = pixelnumber , column 2 = pixelvalue
#Pixel 1-32 and 3679-3694 and are dummy pixels
#SH-period: 200    ICG-period: 100000    Integration time: 100.0 us
2 4043
3 4041
4 4060
5 4060
6 4058
7 4061
8 4061
9 4059
10 4058
11 4059
12 4060
13 4059
14 4059
15 4061
16 4058
17 4060
18 4060
19 4058
20 4060
21 4059
22 4059
23 4058
24 4057
25 4057
26 4057
27 4060
28 4060
29 4061
30 4059
31 4060
32 4060
34 4061
35 4057
36 4060
37 4060
38 4061
39 4059
40 4057
41 4059
42 4059
43 4061
44 4055
45 4060
46 4059
47 4060
48 4055
49 4062
50 4057
51 4064
52 4055
53 4058
54 4060
55 4057
56 4059
57 4059
58 4056
59 4064
60 4056
61 4059
62 4062
63 4058
64 4060
65 4060
66 4061
67 4059
68 4058
69 4059
70 4057
71 4062
72 4060
73 4057
74 4058
75 4060
76 4060
77 4059
78 4057
79 4057
80 4059
81 4060
82 4057
83 4058
84 4060
85 4058
86 4057
87 4058
88 4058
89 4057
90 4057
91 4057
92 4061
93 4060
94 4060
95 4058
96 4056
97 4055
98 4059
99 4057
100 4059
101 4061
102 4056
103 4058
104 4057
105 4064
106 4058
107 4060
108 4059
109 4058
110 4060
111 4060
112 4060
113 4059
114 4061
115 4059
116 4058
117 4057
118 4061
119 4060
120 4060
121 4058
122 4058
123 4058
124 4060
125 4058
126 4061
127 4059
128 4061
129 4061
130 4057
131 4059
132 4061
133 4059
134 4061
135 4057
136 4057
137 4061
138 4061
139 4059
140 4057
141 4060
142 4060
143 4055
144 4058
145 4060
146 4057
147 4059
148 4058
149 4057
150 4057
151 4058
152 4054
153 4061
154 4062
155 4059
156 4059
157 4058
158 4059
159 4062
160 4060
161 4060
162 4061
163 4059
164 4058
165 4058
166 4059
167 4057
168 4061
169 4057
170 4059
171 4059
172 4057
173 4059
174 4060
175 4062
176 4057
177 4059
178 4062
179 4064
180 4057
181 4061
182 4058
183 4052
184 4057
185 4059
186 4059
187 4064
188 4058
189 4061
190 4058
191 4060
192 4061
193 4056
194 4059
195 4059
196 4058
197 4059
198 4056
199 4062
200 4057
201 4064
202 4056
203 4058
204 4060
205 4056
206 4057
207 4060
208 4056
209 4058
210 4057
211 4058
212 4060
213 4057
214 4058
215 4060
216 4060
217 4059
218 4058
219 4059
220 4060
221 4061
222 4059
223 4057
224 4064
225 4061
226 4058
227 4057
228 4058
229 4061
230 4057
231 4061
232 4060
233 4057
234 4061
235 4061
236 4056
237 4058
238 4060
239 4062
240 4056
241 4060
242 4057
243 4059
244 4058
245 4060
246 4061
247 4060
248 4059
249 4057
250 4058
251 4060
252 4060
253 4059
254 4057
255 4057
256 4059
257 4059
258 4057
259 4059
260 4056
261 4060
262 4060
263 4060
264 4058
265 4061
266 4061
267 4064
268 4060
269 4062
270 4057
271 4058
272 4060
273 4061
274 4059
275 4057
276 4060
277 4059
278 4057
279 4061
280 4059
281 4061
282 4060
283 4058
284 4060
285 4059
286 4057
287 4056
288 4057
289 4057
290 4059
291 4060
292 4058
293 4058
294 4059
295 4059
296 4057
297 4061
298 4058
299 4059
300 4059
301 4062
302 4057
303 4060
304 4062
305 4057
306 4058
307 4061
308 4058
309 4061
310 4057
311 4060
312 4058
313 4064
314 4060
315 4060
316 4060
317 4059
318 4061
319 4061
320 4058
321 4060
322 4060
323 4059
324 4060
325 4061
326 4058
327 4064
328 4057
329 4060
330 4059
331 4064
332 4059
333 4060
334 4059
335 4057
336 4060
337 4060
338 4061
339 4060
340 4061
341 4058
342 4059
343 4057
344 4057
345 4055
346 4059
347 4060
348 4056
349 4061
350 4060
351 4060
352 4053
353 4060
354 4064
355 4059
356 4061
357 4057
358 4059
359 4057
360 4059
361 4060
362 4060
363 4059
364 4058
365 4064
366 4059
367 4060
368 4058
369 4061
370 4058
371 4061
372 4056
373 4061
374 4061
375 4064
376 4060
377 4059
378 4059
379 4059
380 4057
381 4057
382 4058
383 4057
384 4060
385 4062
386 4057
387 4059
388 4061
389 4059
390 4060
391 4060
392 4059
393 4057
394 4060
395 4059
396 4062
397 4059
398 4061
399 4059
400 4059
401 4060
402 4057
403 4061
404 4060
405 4060
406 4058
407 4059
408 4056
409 4059
410 4060
411 4059
412 4061
413 4060
414 4061
415 4060
416 4061
417 4057
418 4059
419 4058
420 4064
421 4058
422 4058
423 4061
424 4060
425 4060
426 4059
427 4057
428 4060
429 4059
430 4058
431 4062
432 4060
433 4061
434 4061
435 4060
436 4058
437 4062
438 4058
439 4056
440 4058
441 4061
442 4059
443 4062
444 4060
445 4060
446 4059
447 4058
448 4061
449 4057
450 4058
451 4061
452 4054
453 4059
454 4060
455 4058
456 4062
457 4059
458 4058
459 4059
460 4059
461 4060
462 4059
463 4058
464 4058
465 4059
466 4061
467 4058
468 4057
469 4061
470 4057
471 4061
472 4060
473 4056
474 4058
475 4059
476 4056
477 4059
478 4059
479 4060
480 4061
481 4059
482 4060
483 4056
484 4061
485 4061
486 4058
487 4059
488 4060
489 4055
490 4059
491 4060
492 4060
493 4061
494 4060
495 4060
496 4059
497 4055
498 4058
499 4057
500 4060
501 4064
502 4055
503 4060
504 4060
505 4060
506 4059
507 4059
508 4055
509 4061
510 4058
511 4060
512 4059
513 4060
514 4057
515 4061
516 4057
517 4057
518 4060
519 4060
520 4056
521 4059
522 4057
523 4059
524 4061
525 4058
526 4059
527 4057
528 4064
529 4055
530 4059
531 4058
532 4059
533 4062
534 4061
535 4057
536 4060
537 4064
538 4059
539 4058
540 4061
541 4059
542 4061
543 4060
544 4058
545 4061
546 4058
547 4059
548 4060
549 4060
550 4060
551 4065
552 4056
553 4057
554 4060
555 4061
556 4059
557 4059
558 4057
559 4061
560 4064
561 4058
562 4060
563 4062
564 4061
565 4058
566 4057
567 4057
568 4058
569 4060
570 4057
571 4061
572 4059
573 4058
574 4058
575 4055
576 4058
577 4058
578 4057
579 4056
580 4059
581 4057
582 4058
583 4055
584 4059
585 4060
586 4057
587 4059
588 4060
589 4056
590 4055
591 4061
592 4058
593 4057
594 4058
595 4060
596 4056
597 4064
598 4055
599 4059
600 4058
601 4059
602 4054
603 4057
604 4057
605 4057
606 4059
607 4059
608 4057
609 4060
610 4058
611 4058
612 4058
613 4061
614 4055
615 4058
616 4060
617 4058
618 4060
619 4064
620 4061
621 4059
622 4059
623 4061
624 4055
625 4061
626 4060
627 4059
628 4055
629 4061
630 4056
631 4060
632 4056
633 4061
634 4059
635 4061
636 4060
637 4060
638 4060
639 4060
640 4061
641 4060
642 4064
643 4060
644 4062
645 4060
646 4057
647 4057
648 4060
649 4060
650 4062
651 4066
652 4057
653 4058
654 4061
655 4060
656 4058
657 4062
658 4057
659 4060
660 4062
661 4059
662 4056
663 4064
664 4059
665 4054
666 4064
667 4059
668 4058
669 4061
670 4060
671 4060
672 4061
673 4058
674 4059
675 4058
676 4061
677 4057
678 4060
679 4059
680 4059
681 4058
682 4059
683 4055
684 4061
685 4060
686 4058
687 4058
688 4059
689 4057
690 4058
691 4062
692 4058
693 4058
694 4056
695 4059
696 4059
697 4060
698 4060
699 4060
700 4061
701 4064
702 4056
703 4061
704 4060
705 4059
706 4060
707 4064
708 4057
709 4059
710 4062
711 4061
712 4058
713 4059
714 4060
715 4060
716 4059
717 4058
718 4061
719 4061
720 4059
721 4058
722 4060
723 4059
724 4060
725 4058
726 4061
727 4058
728 4057
729 4056
730 4055
731 4058
732 4061
733 4061
734 4061
735 4058
736 4062
737 4060
738 4061
739 4060
740 4060
741 4062
742 4060
743 4061
744 4057
745 4061
746 4060
747 4061
748 4059
749 4059
750 4059
751 4064
752 4057
753 4064
754 4059
755 4059
756 4057
757 4060
758 4057
759 4064
760 4060
761 4061
762 4059
763 4061
764 4057
765 4064
766 4062
767 4057
768 4055
769 4059
770 4057
771 4060
772 4059
773 4059
774 4060
775 4058
776 4059
777 4058
778 4061
779 4058
780 4060
781 4060
782 4059
783 4058
784 4060
785 4059
786 4055
787 4060
788 4061
789 4057
790 4061
791 4060
792 4058
793 4060
794 4059
795 4060
796 4061
797 4058
798 4062
799 4056
800 4059
801 4069
802 4058
803 4061
804 4061
805 4060
806 4060
807 4061
808 4055
809 4059
810 4064
811 4058
812 4057
813 4057
814 4059
815 4059
816 4059
817 4062
818 4056
819 4061
820 4060
821 4059
822 4064
823 4059
824 4060
825 4059
826 4059
827 4059
828 4061
829 4059
830 4060
831 4059
832 4061
833 4058
834 4062
835 4058
836 4060
837 4060
838 4060
839 4057
840 4059
841 4058
842 4057
843 4061
844 4057
845 4062
846 4060
847 4057
848 4059
849 4059
850 4060
851 4059
852 4058
853 4059
854 4058
855 4060
856 4058
857 4060
858 4057
859 4060
860 4060
861 4061
862 4061
863 4057
864 4064
865 4057
866 4056
867 4060
868 4057
869 4057
870 4060
871 4061
872 4059
873 4061
874 4058
875 4064
876 4061
877 4064
878 4062
879 4059
880 4058
881 4056
882 4059
883 4060
884 4058
885 4061
886 4060
887 4061
888 4060
889 4057
890 4058
891 4056
892 4059
893 4061
894 4060
895 4058
896 4059
897 4064
898 4058
899 4061
900 4060
901 4063
902 4055
903 4059
904 4060
905 4058
906 4061
907 4058
908 4062
909 4061
910 4059
911 4060
912 4057
913 4059
914 4057
915 4060
916 4061
917 4058
918 4056
919 4059
920 4060
921 4059
922 4059
923 4061
924 4059
925 4061
926 4059
927 4062
928 4060
929 4058
930 4060
931 4058
932 4058
933 4060
934 4058
935 4064
936 4055
937 4059
938 4059
939 4062
940 4058
941 4061
942 4058
943 4060
944 4065
945 4058
946 4060
947 4062
948 4060
949 4059
950 4057
951 4062
952 4054
953 4057
954 4060
955 4059
956 4058
957 4058
958 4060
959 4061
960 4055
961 4059
962 4060
963 4061
964 4057
965 4060
966 4061
967 4058
968 4059
969 4064
970 4060
971 4059
972 4058
973 4059
974 4060
975 4058
976 4060
977 4061
978 4059
979 4059
980 4059
981 4059
982 4061
983 4058
984 4056
985 4060
986 4060
987 4057
988 4061
989 4060
990 4061
991 4064
992 4059
993 4058
994 4060
995 4061
996 4057
997 4061
998 4057
999 4059
1000 4059
1001 4064
1002 4055
1003 4058
1004 4061
1005 4057
1006 4059
1007 4061
1008 4060
1009 4058
1010 4057
1011 4059
1012 4055
1013 4061
1014 4059
1015 4059
1016 4059
1017 4060
1018 4061
1019 4061
1020 4059
1021 4059
1022 4058
1023 4064
1024 4056
1025 4057
1026 4061
1027 4062
1028 4058
1029 4057
1030 4059
1031 4057
1032 4059
1033 4060
1034 4059
1035 4062
1036 4060
1037 4060
1038 4061
1039 4061
1040 4059
1041 4059
1042 4057
1043 4057
1044 4059
1045 4060
1046 4061
1047 4058
1048 4061
1049 4056
1050 4060
1051 4065
1052 4054
1053 4059
1054 4061
1055 4060
1056 4059
1057 4059
1058 4058
1059 4061
1060 4059
1061 4057
1062 4062
1063 4059
1064 4057
1065 4061
1066 4057
1067 4058
1068 4058
1069 4059
1070 4057
1071 4061
1072 4059
1073 4061
1074 4061
1075 4064
1076 4060
1077 4059
1078 4060
1079 4061
1080 4058
1081 4060
1082 4058
1083 4059
1084 4059
1085 4057
1086 4059
1087 4058
1088 4059
1089 4059
1090 4058
1091 4057
1092 4057
1093 4061
1094 4058
1095 4059
1096 4064
1097 4060
1098 4061
1099 4059
1100 4058
1101 4064
1102 4057
1103 4060
1104 4058
1105 4062
1106 4061
1107 4062
1108 4056
1109 4060
1110 4060
1111 4064
1112 4059
1113 4060
1114 4059
1115 4060
1116 4059
1117 4060
1118 4058
1119 4060
1120 4060
1121 4062
1122 4058
1123 4056
1124 4058
1125 4057
1126 4060
1127 4062
1128 4060
1129 4059
1130 4062
1131 4060
1132 4057
1133 4059
1134 4059
1135 4056
1136 4062
1137 4057
1138 4060
1139 4060
1140 4062
1141 4058
1142 4064
1143 4060
1144 4059
1145 4061
1146 4061
1147 4060
1148 4062
1149 4061
1150 4058
1151 4064
1152 4057
1153 4062
1154 4061
1155 4060
1156 4060
1157 4062
1158 4057
1159 4058
1160 4057
1161 4055
1162 4057
1163 4058
1164 4059
1165 4063
1166 4062
1167 4061
1168 4058
1169 4060
1170 4061
1171 4060
1172 4060
1173 4061
1174 4062
1175 4059
1176 4061
1177 4060
1178 4056
1179 4059
1180 4059
1181 4059
1182 4062
1183 4059
1184 4057
1185 4061
1186 4061
1187 4057
1188 4060
1189 4059
1190 4060
1191 4059
1192 4057
1193 4061
1194 4060
1195 4057
1196 4058
1197 4058
1198 4061
1199 4056
1200 4060
1201 4062
1202 4055
1203 4059
1204 4057
1205 4061
1206 4060
1207 4059
1208 4059
1209 4059
1210 4058
1211 4057
1212 4058
1213 4059
1214 4059
1215 4057
1216 4058
1217 4058
1218 4060
1219 4058
1220 4059
1221 4055
1222 4062
1223 4061
1224 4058
1225 4059
1226 4061
1227 4060
1228 4059
1229 4060
1230 4064
1231 4060
1232 4058
1233 4058
1234 4055
1235 4059
1236 4059
1237 4060
1238 4060
1239 4058
1240 4054
1241 4058
1242 4057
1243 4059
1244 4059
1245 4059
1246 4058
1247 4058
1248 4058
1249 4060
1250 4060
1251 4064
1252 4055
1253 4061
1254 4061
1255 4060
1256 4059
1257 4060
1258 4059
1259 4059
1260 4059
1261 4060
1262 4062
1263 4056
1264 4055
1265 4061
1266 4060
1267 4057
1268 4057
1269 4060
1270 4061
1271 4061
1272 4059
1273 4058
1274 4060
1275 4060
1276 4062
1277 4058
1278 4059
1279 4060
1280 4062
1281 4058
1282 4056
1283 4060
1284 4061
1285 4059
1286 4059
1287 4057
1288 4060
1289 4060
1290 4058
1291 4060
1292 4060
1293 4060
1294 4057
1295 4061
1296 4060
1297 4057
1298 4064
1299 4059
1300 4059
1301 4067
1302 4055
1303 4060
1304 4059
1305 4057
1306 4057
1307 4062
1308 4058
1309 4064
1310 4058
1311 4058
1312 4061
1313 4061
1314 4057
1315 4058
1316 4062
1317 4066
1318 4061
1319 4058
1320 4064
1321 4061
1322 4057
1323 4059
1324 4060
1325 4060
1326 4061
1327 4059
1328 4057
1329 4059
1330 4060
1331 4060
1332 4062
1333 4060
1334 4058
1335 4056
1336 4061
1337 4059
1338 4059
1339 4055
1340 4061
1341 4057
1342 4057
1343 4058
1344 4056
1345 4061
1346 4062
1347 4057
1348 4060
1349 4060
1350 4061
1351 4061
1352 4056
1353 4059
1354 4057
1355 4061
1356 4064
1357 4057
1358 4060
1359 4061
1360 4062
1361 4062
1362 4058
1363 4058
1364 4060
1365 4059
1366 4054
1367 4060
1368 4059
1369 4056
1370 4059
1371 4064
1372 4056
1373 4059
1374 4060
1375 4061
1376 4060
1377 4061
1378 4059
1379 4059
1380 4061
1381 4058
1382 4061
1383 4061
1384 4059
1385 4061
1386 4061
1387 4061
1388 4060
1389 4060
1390 4061
1391 4059
1392 4059
1393 4058
1394 4056
1395 4058
1396 4061
1397 4057
1398 4061
1399 4059
1400 4064
1401 4065
1402 4058
1403 4057
1404 4058
1405 4059
1406 4055
1407 4061
1408 4064
1409 4064
1410 4054
1411 4059
1412 4057
1413 4061
1414 4059
1415 4058
1416 4058
1417 4059
1418 4056
1419 4060
1420 4061
1421 4061
1422 4056
1423 4061
1424 4062
1425 4061
1426 4058
1427 4060
1428 4059
1429 4058
1430 4058
1431 4064
1432 4058
1433 4064
1434 4060
1435 4061
1436 4059
1437 4058
1438 4059
1439 4060
1440 4059
1441 4057
1442 4060
1443 4061
1444 4060
1445 4061
1446 4061
1447 4061
1448 4060
1449 4059
1450 4058
1451 4064
1452 4055
1453 4059
1454 4058
1455 4058
1456 4060
1457 4059
1458 4057
1459 4060
1460 4056
1461 4057
1462 4060
1463 4057
1464 4058
1465 4061
1466 4060
1467 4061
1468 4061
1469 4059
1470 4062
1471 4059
1472 4056
1473 4061
1474 4058
1475 4059
1476 4060
1477 4058
1478 4060
1479 4062
1480 4059
1481 4060
1482 4062
1483 4061
1484 4061
1485 4061
1486 4054
1487 4060
1488 4058
1489 4060
1490 4059
1491 4056
1492 4062
1493 4063
1494 4057
1495 4061
1496 4060
1497 4055
1498 4059
1499 4058
1500 4058
1501 4064
1502 4056
1503 4060
1504 4062
1505 4061
1506 4062
1507 4059
1508 4062
1509 4059
1510 4059
1511 4061
1512 4058
1513 4062
1514 4057
1515 4059
1516 4064
1517 4058
1518 4059
1519 4057
1520 4059
1521 4059
1522 4059
1523 4060
1524 4061
1525 4057
1526 4056
1527 4062
1528 4059
1529 4058
1530 4057
1531 4059
1532 4059
1533 4061
1534 4060
1535 4058
1536 4062
1537 4060
1538 4059
1539 4057
1540 4057
1541 4059
1542 4060
1543 4058
1544 4060
1545 4059
1546 4061
1547 4062
1548 4058
1549 4057
1550 4060
1551 4064
1552 4056
1553 4058
1554 4059
1555 4060
1556 4058
1557 4058
1558 4056
1559 4061
1560 4056
1561 4057
1562 4061
1563 4062
1564 4059
1565 4059
1566 4059
1567 4057
1568 4057
1569 4057
1570 4060
1571 4061
1572 4056
1573 4060
1574 4060
1575 4059
1576 4059
1577 4058
1578 4059
1579 4059
1580 4062
1581 4055
1582 4059
1583 4060
1584 4058
1585 4061
1586 4060
1587 4057
1588 4060
1589 4059
1590 4059
1591 4062
1592 4057
1593 4060
1594 4059
1595 4057
1596 4061
1597 4058
1598 4061
1599 4059
1600 4064
1601 4063
1602 4059
1603 4061
1604 4057
1605 4057
1606 4059
1607 4061
1608 4061
1609 4059
1610 4060
1611 4061
1612 4060
1613 4061
1614 4057
1615 4057
1616 4058
1617 4061
1618 4057
1619 4062
1620 4058
1621 4059
1622 4061
1623 4059
1624 4056
1625 4060
1626 4059
1627 4060
1628 4057
1629 4057
1630 4056
1631 4064
1632 4056
1633 4056
1634 4059
1635 4057
1636 4058
1637 4057
1638 4058
1639 4059
1640 4064
1641 4060
1642 4059
1643 4060
1644 4058
1645 4064
1646 4061
1647 4058
1648 4057
1649 4058
1650 4057
1651 4061
1652 4057
1653 4059
1654 4056
1655 4064
1656 4055
1657 4057
1658 4058
1659 4061
1660 4059
1661 4061
1662 4061
1663 4064
1664 4058
1665 4061
1666 4056
1667 4060
1668 4059
1669 4059
1670 4058
1671 4065
1672 4059
1673 4060
1674 4060
1675 4060
1676 4061
1677 4060
1678 4058
1679 4061
1680 4061
1681 4058
1682 4060
1683 4059
1684 4060
1685 4060
1686 4058
1687 4059
1688 4057
1689 4056
1690 4060
1691 4061
1692 4058
1693 4057
1694 4060
1695 4058
1696 4060
1697 4061
1698 4058
1699 4057
1700 4059
1701 4064
1702 4058
1703 4059
1704 4061
1705 4060
1706 4055
1707 4061
1708 4056
1709 4059
1710 4059
1711 4060
1712 4057
1713 4061
1714 4058
1715 4061
1716 4057
1717 4058
1718 4060
1719 4062
1720 4059
1721 4061
1722 4059
1723 4062
1724 4059
1725 4061
1726 4056
1727 4060
1728 4057
1729 4061
1730 4060
1731 4058
1732 4058
1733 4058
1734 4061
1735 4060
1736 4061
1737 4061
1738 4060
1739 4061
1740 4060
1741 4059
1742 4057
1743 4058
1744 4061
1745 4059
1746 4058
1747 4059
1748 4057
1749 4056
1750 4062
1751 4061
1752 4054
1753 4059
1754 4058
1755 4065
1756 4058
1757 4059
1758 4057
1759 4061
1760 4059
1761 4059
1762 4061
1763 4060
1764 4058
1765 4059
1766 4058
1767 4058
1768 4061
1769 4060
1770 4058
1771 4056
1772 4053
1773 4060
1774 4061
1775 4059
1776 4057
1777 4061
1778 4059
1779 4062
1780 4060
1781 4060
1782 4058
1783 4057
1784 4062
1785 4059
1786 4058
1787 4060
1788 4059
1789 4060
1790 4062
1791 4061
1792 4060
1793 4060
1794 4055
1795 4062
1796 4062
1797 4059
1798 4059
1799 4059
1800 4060
1801 4064
1802 4057
1803 4058
1804 4060
1805 4056
1806 4061
1807 4057
1808 4055
1809 4062
1810 4056
1811 4059
1812 4059
1813 4059
1814 4060
1815 4053
1816 4060
1817 4060
1818 4057
1819 4061
1820 4057
1821 4058
1822 4057
1823 4060
1824 4061
1825 4058
1826 4061
1827 4061
1828 4060
1829 4058
1830 4059
1831 4064
1832 4060
1833 4059
1834 4061
1835 4060
1836 4062
1837 4055
1838 4055
1839 4062
1840 4059
1841 4060
1842 4056
1843 4058
1844 4061
1845 4060
1846 4056
1847 4060
1848 4057
1849 4059
1850 4058
1851 4065
1852 4057
1853 4060
1854 4058
1855 4057
1856 4064
1857 4058
1858 4057
1859 4062
1860 4056
1861 4060
1862 4062
1863 4060
1864 4061
1865 4060
1866 4061
1867 4060
1868 4059
1869 4059
1870 4060
1871 4060
1872 4059
1873 4057
1874 4059
1875 4061
1876 4060
1877 4059
1878 4056
1879 4059
1880 4058
1881 4059
1882 4061
1883 4059
1884 4058
1885 4060
1886 4059
1887 4062
1888 4060
1889 4058
1890 4060
1891 4061
1892 4060
1893 4062
1894 4060
1895 4059
1896 4059
1897 4059
1898 4059
1899 4058
1900 4061
1901 4064
1902 4057
1903 4057
1904 4056
1905 4059
1906 4060
1907 4057
1908 4058
1909 4061
1910 4059
1911 4064
1912 4058
1913 4060
1914 4060
1915 4061
1916 4061
1917 4061
1918 4061
1919 4060
1920 4061
1921 4062
1922 4059
1923 4062
1924 4057
1925 4060
1926 4059
1927 4061
1928 4064
1929 4058
1930 4058
1931 4059
1932 4059
1933 4060
1934 4061
1935 4062
1936 4061
1937 4059
1938 4060
1939 4059
1940 4057
1941 4057
1942 4056
1943 4062
1944 4060
1945 4061
1946 4060
1947 4058
1948 4060
1949 4059
1950 4059
1951 4060
1952 4057
1953 4057
1954 4058
1955 4060
1956 4061
1957 4059
1958 4058
1959 4060
1960 4060
1961 4064
1962 4060
1963 4061
1964 4059
1965 4064
1966 4066
1967 4062
1968 4057
1969 4057
1970 4061
1971 4061
1972 4061
1973 4059
1974 4057
1975 4061
1976 4057
1977 4058
1978 4061
1979 4058
1980 4060
1981 4059
1982 4058
1983 4057
1984 4061
1985 4060
1986 4060
1987 4058
1988 4060
1989 4062
1990 4060
1991 4059
1992 4060
1993 4060
1994 4060
1995 4060
1996 4058
1997 4059
1998 4060
1999 4062
2000 4055
2001 4061
2002 4054
2003 4060
2004 4059
2005 4059
2006 4058
2007 4059
2008 4057
2009 4060
2010 4060
2011 4057
2012 4059
2013 4058
2014 4058
2015 4059
2016 4061
2017 4059
2018 4059
2019 4058
2020 4060
2021 4060
2022 4061
2023 4064
2024 4058
2025 4058
2026 4061
2027 4060
2028 4061
2029 4057
2030 4058
2031 4062
2032 4057
2033 4057
2034 4064
2035 4056
2036 4058
2037 4060
2038 4057
2039 4060
2040 4061
2041 4060
2042 4057
2043 4061
2044 4057
2045 4059
2046 4058
2047 4058
2048 4057
2049 4058
2050 4060
2051 4065
2052 4057
2053 4057
2054 4060
2055 4061
2056 4059
2057 4061
2058 4058
2059 4062
2060 4057
2061 4057
2062 4060
2063 4062
2064 4061
2065 4059
2066 4060
2067 4057
2068 4059
2069 4058
2070 4061
2071 4064
2072 4060
2073 4057
2074 4057
2075 4059
2076 4060
2077 4061
2078 4059
2079 4059
2080 4061
2081 4057
2082 4060
2083 4059
2084 4061
2085 4059
2086 4061
2087 4059
2088 4060
2089 4059
2090 4058
2091 4061
2092 4062
2093 4060
2094 4061
2095 4057
2096 4061
2097 4059
2098 4057
2099 4059
2100 4060
2101 4062
2102 4057
2103 4065
2104 4059
2105 4058
2106 4061
2107 4057
2108 4054
2109 4065
2110 4056
2111 4062
2112 4060
2113 4061
2114 4059
2115 4058
2116 4064
2117 4059
2118 4061
2119 4060
2120 4060
2121 4059
2122 4059
2123 4058
2124 4059
2125 4060
2126 4057
2127 4059
2128 4057
2129 4061
2130 4059
2131 4058
2132 4060
2133 4061
2134 4059
2135 4059
2136 4061
2137 4058
2138 4060
2139 4058
2140 4057
2141 4061
2142 4057
2143 4059
2144 4061
2145 4059
2146 4064
2147 4060
2148 4057
2149 4058
2150 4058
2151 4064
2152 4055
2153 4057
2154 4061
2155 4057
2156 4061
2157 4058
2158 4059
2159 4062
2160 4060
2161 4060
2162 4058
2163 4060
2164 4060
2165 4059
2166 4062
2167 4059
2168 4059
2169 4058
2170 4064
2171 4058
2172 4060
2173 4057
2174 4058
2175 4060
2176 4056
2177 4061
2178 4058
2179 4057
2180 4065
2181 4060
2182 4061
2183 4059
2184 4061
2185 4060
2186 4059
2187 4061
2188 4061
2189 4058
2190 4059
2191 4058
2192 4058
2193 4058
2194 4059
2195 4058
2196 4061
2197 4064
2198 4057
2199 4060
2200 4062
2201 4061
2202 4057
2203 4061
2204 4058
2205 4061
2206 4055
2207 4060
2208 4060
2209 4059
2210 4059
2211 4057
2212 4061
2213 4058
2214 4059
2215 4064
2216 4060
2217 4057
2218 4058
2219 4061
2220 4057
2221 4061
2222 4058
2223 4057
2224 4057
2225 4064
2226 4056
2227 4058
2228 4060
2229 4061
2230 4061
2231 4060
2232 4062
2233 4057
2234 4062
2235 4062
2236 4057
2237 4059
2238 4061
2239 4059
2240 4062
2241 4058
2242 4058
2243 4061
2244 4060
2245 4060
2246 4056
2247 4060
2248 4059
2249 4057
2250 4059
2251 4060
2252 4054
2253 4061
2254 4061
2255 4062
2256 4059
2257 4059
2258 4059
2259 4061
2260 4061
2261 4061
2262 4057
2263 4058
2264 4057
2265 4058
2266 4057
2267 4055
2268 4056
2269 4056
2270 4058
2271 4063
2272 4060
2273 4064
2274 4058
2275 4060
2276 4061
2277 4060
2278 4062
2279 4059
2280 4058
2281 4060
2282 4058
2283 4060
2284 4061
2285 4059
2286 4060
2287 4064
2288 4058
2289 4061
2290 4061
2291 4060
2292 4061
2293 4062
2294 4057
2295 4061
2296 4062
2297 4061
2298 4058
2299 4056
2300 4058
2301 4064
2302 4056
2303 4060
2304 4060
2305 4061
2306 4059
2307 4058
2308 4057
2309 4058
2310 4056
2311 4061
2312 4059
2313 4059
2314 4059
2315 4062
2316 4061
2317 4061
2318 4060
2319 4058
2320 4061
2321 4060
2322 4058
2323 4062
2324 4060
2325 4057
2326 4058
2327 4060
2328 4057
2329 4057
2330 4059
2331 4061
2332 4058
2333 4059
2334 4060
2335 4059
2336 4064
2337 4060
2338 4058
2339 4057
2340 4058
2341 4061
2342 4058
2343 4062
2344 4059
2345 4059
2346 4060
2347 4060
2348 4061
2349 4060
2350 4064
2351 4064
2352 4058
2353 4059
2354 4057
2355 4059
2356 4058
2357 4059
2358 4057
2359 4059
2360 4060
2361 4059
2362 4061
2363 4059
2364 4057
2365 4064
2366 4060
2367 4059
2368 4064
2369 4059
2370 4060
2371 4059
2372 4061
2373 4058
2374 4060
2375 4062
2376 4061
2377 4060
2378 4059
2379 4058
2380 4057
2381 4058
2382 4059
2383 4061
2384 4058
2385 4061
2386 4058
2387 4059
2388 4057
2389 4058
2390 4061
2391 4060
2392 4060
2393 4059
2394 4060
2395 4059
2396 4059
2397 4059
2398 4059
2399 4060
2400 4056
2401 4063
2402 4055
2403 4055
2404 4059
2405 4062
2406 4057
2407 4061
2408 4055
2409 4059
2410 4057
2411 4064
2412 4060
2413 4060
2414 4061
2415 4061
2416 4062
2417 4055
2418 4059
2419 4058
2420 4059
2421 4059
2422 4059
2423 4058
2424 4055
2425 4062
2426 4057
2427 4058
2428 4057
2429 4059
2430 4057
2431 4055
2432 4061
2433 4061
2434 4060
2435 4060
2436 4062
2437 4059
2438 4057
2439 4059
2440 4059
2441 4060
2442 4059
2443 4059
2444 4061
2445 4057
2446 4061
2447 4061
2448 4058
2449 4061
2450 4059
2451 4064
2452 4057
2453 4056
2454 4058
2455 4058
2456 4059
2457 4060
2458 4059
2459 4060
2460 4060
2461 4058
2462 4061
2463 4061
2464 4058
2465 4059
2466 4059
2467 4058
2468 4058
2469 4058
2470 4061
2471 4060
2472 4058
2473 4060
2474 4061
2475 4060
2476 4062
2477 4062
2478 4059
2479 4061
2480 4059
2481 4060
2482 4060
2483 4058
2484 4060
2485 4058
2486 4056
2487 4059
2488 4059
2489 4059
2490 4060
2491 4060
2492 4057
2493 4060
2494 4059
2495 4061
2496 4060
2497 4059
2498 4057
2499 4057
2500 4060
2501 4064
2502 4058
2503 4064
2504 4060
2505 4058
2506 4059
2507 4057
2508 4057
2509 4060
2510 4061
2511 4062
2512 4057
2513 4058
2514 4061
2515 4058
2516 4055
2517 4059
2518 4057
2519 4061
2520 4060
2521 4060
2522 4057
2523 4057
2524 4059
2525 4058
2526 4062
2527 4060
2528 4058
2529 4060
2530 4059
2531 4059
2532 4061
2533 4059
2534 4061
2535 4058
2536 4058
2537 4061
2538 4060
2539 4060
2540 4057
2541 4060
2542 4059
2543 4057
2544 4057
2545 4057
2546 4061
2547 4055
2548 4056
2549 4060
2550 4055
2551 4065
2552 4060
2553 4060
2554 4059
2555 4062
2556 4059
2557 4057
2558 4057
2559 4060
2560 4055
2561 4060
2562 4060
2563 4058
2564 4060
2565 4060
2566 4061
2567 4057
2568 4058
2569 4057
2570 4057
2571 4057
2572 4056
2573 4058
2574 4058
2575 4057
2576 4057
2577 4058
2578 4058
2579 4053
2580 4056
2581 4057
2582 4058
2583 4057
2584 4057
2585 4053
2586 4059
2587 4057
2588 4054
2589 4059
2590 4058
2591 4058
2592 4059
2593 4060
2594 4058
2595 4059
2596 4061
2597 4058
2598 4060
2599 4058
2600 4057
2601 4062
2602 4055
2603 4058
2604 4060
2605 4061
2606 4057
2607 4058
2608 4057
2609 4061
2610 4058
2611 4058
2612 4059
2613 4059
2614 4059
2615 4060
2616 4060
2617 4058
2618 4057
2619 4058
2620 4057
2621 4059
2622 4059
2623 4061
2624 4061
2625 4057
2626 4060
2627 4058
2628 4060
2629 4060
2630 4058
2631 4058
2632 4057
2633 4057
2634 4060
2635 4060
2636 4056
2637 4061
2638 4059
2639 4059
2640 4058
2641 4057
2642 4058
2643 4060
2644 4057
2645 4058
2646 4060
2647 4058
2648 4059
2649 4059
2650 4058
2651 4061
2652 4055
2653 4059
2654 4061
2655 4059
2656 4059
2657 4058
2658 4058
2659 4061
2660 4058
2661 4057
2662 4061
2663 4059
2664 4060
2665 4059
2666 4056
2667 4061
2668 4058
2669 4059
2670 4059
2671 4060
2672 4055
2673 4060
2674 4058
2675 4057
2676 4061
2677 4060
2678 4059
2679 4057
2680 4056
2681 4059
2682 4058
2683 4057
2684 4061
2685 4060
2686 4061
2687 4059
2688 4058
2689 4060
2690 4060
2691 4061
2692 4057
2693 4061
2694 4058
2695 4060
2696 4060
2697 4060
2698 4060
2699 4061
2700 4060
2701 4061
2702 4057
2703 4056
2704 4058
2705 4064
2706 4060
2707 4057
2708 4058
2709 4057
2710 4058
2711 4058
2712 4059
2713 4059
2714 4060
2715 4059
2716 4060
2717 4061
2718 4058
2719 4061
2720 4060
2721 4061
2722 4057
2723 4059
2724 4059
2725 4060
2726 4059
2727 4059
2728 4059
2729 4058
2730 4061
2731 4059
2732 4055
2733 4058
2734 4060
2735 4057
2736 4058
2737 4060
2738 4059
2739 4058
2740 4058
2741 4060
2742 4060
2743 4059
2744 4061
2745 4058
2746 4059
2747 4055
2748 4060
2749 4064
2750 4057
2751 4061
2752 4057
2753 4059
2754 4060
2755 4059
2756 4058
2757 4061
2758 4059
2759 4059
2760 4060
2761 4059
2762 4059
2763 4058
2764 4059
2765 4057
2766 4057
2767 4059
2768 4058
2769 4057
2770 4055
2771 4060
2772 4057
2773 4059
2774 4058
2775 4061
2776 4058
2777 4060
2778 4061
2779 4057
2780 4057
2781 4058
2782 4055
2783 4057
2784 4061
2785 4060
2786 4055
2787 4056
2788 4060
2789 4060
2790 4058
2791 4058
2792 4059
2793 4062
2794 4058
2795 4058
2796 4061
2797 4059
2798 4056
2799 4056
2800 4059
2801 4064
2802 4056
2803 4059
2804 4058
2805 4056
2806 4056
2807 4058
2808 4056
2809 4058
2810 4059
2811 4064
2812 4057
2813 4060
2814 4057
2815 4059
2816 4057
2817 4061
2818 4057
2819 4059
2820 4057
2821 4060
2822 4055
2823 4061
2824 4058
2825 4060
2826 4059
2827 4055
2828 4060
2829 4058
2830 4059
2831 4058
2832 4057
2833 4060
2834 4059
2835 4057
2836 4059
2837 4062
2838 4058
2839 4059
2840 4060
2841 4059
2842 4059
2843 4060
2844 4058
2845 4059
2846 4057
2847 4057
2848 4059
2849 4059
2850 4057
2851 4058
2852 4058
2853 4061
2854 4060
2855 4059
2856 4060
2857 4059
2858 4058
2859 4060
2860 4057
2861 4061
2862 4059
2863 4057
2864 4059
2865 4058
2866 4058
2867 4061
2868 4065
2869 4061
2870 4058
2871 4058
2872 4057
2873 4059
2874 4058
2875 4058
2876 4056
2877 4061
2878 4057
2879 4059
2880 4057
2881 4061
2882 4061
2883 4062
2884 4057
2885 4061
2886 4058
2887 4061
2888 4058
2889 4061
2890 4057
2891 4056
2892 4055
2893 4058
2894 4061
2895 4061
2896 4060
2897 4059
2898 4059
2899 4059
2900 4057
2901 4061
2902 4060
2903 4061
2904 4056
2905 4060
2906 4056
2907 4060
2908 4057
2909 4061
2910 4058
2911 4060
2912 4059
2913 4061
2914 4062
2915 4069
2916 4060
2917 4060
2918 4059
2919 4060
2920 4060
2921 4064
2922 4057
2923 4061
2924 4057
2925 4060
2926 4057
2927 4061
2928 4058
2929 4061
2930 4056
2931 4060
2932 4060
2933 4059
2934 4060
2935 4057
2936 4061
2937 4060
2938 4060
2939 4059
2940 4058
2941 4060
2942 4060
2943 4059
2944 4059
2945 4057
2946 4057
2947 4060
2948 4059
2949 4061
2950 4060
2951 4063
2952 4058
2953 4059
2954 4059
2955 4062
2956 4064
2957 4060
2958 4059
2959 4061
2960 4059
2961 4064
2962 4058
2963 4061
2964 4057
2965 4059
2966 4060
2967 4061
2968 4058
2969 4058
2970 4059
2971 4064
2972 4059
2973 4059
2974 4058
2975 4064
2976 4058
2977 4058
2978 4059
2979 4061
2980 4061
2981 4059
2982 4058
2983 4061
2984 4061
2985 4057
2986 4057
2987 4060
2988 4060
2989 4058
2990 4057
2991 4060
2992 4060
2993 4059
2994 4060
2995 4060
2996 4060
2997 4059
2998 4061
2999 4064
3000 4057
3001 4064
3002 4056
3003 4061
3004 4059
3005 4058
3006 4061
3007 4059
3008 4058
3009 4061
3010 4057
3011 4058
3012 4058
3013 4061
3014 4057
3015 4058
3016 4058
3017 4060
3018 4060
3019 4057
3020 4061
3021 4061
3022 4060
3023 4058
3024 4061
3025 4059
3026 4057
3027 4063
3028 4058
3029 4057
3030 4062
3031 4061
3032 4058
3033 4058
3034 4059
3035 4059
3036 4061
3037 4059
3038 4060
3039 4057
3040 4059
3041 4059
3042 4059
3043 4064
3044 4061
3045 4058
3046 4058
3047 4064
3048 4056
3049 4060
3050 4058
3051 4061
3052 4056
3053 4057
3054 4060
3055 4064
3056 4059
3057 4059
3058 4059
3059 4061
3060 4061
3061 4058
3062 4059
3063 4058
3064 4060
3065 4059
3066 4059
3067 4055
3068 4062
3069 4057
3070 4061
3071 4064
3072 4057
3073 4061
3074 4059
3075 4061
3076 4056
3077 4058
3078 4059
3079 4055
3080 4061
3081 4060
3082 4058
3083 4059
3084 4059
3085 4056
3086 4055
3087 4060
3088 4058
3089 4056
3090 4061
3091 4057
3092 4061
3093 4059
3094 4057
3095 4061
3096 4060
3097 4058
3098 4056
3099 4060
3100 4059
3101 4061
3102 4059
3103 4059
3104 4059
3105 4056
3106 4059
3107 4057
3108 4057
3109 4061
3110 4059
3111 4059
3112 4059
3113 4062
3114 4057
3115 4059
3116 4059
3117 4059
3118 4057
3119 4059
3120 4059
3121 4061
3122 4061
3123 4057
3124 4057
3125 4060
3126 4059
3127 4061
3128 4059
3129 4061
3130 4059
3131 4061
3132 4060
3133 4057
3134 4059
3135 4059
3136 4057
3137 4060
3138 4054
3139 4059
3140 4059
3141 4059
3142 4057
3143 4059
3144 4060
3145 4056
3146 4060
3147 4057
3148 4060
3149 4061
3150 4061
3151 4059
3152 4053
3153 4064
3154 4058
3155 4058
3156 4061
3157 4060
3158 4061
3159 4061
3160 4060
3161 4060
3162 4056
3163 4062
3164 4057
3165 4058
3166 4057
3167 4060
3168 4057
3169 4058
3170 4057
3171 4061
3172 4060
3173 4058
3174 4059
3175 4059
3176 4058
3177 4060
3178 4057
3179 4060
3180 4060
3181 4061
3182 4057
3183 4056
3184 4058
3185 4061
3186 4055
3187 4057
3188 4061
3189 4061
3190 4058
3191 4059
3192 4057
3193 4058
3194 4057
3195 4057
3196 4060
3197 4062
3198 4055
3199 4059
3200 4060
3201 4064
3202 4055
3203 4064
3204 4058
3205 4060
3206 4061
3207 4057
3208 4058
3209 4064
3210 4060
3211 4058
3212 4055
3213 4060
3214 4059
3215 4057
3216 4060
3217 4057
3218 4056
3219 4056
3220 4058
3221 4061
3222 4057
3223 4059
3224 4060
3225 4055
3226 4060
3227 4059
3228 4060
3229 4060
3230 4059
3231 4061
3232 4055
3233 4058
3234 4061
3235 4057
3236 4056
3237 4061
3238 4060
3239 4059
3240 4059
3241 4062
3242 4061
3243 4059
3244 4061
3245 4058
3246 4060
3247 4059
3248 4061
3249 4060
3250 4061
3251 4059
3252 4058
3253 4060
3254 4056
3255 4060
3256 4059
3257 4060
3258 4060
3259 4062
3260 4059
3261 4058
3262 4061
3263 4061
3264 4058
3265 4060
3266 4058
3267 4060
3268 4064
3269 4060
3270 4060
3271 4057
3272 4061
3273 4061
3274 4060
3275 4064
3276 4060
3277 4064
3278 4058
3279 4061
3280 4060
3281 4058
3282 4057
3283 4057
3284 4060
3285 4060
3286 4059
3287 4064
3288 4060
3289 4061
3290 4060
3291 4057
3292 4055
3293 4059
3294 4060
3295 4058
3296 4059
3297 4055
3298 4058
3299 4056
3300 4058
3301 4064
3302 4054
3303 4059
3304 4059
3305 4064
3306 4059
3307 4055
3308 4056
3309 4062
3310 4061
3311 4060
3312 4059
3313 4059
3314 4059
3315 4060
3316 4057
3317 4062
3318 4060
3319 4057
3320 4061
3321 4059
3322 4058
3323 4058
3324 4058
3325 4056
3326 4061
3327 4060
3328 4057
3329 4059
3330 4058
3331 4061
3332 4059
3333 4059
3334 4059
3335 4059
3336 4058
3337 4059
3338 4059
3339 4057
3340 4060
3341 4064
3342 4057
3343 4058
3344 4062
3345 4061
3346 4059
3347 4060
3348 4057
3349 4062
3350 4059
3351 4064
3352 4055
3353 4059
3354 4056
3355 4059
3356 4060
3357 4059
3358 4056
3359 4059
3360 4058
3361 4057
3362 4060
3363 4062
3364 4060
3365 4060
3366 4064
3367 4057
3368 4055
3369 4058
3370 4055
3371 4058
3372 4064
3373 4059
3374 4056
3375 4059
3376 4057
3377 4053
3378 4060
3379 4059
3380 4057
3381 4055
3382 4060
3383 4057
3384 4061
3385 4059
3386 4062
3387 4058
3388 4060
3389 4058
3390 4062
3391 4058
3392 4057
3393 4060
3394 4061
3395 4060
3396 4060
3397 4059
3398 4057
3399 4056
3400 4060
3401 4064
3402 4057
3403 4061
3404 4057
3405 4062
3406 4061
3407 4056
3408 4056
3409 4058
3410 4058
3411 4060
3412 4059
3413 4059
3414 4058
3415 4054
3416 4058
3417 4057
3418 4055
3419 4057
3420 4059
3421 4056
3422 4056
3423 4060
3424 4053
3425 4056
3426 4054
3427 4054
3428 4060
3429 4054
3430 4057
3431 4059
3432 4055
3433 4057
3434 4058
3435 4061
3436 4055
3437 4057
3438 4057
3439 4057
3440 4057
3441 4059
3442 4059
3443 4057
3444 4058
3445 4056
3446 4057
3447 4060
3448 4057
3449 4057
3450 4059
3451 4060
3452 4055
3453 4060
3454 4061
3455 4058
3456 4058
3457 4058
3458 4057
3459 4058
3460 4058
3461 4059
3462 4064
3463 4055
3464 4059
3465 4057
3466 4056
3467 4060
3468 4057
3469 4056
3470 4056
3471 4061
3472 4060
3473 4060
3474 4056
3475 4056
3476 4056
3477 4060
3478 4057
3479 4058
3480 4056
3481 4057
3482 4056
3483 4056
3484 4055
3485 4057
3486 4060
3487 4060
3488 4056
3489 4057
3490 4060
3491 4054
3492 4057
3493 4056
3494 4057
3495 4055
3496 4058
3497 4057
3498 4058
3499 4058
3500 4060
3501 4061
3502 4056
3503 4062
3504 4060
3505 4059
3506 4056
3507 4057
3508 4054
3509 4057
3510 4057
3511 4057
3512 4056
3513 4059
3514 4057
3515 4058
3516 4059
3517 4056
3518 4060
3519 4061
3520 4060
3521 4058
3522 4061
3523 4058
3524 4060
3525 4058
3526 4056
3527 4059
3528 4059
3529 4059
3530 4055
3531 4061
3532 4056
3533 4057
3534 4059
3535 4059
3536 4060
3537 4058
3538 4060
3539 4056
3540 4057
3541 4059
3542 4056
3543 4062
3544 4059
3545 4064
3546 4060
3547 4059
3548 4057
3549 4060
3550 4064
3551 4061
3552 4055
3553 4058
3554 4057
3555 4059
3556 4059
3557 4061
3558 4055
3559 4059
3560 4057
3561 4060
3562 4060
3563 4061
3564 4060
3565 4064
3566 4060
3567 4057
3568 4055
3569 4059
3570 4057
3571 4060
3572 4060
3573 4059
3574 4056
3575 4060
3576 4060
3577 4058
3578 4059
3579 4059
3580 4058
3581 4059
3582 4062
3583 4056
3584 4058
3585 4059
3586 4056
3587 4061
3588 4058
3589 4060
3590 4059
3591 4060
3592 4060
3593 4058
3594 4061
3595 4060
3596 4058
3597 4059
3598 4058
3599 4064
3600 4062
3601 4064
3602 4055
3603 4061
3604 4057
3605 4058
3606 4057
3607 4060
3608 4057
3609 4060
3610 4059
3611 4055
3612 4057
3613 4060
3614 4058
3615 4058
3616 4060
3617 4058
3618 4058
3619 4060
3620 4058
3621 4059
3622 4060
3623 4064
3624 4058
3625 4058
3626 4057
3627 4061
3628 4058
3629 4058
3630 4060
3631 4061
3632 4061
3633 4059
3634 4059
3635 4062
3636 4060
3637 4061
3638 4058
3639 4059
3640 4058
3641 4061
3642 4062
3643 4060
3644 4060
3645 4059
3646 4058
3647 4060
3648 4062
3649 4058
3650 4060
3651 4064
3652 4057
3653 4061
3654 4060
3655 4058
3656 4059
3657 4058
3658 4056
3659 4060
3660 4061
3661 4060
3662 4059
3663 4064
3664 4061
3665 4060
3666 4062
3667 4060
3668 4059
3669 4060
3670 4061
3671 4061
3672 4059
3673 4058
3674 4060
3675 4061
3676 4059
3677 4056
3678 4060
3679 4060
3680 4061
3681 4058
3682 4059
3683 4059
3684 4058
3685 4059
3686 4058
3687 4058
3688 4059
3689 4061
3690 4061
3691 4057
3692 4059
3693 4058
3694 4059
