#Data from the TCD1304 linear CCD
#column 1 = pixelnumber , column 2 = pixelvalue
#Pixel 1-32 and 3679-3694 and are dummy pixels
#SH-period: 200    ICG-period: 100000    Integration time: 100.0 us
2 4036
3 4038
4 4056
5 4057
6 4057
7 4053
8 4051
9 4053
10 4053
11 4055
12 4053
13 4052
14 4054
15 4054
16 4054
17 4055
18 4056
19 4055
20 4055
21 4056
22 4053
23 4055
24 4055
25 4052
26 4055
27 4052
28 4052
29 4056
30 4054
31 4055
32 4054
34 4049
35 4056
36 4055
37 4053
38 4056
39 4051
40 4056
41 4056
42 4054
43 4056
44 4056
45 4055
46 4055
47 4055
48 4057
49 4054
50 4056
51 4056
52 4049
53 4051
54 4055
55 4055
56 4054
57 4052
58 4054
59 4051
60 4055
61 4058
62 4052
63 4050
64 4056
65 4054
66 4056
67 4055
68 4055
69 4056
70 4055
71 4052
72 4054
73 4053
74 4056
75 4057
76 4058
77 4053
78 4054
79 4055
80 4052
81 4053
82 4054
83 4058
84 4053
85 4054
86 4055
87 4053
88 4051
89 4055
90 4054
91 4055
92 4054
93 4056
94 4053
95 4055
96 4054
97 4052
98 4052
99 4053
100 4052
101 4056
102 4053
103 4052
104 4055
105 4051
106 4054
107 4055
108 4051
109 4054
110 4055
111 4053
112 4055
113 4056
114 4054
115 4054
116 4052
117 4054
118 4052
119 4053
120 4056
121 4054
122 4058
123 4056
124 4055
125 4053
126 4053
127 4057
128 4055
129 4051
130 4056
131 4055
132 4052
133 4056
134 4051
135 4053
136 4055
137 4054
138 4053
139 4055
140 4053
141 4054
142 4053
143 4054
144 4053
145 4057
146 4054
147 4053
148 4053
149 4054
150 4055
151 4059
152 4051
153 4053
154 4055
155 4053
156 4054
157 4056
158 4053
159 4053
160 4047
161 4053
162 4057
163 4053
164 4053
165 4053
166 4054
167 4052
168 4057
169 4055
170 4056
171 4059
172 4057
173 4047
174 4053
175 4053
176 4052
177 4053
178 4055
179 4056
180 4058
181 4053
182 4053
183 4054
184 4055
185 4052
186 4053
187 4059
188 4051
189 4056
190 4051
191 4055
192 4054
193 4056
194 4052
195 4054
196 4051
197 4052
198 4053
199 4054
200 4054
201 4058
202 4053
203 4053
204 4054
205 4052
206 4052
207 4051
208 4054
209 4050
210 4054
211 4054
212 4052
213 4054
214 4054
215 4052
216 4051
217 4055
218 4053
219 4050
220 4056
221 4055
222 4053
223 4054
224 4051
225 4055
226 4053
227 4059
228 4052
229 4053
230 4052
231 4054
232 4052
233 4055
234 4053
235 4053
236 4058
237 4055
238 4056
239 4053
240 4055
241 4055
242 4053
243 4056
244 4055
245 4054
246 4054
247 4056
248 4055
249 4058
250 4056
251 4056
252 4052
253 4056
254 4054
255 4056
256 4052
257 4053
258 4054
259 4052
260 4053
261 4055
262 4059
263 4055
264 4052
265 4054
266 4057
267 4058
268 4055
269 4053
270 4054
271 4050
272 4053
273 4053
274 4054
275 4054
276 4049
277 4055
278 4055
279 4051
280 4053
281 4053
282 4054
283 4053
284 4056
285 4055
286 4055
287 4055
288 4053
289 4053
290 4056
291 4053
292 4052
293 4057
294 4051
295 4055
296 4055
297 4054
298 4054
299 4056
300 4053
301 4055
302 4054
303 4054
304 4056
305 4054
306 4052
307 4054
308 4055
309 4055
310 4053
311 4055
312 4054
313 4056
314 4055
315 4056
316 4052
317 4052
318 4053
319 4053
320 4052
321 4054
322 4054
323 4056
324 4053
325 4053
326 4053
327 4054
328 4052
329 4053
330 4055
331 4053
332 4057
333 4052
334 4054
335 4056
336 4055
337 4054
338 4054
339 4055
340 4057
341 4055
342 4057
343 4057
344 4055
345 4053
346 4056
347 4056
348 4056
349 4055
350 4052
351 4059
352 4047
353 4055
354 4052
355 4051
356 4055
357 4055
358 4051
359 4057
360 4052
361 4054
362 4053
363 4055
364 4055
365 4054
366 4052
367 4052
368 4056
369 4056
370 4055
371 4053
372 4055
373 4054
374 4054
375 4055
376 4054
377 4055
378 4053
379 4054
380 4054
381 4057
382 4051
383 4055
384 4051
385 4057
386 4054
387 4054
388 4053
389 4052
390 4056
391 4055
392 4053
393 4053
394 4055
395 4056
396 4054
397 4053
398 4056
399 4053
400 4053
401 4057
402 4055
403 4054
404 4052
405 4058
406 4056
407 4053
408 4051
409 4055
410 4054
411 4053
412 4055
413 4054
414 4057
415 4055
416 4051
417 4057
418 4055
419 4053
420 4055
421 4055
422 4054
423 4053
424 4056
425 4055
426 4055
427 4056
428 4055
429 4055
430 4053
431 4056
432 4052
433 4053
434 4050
435 4056
436 4055
437 4058
438 4052
439 4054
440 4056
441 4053
442 4052
443 4057
444 4053
445 4054
446 4053
447 4058
448 4055
449 4055
450 4053
451 4056
452 4052
453 4053
454 4055
455 4054
456 4053
457 4055
458 4055
459 4056
460 4052
461 4055
462 4055
463 4054
464 4053
465 4056
466 4052
467 4055
468 4053
469 4056
470 4054
471 4055
472 4058
473 4052
474 4054
475 4056
476 4052
477 4053
478 4054
479 4056
480 4053
481 4055
482 4054
483 4053
484 4054
485 4056
486 4056
487 4056
488 4057
489 4054
490 4055
491 4058
492 4055
493 4055
494 4054
495 4055
496 4050
497 4053
498 4053
499 4054
500 4051
501 4057
502 4049
503 4053
504 4053
505 4056
506 4054
507 4056
508 4056
509 4053
510 4054
511 4055
512 4055
513 4053
514 4057
515 4057
516 4056
517 4053
518 4055
519 4055
520 4056
521 4057
522 4054
523 4055
524 4055
525 4053
526 4052
527 4055
528 4054
529 4056
530 4052
531 4055
532 4056
533 4054
534 4054
535 4057
536 4054
537 4054
538 4053
539 4053
540 4053
541 4056
542 4053
543 4058
544 4052
545 4055
546 4056
547 4052
548 4055
549 4057
550 4057
551 4058
552 4050
553 4055
554 4056
555 4053
556 4055
557 4053
558 4055
559 4057
560 4053
561 4055
562 4054
563 4057
564 4054
565 4053
566 4055
567 4052
568 4054
569 4055
570 4054
571 4056
572 4057
573 4057
574 4057
575 4054
576 4053
577 4056
578 4052
579 4053
580 4051
581 4056
582 4053
583 4053
584 4056
585 4057
586 4055
587 4054
588 4055
589 4056
590 4052
591 4055
592 4052
593 4056
594 4054
595 4053
596 4054
597 4059
598 4055
599 4053
600 4052
601 4057
602 4052
603 4057
604 4055
605 4058
606 4056
607 4056
608 4053
609 4053
610 4054
611 4054
612 4053
613 4053
614 4056
615 4055
616 4053
617 4053
618 4054
619 4053
620 4052
621 4055
622 4055
623 4053
624 4053
625 4055
626 4052
627 4054
628 4053
629 4055
630 4052
631 4056
632 4056
633 4057
634 4054
635 4052
636 4055
637 4055
638 4053
639 4055
640 4055
641 4057
642 4055
643 4057
644 4052
645 4055
646 4051
647 4055
648 4052
649 4056
650 4053
651 4054
652 4053
653 4055
654 4052
655 4054
656 4053
657 4052
658 4056
659 4053
660 4050
661 4056
662 4052
663 4056
664 4056
665 4053
666 4055
667 4055
668 4055
669 4053
670 4052
671 4054
672 4053
673 4054
674 4053
675 4054
676 4054
677 4053
678 4053
679 4052
680 4053
681 4054
682 4053
683 4056
684 4057
685 4053
686 4056
687 4054
688 4054
689 4055
690 4055
691 4057
692 4053
693 4055
694 4055
695 4054
696 4055
697 4059
698 4052
699 4057
700 4054
701 4058
702 4051
703 4056
704 4057
705 4055
706 4049
707 4057
708 4053
709 4056
710 4053
711 4056
712 4056
713 4052
714 4053
715 4056
716 4055
717 4057
718 4056
719 4051
720 4053
721 4052
722 4053
723 4054
724 4056
725 4051
726 4053
727 4053
728 4055
729 4056
730 4054
731 4056
732 4051
733 4055
734 4054
735 4053
736 4053
737 4055
738 4053
739 4056
740 4053
741 4057
742 4052
743 4052
744 4053
745 4053
746 4053
747 4055
748 4054
749 4055
750 4053
751 4058
752 4053
753 4056
754 4055
755 4053
756 4056
757 4054
758 4054
759 4053
760 4052
761 4054
762 4051
763 4055
764 4055
765 4055
766 4056
767 4057
768 4053
769 4052
770 4054
771 4055
772 4053
773 4059
774 4056
775 4055
776 4055
777 4055
778 4053
779 4054
780 4055
781 4052
782 4055
783 4053
784 4055
785 4053
786 4054
787 4056
788 4055
789 4052
790 4055
791 4055
792 4053
793 4054
794 4056
795 4052
796 4052
797 4056
798 4051
799 4054
800 4051
801 4059
802 4052
803 4057
804 4054
805 4057
806 4052
807 4053
808 4055
809 4053
810 4055
811 4053
812 4053
813 4056
814 4053
815 4054
816 4053
817 4054
818 4057
819 4053
820 4053
821 4055
822 4052
823 4057
824 4055
825 4055
826 4055
827 4050
828 4053
829 4057
830 4053
831 4051
832 4055
833 4055
834 4052
835 4053
836 4052
837 4054
838 4053
839 4056
840 4054
841 4055
842 4055
843 4053
844 4054
845 4055
846 4057
847 4056
848 4055
849 4056
850 4057
851 4055
852 4050
853 4057
854 4051
855 4053
856 4055
857 4055
858 4053
859 4058
860 4053
861 4052
862 4053
863 4056
864 4056
865 4056
866 4053
867 4055
868 4055
869 4052
870 4053
871 4055
872 4054
873 4056
874 4057
875 4056
876 4054
877 4053
878 4056
879 4054
880 4053
881 4056
882 4053
883 4054
884 4053
885 4055
886 4055
887 4053
888 4051
889 4055
890 4055
891 4052
892 4057
893 4057
894 4054
895 4053
896 4053
897 4053
898 4053
899 4054
900 4054
901 4056
902 4050
903 4056
904 4054
905 4050
906 4054
907 4053
908 4052
909 4056
910 4058
911 4054
912 4053
913 4053
914 4056
915 4052
916 4057
917 4052
918 4052
919 4052
920 4053
921 4053
922 4054
923 4054
924 4054
925 4056
926 4056
927 4054
928 4055
929 4055
930 4053
931 4057
932 4052
933 4057
934 4051
935 4055
936 4055
937 4054
938 4055
939 4055
940 4052
941 4053
942 4051
943 4054
944 4053
945 4053
946 4051
947 4055
948 4053
949 4052
950 4053
951 4059
952 4049
953 4056
954 4054
955 4052
956 4056
957 4054
958 4052
959 4053
960 4053
961 4054
962 4056
963 4055
964 4056
965 4056
966 4053
967 4053
968 4054
969 4052
970 4054
971 4053
972 4053
973 4054
974 4053
975 4053
976 4056
977 4055
978 4050
979 4056
980 4053
981 4052
982 4056
983 4053
984 4050
985 4058
986 4052
987 4053
988 4056
989 4054
990 4052
991 4056
992 4055
993 4056
994 4055
995 4055
996 4053
997 4059
998 4053
999 4054
1000 4052
1001 4055
1002 4047
1003 4055
1004 4055
1005 4055
1006 4055
1007 4058
1008 4052
1009 4050
1010 4052
1011 4055
1012 4053
1013 4055
1014 4054
1015 4057
1016 4056
1017 4051
1018 4051
1019 4056
1020 4053
1021 4051
1022 4057
1023 4052
1024 4051
1025 4052
1026 4053
1027 4053
1028 4053
1029 4055
1030 4055
1031 4054
1032 4053
1033 4054
1034 4051
1035 4051
1036 4051
1037 4054
1038 4050
1039 4053
1040 4052
1041 4055
1042 4051
1043 4055
1044 4049
1045 4053
1046 4053
1047 4053
1048 4055
1049 4053
1050 4051
1051 4049
1052 4051
1053 4056
1054 4049
1055 4054
1056 4050
1057 4050
1058 4055
1059 4051
1060 4053
1061 4051
1062 4053
1063 4050
1064 4054
1065 4051
1066 4050
1067 4051
1068 4054
1069 4050
1070 4052
1071 4050
1072 4051
1073 4052
1074 4053
1075 4053
1076 4050
1077 4047
1078 4052
1079 4052
1080 4051
1081 4052
1082 4051
1083 4050
1084 4051
1085 4053
1086 4048
1087 4053
1088 4052
1089 4049
1090 4053
1091 4053
1092 4053
1093 4050
1094 4053
1095 4049
1096 4054
1097 4052
1098 4050
1099 4053
1100 4053
1101 4053
1102 4052
1103 4055
1104 4050
1105 4055
1106 4052
1107 4053
1108 4055
1109 4050
1110 4056
1111 4055
1112 4057
1113 4053
1114 4056
1115 4055
1116 4053
1117 4052
1118 4053
1119 4056
1120 4054
1121 4054
1122 4053
1123 4055
1124 4054
1125 4052
1126 4053
1127 4055
1128 4053
1129 4054
1130 4052
1131 4055
1132 4055
1133 4053
1134 4052
1135 4053
1136 4055
1137 4053
1138 4053
1139 4055
1140 4053
1141 4057
1142 4056
1143 4055
1144 4056
1145 4055
1146 4052
1147 4052
1148 4054
1149 4053
1150 4056
1151 4054
1152 4050
1153 4056
1154 4053
1155 4055
1156 4055
1157 4054
1158 4057
1159 4055
1160 4054
1161 4055
1162 4052
1163 4055
1164 4052
1165 4055
1166 4054
1167 4053
1168 4054
1169 4053
1170 4054
1171 4054
1172 4055
1173 4054
1174 4055
1175 4053
1176 4054
1177 4054
1178 4053
1179 4053
1180 4057
1181 4054
1182 4056
1183 4053
1184 4053
1185 4057
1186 4053
1187 4055
1188 4050
1189 4055
1190 4054
1191 4055
1192 4052
1193 4057
1194 4053
1195 4052
1196 4054
1197 4053
1198 4057
1199 4053
1200 4055
1201 4060
1202 4049
1203 4051
1204 4056
1205 4054
1206 4053
1207 4056
1208 4056
1209 4054
1210 4056
1211 4053
1212 4054
1213 4053
1214 4051
1215 4056
1216 4052
1217 4055
1218 4056
1219 4052
1220 4055
1221 4054
1222 4056
1223 4053
1224 4055
1225 4054
1226 4054
1227 4054
1228 4053
1229 4052
1230 4054
1231 4053
1232 4054
1233 4056
1234 4056
1235 4053
1236 4057
1237 4053
1238 4054
1239 4053
1240 4052
1241 4054
1242 4052
1243 4056
1244 4052
1245 4052
1246 4053
1247 4057
1248 4054
1249 4053
1250 4056
1251 4057
1252 4051
1253 4052
1254 4055
1255 4053
1256 4053
1257 4055
1258 4055
1259 4055
1260 4055
1261 4056
1262 4053
1263 4053
1264 4053
1265 4055
1266 4056
1267 4052
1268 4056
1269 4053
1270 4055
1271 4052
1272 4054
1273 4058
1274 4049
1275 4056
1276 4055
1277 4055
1278 4051
1279 4053
1280 4054
1281 4056
1282 4054
1283 4052
1284 4054
1285 4055
1286 4052
1287 4053
1288 4056
1289 4054
1290 4054
1291 4057
1292 4053
1293 4057
1294 4051
1295 4055
1296 4056
1297 4052
1298 4053
1299 4053
1300 4055
1301 4056
1302 4050
1303 4057
1304 4055
1305 4057
1306 4054
1307 4052
1308 4053
1309 4055
1310 4056
1311 4057
1312 4052
1313 4052
1314 4056
1315 4055
1316 4052
1317 4059
1318 4054
1319 4053
1320 4056
1321 4055
1322 4053
1323 4055
1324 4053
1325 4055
1326 4053
1327 4057
1328 4052
1329 4055
1330 4054
1331 4058
1332 4054
1333 4056
1334 4053
1335 4053
1336 4053
1337 4053
1338 4053
1339 4056
1340 4053
1341 4053
1342 4052
1343 4056
1344 4052
1345 4053
1346 4054
1347 4054
1348 4055
1349 4053
1350 4053
1351 4055
1352 4056
1353 4050
1354 4055
1355 4053
1356 4054
1357 4055
1358 4057
1359 4054
1360 4054
1361 4055
1362 4053
1363 4055
1364 4053
1365 4054
1366 4055
1367 4054
1368 4054
1369 4049
1370 4054
1371 4054
1372 4052
1373 4056
1374 4051
1375 4056
1376 4053
1377 4054
1378 4053
1379 4056
1380 4051
1381 4057
1382 4052
1383 4055
1384 4052
1385 4058
1386 4056
1387 4056
1388 4054
1389 4052
1390 4052
1391 4053
1392 4050
1393 4054
1394 4054
1395 4055
1396 4051
1397 4052
1398 4053
1399 4054
1400 4052
1401 4058
1402 4052
1403 4053
1404 4052
1405 4054
1406 4054
1407 4054
1408 4055
1409 4054
1410 4057
1411 4052
1412 4053
1413 4056
1414 4057
1415 4055
1416 4053
1417 4053
1418 4057
1419 4055
1420 4052
1421 4057
1422 4053
1423 4055
1424 4055
1425 4052
1426 4054
1427 4055
1428 4056
1429 4050
1430 4054
1431 4053
1432 4054
1433 4056
1434 4053
1435 4053
1436 4053
1437 4053
1438 4055
1439 4054
1440 4055
1441 4055
1442 4055
1443 4056
1444 4055
1445 4053
1446 4056
1447 4057
1448 4053
1449 4058
1450 4051
1451 4057
1452 4051
1453 4051
1454 4056
1455 4057
1456 4053
1457 4056
1458 4052
1459 4058
1460 4053
1461 4049
1462 4054
1463 4053
1464 4053
1465 4055
1466 4057
1467 4055
1468 4059
1469 4055
1470 4052
1471 4054
1472 4053
1473 4055
1474 4053
1475 4055
1476 4053
1477 4057
1478 4053
1479 4054
1480 4053
1481 4056
1482 4056
1483 4053
1484 4054
1485 4057
1486 4053
1487 4051
1488 4055
1489 4054
1490 4053
1491 4054
1492 4052
1493 4055
1494 4053
1495 4054
1496 4055
1497 4052
1498 4057
1499 4054
1500 4052
1501 4057
1502 4052
1503 4055
1504 4050
1505 4054
1506 4055
1507 4053
1508 4055
1509 4055
1510 4053
1511 4058
1512 4055
1513 4054
1514 4053
1515 4055
1516 4055
1517 4056
1518 4055
1519 4055
1520 4053
1521 4054
1522 4053
1523 4057
1524 4052
1525 4055
1526 4057
1527 4055
1528 4051
1529 4057
1530 4053
1531 4053
1532 4055
1533 4053
1534 4053
1535 4054
1536 4055
1537 4052
1538 4055
1539 4054
1540 4055
1541 4055
1542 4054
1543 4055
1544 4052
1545 4054
1546 4060
1547 4055
1548 4053
1549 4056
1550 4055
1551 4056
1552 4053
1553 4054
1554 4052
1555 4053
1556 4055
1557 4056
1558 4050
1559 4057
1560 4056
1561 4053
1562 4055
1563 4053
1564 4056
1565 4053
1566 4053
1567 4054
1568 4056
1569 4055
1570 4053
1571 4057
1572 4054
1573 4056
1574 4054
1575 4054
1576 4055
1577 4055
1578 4058
1579 4054
1580 4052
1581 4054
1582 4056
1583 4055
1584 4054
1585 4053
1586 4056
1587 4052
1588 4053
1589 4053
1590 4053
1591 4054
1592 4055
1593 4060
1594 4054
1595 4055
1596 4054
1597 4056
1598 4053
1599 4057
1600 4053
1601 4056
1602 4051
1603 4054
1604 4051
1605 4055
1606 4053
1607 4054
1608 4052
1609 4054
1610 4053
1611 4053
1612 4056
1613 4055
1614 4055
1615 4059
1616 4053
1617 4052
1618 4054
1619 4054
1620 4053
1621 4056
1622 4054
1623 4055
1624 4054
1625 4054
1626 4052
1627 4053
1628 4053
1629 4054
1630 4051
1631 4058
1632 4053
1633 4055
1634 4054
1635 4051
1636 4056
1637 4055
1638 4056
1639 4058
1640 4053
1641 4054
1642 4053
1643 4057
1644 4054
1645 4053
1646 4052
1647 4053
1648 4055
1649 4056
1650 4054
1651 4055
1652 4051
1653 4055
1654 4052
1655 4052
1656 4053
1657 4054
1658 4053
1659 4056
1660 4058
1661 4055
1662 4057
1663 4052
1664 4056
1665 4055
1666 4055
1667 4054
1668 4055
1669 4055
1670 4053
1671 4053
1672 4053
1673 4054
1674 4054
1675 4054
1676 4053
1677 4053
1678 4052
1679 4053
1680 4053
1681 4055
1682 4050
1683 4057
1684 4056
1685 4052
1686 4052
1687 4053
1688 4054
1689 4058
1690 4053
1691 4053
1692 4052
1693 4053
1694 4053
1695 4053
1696 4052
1697 4056
1698 4053
1699 4055
1700 4055
1701 4058
1702 4049
1703 4057
1704 4056
1705 4051
1706 4054
1707 4054
1708 4055
1709 4054
1710 4053
1711 4057
1712 4054
1713 4053
1714 4053
1715 4055
1716 4051
1717 4059
1718 4057
1719 4052
1720 4054
1721 4055
1722 4053
1723 4056
1724 4051
1725 4055
1726 4054
1727 4055
1728 4051
1729 4055
1730 4057
1731 4050
1732 4054
1733 4055
1734 4055
1735 4055
1736 4052
1737 4055
1738 4054
1739 4053
1740 4055
1741 4055
1742 4054
1743 4055
1744 4055
1745 4056
1746 4055
1747 4056
1748 4052
1749 4055
1750 4056
1751 4055
1752 4052
1753 4055
1754 4056
1755 4053
1756 4053
1757 4052
1758 4055
1759 4055
1760 4054
1761 4054
1762 4055
1763 4054
1764 4053
1765 4055
1766 4051
1767 4055
1768 4050
1769 4054
1770 4053
1771 4052
1772 4056
1773 4055
1774 4055
1775 4053
1776 4056
1777 4053
1778 4054
1779 4057
1780 4049
1781 4056
1782 4053
1783 4054
1784 4051
1785 4054
1786 4057
1787 4052
1788 4056
1789 4054
1790 4051
1791 4050
1792 4054
1793 4056
1794 4053
1795 4055
1796 4053
1797 4052
1798 4055
1799 4057
1800 4054
1801 4055
1802 4051
1803 4052
1804 4051
1805 4053
1806 4053
1807 4055
1808 4054
1809 4057
1810 4055
1811 4056
1812 4055
1813 4052
1814 4056
1815 4053
1816 4055
1817 4057
1818 4053
1819 4050
1820 4056
1821 4056
1822 4055
1823 4056
1824 4053
1825 4053
1826 4052
1827 4053
1828 4056
1829 4056
1830 4049
1831 4054
1832 4054
1833 4056
1834 4053
1835 4053
1836 4052
1837 4057
1838 4053
1839 4055
1840 4054
1841 4052
1842 4054
1843 4055
1844 4049
1845 4051
1846 4052
1847 4053
1848 4056
1849 4057
1850 4052
1851 4054
1852 4051
1853 4052
1854 4051
1855 4054
1856 4053
1857 4054
1858 4056
1859 4054
1860 4052
1861 4055
1862 4055
1863 4055
1864 4053
1865 4053
1866 4053
1867 4056
1868 4055
1869 4054
1870 4052
1871 4056
1872 4052
1873 4053
1874 4054
1875 4053
1876 4055
1877 4053
1878 4055
1879 4055
1880 4052
1881 4055
1882 4051
1883 4053
1884 4057
1885 4055
1886 4055
1887 4055
1888 4052
1889 4054
1890 4053
1891 4053
1892 4053
1893 4055
1894 4053
1895 4051
1896 4054
1897 4055
1898 4053
1899 4053
1900 4055
1901 4055
1902 4050
1903 4054
1904 4054
1905 4053
1906 4053
1907 4056
1908 4055
1909 4054
1910 4055
1911 4054
1912 4053
1913 4053
1914 4056
1915 4052
1916 4053
1917 4052
1918 4057
1919 4052
1920 4051
1921 4056
1922 4053
1923 4055
1924 4053
1925 4052
1926 4054
1927 4057
1928 4050
1929 4053
1930 4050
1931 4054
1932 4055
1933 4053
1934 4052
1935 4056
1936 4052
1937 4053
1938 4053
1939 4053
1940 4055
1941 4053
1942 4051
1943 4054
1944 4053
1945 4055
1946 4055
1947 4055
1948 4055
1949 4051
1950 4056
1951 4057
1952 4052
1953 4052
1954 4054
1955 4049
1956 4055
1957 4053
1958 4056
1959 4054
1960 4050
1961 4056
1962 4052
1963 4053
1964 4056
1965 4052
1966 4055
1967 4059
1968 4055
1969 4053
1970 4052
1971 4054
1972 4050
1973 4053
1974 4052
1975 4053
1976 4057
1977 4053
1978 4054
1979 4053
1980 4053
1981 4056
1982 4053
1983 4053
1984 4055
1985 4053
1986 4054
1987 4055
1988 4054
1989 4058
1990 4056
1991 4053
1992 4053
1993 4056
1994 4053
1995 4054
1996 4052
1997 4053
1998 4051
1999 4055
2000 4054
2001 4056
2002 4053
2003 4054
2004 4056
2005 4055
2006 4056
2007 4053
2008 4054
2009 4053
2010 4052
2011 4053
2012 4055
2013 4055
2014 4057
2015 4057
2016 4056
2017 4053
2018 4055
2019 4053
2020 4052
2021 4057
2022 4054
2023 4056
2024 4052
2025 4055
2026 4053
2027 4055
2028 4054
2029 4055
2030 4057
2031 4052
2032 4055
2033 4055
2034 4055
2035 4053
2036 4058
2037 4057
2038 4053
2039 4055
2040 4054
2041 4051
2042 4055
2043 4056
2044 4053
2045 4052
2046 4052
2047 4057
2048 4052
2049 4055
2050 4052
2051 4057
2052 4050
2053 4056
2054 4058
2055 4054
2056 4059
2057 4053
2058 4051
2059 4054
2060 4053
2061 4055
2062 4052
2063 4053
2064 4055
2065 4056
2066 4052
2067 4052
2068 4051
2069 4056
2070 4055
2071 4056
2072 4056
2073 4053
2074 4056
2075 4054
2076 4057
2077 4056
2078 4053
2079 4057
2080 4053
2081 4054
2082 4053
2083 4054
2084 4055
2085 4053
2086 4054
2087 4057
2088 4054
2089 4055
2090 4056
2091 4055
2092 4053
2093 4055
2094 4052
2095 4053
2096 4052
2097 4055
2098 4053
2099 4055
2100 4054
2101 4058
2102 4049
2103 4055
2104 4056
2105 4055
2106 4054
2107 4053
2108 4053
2109 4055
2110 4053
2111 4055
2112 4054
2113 4052
2114 4055
2115 4055
2116 4053
2117 4053
2118 4055
2119 4052
2120 4054
2121 4055
2122 4053
2123 4053
2124 4057
2125 4055
2126 4053
2127 4055
2128 4050
2129 4053
2130 4053
2131 4053
2132 4053
2133 4056
2134 4053
2135 4054
2136 4054
2137 4054
2138 4057
2139 4056
2140 4052
2141 4053
2142 4055
2143 4052
2144 4053
2145 4051
2146 4053
2147 4053
2148 4055
2149 4055
2150 4052
2151 4059
2152 4053
2153 4056
2154 4053
2155 4053
2156 4055
2157 4054
2158 4054
2159 4054
2160 4053
2161 4053
2162 4055
2163 4055
2164 4056
2165 4055
2166 4054
2167 4053
2168 4053
2169 4053
2170 4053
2171 4056
2172 4052
2173 4053
2174 4056
2175 4052
2176 4054
2177 4056
2178 4054
2179 4054
2180 4055
2181 4052
2182 4053
2183 4052
2184 4053
2185 4053
2186 4055
2187 4052
2188 4056
2189 4054
2190 4055
2191 4053
2192 4052
2193 4052
2194 4054
2195 4054
2196 4055
2197 4053
2198 4052
2199 4053
2200 4056
2201 4057
2202 4052
2203 4054
2204 4055
2205 4057
2206 4053
2207 4052
2208 4053
2209 4055
2210 4051
2211 4053
2212 4053
2213 4054
2214 4051
2215 4052
2216 4051
2217 4053
2218 4056
2219 4056
2220 4052
2221 4054
2222 4054
2223 4051
2224 4052
2225 4051
2226 4050
2227 4052
2228 4051
2229 4056
2230 4053
2231 4053
2232 4053
2233 4051
2234 4052
2235 4054
2236 4055
2237 4053
2238 4050
2239 4052
2240 4052
2241 4056
2242 4052
2243 4053
2244 4052
2245 4055
2246 4052
2247 4057
2248 4049
2249 4053
2250 4053
2251 4055
2252 4050
2253 4057
2254 4056
2255 4054
2256 4052
2257 4055
2258 4052
2259 4058
2260 4053
2261 4053
2262 4056
2263 4054
2264 4053
2265 4056
2266 4052
2267 4055
2268 4054
2269 4054
2270 4053
2271 4056
2272 4056
2273 4052
2274 4055
2275 4054
2276 4054
2277 4055
2278 4055
2279 4050
2280 4052
2281 4057
2282 4052
2283 4051
2284 4055
2285 4051
2286 4053
2287 4055
2288 4054
2289 4056
2290 4054
2291 4057
2292 4057
2293 4053
2294 4057
2295 4053
2296 4053
2297 4057
2298 4053
2299 4057
2300 4055
2301 4058
2302 4051
2303 4055
2304 4055
2305 4053
2306 4055
2307 4052
2308 4057
2309 4055
2310 4053
2311 4055
2312 4053
2313 4053
2314 4055
2315 4053
2316 4056
2317 4055
2318 4054
2319 4054
2320 4053
2321 4054
2322 4057
2323 4053
2324 4055
2325 4054
2326 4053
2327 4055
2328 4057
2329 4054
2330 4051
2331 4056
2332 4052
2333 4052
2334 4054
2335 4053
2336 4055
2337 4055
2338 4052
2339 4055
2340 4055
2341 4057
2342 4054
2343 4053
2344 4055
2345 4055
2346 4055
2347 4054
2348 4051
2349 4054
2350 4056
2351 4054
2352 4051
2353 4053
2354 4054
2355 4052
2356 4053
2357 4057
2358 4051
2359 4057
2360 4053
2361 4057
2362 4053
2363 4055
2364 4053
2365 4055
2366 4054
2367 4053
2368 4054
2369 4055
2370 4057
2371 4056
2372 4054
2373 4055
2374 4056
2375 4054
2376 4052
2377 4059
2378 4056
2379 4057
2380 4053
2381 4051
2382 4057
2383 4054
2384 4053
2385 4055
2386 4057
2387 4055
2388 4052
2389 4055
2390 4053
2391 4058
2392 4054
2393 4054
2394 4056
2395 4052
2396 4054
2397 4053
2398 4053
2399 4054
2400 4052
2401 4057
2402 4050
2403 4055
2404 4058
2405 4054
2406 4051
2407 4055
2408 4055
2409 4052
2410 4052
2411 4059
2412 4053
2413 4055
2414 4051
2415 4054
2416 4058
2417 4053
2418 4056
2419 4053
2420 4059
2421 4056
2422 4053
2423 4052
2424 4055
2425 4057
2426 4055
2427 4055
2428 4055
2429 4056
2430 4056
2431 4053
2432 4052
2433 4052
2434 4055
2435 4053
2436 4056
2437 4055
2438 4055
2439 4056
2440 4053
2441 4055
2442 4055
2443 4053
2444 4053
2445 4052
2446 4054
2447 4051
2448 4054
2449 4055
2450 4050
2451 4058
2452 4050
2453 4052
2454 4053
2455 4053
2456 4054
2457 4053
2458 4055
2459 4052
2460 4056
2461 4057
2462 4055
2463 4054
2464 4051
2465 4053
2466 4053
2467 4055
2468 4053
2469 4055
2470 4053
2471 4053
2472 4054
2473 4055
2474 4057
2475 4059
2476 4052
2477 4057
2478 4055
2479 4054
2480 4053
2481 4055
2482 4054
2483 4055
2484 4053
2485 4052
2486 4056
2487 4053
2488 4053
2489 4056
2490 4055
2491 4055
2492 4053
2493 4054
2494 4053
2495 4057
2496 4053
2497 4054
2498 4054
2499 4055
2500 4057
2501 4056
2502 4051
2503 4054
2504 4052
2505 4053
2506 4053
2507 4053
2508 4052
2509 4057
2510 4055
2511 4054
2512 4057
2513 4055
2514 4052
2515 4052
2516 4053
2517 4054
2518 4056
2519 4055
2520 4054
2521 4054
2522 4054
2523 4056
2524 4054
2525 4054
2526 4054
2527 4053
2528 4050
2529 4059
2530 4055
2531 4053
2532 4058
2533 4056
2534 4053
2535 4056
2536 4053
2537 4053
2538 4054
2539 4057
2540 4051
2541 4051
2542 4050
2543 4052
2544 4055
2545 4055
2546 4056
2547 4057
2548 4053
2549 4053
2550 4055
2551 4057
2552 4053
2553 4055
2554 4050
2555 4053
2556 4052
2557 4055
2558 4051
2559 4055
2560 4052
2561 4052
2562 4053
2563 4054
2564 4054
2565 4057
2566 4052
2567 4052
2568 4055
2569 4054
2570 4056
2571 4053
2572 4055
2573 4054
2574 4051
2575 4055
2576 4053
2577 4053
2578 4052
2579 4052
2580 4054
2581 4059
2582 4054
2583 4054
2584 4053
2585 4052
2586 4053
2587 4056
2588 4053
2589 4056
2590 4055
2591 4056
2592 4053
2593 4055
2594 4054
2595 4054
2596 4053
2597 4054
2598 4052
2599 4054
2600 4054
2601 4056
2602 4049
2603 4055
2604 4050
2605 4053
2606 4055
2607 4051
2608 4057
2609 4055
2610 4052
2611 4057
2612 4055
2613 4054
2614 4055
2615 4057
2616 4054
2617 4052
2618 4053
2619 4055
2620 4054
2621 4054
2622 4052
2623 4053
2624 4054
2625 4057
2626 4052
2627 4055
2628 4055
2629 4053
2630 4049
2631 4053
2632 4054
2633 4052
2634 4050
2635 4053
2636 4053
2637 4057
2638 4052
2639 4056
2640 4056
2641 4053
2642 4055
2643 4055
2644 4051
2645 4056
2646 4051
2647 4052
2648 4054
2649 4052
2650 4053
2651 4055
2652 4049
2653 4055
2654 4053
2655 4053
2656 4056
2657 4056
2658 4057
2659 4053
2660 4057
2661 4051
2662 4054
2663 4055
2664 4052
2665 4050
2666 4053
2667 4053
2668 4056
2669 4054
2670 4053
2671 4053
2672 4052
2673 4054
2674 4052
2675 4054
2676 4053
2677 4053
2678 4054
2679 4055
2680 4052
2681 4053
2682 4055
2683 4052
2684 4053
2685 4053
2686 4051
2687 4053
2688 4054
2689 4052
2690 4055
2691 4053
2692 4052
2693 4054
2694 4057
2695 4054
2696 4054
2697 4054
2698 4052
2699 4053
2700 4054
2701 4064
2702 4049
2703 4050
2704 4052
2705 4052
2706 4053
2707 4053
2708 4050
2709 4055
2710 4055
2711 4052
2712 4053
2713 4056
2714 4053
2715 4053
2716 4053
2717 4052
2718 4054
2719 4054
2720 4051
2721 4050
2722 4054
2723 4054
2724 4054
2725 4055
2726 4053
2727 4054
2728 4053
2729 4052
2730 4057
2731 4055
2732 4049
2733 4051
2734 4056
2735 4055
2736 4050
2737 4053
2738 4052
2739 4052
2740 4054
2741 4055
2742 4054
2743 4058
2744 4054
2745 4053
2746 4054
2747 4056
2748 4055
2749 4053
2750 4051
2751 4060
2752 4051
2753 4052
2754 4053
2755 4054
2756 4052
2757 4056
2758 4049
2759 4052
2760 4055
2761 4053
2762 4054
2763 4053
2764 4054
2765 4053
2766 4053
2767 4053
2768 4055
2769 4050
2770 4049
2771 4053
2772 4055
2773 4050
2774 4053
2775 4054
2776 4054
2777 4055
2778 4051
2779 4049
2780 4050
2781 4053
2782 4055
2783 4055
2784 4050
2785 4050
2786 4053
2787 4055
2788 4053
2789 4054
2790 4053
2791 4053
2792 4051
2793 4052
2794 4052
2795 4053
2796 4054
2797 4056
2798 4051
2799 4055
2800 4053
2801 4056
2802 4050
2803 4055
2804 4052
2805 4053
2806 4051
2807 4053
2808 4053
2809 4050
2810 4053
2811 4051
2812 4052
2813 4052
2814 4049
2815 4053
2816 4051
2817 4052
2818 4054
2819 4055
2820 4054
2821 4053
2822 4053
2823 4052
2824 4053
2825 4055
2826 4054
2827 4053
2828 4053
2829 4052
2830 4051
2831 4051
2832 4052
2833 4054
2834 4055
2835 4054
2836 4054
2837 4054
2838 4053
2839 4053
2840 4053
2841 4053
2842 4051
2843 4055
2844 4053
2845 4055
2846 4052
2847 4053
2848 4055
2849 4052
2850 4054
2851 4055
2852 4051
2853 4050
2854 4054
2855 4050
2856 4053
2857 4055
2858 4052
2859 4053
2860 4052
2861 4057
2862 4055
2863 4053
2864 4052
2865 4055
2866 4052
2867 4052
2868 4052
2869 4052
2870 4052
2871 4053
2872 4055
2873 4055
2874 4053
2875 4053
2876 4052
2877 4055
2878 4053
2879 4055
2880 4052
2881 4055
2882 4053
2883 4055
2884 4051
2885 4052
2886 4052
2887 4054
2888 4051
2889 4053
2890 4054
2891 4055
2892 4052
2893 4053
2894 4053
2895 4056
2896 4053
2897 4057
2898 4052
2899 4055
2900 4054
2901 4055
2902 4052
2903 4056
2904 4053
2905 4053
2906 4054
2907 4053
2908 4051
2909 4055
2910 4050
2911 4054
2912 4052
2913 4054
2914 4055
2915 4055
2916 4054
2917 4052
2918 4056
2919 4054
2920 4053
2921 4057
2922 4052
2923 4057
2924 4053
2925 4056
2926 4052
2927 4054
2928 4055
2929 4054
2930 4052
2931 4055
2932 4056
2933 4053
2934 4053
2935 4052
2936 4053
2937 4054
2938 4051
2939 4057
2940 4052
2941 4055
2942 4052
2943 4056
2944 4055
2945 4057
2946 4054
2947 4052
2948 4054
2949 4053
2950 4058
2951 4058
2952 4050
2953 4056
2954 4056
2955 4052
2956 4053
2957 4054
2958 4054
2959 4055
2960 4054
2961 4056
2962 4052
2963 4056
2964 4054
2965 4055
2966 4056
2967 4054
2968 4053
2969 4056
2970 4054
2971 4055
2972 4057
2973 4054
2974 4053
2975 4055
2976 4054
2977 4053
2978 4049
2979 4055
2980 4053
2981 4055
2982 4052
2983 4052
2984 4053
2985 4055
2986 4052
2987 4058
2988 4053
2989 4055
2990 4051
2991 4055
2992 4056
2993 4060
2994 4055
2995 4056
2996 4053
2997 4053
2998 4054
2999 4055
3000 4051
3001 4058
3002 4052
3003 4053
3004 4053
3005 4052
3006 4055
3007 4056
3008 4052
3009 4054
3010 4056
3011 4055
3012 4055
3013 4055
3014 4056
3015 4053
3016 4051
3017 4057
3018 4054
3019 4052
3020 4055
3021 4056
3022 4054
3023 4053
3024 4056
3025 4055
3026 4055
3027 4057
3028 4054
3029 4055
3030 4055
3031 4054
3032 4054
3033 4055
3034 4054
3035 4053
3036 4053
3037 4055
3038 4056
3039 4057
3040 4050
3041 4055
3042 4054
3043 4055
3044 4054
3045 4051
3046 4052
3047 4056
3048 4053
3049 4052
3050 4057
3051 4055
3052 4055
3053 4051
3054 4053
3055 4055
3056 4056
3057 4052
3058 4057
3059 4054
3060 4054
3061 4059
3062 4052
3063 4054
3064 4052
3065 4051
3066 4053
3067 4056
3068 4054
3069 4057
3070 4053
3071 4054
3072 4056
3073 4055
3074 4051
3075 4053
3076 4053
3077 4053
3078 4052
3079 4057
3080 4053
3081 4053
3082 4052
3083 4055
3084 4054
3085 4054
3086 4057
3087 4054
3088 4054
3089 4055
3090 4054
3091 4054
3092 4052
3093 4054
3094 4056
3095 4055
3096 4049
3097 4058
3098 4056
3099 4054
3100 4053
3101 4056
3102 4050
3103 4052
3104 4053
3105 4054
3106 4053
3107 4051
3108 4054
3109 4053
3110 4052
3111 4055
3112 4055
3113 4050
3114 4053
3115 4052
3116 4057
3117 4053
3118 4056
3119 4057
3120 4055
3121 4051
3122 4052
3123 4054
3124 4051
3125 4052
3126 4055
3127 4055
3128 4055
3129 4056
3130 4053
3131 4056
3132 4056
3133 4051
3134 4054
3135 4055
3136 4053
3137 4055
3138 4055
3139 4054
3140 4056
3141 4053
3142 4053
3143 4057
3144 4053
3145 4056
3146 4054
3147 4056
3148 4054
3149 4055
3150 4052
3151 4057
3152 4050
3153 4053
3154 4054
3155 4055
3156 4053
3157 4057
3158 4053
3159 4056
3160 4056
3161 4056
3162 4054
3163 4055
3164 4053
3165 4054
3166 4056
3167 4053
3168 4056
3169 4053
3170 4052
3171 4057
3172 4051
3173 4054
3174 4053
3175 4053
3176 4054
3177 4055
3178 4054
3179 4053
3180 4052
3181 4055
3182 4052
3183 4054
3184 4055
3185 4056
3186 4054
3187 4055
3188 4052
3189 4053
3190 4053
3191 4054
3192 4053
3193 4054
3194 4054
3195 4056
3196 4055
3197 4052
3198 4052
3199 4055
3200 4054
3201 4058
3202 4053
3203 4054
3204 4054
3205 4054
3206 4053
3207 4053
3208 4056
3209 4054
3210 4056
3211 4054
3212 4053
3213 4050
3214 4055
3215 4052
3216 4055
3217 4053
3218 4055
3219 4057
3220 4055
3221 4055
3222 4054
3223 4057
3224 4056
3225 4055
3226 4055
3227 4056
3228 4057
3229 4053
3230 4053
3231 4056
3232 4055
3233 4057
3234 4055
3235 4055
3236 4052
3237 4051
3238 4057
3239 4057
3240 4052
3241 4055
3242 4055
3243 4055
3244 4055
3245 4057
3246 4053
3247 4052
3248 4057
3249 4055
3250 4055
3251 4058
3252 4052
3253 4055
3254 4055
3255 4057
3256 4055
3257 4051
3258 4057
3259 4056
3260 4051
3261 4055
3262 4053
3263 4050
3264 4054
3265 4054
3266 4054
3267 4056
3268 4053
3269 4056
3270 4055
3271 4053
3272 4055
3273 4055
3274 4053
3275 4055
3276 4053
3277 4053
3278 4054
3279 4053
3280 4052
3281 4052
3282 4050
3283 4055
3284 4054
3285 4055
3286 4053
3287 4054
3288 4052
3289 4053
3290 4054
3291 4056
3292 4052
3293 4056
3294 4053
3295 4056
3296 4053
3297 4055
3298 4056
3299 4057
3300 4055
3301 4055
3302 4054
3303 4054
3304 4055
3305 4054
3306 4054
3307 4053
3308 4055
3309 4055
3310 4051
3311 4056
3312 4052
3313 4053
3314 4057
3315 4055
3316 4053
3317 4054
3318 4056
3319 4055
3320 4055
3321 4058
3322 4054
3323 4053
3324 4057
3325 4053
3326 4055
3327 4057
3328 4053
3329 4056
3330 4058
3331 4055
3332 4055
3333 4055
3334 4056
3335 4056
3336 4057
3337 4053
3338 4052
3339 4058
3340 4054
3341 4054
3342 4056
3343 4051
3344 4053
3345 4056
3346 4053
3347 4054
3348 4055
3349 4055
3350 4056
3351 4059
3352 4051
3353 4055
3354 4051
3355 4057
3356 4053
3357 4054
3358 4054
3359 4054
3360 4053
3361 4055
3362 4055
3363 4056
3364 4051
3365 4055
3366 4052
3367 4054
3368 4053
3369 4055
3370 4055
3371 4055
3372 4054
3373 4055
3374 4055
3375 4058
3376 4053
3377 4056
3378 4051
3379 4053
3380 4051
3381 4053
3382 4054
3383 4054
3384 4054
3385 4055
3386 4053
3387 4052
3388 4056
3389 4053
3390 4055
3391 4057
3392 4054
3393 4057
3394 4056
3395 4055
3396 4053
3397 4053
3398 4055
3399 4053
3400 4053
3401 4057
3402 4051
3403 4056
3404 4054
3405 4053
3406 4055
3407 4052
3408 4052
3409 4057
3410 4051
3411 4053
3412 4057
3413 4055
3414 4055
3415 4055
3416 4052
3417 4056
3418 4055
3419 4053
3420 4052
3421 4052
3422 4054
3423 4055
3424 4051
3425 4053
3426 4053
3427 4054
3428 4053
3429 4052
3430 4056
3431 4056
3432 4055
3433 4053
3434 4054
3435 4054
3436 4056
3437 4055
3438 4052
3439 4055
3440 4054
3441 4055
3442 4051
3443 4053
3444 4052
3445 4054
3446 4055
3447 4054
3448 4051
3449 4050
3450 4052
3451 4057
3452 4051
3453 4056
3454 4055
3455 4053
3456 4054
3457 4052
3458 4055
3459 4055
3460 4049
3461 4053
3462 4058
3463 4052
3464 4053
3465 4055
3466 4053
3467 4053
3468 4055
3469 4052
3470 4058
3471 4055
3472 4054
3473 4055
3474 4055
3475 4054
3476 4054
3477 4057
3478 4051
3479 4054
3480 4053
3481 4051
3482 4056
3483 4054
3484 4050
3485 4057
3486 4056
3487 4056
3488 4053
3489 4057
3490 4057
3491 4053
3492 4053
3493 4054
3494 4050
3495 4055
3496 4051
3497 4053
3498 4055
3499 4053
3500 4055
3501 4058
3502 4054
3503 4052
3504 4056
3505 4049
3506 4054
3507 4053
3508 4056
3509 4055
3510 4051
3511 4054
3512 4055
3513 4055
3514 4055
3515 4055
3516 4054
3517 4056
3518 4054
3519 4054
3520 4052
3521 4059
3522 4055
3523 4055
3524 4053
3525 4055
3526 4054
3527 4055
3528 4054
3529 4055
3530 4054
3531 4057
3532 4055
3533 4055
3534 4054
3535 4056
3536 4056
3537 4055
3538 4054
3539 4056
3540 4053
3541 4054
3542 4052
3543 4054
3544 4051
3545 4053
3546 4055
3547 4055
3548 4056
3549 4056
3550 4055
3551 4057
3552 4053
3553 4055
3554 4052
3555 4055
3556 4053
3557 4053
3558 4054
3559 4055
3560 4054
3561 4055
3562 4052
3563 4057
3564 4053
3565 4057
3566 4055
3567 4057
3568 4054
3569 4056
3570 4055
3571 4054
3572 4052
3573 4056
3574 4055
3575 4050
3576 4055
3577 4057
3578 4053
3579 4054
3580 4051
3581 4054
3582 4052
3583 4056
3584 4055
3585 4055
3586 4057
3587 4055
3588 4057
3589 4053
3590 4054
3591 4054
3592 4052
3593 4056
3594 4056
3595 4053
3596 4053
3597 4055
3598 4053
3599 4051
3600 4057
3601 4058
3602 4052
3603 4054
3604 4053
3605 4052
3606 4053
3607 4055
3608 4054
3609 4056
3610 4056
3611 4057
3612 4053
3613 4054
3614 4055
3615 4056
3616 4052
3617 4055
3618 4055
3619 4056
3620 4051
3621 4058
3622 4053
3623 4052
3624 4053
3625 4053
3626 4057
3627 4054
3628 4053
3629 4051
3630 4052
3631 4054
3632 4051
3633 4054
3634 4052
3635 4054
3636 4053
3637 4054
3638 4055
3639 4053
3640 4057
3641 4054
3642 4053
3643 4055
3644 4053
3645 4056
3646 4054
3647 4055
3648 4054
3649 4055
3650 4055
3651 4059
3652 4050
3653 4055
3654 4051
3655 4053
3656 4055
3657 4057
3658 4055
3659 4054
3660 4051
3661 4055
3662 4052
3663 4055
3664 4053
3665 4057
3666 4054
3667 4052
3668 4058
3669 4054
3670 4053
3671 4054
3672 4056
3673 4051
3674 4054
3675 4056
3676 4057
3677 4050
3678 4052
3679 4055
3680 4053
3681 4054
3682 4056
3683 4053
3684 4051
3685 4055
3686 4057
3687 4053
3688 4055
3689 4053
3690 4054
3691 4057
3692 4053
3693 4053
3694 4051
