#Data from the TCD1304 linear CCD
#column 1 = pixelnumber , column 2 = pixelvalue
#Pixel 1-32 and 3679-3694 and are dummy pixels
#SH-period: 200    ICG-period: 100000    Integration time: 100.0 us
2 4043
3 4043
4 4061
5 4065
6 4059
7 4063
8 4064
9 4062
10 4064
11 4062
12 4063
13 4060
14 4062
15 4061
16 4061
17 4064
18 4061
19 4062
20 4065
21 4061
22 4061
23 4061
24 4065
25 4062
26 4060
27 4064
28 4063
29 4060
30 4062
31 4061
32 4064
34 4062
35 4062
36 4065
37 4060
38 4063
39 4061
40 4065
41 4064
42 4063
43 4062
44 4065
45 4062
46 4061
47 4061
48 4060
49 4059
50 4064
51 4064
52 4059
53 4061
54 4065
55 4064
56 4059
57 4061
58 4065
59 4059
60 4062
61 4062
62 4062
63 4061
64 4059
65 4064
66 4063
67 4064
68 4060
69 4062
70 4061
71 4064
72 4060
73 4062
74 4060
75 4064
76 4064
77 4065
78 4058
79 4062
80 4064
81 4064
82 4060
83 4064
84 4060
85 4064
86 4064
87 4062
88 4064
89 4065
90 4062
91 4064
92 4057
93 4064
94 4062
95 4061
96 4061
97 4064
98 4062
99 4062
100 4062
101 4066
102 4060
103 4064
104 4062
105 4065
106 4064
107 4064
108 4062
109 4061
110 4061
111 4064
112 4061
113 4065
114 4065
115 4059
116 4066
117 4064
118 4062
119 4065
120 4061
121 4065
122 4061
123 4064
124 4065
125 4060
126 4061
127 4062
128 4062
129 4065
130 4062
131 4064
132 4064
133 4064
134 4061
135 4064
136 4062
137 4064
138 4061
139 4060
140 4064
141 4062
142 4064
143 4064
144 4062
145 4060
146 4064
147 4064
148 4064
149 4064
150 4061
151 4064
152 4058
153 4064
154 4064
155 4064
156 4064
157 4064
158 4062
159 4061
160 4061
161 4065
162 4064
163 4064
164 4061
165 4062
166 4062
167 4064
168 4061
169 4061
170 4064
171 4062
172 4062
173 4060
174 4065
175 4062
176 4061
177 4064
178 4064
179 4067
180 4064
181 4065
182 4062
183 4061
184 4062
185 4061
186 4064
187 4060
188 4062
189 4064
190 4060
191 4064
192 4063
193 4064
194 4065
195 4062
196 4062
197 4064
198 4064
199 4061
200 4060
201 4064
202 4056
203 4065
204 4061
205 4062
206 4061
207 4061
208 4064
209 4062
210 4060
211 4061
212 4059
213 4061
214 4059
215 4065
216 4061
217 4064
218 4066
219 4061
220 4061
221 4064
222 4064
223 4061
224 4061
225 4058
226 4061
227 4064
228 4064
229 4061
230 4061
231 4062
232 4061
233 4062
234 4061
235 4064
236 4062
237 4065
238 4057
239 4060
240 4061
241 4057
242 4064
243 4061
244 4064
245 4061
246 4060
247 4062
248 4064
249 4061
250 4062
251 4067
252 4059
253 4062
254 4061
255 4061
256 4064
257 4061
258 4064
259 4064
260 4062
261 4064
262 4064
263 4066
264 4062
265 4064
266 4059
267 4062
268 4064
269 4064
270 4062
271 4060
272 4061
273 4062
274 4062
275 4064
276 4061
277 4062
278 4060
279 4062
280 4061
281 4060
282 4061
283 4064
284 4059
285 4062
286 4060
287 4064
288 4064
289 4061
290 4064
291 4062
292 4064
293 4064
294 4064
295 4061
296 4062
297 4064
298 4064
299 4066
300 4064
301 4068
302 4061
303 4064
304 4064
305 4064
306 4064
307 4061
308 4067
309 4064
310 4060
311 4064
312 4060
313 4061
314 4062
315 4062
316 4062
317 4064
318 4061
319 4064
320 4061
321 4064
322 4063
323 4062
324 4064
325 4061
326 4064
327 4060
328 4064
329 4060
330 4061
331 4064
332 4061
333 4064
334 4061
335 4064
336 4064
337 4064
338 4061
339 4064
340 4060
341 4062
342 4063
343 4064
344 4060
345 4061
346 4061
347 4062
348 4061
349 4064
350 4064
351 4065
352 4057
353 4067
354 4060
355 4060
356 4061
357 4060
358 4064
359 4059
360 4065
361 4061
362 4060
363 4064
364 4060
365 4062
366 4064
367 4064
368 4060
369 4064
370 4064
371 4064
372 4061
373 4064
374 4064
375 4059
376 4065
377 4059
378 4059
379 4061
380 4061
381 4059
382 4060
383 4066
384 4061
385 4064
386 4060
387 4065
388 4065
389 4062
390 4060
391 4064
392 4059
393 4061
394 4061
395 4061
396 4064
397 4062
398 4064
399 4062
400 4061
401 4066
402 4060
403 4065
404 4062
405 4064
406 4064
407 4060
408 4061
409 4064
410 4064
411 4060
412 4062
413 4061
414 4060
415 4065
416 4060
417 4057
418 4062
419 4062
420 4059
421 4064
422 4060
423 4063
424 4064
425 4064
426 4064
427 4060
428 4064
429 4061
430 4062
431 4060
432 4060
433 4062
434 4059
435 4065
436 4064
437 4061
438 4059
439 4061
440 4060
441 4061
442 4060
443 4065
444 4064
445 4060
446 4060
447 4058
448 4064
449 4064
450 4064
451 4066
452 4058
453 4064
454 4061
455 4064
456 4061
457 4064
458 4064
459 4061
460 4064
461 4063
462 4064
463 4064
464 4064
465 4059
466 4064
467 4060
468 4060
469 4061
470 4061
471 4060
472 4064
473 4062
474 4064
475 4064
476 4060
477 4060
478 4066
479 4059
480 4061
481 4064
482 4061
483 4064
484 4059
485 4064
486 4062
487 4064
488 4062
489 4059
490 4062
491 4064
492 4064
493 4064
494 4064
495 4061
496 4063
497 4064
498 4065
499 4062
500 4062
501 4066
502 4059
503 4064
504 4062
505 4066
506 4066
507 4065
508 4064
509 4060
510 4062
511 4061
512 4060
513 4065
514 4061
515 4064
516 4064
517 4064
518 4060
519 4064
520 4059
521 4061
522 4061
523 4060
524 4064
525 4064
526 4064
527 4061
528 4061
529 4064
530 4064
531 4064
532 4061
533 4064
534 4056
535 4066
536 4062
537 4061
538 4062
539 4060
540 4064
541 4062
542 4061
543 4061
544 4064
545 4060
546 4064
547 4060
548 4059
549 4061
550 4064
551 4065
552 4060
553 4064
554 4060
555 4062
556 4061
557 4063
558 4062
559 4060
560 4064
561 4060
562 4059
563 4063
564 4061
565 4064
566 4065
567 4064
568 4062
569 4060
570 4065
571 4064
572 4064
573 4061
574 4058
575 4064
576 4060
577 4062
578 4061
579 4064
580 4062
581 4065
582 4057
583 4060
584 4065
585 4064
586 4062
587 4064
588 4064
589 4066
590 4060
591 4064
592 4064
593 4062
594 4061
595 4064
596 4064
597 4064
598 4064
599 4064
600 4062
601 4068
602 4061
603 4064
604 4062
605 4059
606 4064
607 4061
608 4061
609 4060
610 4062
611 4062
612 4065
613 4064
614 4064
615 4064
616 4061
617 4062
618 4064
619 4064
620 4064
621 4063
622 4065
623 4061
624 4064
625 4066
626 4061
627 4066
628 4061
629 4066
630 4064
631 4064
632 4061
633 4064
634 4061
635 4061
636 4060
637 4061
638 4064
639 4060
640 4061
641 4065
642 4064
643 4064
644 4061
645 4064
646 4064
647 4064
648 4064
649 4062
650 4061
651 4067
652 4060
653 4061
654 4061
655 4064
656 4064
657 4064
658 4064
659 4064
660 4061
661 4065
662 4062
663 4061
664 4064
665 4061
666 4061
667 4064
668 4064
669 4062
670 4060
671 4062
672 4061
673 4064
674 4060
675 4061
676 4064
677 4062
678 4060
679 4065
680 4060
681 4060
682 4061
683 4061
684 4062
685 4057
686 4062
687 4060
688 4060
689 4064
690 4061
691 4061
692 4064
693 4064
694 4064
695 4060
696 4064
697 4064
698 4061
699 4060
700 4064
701 4066
702 4060
703 4065
704 4062
705 4065
706 4062
707 4064
708 4064
709 4062
710 4064
711 4064
712 4064
713 4066
714 4061
715 4062
716 4064
717 4061
718 4062
719 4064
720 4061
721 4064
722 4059
723 4064
724 4064
725 4064
726 4064
727 4064
728 4064
729 4062
730 4064
731 4061
732 4062
733 4064
734 4060
735 4060
736 4064
737 4064
738 4064
739 4062
740 4064
741 4062
742 4059
743 4061
744 4061
745 4064
746 4064
747 4062
748 4062
749 4065
750 4058
751 4065
752 4059
753 4065
754 4062
755 4060
756 4062
757 4061
758 4060
759 4064
760 4064
761 4064
762 4060
763 4061
764 4064
765 4061
766 4065
767 4062
768 4065
769 4064
770 4064
771 4064
772 4060
773 4062
774 4061
775 4062
776 4066
777 4064
778 4060
779 4064
780 4065
781 4060
782 4064
783 4061
784 4062
785 4061
786 4064
787 4064
788 4060
789 4061
790 4062
791 4064
792 4064
793 4064
794 4064
795 4064
796 4060
797 4066
798 4059
799 4062
800 4062
801 4065
802 4058
803 4060
804 4062
805 4064
806 4064
807 4064
808 4064
809 4064
810 4060
811 4062
812 4064
813 4065
814 4060
815 4062
816 4061
817 4064
818 4061
819 4065
820 4060
821 4065
822 4059
823 4064
824 4061
825 4061
826 4062
827 4061
828 4060
829 4064
830 4064
831 4061
832 4064
833 4060
834 4061
835 4062
836 4061
837 4064
838 4061
839 4060
840 4062
841 4064
842 4064
843 4064
844 4060
845 4064
846 4064
847 4064
848 4061
849 4061
850 4061
851 4062
852 4058
853 4061
854 4064
855 4064
856 4059
857 4064
858 4064
859 4062
860 4059
861 4062
862 4064
863 4062
864 4063
865 4061
866 4061
867 4062
868 4064
869 4064
870 4064
871 4061
872 4059
873 4064
874 4061
875 4064
876 4064
877 4060
878 4064
879 4061
880 4061
881 4064
882 4060
883 4065
884 4061
885 4060
886 4062
887 4061
888 4061
889 4060
890 4064
891 4061
892 4060
893 4065
894 4064
895 4062
896 4064
897 4064
898 4060
899 4064
900 4064
901 4065
902 4059
903 4065
904 4064
905 4064
906 4061
907 4061
908 4064
909 4061
910 4061
911 4064
912 4060
913 4061
914 4064
915 4065
916 4067
917 4064
918 4061
919 4061
920 4064
921 4064
922 4062
923 4065
924 4062
925 4066
926 4062
927 4065
928 4065
929 4064
930 4064
931 4061
932 4060
933 4064
934 4060
935 4066
936 4061
937 4060
938 4066
939 4062
940 4062
941 4064
942 4061
943 4064
944 4059
945 4060
946 4061
947 4061
948 4059
949 4065
950 4064
951 4066
952 4064
953 4065
954 4061
955 4064
956 4060
957 4064
958 4064
959 4064
960 4061
961 4061
962 4061
963 4062
964 4061
965 4060
966 4064
967 4062
968 4061
969 4065
970 4060
971 4066
972 4062
973 4061
974 4064
975 4062
976 4060
977 4065
978 4065
979 4062
980 4062
981 4064
982 4064
983 4066
984 4061
985 4064
986 4064
987 4062
988 4064
989 4062
990 4064
991 4064
992 4062
993 4061
994 4061
995 4061
996 4062
997 4065
998 4060
999 4061
1000 4059
1001 4064
1002 4059
1003 4061
1004 4064
1005 4064
1006 4062
1007 4060
1008 4062
1009 4061
1010 4062
1011 4064
1012 4065
1013 4064
1014 4064
1015 4061
1016 4064
1017 4064
1018 4063
1019 4064
1020 4062
1021 4061
1022 4058
1023 4060
1024 4060
1025 4062
1026 4064
1027 4064
1028 4063
1029 4060
1030 4062
1031 4064
1032 4062
1033 4062
1034 4064
1035 4062
1036 4064
1037 4062
1038 4064
1039 4061
1040 4060
1041 4061
1042 4064
1043 4064
1044 4064
1045 4061
1046 4061
1047 4063
1048 4064
1049 4062
1050 4066
1051 4064
1052 4060
1053 4062
1054 4060
1055 4062
1056 4065
1057 4059
1058 4064
1059 4059
1060 4066
1061 4064
1062 4062
1063 4066
1064 4064
1065 4061
1066 4059
1067 4060
1068 4064
1069 4061
1070 4061
1071 4064
1072 4059
1073 4065
1074 4061
1075 4064
1076 4059
1077 4064
1078 4061
1079 4066
1080 4064
1081 4061
1082 4064
1083 4064
1084 4064
1085 4059
1086 4060
1087 4064
1088 4061
1089 4064
1090 4064
1091 4064
1092 4064
1093 4061
1094 4060
1095 4064
1096 4062
1097 4062
1098 4062
1099 4064
1100 4065
1101 4064
1102 4067
1103 4061
1104 4059
1105 4064
1106 4064
1107 4064
1108 4065
1109 4061
1110 4064
1111 4064
1112 4060
1113 4061
1114 4060
1115 4064
1116 4063
1117 4064
1118 4060
1119 4065
1120 4059
1121 4064
1122 4059
1123 4059
1124 4064
1125 4062
1126 4063
1127 4064
1128 4062
1129 4061
1130 4064
1131 4061
1132 4062
1133 4065
1134 4061
1135 4065
1136 4066
1137 4064
1138 4061
1139 4064
1140 4062
1141 4062
1142 4061
1143 4060
1144 4061
1145 4064
1146 4064
1147 4064
1148 4064
1149 4060
1150 4060
1151 4068
1152 4058
1153 4062
1154 4059
1155 4064
1156 4061
1157 4064
1158 4066
1159 4060
1160 4062
1161 4061
1162 4060
1163 4061
1164 4061
1165 4061
1166 4062
1167 4064
1168 4062
1169 4061
1170 4060
1171 4062
1172 4061
1173 4064
1174 4064
1175 4060
1176 4061
1177 4064
1178 4060
1179 4064
1180 4064
1181 4065
1182 4064
1183 4065
1184 4061
1185 4066
1186 4064
1187 4060
1188 4065
1189 4060
1190 4062
1191 4062
1192 4062
1193 4062
1194 4064
1195 4061
1196 4062
1197 4065
1198 4060
1199 4065
1200 4064
1201 4067
1202 4059
1203 4064
1204 4061
1205 4062
1206 4064
1207 4064
1208 4064
1209 4061
1210 4061
1211 4064
1212 4062
1213 4061
1214 4066
1215 4067
1216 4061
1217 4064
1218 4059
1219 4060
1220 4061
1221 4064
1222 4064
1223 4064
1224 4061
1225 4064
1226 4061
1227 4065
1228 4061
1229 4064
1230 4064
1231 4064
1232 4063
1233 4064
1234 4061
1235 4061
1236 4062
1237 4064
1238 4060
1239 4061
1240 4059
1241 4060
1242 4061
1243 4065
1244 4061
1245 4061
1246 4062
1247 4062
1248 4062
1249 4065
1250 4060
1251 4070
1252 4061
1253 4064
1254 4064
1255 4062
1256 4061
1257 4064
1258 4064
1259 4062
1260 4064
1261 4064
1262 4063
1263 4061
1264 4064
1265 4064
1266 4064
1267 4066
1268 4061
1269 4060
1270 4064
1271 4064
1272 4064
1273 4065
1274 4060
1275 4061
1276 4061
1277 4055
1278 4061
1279 4065
1280 4061
1281 4067
1282 4062
1283 4065
1284 4064
1285 4058
1286 4059
1287 4064
1288 4061
1289 4062
1290 4062
1291 4062
1292 4060
1293 4064
1294 4062
1295 4064
1296 4060
1297 4060
1298 4060
1299 4065
1300 4064
1301 4067
1302 4059
1303 4064
1304 4062
1305 4064
1306 4064
1307 4062
1308 4064
1309 4062
1310 4065
1311 4060
1312 4062
1313 4065
1314 4062
1315 4064
1316 4065
1317 4062
1318 4061
1319 4064
1320 4060
1321 4064
1322 4062
1323 4064
1324 4061
1325 4064
1326 4064
1327 4066
1328 4060
1329 4061
1330 4064
1331 4064
1332 4064
1333 4065
1334 4062
1335 4065
1336 4067
1337 4060
1338 4062
1339 4064
1340 4060
1341 4064
1342 4064
1343 4061
1344 4060
1345 4064
1346 4064
1347 4059
1348 4062
1349 4062
1350 4064
1351 4068
1352 4059
1353 4062
1354 4064
1355 4062
1356 4060
1357 4059
1358 4065
1359 4064
1360 4064
1361 4065
1362 4062
1363 4064
1364 4061
1365 4060
1366 4063
1367 4064
1368 4061
1369 4056
1370 4061
1371 4059
1372 4064
1373 4059
1374 4064
1375 4065
1376 4064
1377 4064
1378 4061
1379 4064
1380 4061
1381 4064
1382 4061
1383 4064
1384 4064
1385 4061
1386 4064
1387 4062
1388 4062
1389 4064
1390 4064
1391 4064
1392 4064
1393 4065
1394 4062
1395 4061
1396 4064
1397 4060
1398 4064
1399 4064
1400 4062
1401 4064
1402 4059
1403 4064
1404 4060
1405 4064
1406 4059
1407 4065
1408 4062
1409 4060
1410 4058
1411 4060
1412 4064
1413 4062
1414 4064
1415 4064
1416 4062
1417 4064
1418 4061
1419 4061
1420 4061
1421 4061
1422 4061
1423 4059
1424 4065
1425 4064
1426 4064
1427 4065
1428 4064
1429 4063
1430 4061
1431 4062
1432 4062
1433 4065
1434 4064
1435 4062
1436 4064
1437 4064
1438 4059
1439 4064
1440 4061
1441 4064
1442 4064
1443 4064
1444 4062
1445 4061
1446 4060
1447 4064
1448 4064
1449 4064
1450 4064
1451 4062
1452 4061
1453 4062
1454 4060
1455 4059
1456 4064
1457 4060
1458 4064
1459 4064
1460 4057
1461 4060
1462 4064
1463 4062
1464 4061
1465 4062
1466 4064
1467 4064
1468 4062
1469 4063
1470 4064
1471 4062
1472 4061
1473 4061
1474 4060
1475 4061
1476 4062
1477 4065
1478 4064
1479 4064
1480 4065
1481 4064
1482 4059
1483 4065
1484 4065
1485 4062
1486 4064
1487 4064
1488 4060
1489 4064
1490 4062
1491 4066
1492 4059
1493 4064
1494 4061
1495 4061
1496 4061
1497 4064
1498 4064
1499 4064
1500 4061
1501 4066
1502 4058
1503 4064
1504 4061
1505 4064
1506 4064
1507 4060
1508 4064
1509 4062
1510 4061
1511 4064
1512 4064
1513 4059
1514 4065
1515 4061
1516 4059
1517 4064
1518 4063
1519 4062
1520 4061
1521 4064
1522 4061
1523 4065
1524 4064
1525 4061
1526 4061
1527 4064
1528 4060
1529 4063
1530 4061
1531 4064
1532 4061
1533 4065
1534 4062
1535 4064
1536 4065
1537 4060
1538 4065
1539 4062
1540 4059
1541 4061
1542 4061
1543 4064
1544 4064
1545 4061
1546 4061
1547 4061
1548 4062
1549 4064
1550 4061
1551 4067
1552 4061
1553 4062
1554 4060
1555 4064
1556 4062
1557 4064
1558 4062
1559 4061
1560 4062
1561 4064
1562 4061
1563 4062
1564 4061
1565 4061
1566 4059
1567 4064
1568 4061
1569 4062
1570 4064
1571 4064
1572 4061
1573 4061
1574 4061
1575 4061
1576 4060
1577 4060
1578 4064
1579 4064
1580 4064
1581 4061
1582 4060
1583 4064
1584 4064
1585 4061
1586 4062
1587 4061
1588 4059
1589 4061
1590 4064
1591 4062
1592 4064
1593 4064
1594 4058
1595 4065
1596 4062
1597 4064
1598 4061
1599 4062
1600 4064
1601 4067
1602 4053
1603 4062
1604 4062
1605 4061
1606 4063
1607 4065
1608 4064
1609 4064
1610 4060
1611 4060
1612 4062
1613 4061
1614 4065
1615 4067
1616 4061
1617 4062
1618 4065
1619 4063
1620 4060
1621 4065
1622 4062
1623 4064
1624 4058
1625 4064
1626 4064
1627 4064
1628 4064
1629 4064
1630 4064
1631 4062
1632 4057
1633 4064
1634 4064
1635 4061
1636 4061
1637 4062
1638 4061
1639 4064
1640 4060
1641 4061
1642 4062
1643 4060
1644 4061
1645 4061
1646 4061
1647 4062
1648 4062
1649 4062
1650 4061
1651 4064
1652 4057
1653 4065
1654 4064
1655 4064
1656 4064
1657 4064
1658 4062
1659 4062
1660 4062
1661 4064
1662 4057
1663 4061
1664 4062
1665 4065
1666 4064
1667 4064
1668 4064
1669 4061
1670 4064
1671 4064
1672 4064
1673 4064
1674 4064
1675 4062
1676 4064
1677 4064
1678 4062
1679 4066
1680 4065
1681 4061
1682 4060
1683 4061
1684 4060
1685 4062
1686 4060
1687 4061
1688 4062
1689 4066
1690 4064
1691 4064
1692 4061
1693 4064
1694 4060
1695 4062
1696 4065
1697 4062
1698 4061
1699 4062
1700 4064
1701 4065
1702 4059
1703 4064
1704 4061
1705 4064
1706 4064
1707 4062
1708 4062
1709 4062
1710 4059
1711 4062
1712 4059
1713 4060
1714 4064
1715 4064
1716 4060
1717 4064
1718 4064
1719 4064
1720 4060
1721 4061
1722 4063
1723 4064
1724 4064
1725 4067
1726 4065
1727 4064
1728 4061
1729 4065
1730 4061
1731 4064
1732 4060
1733 4061
1734 4060
1735 4061
1736 4066
1737 4063
1738 4060
1739 4056
1740 4060
1741 4066
1742 4065
1743 4062
1744 4061
1745 4060
1746 4064
1747 4062
1748 4060
1749 4064
1750 4061
1751 4067
1752 4060
1753 4061
1754 4065
1755 4061
1756 4060
1757 4061
1758 4061
1759 4065
1760 4061
1761 4067
1762 4065
1763 4062
1764 4064
1765 4061
1766 4059
1767 4064
1768 4064
1769 4062
1770 4060
1771 4059
1772 4064
1773 4064
1774 4062
1775 4064
1776 4065
1777 4061
1778 4061
1779 4061
1780 4057
1781 4061
1782 4058
1783 4065
1784 4059
1785 4065
1786 4060
1787 4058
1788 4062
1789 4061
1790 4064
1791 4064
1792 4064
1793 4065
1794 4064
1795 4059
1796 4065
1797 4061
1798 4060
1799 4061
1800 4059
1801 4065
1802 4060
1803 4064
1804 4061
1805 4062
1806 4061
1807 4064
1808 4061
1809 4064
1810 4061
1811 4064
1812 4065
1813 4062
1814 4060
1815 4062
1816 4062
1817 4060
1818 4062
1819 4062
1820 4060
1821 4065
1822 4062
1823 4061
1824 4064
1825 4062
1826 4062
1827 4066
1828 4062
1829 4064
1830 4061
1831 4065
1832 4062
1833 4067
1834 4064
1835 4062
1836 4064
1837 4066
1838 4064
1839 4064
1840 4060
1841 4066
1842 4064
1843 4060
1844 4064
1845 4062
1846 4060
1847 4064
1848 4061
1849 4064
1850 4057
1851 4064
1852 4057
1853 4061
1854 4062
1855 4064
1856 4066
1857 4060
1858 4064
1859 4062
1860 4064
1861 4063
1862 4064
1863 4062
1864 4061
1865 4062
1866 4064
1867 4061
1868 4064
1869 4064
1870 4061
1871 4064
1872 4064
1873 4064
1874 4062
1875 4067
1876 4061
1877 4064
1878 4064
1879 4062
1880 4060
1881 4060
1882 4063
1883 4065
1884 4064
1885 4061
1886 4059
1887 4064
1888 4061
1889 4060
1890 4059
1891 4064
1892 4065
1893 4061
1894 4064
1895 4061
1896 4059
1897 4064
1898 4061
1899 4061
1900 4061
1901 4064
1902 4060
1903 4064
1904 4064
1905 4064
1906 4065
1907 4064
1908 4061
1909 4064
1910 4060
1911 4064
1912 4064
1913 4061
1914 4061
1915 4064
1916 4064
1917 4062
1918 4059
1919 4060
1920 4058
1921 4064
1922 4061
1923 4064
1924 4062
1925 4062
1926 4066
1927 4064
1928 4065
1929 4060
1930 4061
1931 4064
1932 4062
1933 4064
1934 4058
1935 4061
1936 4066
1937 4062
1938 4065
1939 4060
1940 4064
1941 4060
1942 4063
1943 4064
1944 4064
1945 4059
1946 4064
1947 4062
1948 4064
1949 4060
1950 4061
1951 4068
1952 4059
1953 4062
1954 4060
1955 4062
1956 4064
1957 4061
1958 4064
1959 4062
1960 4062
1961 4064
1962 4064
1963 4064
1964 4061
1965 4061
1966 4061
1967 4061
1968 4064
1969 4064
1970 4062
1971 4064
1972 4064
1973 4060
1974 4062
1975 4064
1976 4060
1977 4061
1978 4062
1979 4064
1980 4064
1981 4062
1982 4062
1983 4064
1984 4063
1985 4060
1986 4057
1987 4062
1988 4064
1989 4064
1990 4064
1991 4061
1992 4061
1993 4059
1994 4064
1995 4060
1996 4064
1997 4061
1998 4062
1999 4064
2000 4062
2001 4064
2002 4059
2003 4064
2004 4064
2005 4064
2006 4062
2007 4061
2008 4064
2009 4064
2010 4065
2011 4064
2012 4060
2013 4062
2014 4061
2015 4061
2016 4064
2017 4063
2018 4062
2019 4062
2020 4060
2021 4064
2022 4061
2023 4062
2024 4061
2025 4059
2026 4064
2027 4065
2028 4064
2029 4061
2030 4062
2031 4064
2032 4061
2033 4064
2034 4065
2035 4061
2036 4060
2037 4061
2038 4059
2039 4062
2040 4064
2041 4061
2042 4057
2043 4059
2044 4061
2045 4066
2046 4064
2047 4064
2048 4062
2049 4061
2050 4063
2051 4067
2052 4060
2053 4061
2054 4064
2055 4065
2056 4064
2057 4064
2058 4060
2059 4061
2060 4062
2061 4064
2062 4064
2063 4062
2064 4061
2065 4060
2066 4064
2067 4065
2068 4064
2069 4065
2070 4062
2071 4060
2072 4065
2073 4061
2074 4059
2075 4066
2076 4061
2077 4060
2078 4060
2079 4066
2080 4061
2081 4064
2082 4060
2083 4062
2084 4062
2085 4065
2086 4062
2087 4062
2088 4062
2089 4064
2090 4064
2091 4064
2092 4065
2093 4060
2094 4064
2095 4061
2096 4061
2097 4067
2098 4064
2099 4060
2100 4060
2101 4066
2102 4058
2103 4062
2104 4064
2105 4065
2106 4059
2107 4066
2108 4061
2109 4062
2110 4065
2111 4061
2112 4060
2113 4061
2114 4060
2115 4061
2116 4067
2117 4064
2118 4061
2119 4059
2120 4061
2121 4061
2122 4064
2123 4064
2124 4062
2125 4064
2126 4064
2127 4064
2128 4060
2129 4065
2130 4062
2131 4064
2132 4061
2133 4064
2134 4062
2135 4064
2136 4060
2137 4064
2138 4064
2139 4062
2140 4061
2141 4064
2142 4061
2143 4061
2144 4064
2145 4064
2146 4064
2147 4064
2148 4060
2149 4061
2150 4061
2151 4065
2152 4060
2153 4061
2154 4061
2155 4061
2156 4064
2157 4064
2158 4062
2159 4064
2160 4064
2161 4065
2162 4062
2163 4064
2164 4064
2165 4064
2166 4064
2167 4064
2168 4064
2169 4062
2170 4060
2171 4064
2172 4060
2173 4065
2174 4064
2175 4062
2176 4064
2177 4063
2178 4062
2179 4064
2180 4064
2181 4065
2182 4061
2183 4060
2184 4062
2185 4060
2186 4062
2187 4061
2188 4064
2189 4064
2190 4061
2191 4064
2192 4064
2193 4064
2194 4066
2195 4060
2196 4061
2197 4060
2198 4062
2199 4064
2200 4062
2201 4065
2202 4058
2203 4062
2204 4061
2205 4060
2206 4065
2207 4061
2208 4065
2209 4064
2210 4061
2211 4061
2212 4064
2213 4064
2214 4064
2215 4060
2216 4060
2217 4064
2218 4069
2219 4059
2220 4064
2221 4066
2222 4064
2223 4064
2224 4062
2225 4062
2226 4064
2227 4061
2228 4062
2229 4060
2230 4058
2231 4061
2232 4061
2233 4065
2234 4064
2235 4060
2236 4062
2237 4064
2238 4064
2239 4064
2240 4061
2241 4061
2242 4057
2243 4062
2244 4061
2245 4064
2246 4061
2247 4066
2248 4062
2249 4061
2250 4064
2251 4067
2252 4062
2253 4065
2254 4064
2255 4059
2256 4064
2257 4061
2258 4064
2259 4064
2260 4066
2261 4061
2262 4064
2263 4064
2264 4064
2265 4064
2266 4064
2267 4062
2268 4060
2269 4062
2270 4061
2271 4064
2272 4060
2273 4060
2274 4060
2275 4064
2276 4057
2277 4061
2278 4061
2279 4064
2280 4064
2281 4064
2282 4061
2283 4064
2284 4058
2285 4064
2286 4064
2287 4061
2288 4062
2289 4064
2290 4064
2291 4064
2292 4057
2293 4064
2294 4064
2295 4059
2296 4060
2297 4066
2298 4060
2299 4061
2300 4064
2301 4065
2302 4058
2303 4064
2304 4064
2305 4060
2306 4062
2307 4061
2308 4065
2309 4064
2310 4062
2311 4062
2312 4061
2313 4064
2314 4060
2315 4062
2316 4064
2317 4064
2318 4061
2319 4058
2320 4057
2321 4064
2322 4060
2323 4062
2324 4060
2325 4064
2326 4061
2327 4060
2328 4064
2329 4064
2330 4062
2331 4061
2332 4064
2333 4064
2334 4065
2335 4064
2336 4058
2337 4065
2338 4061
2339 4061
2340 4062
2341 4065
2342 4060
2343 4061
2344 4064
2345 4063
2346 4064
2347 4061
2348 4062
2349 4064
2350 4060
2351 4065
2352 4062
2353 4060
2354 4064
2355 4061
2356 4060
2357 4062
2358 4062
2359 4063
2360 4064
2361 4060
2362 4060
2363 4062
2364 4060
2365 4060
2366 4064
2367 4061
2368 4061
2369 4061
2370 4061
2371 4062
2372 4065
2373 4064
2374 4064
2375 4061
2376 4065
2377 4064
2378 4061
2379 4061
2380 4062
2381 4062
2382 4059
2383 4064
2384 4064
2385 4061
2386 4062
2387 4061
2388 4060
2389 4065
2390 4062
2391 4061
2392 4059
2393 4062
2394 4064
2395 4060
2396 4064
2397 4062
2398 4060
2399 4064
2400 4064
2401 4064
2402 4065
2403 4060
2404 4061
2405 4061
2406 4061
2407 4062
2408 4062
2409 4062
2410 4064
2411 4063
2412 4062
2413 4064
2414 4062
2415 4064
2416 4062
2417 4061
2418 4065
2419 4060
2420 4062
2421 4063
2422 4064
2423 4064
2424 4064
2425 4064
2426 4064
2427 4062
2428 4063
2429 4064
2430 4062
2431 4064
2432 4061
2433 4064
2434 4061
2435 4064
2436 4061
2437 4064
2438 4064
2439 4061
2440 4062
2441 4064
2442 4064
2443 4061
2444 4057
2445 4060
2446 4062
2447 4061
2448 4064
2449 4060
2450 4061
2451 4064
2452 4057
2453 4065
2454 4062
2455 4061
2456 4063
2457 4060
2458 4056
2459 4060
2460 4061
2461 4062
2462 4060
2463 4064
2464 4064
2465 4062
2466 4060
2467 4064
2468 4061
2469 4061
2470 4056
2471 4062
2472 4064
2473 4066
2474 4060
2475 4062
2476 4064
2477 4061
2478 4065
2479 4062
2480 4060
2481 4059
2482 4062
2483 4061
2484 4062
2485 4064
2486 4059
2487 4061
2488 4064
2489 4060
2490 4060
2491 4065
2492 4061
2493 4065
2494 4062
2495 4062
2496 4064
2497 4062
2498 4061
2499 4061
2500 4061
2501 4065
2502 4059
2503 4060
2504 4065
2505 4063
2506 4058
2507 4062
2508 4066
2509 4060
2510 4059
2511 4061
2512 4064
2513 4061
2514 4062
2515 4061
2516 4064
2517 4061
2518 4064
2519 4065
2520 4064
2521 4061
2522 4061
2523 4065
2524 4060
2525 4064
2526 4062
2527 4062
2528 4062
2529 4063
2530 4061
2531 4065
2532 4064
2533 4063
2534 4060
2535 4061
2536 4061
2537 4064
2538 4062
2539 4061
2540 4066
2541 4063
2542 4060
2543 4062
2544 4060
2545 4061
2546 4064
2547 4061
2548 4062
2549 4061
2550 4066
2551 4065
2552 4061
2553 4062
2554 4064
2555 4064
2556 4061
2557 4060
2558 4064
2559 4064
2560 4060
2561 4061
2562 4060
2563 4062
2564 4062
2565 4064
2566 4061
2567 4061
2568 4062
2569 4061
2570 4062
2571 4062
2572 4063
2573 4060
2574 4062
2575 4062
2576 4059
2577 4064
2578 4061
2579 4064
2580 4062
2581 4066
2582 4061
2583 4068
2584 4062
2585 4060
2586 4065
2587 4064
2588 4062
2589 4064
2590 4060
2591 4062
2592 4062
2593 4062
2594 4061
2595 4061
2596 4065
2597 4064
2598 4061
2599 4064
2600 4065
2601 4065
2602 4059
2603 4061
2604 4066
2605 4064
2606 4064
2607 4065
2608 4064
2609 4060
2610 4062
2611 4061
2612 4058
2613 4061
2614 4064
2615 4064
2616 4064
2617 4064
2618 4062
2619 4064
2620 4064
2621 4065
2622 4061
2623 4064
2624 4064
2625 4061
2626 4062
2627 4060
2628 4066
2629 4064
2630 4061
2631 4062
2632 4065
2633 4065
2634 4060
2635 4058
2636 4061
2637 4065
2638 4060
2639 4062
2640 4059
2641 4064
2642 4061
2643 4064
2644 4060
2645 4064
2646 4064
2647 4059
2648 4062
2649 4061
2650 4061
2651 4066
2652 4060
2653 4064
2654 4064
2655 4061
2656 4065
2657 4064
2658 4064
2659 4064
2660 4061
2661 4061
2662 4060
2663 4061
2664 4061
2665 4064
2666 4063
2667 4064
2668 4062
2669 4064
2670 4058
2671 4062
2672 4064
2673 4062
2674 4060
2675 4064
2676 4061
2677 4061
2678 4062
2679 4064
2680 4061
2681 4065
2682 4059
2683 4061
2684 4062
2685 4061
2686 4064
2687 4064
2688 4061
2689 4060
2690 4058
2691 4061
2692 4064
2693 4061
2694 4061
2695 4064
2696 4060
2697 4064
2698 4061
2699 4064
2700 4061
2701 4066
2702 4063
2703 4061
2704 4064
2705 4064
2706 4059
2707 4060
2708 4064
2709 4064
2710 4062
2711 4061
2712 4062
2713 4063
2714 4063
2715 4060
2716 4064
2717 4060
2718 4064
2719 4061
2720 4062
2721 4060
2722 4062
2723 4061
2724 4060
2725 4065
2726 4061
2727 4064
2728 4064
2729 4064
2730 4062
2731 4061
2732 4064
2733 4062
2734 4061
2735 4061
2736 4064
2737 4061
2738 4064
2739 4056
2740 4061
2741 4061
2742 4059
2743 4064
2744 4057
2745 4061
2746 4060
2747 4061
2748 4065
2749 4064
2750 4063
2751 4064
2752 4059
2753 4060
2754 4064
2755 4060
2756 4059
2757 4064
2758 4063
2759 4061
2760 4060
2761 4064
2762 4064
2763 4060
2764 4062
2765 4064
2766 4065
2767 4059
2768 4062
2769 4061
2770 4064
2771 4064
2772 4064
2773 4062
2774 4060
2775 4060
2776 4061
2777 4060
2778 4061
2779 4064
2780 4060
2781 4062
2782 4060
2783 4064
2784 4061
2785 4062
2786 4065
2787 4062
2788 4060
2789 4065
2790 4060
2791 4062
2792 4064
2793 4063
2794 4059
2795 4056
2796 4059
2797 4060
2798 4059
2799 4065
2800 4061
2801 4066
2802 4062
2803 4059
2804 4065
2805 4061
2806 4061
2807 4059
2808 4064
2809 4062
2810 4061
2811 4064
2812 4064
2813 4064
2814 4058
2815 4064
2816 4061
2817 4065
2818 4064
2819 4064
2820 4059
2821 4061
2822 4059
2823 4060
2824 4064
2825 4060
2826 4060
2827 4064
2828 4062
2829 4062
2830 4060
2831 4062
2832 4060
2833 4060
2834 4062
2835 4064
2836 4062
2837 4061
2838 4060
2839 4061
2840 4064
2841 4058
2842 4061
2843 4057
2844 4064
2845 4060
2846 4061
2847 4060
2848 4060
2849 4063
2850 4064
2851 4063
2852 4057
2853 4061
2854 4057
2855 4064
2856 4061
2857 4062
2858 4061
2859 4058
2860 4059
2861 4064
2862 4064
2863 4061
2864 4064
2865 4060
2866 4065
2867 4064
2868 4059
2869 4059
2870 4063
2871 4064
2872 4060
2873 4059
2874 4062
2875 4064
2876 4061
2877 4062
2878 4062
2879 4060
2880 4060
2881 4064
2882 4062
2883 4062
2884 4061
2885 4064
2886 4062
2887 4060
2888 4062
2889 4062
2890 4061
2891 4062
2892 4065
2893 4060
2894 4064
2895 4061
2896 4061
2897 4062
2898 4064
2899 4061
2900 4064
2901 4065
2902 4057
2903 4060
2904 4060
2905 4061
2906 4061
2907 4064
2908 4065
2909 4062
2910 4064
2911 4064
2912 4059
2913 4061
2914 4064
2915 4062
2916 4060
2917 4062
2918 4061
2919 4064
2920 4064
2921 4064
2922 4059
2923 4064
2924 4062
2925 4065
2926 4062
2927 4063
2928 4059
2929 4067
2930 4064
2931 4063
2932 4061
2933 4061
2934 4060
2935 4061
2936 4063
2937 4060
2938 4062
2939 4059
2940 4064
2941 4061
2942 4061
2943 4061
2944 4060
2945 4060
2946 4060
2947 4060
2948 4059
2949 4064
2950 4062
2951 4062
2952 4057
2953 4062
2954 4060
2955 4061
2956 4061
2957 4062
2958 4064
2959 4061
2960 4064
2961 4063
2962 4061
2963 4062
2964 4065
2965 4065
2966 4064
2967 4062
2968 4064
2969 4062
2970 4062
2971 4065
2972 4061
2973 4060
2974 4059
2975 4061
2976 4062
2977 4064
2978 4062
2979 4064
2980 4064
2981 4065
2982 4062
2983 4065
2984 4065
2985 4062
2986 4061
2987 4062
2988 4059
2989 4065
2990 4060
2991 4060
2992 4064
2993 4061
2994 4064
2995 4064
2996 4064
2997 4062
2998 4062
2999 4065
3000 4060
3001 4067
3002 4065
3003 4061
3004 4064
3005 4065
3006 4058
3007 4064
3008 4064
3009 4064
3010 4060
3011 4064
3012 4062
3013 4065
3014 4062
3015 4064
3016 4062
3017 4061
3018 4065
3019 4060
3020 4064
3021 4062
3022 4060
3023 4064
3024 4062
3025 4060
3026 4064
3027 4061
3028 4061
3029 4060
3030 4062
3031 4060
3032 4060
3033 4062
3034 4058
3035 4061
3036 4062
3037 4060
3038 4060
3039 4066
3040 4061
3041 4062
3042 4065
3043 4062
3044 4064
3045 4064
3046 4065
3047 4056
3048 4061
3049 4061
3050 4058
3051 4065
3052 4060
3053 4061
3054 4061
3055 4061
3056 4061
3057 4064
3058 4062
3059 4060
3060 4062
3061 4064
3062 4061
3063 4060
3064 4059
3065 4065
3066 4059
3067 4062
3068 4061
3069 4065
3070 4065
3071 4061
3072 4064
3073 4066
3074 4065
3075 4065
3076 4060
3077 4064
3078 4064
3079 4064
3080 4065
3081 4060
3082 4062
3083 4064
3084 4058
3085 4062
3086 4061
3087 4064
3088 4064
3089 4062
3090 4062
3091 4065
3092 4062
3093 4062
3094 4060
3095 4067
3096 4064
3097 4062
3098 4060
3099 4062
3100 4060
3101 4065
3102 4057
3103 4064
3104 4061
3105 4064
3106 4060
3107 4058
3108 4064
3109 4061
3110 4059
3111 4066
3112 4062
3113 4061
3114 4062
3115 4057
3116 4061
3117 4064
3118 4061
3119 4061
3120 4062
3121 4064
3122 4062
3123 4064
3124 4061
3125 4062
3126 4059
3127 4060
3128 4061
3129 4061
3130 4061
3131 4061
3132 4065
3133 4061
3134 4062
3135 4061
3136 4064
3137 4065
3138 4058
3139 4062
3140 4064
3141 4062
3142 4062
3143 4064
3144 4060
3145 4061
3146 4064
3147 4062
3148 4059
3149 4062
3150 4060
3151 4065
3152 4060
3153 4067
3154 4061
3155 4060
3156 4064
3157 4061
3158 4064
3159 4065
3160 4061
3161 4064
3162 4061
3163 4061
3164 4064
3165 4060
3166 4061
3167 4064
3168 4064
3169 4060
3170 4059
3171 4064
3172 4064
3173 4062
3174 4064
3175 4064
3176 4064
3177 4064
3178 4063
3179 4060
3180 4060
3181 4061
3182 4059
3183 4064
3184 4062
3185 4064
3186 4064
3187 4064
3188 4064
3189 4065
3190 4062
3191 4060
3192 4066
3193 4063
3194 4065
3195 4064
3196 4064
3197 4062
3198 4064
3199 4062
3200 4060
3201 4068
3202 4058
3203 4061
3204 4059
3205 4062
3206 4064
3207 4064
3208 4061
3209 4064
3210 4060
3211 4061
3212 4061
3213 4060
3214 4064
3215 4066
3216 4061
3217 4061
3218 4061
3219 4065
3220 4064
3221 4064
3222 4060
3223 4065
3224 4064
3225 4060
3226 4062
3227 4065
3228 4064
3229 4064
3230 4064
3231 4064
3232 4056
3233 4062
3234 4065
3235 4060
3236 4062
3237 4064
3238 4060
3239 4066
3240 4059
3241 4065
3242 4062
3243 4064
3244 4064
3245 4063
3246 4064
3247 4062
3248 4064
3249 4062
3250 4061
3251 4067
3252 4064
3253 4064
3254 4062
3255 4064
3256 4062
3257 4060
3258 4068
3259 4064
3260 4058
3261 4062
3262 4064
3263 4061
3264 4061
3265 4064
3266 4059
3267 4064
3268 4062
3269 4064
3270 4062
3271 4065
3272 4064
3273 4064
3274 4061
3275 4061
3276 4061
3277 4059
3278 4064
3279 4065
3280 4064
3281 4065
3282 4061
3283 4066
3284 4060
3285 4061
3286 4062
3287 4064
3288 4062
3289 4065
3290 4061
3291 4061
3292 4064
3293 4064
3294 4064
3295 4060
3296 4061
3297 4064
3298 4060
3299 4064
3300 4061
3301 4067
3302 4059
3303 4062
3304 4061
3305 4064
3306 4060
3307 4064
3308 4062
3309 4061
3310 4063
3311 4062
3312 4064
3313 4061
3314 4061
3315 4065
3316 4062
3317 4064
3318 4065
3319 4060
3320 4061
3321 4064
3322 4061
3323 4061
3324 4063
3325 4065
3326 4061
3327 4060
3328 4064
3329 4065
3330 4062
3331 4061
3332 4061
3333 4065
3334 4061
3335 4062
3336 4064
3337 4062
3338 4062
3339 4064
3340 4063
3341 4064
3342 4061
3343 4064
3344 4060
3345 4064
3346 4060
3347 4061
3348 4061
3349 4061
3350 4061
3351 4066
3352 4057
3353 4062
3354 4058
3355 4060
3356 4065
3357 4060
3358 4061
3359 4065
3360 4061
3361 4065
3362 4060
3363 4064
3364 4060
3365 4064
3366 4059
3367 4063
3368 4064
3369 4062
3370 4066
3371 4064
3372 4064
3373 4061
3374 4060
3375 4065
3376 4062
3377 4064
3378 4064
3379 4062
3380 4063
3381 4061
3382 4064
3383 4066
3384 4062
3385 4060
3386 4060
3387 4061
3388 4064
3389 4062
3390 4064
3391 4065
3392 4064
3393 4061
3394 4064
3395 4064
3396 4061
3397 4064
3398 4061
3399 4066
3400 4062
3401 4065
3402 4060
3403 4064
3404 4061
3405 4065
3406 4064
3407 4061
3408 4064
3409 4061
3410 4064
3411 4061
3412 4064
3413 4064
3414 4066
3415 4063
3416 4064
3417 4065
3418 4064
3419 4064
3420 4060
3421 4064
3422 4064
3423 4062
3424 4062
3425 4062
3426 4061
3427 4064
3428 4062
3429 4062
3430 4060
3431 4060
3432 4061
3433 4064
3434 4064
3435 4064
3436 4062
3437 4062
3438 4059
3439 4064
3440 4065
3441 4061
3442 4060
3443 4064
3444 4061
3445 4062
3446 4062
3447 4062
3448 4064
3449 4065
3450 4060
3451 4066
3452 4057
3453 4060
3454 4064
3455 4062
3456 4062
3457 4064
3458 4060
3459 4061
3460 4061
3461 4065
3462 4060
3463 4062
3464 4060
3465 4064
3466 4064
3467 4061
3468 4064
3469 4061
3470 4064
3471 4061
3472 4062
3473 4062
3474 4064
3475 4063
3476 4059
3477 4060
3478 4064
3479 4064
3480 4064
3481 4064
3482 4064
3483 4065
3484 4064
3485 4061
3486 4060
3487 4064
3488 4060
3489 4063
3490 4061
3491 4064
3492 4061
3493 4064
3494 4060
3495 4064
3496 4064
3497 4062
3498 4064
3499 4061
3500 4061
3501 4064
3502 4060
3503 4065
3504 4061
3505 4062
3506 4059
3507 4061
3508 4063
3509 4061
3510 4060
3511 4064
3512 4064
3513 4065
3514 4064
3515 4064
3516 4062
3517 4064
3518 4064
3519 4062
3520 4062
3521 4065
3522 4062
3523 4064
3524 4061
3525 4064
3526 4064
3527 4059
3528 4064
3529 4065
3530 4061
3531 4064
3532 4064
3533 4065
3534 4061
3535 4064
3536 4064
3537 4061
3538 4065
3539 4064
3540 4061
3541 4062
3542 4066
3543 4057
3544 4060
3545 4064
3546 4059
3547 4059
3548 4060
3549 4064
3550 4064
3551 4064
3552 4059
3553 4066
3554 4058
3555 4063
3556 4061
3557 4061
3558 4067
3559 4064
3560 4062
3561 4066
3562 4066
3563 4064
3564 4060
3565 4064
3566 4061
3567 4064
3568 4062
3569 4064
3570 4062
3571 4064
3572 4061
3573 4061
3574 4064
3575 4061
3576 4064
3577 4061
3578 4060
3579 4065
3580 4061
3581 4064
3582 4061
3583 4062
3584 4065
3585 4061
3586 4062
3587 4061
3588 4059
3589 4061
3590 4063
3591 4068
3592 4064
3593 4064
3594 4061
3595 4062
3596 4060
3597 4060
3598 4058
3599 4063
3600 4059
3601 4065
3602 4058
3603 4064
3604 4061
3605 4062
3606 4060
3607 4062
3608 4061
3609 4064
3610 4061
3611 4065
3612 4065
3613 4064
3614 4065
3615 4062
3616 4060
3617 4065
3618 4065
3619 4065
3620 4065
3621 4061
3622 4065
3623 4062
3624 4064
3625 4061
3626 4064
3627 4060
3628 4060
3629 4064
3630 4061
3631 4062
3632 4063
3633 4065
3634 4064
3635 4064
3636 4062
3637 4061
3638 4062
3639 4061
3640 4064
3641 4064
3642 4064
3643 4064
3644 4064
3645 4062
3646 4064
3647 4060
3648 4064
3649 4064
3650 4061
3651 4064
3652 4061
3653 4062
3654 4065
3655 4065
3656 4062
3657 4064
3658 4064
3659 4057
3660 4067
3661 4060
3662 4060
3663 4064
3664 4062
3665 4064
3666 4067
3667 4060
3668 4065
3669 4065
3670 4060
3671 4065
3672 4059
3673 4064
3674 4062
3675 4061
3676 4061
3677 4064
3678 4064
3679 4062
3680 4061
3681 4064
3682 4059
3683 4062
3684 4064
3685 4061
3686 4064
3687 4064
3688 4059
3689 4064
3690 4060
3691 4064
3692 4060
3693 4064
3694 4064
