#Data from the TCD1304 linear CCD
#column 1 = pixelnumber , column 2 = pixelvalue
#Pixel 1-32 and 3679-3694 and are dummy pixels
#SH-period: 200    ICG-period: 100000    Integration time: 100.0 us
2 4045
3 4046
4 4064
5 4064
6 4056
7 4061
8 4060
9 4061
10 4059
11 4060
12 4064
13 4064
14 4064
15 4056
16 4059
17 4059
18 4058
19 4064
20 4059
21 4064
22 4061
23 4057
24 4064
25 4064
26 4059
27 4061
28 4060
29 4061
30 4064
31 4059
32 4059
34 4059
35 4060
36 4061
37 4064
38 4064
39 4061
40 4058
41 4059
42 4058
43 4064
44 4059
45 4060
46 4058
47 4064
48 4064
49 4064
50 4064
51 4064
52 4057
53 4060
54 4060
55 4060
56 4057
57 4064
58 4059
59 4059
60 4061
61 4060
62 4058
63 4060
64 4058
65 4056
66 4057
67 4060
68 4059
69 4061
70 4058
71 4059
72 4060
73 4060
74 4059
75 4059
76 4060
77 4061
78 4064
79 4059
80 4057
81 4060
82 4061
83 4064
84 4057
85 4057
86 4064
87 4059
88 4059
89 4064
90 4059
91 4061
92 4059
93 4058
94 4059
95 4064
96 4056
97 4057
98 4059
99 4059
100 4060
101 4064
102 4057
103 4058
104 4060
105 4064
106 4057
107 4057
108 4059
109 4060
110 4060
111 4061
112 4064
113 4060
114 4058
115 4059
116 4060
117 4059
118 4056
119 4061
120 4056
121 4064
122 4060
123 4060
124 4055
125 4058
126 4061
127 4064
128 4058
129 4060
130 4059
131 4058
132 4060
133 4061
134 4059
135 4061
136 4059
137 4060
138 4057
139 4064
140 4060
141 4059
142 4059
143 4059
144 4057
145 4057
146 4057
147 4058
148 4060
149 4055
150 4060
151 4061
152 4057
153 4061
154 4061
155 4061
156 4059
157 4059
158 4061
159 4060
160 4059
161 4060
162 4058
163 4060
164 4064
165 4060
166 4058
167 4060
168 4060
169 4058
170 4057
171 4058
172 4056
173 4060
174 4059
175 4058
176 4058
177 4057
178 4059
179 4059
180 4064
181 4059
182 4060
183 4064
184 4058
185 4061
186 4059
187 4059
188 4058
189 4060
190 4060
191 4057
192 4059
193 4060
194 4058
195 4059
196 4061
197 4060
198 4060
199 4059
200 4059
201 4061
202 4055
203 4057
204 4057
205 4061
206 4059
207 4061
208 4064
209 4061
210 4056
211 4061
212 4055
213 4059
214 4061
215 4060
216 4060
217 4060
218 4060
219 4058
220 4064
221 4061
222 4057
223 4060
224 4064
225 4060
226 4059
227 4059
228 4060
229 4064
230 4062
231 4056
232 4059
233 4059
234 4059
235 4061
236 4057
237 4059
238 4058
239 4060
240 4060
241 4060
242 4064
243 4060
244 4064
245 4061
246 4059
247 4060
248 4059
249 4064
250 4058
251 4061
252 4056
253 4059
254 4064
255 4059
256 4057
257 4060
258 4061
259 4059
260 4059
261 4059
262 4059
263 4057
264 4064
265 4061
266 4059
267 4058
268 4060
269 4059
270 4064
271 4064
272 4059
273 4064
274 4060
275 4057
276 4064
277 4064
278 4060
279 4060
280 4064
281 4060
282 4060
283 4060
284 4064
285 4064
286 4059
287 4059
288 4061
289 4059
290 4061
291 4064
292 4061
293 4065
294 4060
295 4057
296 4057
297 4064
298 4056
299 4060
300 4060
301 4064
302 4057
303 4065
304 4064
305 4058
306 4061
307 4064
308 4059
309 4061
310 4064
311 4059
312 4065
313 4061
314 4061
315 4064
316 4064
317 4065
318 4065
319 4068
320 4060
321 4064
322 4064
323 4064
324 4065
325 4064
326 4064
327 4064
328 4061
329 4064
330 4064
331 4060
332 4064
333 4064
334 4064
335 4067
336 4064
337 4064
338 4064
339 4064
340 4058
341 4066
342 4066
343 4064
344 4066
345 4065
346 4064
347 4065
348 4064
349 4061
350 4059
351 4066
352 4059
353 4064
354 4064
355 4061
356 4064
357 4060
358 4064
359 4064
360 4064
361 4064
362 4064
363 4061
364 4064
365 4064
366 4059
367 4064
368 4064
369 4065
370 4064
371 4064
372 4064
373 4060
374 4060
375 4067
376 4060
377 4061
378 4061
379 4061
380 4060
381 4061
382 4065
383 4065
384 4064
385 4064
386 4061
387 4060
388 4064
389 4061
390 4064
391 4064
392 4061
393 4064
394 4064
395 4064
396 4064
397 4064
398 4060
399 4066
400 4061
401 4061
402 4064
403 4061
404 4064
405 4060
406 4061
407 4064
408 4064
409 4064
410 4064
411 4064
412 4064
413 4061
414 4065
415 4064
416 4059
417 4064
418 4059
419 4065
420 4064
421 4065
422 4061
423 4061
424 4064
425 4064
426 4060
427 4064
428 4064
429 4064
430 4064
431 4064
432 4061
433 4064
434 4064
435 4061
436 4065
437 4060
438 4064
439 4064
440 4061
441 4064
442 4060
443 4064
444 4067
445 4064
446 4059
447 4064
448 4061
449 4064
450 4064
451 4061
452 4059
453 4060
454 4061
455 4064
456 4058
457 4064
458 4065
459 4064
460 4064
461 4065
462 4064
463 4059
464 4061
465 4064
466 4060
467 4061
468 4064
469 4064
470 4064
471 4064
472 4061
473 4064
474 4066
475 4064
476 4061
477 4064
478 4064
479 4061
480 4060
481 4061
482 4064
483 4064
484 4065
485 4064
486 4064
487 4065
488 4062
489 4061
490 4065
491 4064
492 4064
493 4064
494 4064
495 4064
496 4064
497 4064
498 4064
499 4061
500 4061
501 4064
502 4060
503 4065
504 4064
505 4064
506 4064
507 4061
508 4061
509 4064
510 4064
511 4061
512 4064
513 4060
514 4064
515 4064
516 4060
517 4064
518 4064
519 4064
520 4064
521 4064
522 4064
523 4064
524 4059
525 4061
526 4066
527 4065
528 4064
529 4064
530 4060
531 4064
532 4064
533 4064
534 4064
535 4064
536 4061
537 4064
538 4061
539 4060
540 4064
541 4064
542 4059
543 4060
544 4064
545 4064
546 4064
547 4064
548 4060
549 4064
550 4060
551 4064
552 4059
553 4064
554 4064
555 4064
556 4059
557 4064
558 4064
559 4061
560 4065
561 4064
562 4064
563 4064
564 4064
565 4064
566 4061
567 4064
568 4064
569 4064
570 4059
571 4064
572 4064
573 4064
574 4065
575 4065
576 4064
577 4061
578 4064
579 4064
580 4064
581 4064
582 4064
583 4065
584 4065
585 4064
586 4064
587 4065
588 4064
589 4065
590 4064
591 4061
592 4064
593 4061
594 4064
595 4064
596 4064
597 4064
598 4061
599 4064
600 4059
601 4065
602 4059
603 4064
604 4064
605 4060
606 4059
607 4064
608 4061
609 4064
610 4064
611 4064
612 4059
613 4064
614 4064
615 4064
616 4064
617 4061
618 4064
619 4064
620 4060
621 4064
622 4059
623 4064
624 4064
625 4064
626 4064
627 4064
628 4064
629 4064
630 4064
631 4061
632 4065
633 4064
634 4060
635 4064
636 4064
637 4064
638 4066
639 4064
640 4061
641 4066
642 4061
643 4060
644 4064
645 4064
646 4065
647 4064
648 4064
649 4064
650 4064
651 4064
652 4061
653 4064
654 4064
655 4065
656 4061
657 4064
658 4064
659 4064
660 4061
661 4064
662 4064
663 4060
664 4064
665 4064
666 4064
667 4060
668 4064
669 4064
670 4064
671 4066
672 4059
673 4060
674 4064
675 4059
676 4064
677 4064
678 4060
679 4064
680 4064
681 4059
682 4060
683 4064
684 4060
685 4061
686 4061
687 4064
688 4060
689 4064
690 4064
691 4064
692 4064
693 4065
694 4065
695 4064
696 4064
697 4065
698 4061
699 4064
700 4064
701 4064
702 4064
703 4064
704 4064
705 4064
706 4064
707 4064
708 4064
709 4064
710 4064
711 4064
712 4061
713 4064
714 4064
715 4064
716 4064
717 4064
718 4064
719 4064
720 4064
721 4064
722 4066
723 4064
724 4064
725 4065
726 4060
727 4064
728 4064
729 4060
730 4064
731 4064
732 4065
733 4060
734 4064
735 4064
736 4064
737 4065
738 4060
739 4064
740 4064
741 4065
742 4064
743 4061
744 4064
745 4061
746 4065
747 4064
748 4064
749 4061
750 4064
751 4066
752 4060
753 4064
754 4064
755 4064
756 4064
757 4064
758 4061
759 4064
760 4064
761 4061
762 4064
763 4066
764 4064
765 4064
766 4064
767 4060
768 4064
769 4066
770 4065
771 4064
772 4064
773 4065
774 4060
775 4064
776 4060
777 4061
778 4064
779 4061
780 4061
781 4061
782 4058
783 4064
784 4065
785 4061
786 4064
787 4067
788 4064
789 4064
790 4064
791 4064
792 4064
793 4064
794 4065
795 4059
796 4061
797 4064
798 4060
799 4064
800 4060
801 4067
802 4064
803 4064
804 4066
805 4064
806 4064
807 4064
808 4064
809 4065
810 4060
811 4065
812 4064
813 4061
814 4061
815 4067
816 4064
817 4064
818 4064
819 4064
820 4061
821 4060
822 4060
823 4065
824 4061
825 4064
826 4064
827 4060
828 4065
829 4061
830 4064
831 4064
832 4064
833 4064
834 4065
835 4060
836 4064
837 4069
838 4064
839 4064
840 4061
841 4064
842 4064
843 4064
844 4064
845 4064
846 4061
847 4064
848 4064
849 4061
850 4061
851 4065
852 4059
853 4064
854 4067
855 4064
856 4064
857 4064
858 4061
859 4064
860 4064
861 4064
862 4060
863 4059
864 4061
865 4066
866 4064
867 4064
868 4064
869 4065
870 4064
871 4064
872 4064
873 4065
874 4062
875 4064
876 4064
877 4064
878 4064
879 4065
880 4064
881 4060
882 4064
883 4059
884 4064
885 4061
886 4064
887 4064
888 4061
889 4061
890 4064
891 4058
892 4065
893 4066
894 4064
895 4064
896 4064
897 4064
898 4064
899 4065
900 4064
901 4065
902 4060
903 4068
904 4064
905 4061
906 4064
907 4064
908 4064
909 4064
910 4064
911 4060
912 4060
913 4061
914 4060
915 4064
916 4064
917 4064
918 4060
919 4061
920 4064
921 4064
922 4064
923 4064
924 4061
925 4060
926 4064
927 4056
928 4065
929 4064
930 4064
931 4064
932 4065
933 4060
934 4059
935 4064
936 4060
937 4061
938 4065
939 4064
940 4065
941 4066
942 4064
943 4066
944 4058
945 4061
946 4060
947 4064
948 4060
949 4064
950 4064
951 4064
952 4058
953 4064
954 4064
955 4059
956 4060
957 4064
958 4064
959 4060
960 4064
961 4064
962 4064
963 4060
964 4064
965 4064
966 4064
967 4061
968 4064
969 4064
970 4061
971 4060
972 4064
973 4064
974 4064
975 4064
976 4064
977 4064
978 4064
979 4064
980 4064
981 4064
982 4064
983 4065
984 4060
985 4064
986 4061
987 4064
988 4064
989 4064
990 4067
991 4067
992 4057
993 4061
994 4064
995 4061
996 4064
997 4064
998 4064
999 4064
1000 4064
1001 4068
1002 4059
1003 4064
1004 4064
1005 4064
1006 4061
1007 4064
1008 4059
1009 4064
1010 4064
1011 4064
1012 4061
1013 4064
1014 4064
1015 4065
1016 4064
1017 4064
1018 4064
1019 4064
1020 4064
1021 4064
1022 4060
1023 4064
1024 4060
1025 4059
1026 4064
1027 4064
1028 4064
1029 4066
1030 4064
1031 4064
1032 4064
1033 4064
1034 4064
1035 4066
1036 4064
1037 4060
1038 4064
1039 4064
1040 4064
1041 4061
1042 4061
1043 4064
1044 4064
1045 4059
1046 4060
1047 4064
1048 4060
1049 4061
1050 4064
1051 4065
1052 4064
1053 4065
1054 4064
1055 4059
1056 4058
1057 4064
1058 4064
1059 4060
1060 4057
1061 4066
1062 4064
1063 4064
1064 4061
1065 4064
1066 4066
1067 4065
1068 4064
1069 4060
1070 4064
1071 4060
1072 4061
1073 4064
1074 4061
1075 4064
1076 4064
1077 4065
1078 4064
1079 4064
1080 4058
1081 4059
1082 4064
1083 4064
1084 4064
1085 4067
1086 4064
1087 4061
1088 4064
1089 4064
1090 4064
1091 4064
1092 4064
1093 4064
1094 4064
1095 4064
1096 4060
1097 4064
1098 4064
1099 4059
1100 4064
1101 4061
1102 4059
1103 4064
1104 4064
1105 4064
1106 4061
1107 4064
1108 4061
1109 4064
1110 4061
1111 4064
1112 4064
1113 4064
1114 4064
1115 4060
1116 4061
1117 4064
1118 4064
1119 4059
1120 4064
1121 4064
1122 4060
1123 4061
1124 4061
1125 4059
1126 4064
1127 4060
1128 4064
1129 4064
1130 4064
1131 4064
1132 4065
1133 4060
1134 4064
1135 4064
1136 4064
1137 4060
1138 4059
1139 4064
1140 4064
1141 4060
1142 4064
1143 4064
1144 4064
1145 4065
1146 4064
1147 4065
1148 4064
1149 4061
1150 4061
1151 4067
1152 4060
1153 4064
1154 4064
1155 4061
1156 4060
1157 4064
1158 4064
1159 4064
1160 4064
1161 4064
1162 4064
1163 4061
1164 4064
1165 4064
1166 4059
1167 4060
1168 4060
1169 4065
1170 4058
1171 4064
1172 4064
1173 4060
1174 4064
1175 4064
1176 4067
1177 4060
1178 4061
1179 4064
1180 4061
1181 4059
1182 4064
1183 4064
1184 4061
1185 4064
1186 4064
1187 4061
1188 4064
1189 4064
1190 4064
1191 4064
1192 4060
1193 4065
1194 4064
1195 4064
1196 4064
1197 4064
1198 4064
1199 4064
1200 4065
1201 4064
1202 4058
1203 4065
1204 4064
1205 4064
1206 4057
1207 4064
1208 4058
1209 4064
1210 4060
1211 4061
1212 4060
1213 4064
1214 4064
1215 4064
1216 4064
1217 4064
1218 4064
1219 4065
1220 4064
1221 4061
1222 4061
1223 4064
1224 4059
1225 4064
1226 4064
1227 4061
1228 4064
1229 4064
1230 4064
1231 4064
1232 4064
1233 4060
1234 4060
1235 4064
1236 4064
1237 4064
1238 4064
1239 4061
1240 4064
1241 4064
1242 4064
1243 4064
1244 4064
1245 4064
1246 4060
1247 4064
1248 4064
1249 4065
1250 4064
1251 4064
1252 4061
1253 4057
1254 4064
1255 4064
1256 4059
1257 4064
1258 4064
1259 4066
1260 4064
1261 4064
1262 4065
1263 4061
1264 4064
1265 4061
1266 4060
1267 4061
1268 4061
1269 4064
1270 4060
1271 4064
1272 4064
1273 4061
1274 4061
1275 4065
1276 4065
1277 4064
1278 4064
1279 4064
1280 4064
1281 4064
1282 4064
1283 4064
1284 4064
1285 4064
1286 4064
1287 4064
1288 4065
1289 4064
1290 4064
1291 4061
1292 4060
1293 4064
1294 4064
1295 4065
1296 4064
1297 4064
1298 4061
1299 4065
1300 4065
1301 4065
1302 4059
1303 4064
1304 4065
1305 4064
1306 4058
1307 4065
1308 4061
1309 4061
1310 4061
1311 4061
1312 4060
1313 4064
1314 4064
1315 4064
1316 4064
1317 4065
1318 4064
1319 4064
1320 4064
1321 4061
1322 4060
1323 4061
1324 4060
1325 4064
1326 4065
1327 4061
1328 4064
1329 4061
1330 4064
1331 4066
1332 4065
1333 4065
1334 4064
1335 4065
1336 4064
1337 4060
1338 4064
1339 4064
1340 4059
1341 4064
1342 4064
1343 4060
1344 4064
1345 4061
1346 4064
1347 4061
1348 4064
1349 4065
1350 4064
1351 4064
1352 4061
1353 4064
1354 4064
1355 4066
1356 4061
1357 4064
1358 4064
1359 4064
1360 4064
1361 4059
1362 4064
1363 4058
1364 4061
1365 4064
1366 4061
1367 4066
1368 4064
1369 4064
1370 4064
1371 4060
1372 4059
1373 4061
1374 4064
1375 4064
1376 4064
1377 4064
1378 4061
1379 4065
1380 4064
1381 4064
1382 4064
1383 4061
1384 4064
1385 4064
1386 4064
1387 4061
1388 4061
1389 4064
1390 4064
1391 4061
1392 4064
1393 4060
1394 4061
1395 4061
1396 4061
1397 4064
1398 4064
1399 4061
1400 4064
1401 4066
1402 4060
1403 4061
1404 4061
1405 4064
1406 4059
1407 4064
1408 4061
1409 4064
1410 4058
1411 4061
1412 4064
1413 4061
1414 4064
1415 4064
1416 4066
1417 4064
1418 4066
1419 4064
1420 4061
1421 4061
1422 4064
1423 4064
1424 4064
1425 4064
1426 4064
1427 4065
1428 4064
1429 4064
1430 4064
1431 4064
1432 4061
1433 4064
1434 4064
1435 4064
1436 4061
1437 4064
1438 4065
1439 4064
1440 4064
1441 4059
1442 4059
1443 4066
1444 4064
1445 4064
1446 4064
1447 4064
1448 4064
1449 4064
1450 4064
1451 4065
1452 4060
1453 4064
1454 4064
1455 4064
1456 4061
1457 4064
1458 4059
1459 4064
1460 4061
1461 4065
1462 4060
1463 4064
1464 4057
1465 4064
1466 4064
1467 4060
1468 4064
1469 4064
1470 4064
1471 4060
1472 4064
1473 4060
1474 4064
1475 4064
1476 4065
1477 4064
1478 4061
1479 4064
1480 4065
1481 4059
1482 4064
1483 4057
1484 4061
1485 4061
1486 4060
1487 4064
1488 4064
1489 4064
1490 4061
1491 4061
1492 4067
1493 4060
1494 4064
1495 4060
1496 4062
1497 4064
1498 4064
1499 4064
1500 4064
1501 4067
1502 4064
1503 4065
1504 4065
1505 4060
1506 4060
1507 4064
1508 4061
1509 4061
1510 4060
1511 4064
1512 4064
1513 4060
1514 4064
1515 4065
1516 4061
1517 4064
1518 4064
1519 4064
1520 4067
1521 4064
1522 4065
1523 4061
1524 4061
1525 4064
1526 4064
1527 4064
1528 4064
1529 4061
1530 4060
1531 4064
1532 4064
1533 4064
1534 4064
1535 4064
1536 4064
1537 4064
1538 4061
1539 4064
1540 4060
1541 4061
1542 4064
1543 4064
1544 4064
1545 4059
1546 4059
1547 4060
1548 4064
1549 4064
1550 4064
1551 4065
1552 4058
1553 4064
1554 4065
1555 4064
1556 4061
1557 4064
1558 4064
1559 4064
1560 4064
1561 4066
1562 4067
1563 4065
1564 4064
1565 4061
1566 4064
1567 4064
1568 4067
1569 4060
1570 4064
1571 4059
1572 4064
1573 4064
1574 4065
1575 4064
1576 4064
1577 4064
1578 4064
1579 4061
1580 4064
1581 4061
1582 4064
1583 4061
1584 4064
1585 4064
1586 4064
1587 4059
1588 4064
1589 4060
1590 4065
1591 4064
1592 4064
1593 4064
1594 4060
1595 4064
1596 4064
1597 4064
1598 4066
1599 4064
1600 4064
1601 4066
1602 4061
1603 4061
1604 4064
1605 4064
1606 4064
1607 4064
1608 4064
1609 4061
1610 4061
1611 4064
1612 4061
1613 4064
1614 4064
1615 4064
1616 4064
1617 4064
1618 4064
1619 4064
1620 4064
1621 4064
1622 4061
1623 4064
1624 4067
1625 4064
1626 4060
1627 4064
1628 4064
1629 4064
1630 4064
1631 4064
1632 4064
1633 4060
1634 4064
1635 4064
1636 4065
1637 4064
1638 4065
1639 4064
1640 4064
1641 4059
1642 4057
1643 4064
1644 4061
1645 4064
1646 4060
1647 4064
1648 4064
1649 4064
1650 4064
1651 4064
1652 4060
1653 4064
1654 4061
1655 4065
1656 4064
1657 4066
1658 4061
1659 4064
1660 4060
1661 4064
1662 4061
1663 4060
1664 4061
1665 4064
1666 4064
1667 4064
1668 4059
1669 4064
1670 4064
1671 4061
1672 4064
1673 4064
1674 4060
1675 4061
1676 4064
1677 4061
1678 4060
1679 4061
1680 4065
1681 4059
1682 4060
1683 4064
1684 4061
1685 4065
1686 4060
1687 4065
1688 4060
1689 4064
1690 4060
1691 4059
1692 4060
1693 4064
1694 4064
1695 4064
1696 4060
1697 4064
1698 4060
1699 4067
1700 4061
1701 4067
1702 4064
1703 4064
1704 4064
1705 4064
1706 4058
1707 4065
1708 4058
1709 4064
1710 4059
1711 4064
1712 4064
1713 4064
1714 4064
1715 4064
1716 4061
1717 4064
1718 4059
1719 4064
1720 4064
1721 4064
1722 4061
1723 4061
1724 4061
1725 4064
1726 4064
1727 4057
1728 4064
1729 4064
1730 4064
1731 4060
1732 4065
1733 4064
1734 4064
1735 4065
1736 4064
1737 4064
1738 4064
1739 4064
1740 4061
1741 4060
1742 4059
1743 4064
1744 4064
1745 4064
1746 4064
1747 4064
1748 4064
1749 4064
1750 4064
1751 4064
1752 4061
1753 4064
1754 4067
1755 4061
1756 4060
1757 4065
1758 4058
1759 4064
1760 4064
1761 4064
1762 4060
1763 4060
1764 4064
1765 4064
1766 4059
1767 4064
1768 4064
1769 4064
1770 4064
1771 4064
1772 4064
1773 4064
1774 4064
1775 4064
1776 4061
1777 4064
1778 4065
1779 4065
1780 4061
1781 4064
1782 4065
1783 4066
1784 4064
1785 4064
1786 4065
1787 4061
1788 4057
1789 4066
1790 4058
1791 4065
1792 4064
1793 4061
1794 4064
1795 4064
1796 4064
1797 4064
1798 4064
1799 4064
1800 4061
1801 4064
1802 4057
1803 4065
1804 4059
1805 4061
1806 4064
1807 4064
1808 4060
1809 4064
1810 4064
1811 4064
1812 4064
1813 4061
1814 4060
1815 4064
1816 4064
1817 4060
1818 4064
1819 4064
1820 4064
1821 4067
1822 4060
1823 4064
1824 4064
1825 4064
1826 4059
1827 4064
1828 4064
1829 4060
1830 4061
1831 4060
1832 4060
1833 4065
1834 4064
1835 4060
1836 4060
1837 4064
1838 4064
1839 4064
1840 4061
1841 4064
1842 4059
1843 4064
1844 4064
1845 4060
1846 4061
1847 4064
1848 4061
1849 4060
1850 4064
1851 4064
1852 4058
1853 4064
1854 4064
1855 4060
1856 4058
1857 4064
1858 4059
1859 4061
1860 4064
1861 4065
1862 4061
1863 4064
1864 4064
1865 4064
1866 4061
1867 4064
1868 4060
1869 4064
1870 4060
1871 4064
1872 4064
1873 4064
1874 4064
1875 4066
1876 4061
1877 4064
1878 4065
1879 4064
1880 4064
1881 4064
1882 4064
1883 4061
1884 4060
1885 4059
1886 4061
1887 4059
1888 4064
1889 4064
1890 4064
1891 4064
1892 4060
1893 4061
1894 4064
1895 4064
1896 4060
1897 4064
1898 4058
1899 4061
1900 4064
1901 4065
1902 4061
1903 4064
1904 4064
1905 4064
1906 4060
1907 4061
1908 4061
1909 4064
1910 4064
1911 4065
1912 4064
1913 4060
1914 4064
1915 4068
1916 4060
1917 4064
1918 4064
1919 4066
1920 4059
1921 4060
1922 4064
1923 4061
1924 4061
1925 4064
1926 4060
1927 4064
1928 4064
1929 4065
1930 4058
1931 4064
1932 4064
1933 4064
1934 4064
1935 4065
1936 4065
1937 4065
1938 4064
1939 4064
1940 4064
1941 4064
1942 4061
1943 4061
1944 4064
1945 4060
1946 4061
1947 4064
1948 4060
1949 4064
1950 4064
1951 4064
1952 4061
1953 4064
1954 4064
1955 4064
1956 4064
1957 4064
1958 4061
1959 4066
1960 4064
1961 4064
1962 4061
1963 4059
1964 4066
1965 4064
1966 4064
1967 4064
1968 4064
1969 4065
1970 4064
1971 4064
1972 4065
1973 4064
1974 4064
1975 4064
1976 4061
1977 4064
1978 4064
1979 4064
1980 4064
1981 4064
1982 4064
1983 4064
1984 4059
1985 4064
1986 4061
1987 4064
1988 4064
1989 4064
1990 4064
1991 4059
1992 4064
1993 4065
1994 4064
1995 4064
1996 4060
1997 4064
1998 4061
1999 4060
2000 4065
2001 4061
2002 4058
2003 4064
2004 4064
2005 4065
2006 4065
2007 4064
2008 4064
2009 4064
2010 4064
2011 4061
2012 4064
2013 4061
2014 4061
2015 4064
2016 4061
2017 4064
2018 4064
2019 4059
2020 4060
2021 4058
2022 4061
2023 4060
2024 4060
2025 4064
2026 4059
2027 4064
2028 4059
2029 4061
2030 4059
2031 4060
2032 4060
2033 4059
2034 4060
2035 4058
2036 4061
2037 4064
2038 4058
2039 4061
2040 4064
2041 4061
2042 4057
2043 4060
2044 4064
2045 4057
2046 4061
2047 4061
2048 4060
2049 4061
2050 4064
2051 4064
2052 4059
2053 4061
2054 4056
2055 4065
2056 4060
2057 4064
2058 4064
2059 4058
2060 4064
2061 4064
2062 4061
2063 4064
2064 4064
2065 4060
2066 4064
2067 4061
2068 4057
2069 4065
2070 4057
2071 4060
2072 4064
2073 4064
2074 4064
2075 4064
2076 4059
2077 4065
2078 4064
2079 4061
2080 4060
2081 4060
2082 4064
2083 4064
2084 4064
2085 4064
2086 4064
2087 4065
2088 4060
2089 4065
2090 4065
2091 4064
2092 4061
2093 4058
2094 4064
2095 4059
2096 4067
2097 4061
2098 4064
2099 4064
2100 4064
2101 4066
2102 4064
2103 4064
2104 4066
2105 4060
2106 4064
2107 4065
2108 4064
2109 4064
2110 4061
2111 4064
2112 4061
2113 4064
2114 4064
2115 4065
2116 4064
2117 4064
2118 4058
2119 4064
2120 4064
2121 4064
2122 4064
2123 4065
2124 4064
2125 4064
2126 4060
2127 4064
2128 4064
2129 4064
2130 4064
2131 4064
2132 4061
2133 4064
2134 4064
2135 4060
2136 4064
2137 4064
2138 4064
2139 4060
2140 4064
2141 4061
2142 4064
2143 4065
2144 4064
2145 4061
2146 4064
2147 4064
2148 4061
2149 4064
2150 4064
2151 4065
2152 4059
2153 4064
2154 4064
2155 4064
2156 4064
2157 4060
2158 4064
2159 4065
2160 4064
2161 4061
2162 4060
2163 4065
2164 4064
2165 4065
2166 4064
2167 4061
2168 4064
2169 4064
2170 4064
2171 4064
2172 4064
2173 4064
2174 4064
2175 4065
2176 4061
2177 4064
2178 4064
2179 4061
2180 4064
2181 4064
2182 4064
2183 4060
2184 4064
2185 4061
2186 4060
2187 4064
2188 4058
2189 4058
2190 4064
2191 4061
2192 4064
2193 4064
2194 4064
2195 4060
2196 4064
2197 4061
2198 4064
2199 4064
2200 4064
2201 4068
2202 4064
2203 4064
2204 4061
2205 4067
2206 4060
2207 4065
2208 4064
2209 4065
2210 4058
2211 4064
2212 4064
2213 4064
2214 4064
2215 4061
2216 4059
2217 4064
2218 4061
2219 4060
2220 4057
2221 4059
2222 4059
2223 4060
2224 4061
2225 4066
2226 4060
2227 4066
2228 4064
2229 4064
2230 4064
2231 4064
2232 4060
2233 4064
2234 4064
2235 4064
2236 4060
2237 4064
2238 4064
2239 4065
2240 4064
2241 4064
2242 4060
2243 4064
2244 4065
2245 4061
2246 4060
2247 4064
2248 4064
2249 4064
2250 4064
2251 4065
2252 4058
2253 4061
2254 4064
2255 4065
2256 4064
2257 4061
2258 4064
2259 4064
2260 4066
2261 4064
2262 4064
2263 4060
2264 4064
2265 4064
2266 4064
2267 4064
2268 4066
2269 4061
2270 4061
2271 4064
2272 4066
2273 4064
2274 4060
2275 4064
2276 4064
2277 4066
2278 4064
2279 4064
2280 4064
2281 4064
2282 4064
2283 4060
2284 4061
2285 4067
2286 4064
2287 4064
2288 4064
2289 4065
2290 4064
2291 4064
2292 4060
2293 4064
2294 4059
2295 4061
2296 4064
2297 4064
2298 4061
2299 4064
2300 4068
2301 4064
2302 4064
2303 4061
2304 4064
2305 4066
2306 4060
2307 4065
2308 4064
2309 4064
2310 4064
2311 4064
2312 4064
2313 4064
2314 4064
2315 4057
2316 4061
2317 4064
2318 4064
2319 4064
2320 4064
2321 4060
2322 4064
2323 4061
2324 4059
2325 4064
2326 4064
2327 4064
2328 4066
2329 4060
2330 4060
2331 4064
2332 4064
2333 4059
2334 4061
2335 4064
2336 4060
2337 4064
2338 4064
2339 4064
2340 4064
2341 4065
2342 4061
2343 4060
2344 4064
2345 4060
2346 4064
2347 4061
2348 4064
2349 4064
2350 4061
2351 4065
2352 4061
2353 4061
2354 4064
2355 4064
2356 4064
2357 4064
2358 4059
2359 4064
2360 4061
2361 4060
2362 4064
2363 4064
2364 4061
2365 4061
2366 4061
2367 4064
2368 4060
2369 4064
2370 4064
2371 4065
2372 4061
2373 4061
2374 4064
2375 4060
2376 4061
2377 4064
2378 4061
2379 4065
2380 4064
2381 4064
2382 4059
2383 4061
2384 4064
2385 4061
2386 4058
2387 4065
2388 4064
2389 4064
2390 4060
2391 4065
2392 4058
2393 4064
2394 4065
2395 4061
2396 4064
2397 4065
2398 4064
2399 4060
2400 4065
2401 4067
2402 4060
2403 4064
2404 4060
2405 4064
2406 4059
2407 4065
2408 4059
2409 4064
2410 4064
2411 4064
2412 4064
2413 4061
2414 4064
2415 4064
2416 4064
2417 4061
2418 4064
2419 4065
2420 4064
2421 4064
2422 4061
2423 4064
2424 4064
2425 4064
2426 4064
2427 4064
2428 4065
2429 4064
2430 4061
2431 4064
2432 4065
2433 4064
2434 4064
2435 4065
2436 4064
2437 4065
2438 4061
2439 4064
2440 4064
2441 4060
2442 4065
2443 4064
2444 4064
2445 4064
2446 4061
2447 4061
2448 4064
2449 4066
2450 4059
2451 4065
2452 4064
2453 4061
2454 4060
2455 4064
2456 4060
2457 4064
2458 4064
2459 4064
2460 4065
2461 4060
2462 4064
2463 4065
2464 4064
2465 4064
2466 4059
2467 4060
2468 4064
2469 4065
2470 4069
2471 4064
2472 4064
2473 4065
2474 4064
2475 4060
2476 4061
2477 4064
2478 4061
2479 4064
2480 4061
2481 4064
2482 4064
2483 4064
2484 4061
2485 4060
2486 4064
2487 4064
2488 4061
2489 4064
2490 4064
2491 4060
2492 4064
2493 4064
2494 4064
2495 4059
2496 4064
2497 4061
2498 4064
2499 4065
2500 4067
2501 4064
2502 4064
2503 4059
2504 4060
2505 4064
2506 4060
2507 4065
2508 4064
2509 4065
2510 4064
2511 4064
2512 4064
2513 4064
2514 4064
2515 4060
2516 4064
2517 4066
2518 4064
2519 4067
2520 4060
2521 4064
2522 4060
2523 4065
2524 4064
2525 4066
2526 4058
2527 4061
2528 4064
2529 4064
2530 4064
2531 4064
2532 4064
2533 4065
2534 4064
2535 4064
2536 4060
2537 4064
2538 4064
2539 4059
2540 4064
2541 4064
2542 4064
2543 4064
2544 4064
2545 4065
2546 4061
2547 4061
2548 4064
2549 4064
2550 4064
2551 4064
2552 4060
2553 4064
2554 4064
2555 4064
2556 4061
2557 4064
2558 4060
2559 4064
2560 4064
2561 4064
2562 4064
2563 4065
2564 4064
2565 4060
2566 4064
2567 4061
2568 4061
2569 4064
2570 4064
2571 4064
2572 4064
2573 4064
2574 4064
2575 4066
2576 4060
2577 4065
2578 4064
2579 4064
2580 4064
2581 4064
2582 4061
2583 4064
2584 4064
2585 4059
2586 4064
2587 4065
2588 4064
2589 4065
2590 4061
2591 4064
2592 4064
2593 4061
2594 4064
2595 4061
2596 4064
2597 4064
2598 4061
2599 4057
2600 4064
2601 4064
2602 4056
2603 4064
2604 4064
2605 4064
2606 4060
2607 4067
2608 4064
2609 4060
2610 4060
2611 4057
2612 4060
2613 4057
2614 4059
2615 4064
2616 4064
2617 4064
2618 4064
2619 4064
2620 4064
2621 4064
2622 4064
2623 4061
2624 4067
2625 4065
2626 4064
2627 4064
2628 4064
2629 4064
2630 4064
2631 4064
2632 4065
2633 4060
2634 4064
2635 4064
2636 4064
2637 4065
2638 4064
2639 4065
2640 4064
2641 4060
2642 4060
2643 4064
2644 4058
2645 4064
2646 4060
2647 4064
2648 4064
2649 4064
2650 4064
2651 4065
2652 4059
2653 4060
2654 4060
2655 4066
2656 4061
2657 4061
2658 4061
2659 4059
2660 4058
2661 4064
2662 4058
2663 4064
2664 4064
2665 4064
2666 4061
2667 4060
2668 4064
2669 4061
2670 4064
2671 4064
2672 4058
2673 4064
2674 4064
2675 4059
2676 4064
2677 4064
2678 4061
2679 4061
2680 4064
2681 4064
2682 4064
2683 4064
2684 4064
2685 4058
2686 4064
2687 4064
2688 4061
2689 4064
2690 4060
2691 4064
2692 4064
2693 4061
2694 4064
2695 4064
2696 4064
2697 4064
2698 4060
2699 4064
2700 4064
2701 4064
2702 4060
2703 4064
2704 4061
2705 4061
2706 4061
2707 4064
2708 4065
2709 4061
2710 4064
2711 4064
2712 4061
2713 4064
2714 4061
2715 4064
2716 4064
2717 4064
2718 4065
2719 4064
2720 4064
2721 4059
2722 4060
2723 4064
2724 4059
2725 4059
2726 4064
2727 4064
2728 4061
2729 4064
2730 4064
2731 4061
2732 4064
2733 4061
2734 4060
2735 4060
2736 4058
2737 4064
2738 4064
2739 4061
2740 4064
2741 4064
2742 4060
2743 4059
2744 4064
2745 4061
2746 4058
2747 4064
2748 4064
2749 4061
2750 4064
2751 4065
2752 4060
2753 4056
2754 4061
2755 4064
2756 4064
2757 4061
2758 4060
2759 4060
2760 4061
2761 4061
2762 4060
2763 4061
2764 4064
2765 4061
2766 4064
2767 4064
2768 4064
2769 4064
2770 4064
2771 4064
2772 4064
2773 4060
2774 4064
2775 4064
2776 4064
2777 4064
2778 4064
2779 4064
2780 4064
2781 4064
2782 4061
2783 4064
2784 4061
2785 4064
2786 4064
2787 4064
2788 4064
2789 4065
2790 4060
2791 4061
2792 4061
2793 4059
2794 4064
2795 4060
2796 4060
2797 4064
2798 4064
2799 4060
2800 4064
2801 4064
2802 4060
2803 4065
2804 4060
2805 4064
2806 4064
2807 4064
2808 4064
2809 4064
2810 4067
2811 4060
2812 4054
2813 4064
2814 4064
2815 4060
2816 4064
2817 4066
2818 4059
2819 4064
2820 4059
2821 4061
2822 4059
2823 4064
2824 4064
2825 4064
2826 4061
2827 4064
2828 4064
2829 4062
2830 4064
2831 4061
2832 4064
2833 4064
2834 4057
2835 4064
2836 4061
2837 4064
2838 4064
2839 4064
2840 4059
2841 4066
2842 4054
2843 4056
2844 4060
2845 4064
2846 4061
2847 4064
2848 4061
2849 4061
2850 4064
2851 4064
2852 4059
2853 4064
2854 4061
2855 4060
2856 4064
2857 4060
2858 4061
2859 4064
2860 4060
2861 4057
2862 4064
2863 4065
2864 4059
2865 4064
2866 4064
2867 4061
2868 4060
2869 4059
2870 4064
2871 4060
2872 4064
2873 4064
2874 4064
2875 4059
2876 4061
2877 4064
2878 4064
2879 4061
2880 4061
2881 4059
2882 4064
2883 4064
2884 4060
2885 4061
2886 4064
2887 4064
2888 4064
2889 4064
2890 4061
2891 4057
2892 4061
2893 4064
2894 4065
2895 4064
2896 4064
2897 4060
2898 4064
2899 4065
2900 4064
2901 4065
2902 4064
2903 4060
2904 4059
2905 4064
2906 4060
2907 4064
2908 4065
2909 4059
2910 4064
2911 4061
2912 4064
2913 4064
2914 4064
2915 4064
2916 4064
2917 4064
2918 4060
2919 4064
2920 4064
2921 4064
2922 4059
2923 4065
2924 4064
2925 4064
2926 4064
2927 4064
2928 4064
2929 4064
2930 4064
2931 4058
2932 4064
2933 4068
2934 4064
2935 4061
2936 4064
2937 4061
2938 4060
2939 4064
2940 4064
2941 4060
2942 4064
2943 4064
2944 4065
2945 4065
2946 4064
2947 4064
2948 4064
2949 4064
2950 4061
2951 4067
2952 4059
2953 4064
2954 4060
2955 4061
2956 4059
2957 4064
2958 4064
2959 4060
2960 4064
2961 4065
2962 4059
2963 4064
2964 4064
2965 4064
2966 4060
2967 4061
2968 4060
2969 4064
2970 4059
2971 4059
2972 4064
2973 4061
2974 4064
2975 4064
2976 4064
2977 4066
2978 4065
2979 4064
2980 4065
2981 4061
2982 4064
2983 4064
2984 4059
2985 4064
2986 4061
2987 4067
2988 4060
2989 4064
2990 4061
2991 4064
2992 4064
2993 4064
2994 4061
2995 4061
2996 4064
2997 4060
2998 4060
2999 4067
3000 4060
3001 4065
3002 4061
3003 4064
3004 4059
3005 4066
3006 4060
3007 4064
3008 4064
3009 4064
3010 4064
3011 4066
3012 4058
3013 4060
3014 4064
3015 4064
3016 4065
3017 4064
3018 4064
3019 4064
3020 4061
3021 4061
3022 4064
3023 4064
3024 4060
3025 4064
3026 4064
3027 4061
3028 4064
3029 4064
3030 4064
3031 4064
3032 4065
3033 4064
3034 4065
3035 4064
3036 4064
3037 4064
3038 4060
3039 4064
3040 4064
3041 4064
3042 4060
3043 4061
3044 4064
3045 4064
3046 4061
3047 4064
3048 4065
3049 4064
3050 4064
3051 4065
3052 4056
3053 4064
3054 4064
3055 4067
3056 4064
3057 4064
3058 4059
3059 4064
3060 4064
3061 4064
3062 4064
3063 4064
3064 4061
3065 4064
3066 4061
3067 4064
3068 4061
3069 4064
3070 4060
3071 4064
3072 4060
3073 4064
3074 4064
3075 4064
3076 4058
3077 4064
3078 4064
3079 4065
3080 4064
3081 4065
3082 4064
3083 4064
3084 4065
3085 4060
3086 4065
3087 4061
3088 4064
3089 4064
3090 4060
3091 4064
3092 4060
3093 4064
3094 4064
3095 4061
3096 4064
3097 4064
3098 4064
3099 4064
3100 4061
3101 4064
3102 4058
3103 4064
3104 4059
3105 4067
3106 4064
3107 4064
3108 4065
3109 4060
3110 4060
3111 4065
3112 4059
3113 4064
3114 4064
3115 4064
3116 4060
3117 4064
3118 4064
3119 4064
3120 4064
3121 4062
3122 4060
3123 4064
3124 4062
3125 4065
3126 4064
3127 4064
3128 4064
3129 4064
3130 4060
3131 4060
3132 4064
3133 4065
3134 4061
3135 4064
3136 4060
3137 4064
3138 4064
3139 4064
3140 4064
3141 4061
3142 4064
3143 4061
3144 4064
3145 4060
3146 4064
3147 4059
3148 4064
3149 4064
3150 4061
3151 4067
3152 4061
3153 4065
3154 4064
3155 4064
3156 4062
3157 4064
3158 4064
3159 4064
3160 4064
3161 4064
3162 4061
3163 4061
3164 4064
3165 4064
3166 4064
3167 4064
3168 4064
3169 4064
3170 4061
3171 4064
3172 4064
3173 4064
3174 4064
3175 4064
3176 4064
3177 4064
3178 4064
3179 4064
3180 4065
3181 4065
3182 4064
3183 4065
3184 4064
3185 4060
3186 4064
3187 4064
3188 4064
3189 4066
3190 4064
3191 4059
3192 4061
3193 4061
3194 4065
3195 4064
3196 4064
3197 4061
3198 4064
3199 4064
3200 4064
3201 4066
3202 4061
3203 4064
3204 4057
3205 4064
3206 4060
3207 4065
3208 4064
3209 4064
3210 4064
3211 4064
3212 4061
3213 4061
3214 4065
3215 4061
3216 4060
3217 4065
3218 4060
3219 4064
3220 4058
3221 4064
3222 4058
3223 4061
3224 4065
3225 4065
3226 4064
3227 4061
3228 4061
3229 4065
3230 4064
3231 4064
3232 4064
3233 4065
3234 4065
3235 4064
3236 4064
3237 4061
3238 4064
3239 4064
3240 4064
3241 4064
3242 4064
3243 4061
3244 4064
3245 4065
3246 4064
3247 4064
3248 4064
3249 4064
3250 4061
3251 4065
3252 4057
3253 4064
3254 4064
3255 4064
3256 4064
3257 4064
3258 4064
3259 4064
3260 4059
3261 4064
3262 4065
3263 4064
3264 4064
3265 4067
3266 4060
3267 4064
3268 4064
3269 4060
3270 4064
3271 4064
3272 4061
3273 4064
3274 4064
3275 4064
3276 4058
3277 4064
3278 4064
3279 4065
3280 4060
3281 4064
3282 4064
3283 4064
3284 4064
3285 4064
3286 4064
3287 4064
3288 4059
3289 4061
3290 4064
3291 4060
3292 4064
3293 4064
3294 4064
3295 4058
3296 4065
3297 4059
3298 4061
3299 4060
3300 4061
3301 4065
3302 4060
3303 4060
3304 4061
3305 4061
3306 4064
3307 4064
3308 4064
3309 4064
3310 4064
3311 4064
3312 4064
3313 4060
3314 4061
3315 4065
3316 4061
3317 4064
3318 4061
3319 4064
3320 4064
3321 4065
3322 4064
3323 4060
3324 4064
3325 4064
3326 4064
3327 4061
3328 4064
3329 4064
3330 4064
3331 4064
3332 4064
3333 4064
3334 4064
3335 4061
3336 4064
3337 4065
3338 4061
3339 4064
3340 4066
3341 4061
3342 4064
3343 4060
3344 4064
3345 4061
3346 4061
3347 4064
3348 4064
3349 4064
3350 4064
3351 4064
3352 4058
3353 4065
3354 4064
3355 4064
3356 4064
3357 4064
3358 4060
3359 4058
3360 4061
3361 4058
3362 4065
3363 4061
3364 4064
3365 4064
3366 4061
3367 4064
3368 4064
3369 4064
3370 4064
3371 4064
3372 4064
3373 4064
3374 4064
3375 4064
3376 4064
3377 4060
3378 4064
3379 4064
3380 4064
3381 4061
3382 4061
3383 4064
3384 4061
3385 4064
3386 4060
3387 4062
3388 4065
3389 4064
3390 4064
3391 4064
3392 4059
3393 4059
3394 4064
3395 4065
3396 4060
3397 4064
3398 4064
3399 4060
3400 4064
3401 4065
3402 4061
3403 4064
3404 4061
3405 4064
3406 4064
3407 4064
3408 4064
3409 4064
3410 4064
3411 4061
3412 4061
3413 4067
3414 4064
3415 4059
3416 4061
3417 4061
3418 4064
3419 4064
3420 4064
3421 4064
3422 4064
3423 4064
3424 4064
3425 4066
3426 4064
3427 4064
3428 4064
3429 4064
3430 4064
3431 4064
3432 4064
3433 4064
3434 4064
3435 4064
3436 4064
3437 4064
3438 4064
3439 4064
3440 4061
3441 4064
3442 4064
3443 4064
3444 4064
3445 4061
3446 4064
3447 4064
3448 4065
3449 4061
3450 4061
3451 4064
3452 4057
3453 4064
3454 4064
3455 4060
3456 4064
3457 4064
3458 4058
3459 4064
3460 4064
3461 4061
3462 4060
3463 4064
3464 4060
3465 4064
3466 4059
3467 4064
3468 4064
3469 4064
3470 4065
3471 4064
3472 4061
3473 4064
3474 4064
3475 4064
3476 4060
3477 4064
3478 4064
3479 4064
3480 4064
3481 4064
3482 4064
3483 4058
3484 4061
3485 4061
3486 4064
3487 4064
3488 4064
3489 4060
3490 4060
3491 4065
3492 4059
3493 4064
3494 4065
3495 4064
3496 4055
3497 4064
3498 4061
3499 4058
3500 4064
3501 4065
3502 4059
3503 4065
3504 4061
3505 4064
3506 4061
3507 4064
3508 4061
3509 4064
3510 4064
3511 4064
3512 4061
3513 4064
3514 4061
3515 4064
3516 4064
3517 4064
3518 4059
3519 4064
3520 4061
3521 4059
3522 4061
3523 4061
3524 4059
3525 4064
3526 4064
3527 4064
3528 4059
3529 4060
3530 4064
3531 4064
3532 4061
3533 4058
3534 4066
3535 4064
3536 4064
3537 4064
3538 4064
3539 4064
3540 4059
3541 4064
3542 4064
3543 4061
3544 4061
3545 4058
3546 4064
3547 4061
3548 4061
3549 4061
3550 4061
3551 4064
3552 4061
3553 4064
3554 4064
3555 4061
3556 4059
3557 4064
3558 4059
3559 4064
3560 4064
3561 4064
3562 4065
3563 4066
3564 4064
3565 4064
3566 4064
3567 4061
3568 4061
3569 4061
3570 4064
3571 4064
3572 4064
3573 4066
3574 4061
3575 4064
3576 4064
3577 4064
3578 4064
3579 4060
3580 4061
3581 4064
3582 4064
3583 4066
3584 4064
3585 4061
3586 4061
3587 4067
3588 4058
3589 4064
3590 4064
3591 4064
3592 4060
3593 4064
3594 4061
3595 4064
3596 4064
3597 4065
3598 4064
3599 4064
3600 4064
3601 4065
3602 4060
3603 4064
3604 4064
3605 4060
3606 4064
3607 4064
3608 4061
3609 4064
3610 4064
3611 4060
3612 4064
3613 4065
3614 4064
3615 4060
3616 4064
3617 4059
3618 4064
3619 4064
3620 4061
3621 4064
3622 4065
3623 4064
3624 4064
3625 4064
3626 4061
3627 4064
3628 4064
3629 4064
3630 4066
3631 4064
3632 4064
3633 4060
3634 4064
3635 4060
3636 4060
3637 4064
3638 4064
3639 4062
3640 4064
3641 4061
3642 4061
3643 4061
3644 4064
3645 4064
3646 4061
3647 4060
3648 4064
3649 4059
3650 4064
3651 4068
3652 4058
3653 4064
3654 4060
3655 4064
3656 4064
3657 4065
3658 4064
3659 4064
3660 4061
3661 4064
3662 4064
3663 4064
3664 4065
3665 4057
3666 4064
3667 4065
3668 4060
3669 4064
3670 4061
3671 4065
3672 4061
3673 4059
3674 4061
3675 4064
3676 4064
3677 4064
3678 4061
3679 4064
3680 4061
3681 4067
3682 4065
3683 4064
3684 4065
3685 4061
3686 4061
3687 4064
3688 4061
3689 4064
3690 4064
3691 4065
3692 4064
3693 4058
3694 4065
