#Data from the TCD1304 linear CCD
#column 1 = pixelnumber , column 2 = pixelvalue
#Pixel 1-32 and 3679-3694 and are dummy pixels
#SH-period: 200    ICG-period: 100000    Integration time: 100.0 us
2 4045
3 4044
4 4064
5 4060
6 4064
7 4064
8 4059
9 4059
10 4061
11 4058
12 4059
13 4062
14 4060
15 4059
16 4060
17 4061
18 4061
19 4058
20 4062
21 4057
22 4060
23 4059
24 4064
25 4060
26 4060
27 4064
28 4061
29 4060
30 4059
31 4061
32 4062
34 4059
35 4059
36 4064
37 4058
38 4064
39 4062
40 4059
41 4059
42 4060
43 4060
44 4058
45 4058
46 4061
47 4060
48 4060
49 4061
50 4060
51 4062
52 4056
53 4064
54 4059
55 4061
56 4061
57 4064
58 4058
59 4059
60 4059
61 4061
62 4059
63 4055
64 4062
65 4061
66 4055
67 4059
68 4060
69 4063
70 4060
71 4060
72 4061
73 4060
74 4062
75 4060
76 4060
77 4061
78 4060
79 4064
80 4071
81 4059
82 4061
83 4059
84 4062
85 4061
86 4059
87 4059
88 4059
89 4060
90 4062
91 4061
92 4059
93 4062
94 4062
95 4059
96 4060
97 4061
98 4060
99 4059
100 4061
101 4062
102 4059
103 4059
104 4061
105 4059
106 4059
107 4064
108 4057
109 4059
110 4061
111 4058
112 4061
113 4060
114 4061
115 4061
116 4058
117 4060
118 4059
119 4058
120 4057
121 4064
122 4059
123 4061
124 4058
125 4061
126 4060
127 4061
128 4060
129 4059
130 4059
131 4060
132 4062
133 4056
134 4059
135 4060
136 4060
137 4060
138 4062
139 4057
140 4059
141 4060
142 4060
143 4060
144 4064
145 4060
146 4062
147 4065
148 4060
149 4060
150 4061
151 4064
152 4055
153 4060
154 4061
155 4060
156 4059
157 4064
158 4059
159 4058
160 4058
161 4060
162 4061
163 4065
164 4062
165 4059
166 4060
167 4059
168 4061
169 4056
170 4058
171 4059
172 4060
173 4061
174 4061
175 4060
176 4061
177 4060
178 4061
179 4061
180 4059
181 4062
182 4060
183 4062
184 4060
185 4061
186 4060
187 4064
188 4060
189 4062
190 4061
191 4057
192 4059
193 4060
194 4059
195 4059
196 4056
197 4060
198 4060
199 4059
200 4060
201 4065
202 4057
203 4059
204 4059
205 4060
206 4059
207 4064
208 4058
209 4058
210 4060
211 4060
212 4058
213 4061
214 4061
215 4055
216 4060
217 4058
218 4056
219 4060
220 4056
221 4064
222 4059
223 4058
224 4060
225 4061
226 4060
227 4059
228 4059
229 4061
230 4058
231 4059
232 4059
233 4061
234 4059
235 4061
236 4059
237 4060
238 4061
239 4059
240 4056
241 4060
242 4062
243 4062
244 4061
245 4060
246 4057
247 4059
248 4061
249 4060
250 4058
251 4061
252 4060
253 4058
254 4059
255 4064
256 4059
257 4064
258 4057
259 4061
260 4061
261 4056
262 4061
263 4061
264 4059
265 4059
266 4061
267 4058
268 4057
269 4061
270 4060
271 4060
272 4061
273 4056
274 4058
275 4061
276 4060
277 4061
278 4061
279 4064
280 4058
281 4057
282 4064
283 4060
284 4057
285 4061
286 4061
287 4058
288 4058
289 4061
290 4057
291 4064
292 4059
293 4061
294 4059
295 4064
296 4062
297 4060
298 4061
299 4056
300 4058
301 4064
302 4055
303 4056
304 4059
305 4058
306 4057
307 4064
308 4059
309 4064
310 4064
311 4061
312 4060
313 4060
314 4058
315 4061
316 4059
317 4060
318 4060
319 4064
320 4059
321 4061
322 4060
323 4061
324 4064
325 4060
326 4064
327 4064
328 4059
329 4059
330 4061
331 4059
332 4061
333 4058
334 4058
335 4058
336 4062
337 4059
338 4064
339 4059
340 4060
341 4065
342 4058
343 4059
344 4058
345 4064
346 4059
347 4060
348 4059
349 4061
350 4062
351 4064
352 4055
353 4061
354 4057
355 4064
356 4059
357 4062
358 4058
359 4060
360 4064
361 4059
362 4061
363 4061
364 4062
365 4063
366 4060
367 4058
368 4061
369 4061
370 4058
371 4060
372 4061
373 4062
374 4059
375 4061
376 4059
377 4059
378 4059
379 4057
380 4060
381 4059
382 4064
383 4060
384 4059
385 4061
386 4061
387 4060
388 4064
389 4059
390 4058
391 4062
392 4060
393 4061
394 4057
395 4061
396 4062
397 4064
398 4061
399 4061
400 4062
401 4064
402 4059
403 4061
404 4064
405 4064
406 4057
407 4064
408 4062
409 4061
410 4061
411 4062
412 4059
413 4063
414 4062
415 4056
416 4059
417 4059
418 4062
419 4061
420 4064
421 4059
422 4058
423 4063
424 4059
425 4060
426 4061
427 4058
428 4061
429 4059
430 4061
431 4059
432 4059
433 4060
434 4061
435 4064
436 4061
437 4059
438 4061
439 4060
440 4059
441 4064
442 4060
443 4059
444 4064
445 4060
446 4059
447 4064
448 4059
449 4060
450 4058
451 4063
452 4058
453 4060
454 4061
455 4061
456 4060
457 4060
458 4061
459 4062
460 4062
461 4064
462 4059
463 4060
464 4059
465 4060
466 4066
467 4062
468 4064
469 4059
470 4058
471 4064
472 4057
473 4058
474 4061
475 4060
476 4062
477 4059
478 4062
479 4061
480 4059
481 4060
482 4061
483 4060
484 4060
485 4060
486 4064
487 4060
488 4059
489 4061
490 4061
491 4060
492 4061
493 4060
494 4061
495 4057
496 4061
497 4061
498 4060
499 4058
500 4061
501 4064
502 4056
503 4062
504 4061
505 4061
506 4058
507 4060
508 4061
509 4057
510 4058
511 4057
512 4060
513 4060
514 4061
515 4056
516 4060
517 4060
518 4059
519 4064
520 4057
521 4062
522 4058
523 4062
524 4058
525 4061
526 4059
527 4060
528 4061
529 4061
530 4060
531 4060
532 4065
533 4059
534 4059
535 4061
536 4059
537 4060
538 4059
539 4059
540 4058
541 4058
542 4058
543 4059
544 4062
545 4060
546 4061
547 4061
548 4061
549 4061
550 4060
551 4067
552 4055
553 4065
554 4059
555 4060
556 4058
557 4061
558 4058
559 4058
560 4058
561 4064
562 4061
563 4061
564 4058
565 4062
566 4061
567 4061
568 4061
569 4061
570 4057
571 4060
572 4061
573 4061
574 4059
575 4061
576 4061
577 4064
578 4060
579 4058
580 4058
581 4058
582 4061
583 4061
584 4059
585 4057
586 4059
587 4061
588 4059
589 4062
590 4059
591 4059
592 4062
593 4059
594 4060
595 4060
596 4061
597 4061
598 4060
599 4062
600 4057
601 4065
602 4061
603 4060
604 4058
605 4064
606 4061
607 4062
608 4058
609 4057
610 4064
611 4058
612 4058
613 4064
614 4058
615 4060
616 4058
617 4061
618 4059
619 4060
620 4058
621 4058
622 4060
623 4064
624 4061
625 4059
626 4064
627 4062
628 4061
629 4061
630 4060
631 4065
632 4061
633 4061
634 4060
635 4060
636 4061
637 4060
638 4061
639 4065
640 4060
641 4060
642 4062
643 4061
644 4059
645 4060
646 4060
647 4061
648 4057
649 4061
650 4059
651 4062
652 4057
653 4060
654 4060
655 4057
656 4059
657 4060
658 4060
659 4061
660 4060
661 4061
662 4061
663 4057
664 4061
665 4061
666 4059
667 4062
668 4061
669 4059
670 4057
671 4060
672 4061
673 4064
674 4060
675 4060
676 4060
677 4062
678 4059
679 4061
680 4061
681 4057
682 4060
683 4059
684 4057
685 4060
686 4061
687 4064
688 4057
689 4061
690 4061
691 4058
692 4061
693 4061
694 4062
695 4060
696 4060
697 4059
698 4060
699 4055
700 4059
701 4065
702 4057
703 4061
704 4057
705 4060
706 4059
707 4061
708 4059
709 4060
710 4062
711 4061
712 4061
713 4059
714 4062
715 4061
716 4058
717 4065
718 4060
719 4061
720 4061
721 4059
722 4057
723 4061
724 4058
725 4059
726 4059
727 4061
728 4056
729 4060
730 4062
731 4060
732 4060
733 4060
734 4058
735 4061
736 4064
737 4061
738 4062
739 4062
740 4059
741 4060
742 4061
743 4058
744 4055
745 4060
746 4060
747 4060
748 4059
749 4060
750 4058
751 4061
752 4055
753 4057
754 4058
755 4059
756 4060
757 4061
758 4058
759 4062
760 4060
761 4060
762 4060
763 4061
764 4060
765 4061
766 4061
767 4058
768 4059
769 4057
770 4055
771 4058
772 4064
773 4059
774 4061
775 4061
776 4058
777 4059
778 4061
779 4060
780 4062
781 4058
782 4062
783 4059
784 4059
785 4058
786 4059
787 4061
788 4059
789 4062
790 4057
791 4060
792 4059
793 4061
794 4057
795 4061
796 4060
797 4061
798 4060
799 4062
800 4060
801 4064
802 4059
803 4060
804 4060
805 4059
806 4057
807 4057
808 4061
809 4061
810 4057
811 4058
812 4059
813 4060
814 4059
815 4058
816 4057
817 4059
818 4061
819 4059
820 4060
821 4059
822 4060
823 4060
824 4059
825 4060
826 4059
827 4060
828 4060
829 4058
830 4056
831 4055
832 4061
833 4056
834 4061
835 4058
836 4060
837 4061
838 4057
839 4063
840 4057
841 4059
842 4057
843 4059
844 4058
845 4060
846 4062
847 4064
848 4057
849 4061
850 4061
851 4062
852 4058
853 4061
854 4062
855 4062
856 4059
857 4058
858 4058
859 4058
860 4058
861 4061
862 4057
863 4059
864 4060
865 4057
866 4060
867 4060
868 4061
869 4057
870 4059
871 4057
872 4060
873 4061
874 4059
875 4059
876 4060
877 4060
878 4059
879 4061
880 4057
881 4058
882 4062
883 4060
884 4060
885 4061
886 4061
887 4062
888 4057
889 4060
890 4060
891 4057
892 4059
893 4059
894 4057
895 4060
896 4064
897 4061
898 4060
899 4060
900 4057
901 4060
902 4059
903 4061
904 4062
905 4055
906 4064
907 4062
908 4060
909 4061
910 4060
911 4064
912 4058
913 4059
914 4060
915 4060
916 4057
917 4060
918 4058
919 4057
920 4061
921 4060
922 4060
923 4061
924 4060
925 4060
926 4059
927 4061
928 4056
929 4060
930 4056
931 4060
932 4064
933 4059
934 4060
935 4060
936 4060
937 4057
938 4060
939 4058
940 4061
941 4060
942 4058
943 4062
944 4061
945 4060
946 4060
947 4060
948 4061
949 4059
950 4057
951 4061
952 4056
953 4059
954 4054
955 4061
956 4055
957 4060
958 4060
959 4059
960 4056
961 4061
962 4059
963 4057
964 4060
965 4059
966 4059
967 4062
968 4058
969 4059
970 4060
971 4060
972 4061
973 4065
974 4059
975 4060
976 4059
977 4060
978 4058
979 4058
980 4061
981 4057
982 4058
983 4060
984 4057
985 4059
986 4061
987 4060
988 4060
989 4056
990 4061
991 4061
992 4058
993 4062
994 4058
995 4060
996 4058
997 4060
998 4060
999 4059
1000 4059
1001 4062
1002 4053
1003 4061
1004 4056
1005 4061
1006 4058
1007 4060
1008 4061
1009 4060
1010 4059
1011 4059
1012 4061
1013 4057
1014 4058
1015 4060
1016 4058
1017 4059
1018 4064
1019 4058
1020 4064
1021 4061
1022 4057
1023 4060
1024 4060
1025 4059
1026 4059
1027 4064
1028 4060
1029 4061
1030 4061
1031 4061
1032 4061
1033 4058
1034 4056
1035 4060
1036 4059
1037 4060
1038 4057
1039 4060
1040 4064
1041 4059
1042 4059
1043 4059
1044 4057
1045 4060
1046 4062
1047 4061
1048 4064
1049 4058
1050 4060
1051 4065
1052 4054
1053 4061
1054 4064
1055 4058
1056 4060
1057 4059
1058 4060
1059 4057
1060 4061
1061 4062
1062 4059
1063 4061
1064 4061
1065 4059
1066 4061
1067 4060
1068 4060
1069 4059
1070 4059
1071 4064
1072 4055
1073 4059
1074 4061
1075 4060
1076 4060
1077 4060
1078 4060
1079 4058
1080 4059
1081 4056
1082 4060
1083 4057
1084 4060
1085 4060
1086 4057
1087 4059
1088 4059
1089 4061
1090 4055
1091 4058
1092 4061
1093 4060
1094 4059
1095 4059
1096 4054
1097 4058
1098 4061
1099 4057
1100 4058
1101 4061
1102 4055
1103 4060
1104 4056
1105 4059
1106 4055
1107 4061
1108 4055
1109 4064
1110 4060
1111 4056
1112 4060
1113 4057
1114 4060
1115 4062
1116 4057
1117 4061
1118 4060
1119 4057
1120 4059
1121 4059
1122 4057
1123 4059
1124 4061
1125 4059
1126 4056
1127 4061
1128 4058
1129 4060
1130 4063
1131 4061
1132 4058
1133 4059
1134 4060
1135 4058
1136 4057
1137 4064
1138 4058
1139 4059
1140 4062
1141 4061
1142 4054
1143 4061
1144 4061
1145 4058
1146 4061
1147 4057
1148 4058
1149 4061
1150 4057
1151 4062
1152 4055
1153 4059
1154 4058
1155 4057
1156 4060
1157 4062
1158 4060
1159 4059
1160 4059
1161 4064
1162 4060
1163 4058
1164 4059
1165 4065
1166 4056
1167 4058
1168 4057
1169 4058
1170 4058
1171 4064
1172 4061
1173 4056
1174 4061
1175 4059
1176 4057
1177 4062
1178 4058
1179 4060
1180 4060
1181 4058
1182 4061
1183 4062
1184 4055
1185 4062
1186 4057
1187 4058
1188 4056
1189 4059
1190 4057
1191 4064
1192 4061
1193 4059
1194 4055
1195 4058
1196 4061
1197 4061
1198 4058
1199 4057
1200 4060
1201 4061
1202 4058
1203 4060
1204 4061
1205 4060
1206 4060
1207 4057
1208 4058
1209 4056
1210 4058
1211 4061
1212 4056
1213 4060
1214 4058
1215 4060
1216 4064
1217 4060
1218 4061
1219 4060
1220 4061
1221 4064
1222 4059
1223 4060
1224 4062
1225 4057
1226 4061
1227 4062
1228 4065
1229 4062
1230 4057
1231 4058
1232 4064
1233 4064
1234 4061
1235 4059
1236 4060
1237 4060
1238 4060
1239 4059
1240 4061
1241 4057
1242 4057
1243 4060
1244 4056
1245 4060
1246 4060
1247 4060
1248 4061
1249 4064
1250 4060
1251 4064
1252 4058
1253 4059
1254 4060
1255 4060
1256 4059
1257 4061
1258 4059
1259 4057
1260 4061
1261 4061
1262 4059
1263 4060
1264 4060
1265 4061
1266 4059
1267 4060
1268 4059
1269 4057
1270 4057
1271 4061
1272 4060
1273 4062
1274 4061
1275 4061
1276 4060
1277 4061
1278 4059
1279 4060
1280 4054
1281 4057
1282 4058
1283 4060
1284 4056
1285 4057
1286 4060
1287 4059
1288 4059
1289 4058
1290 4057
1291 4061
1292 4059
1293 4061
1294 4057
1295 4059
1296 4056
1297 4059
1298 4058
1299 4060
1300 4061
1301 4064
1302 4057
1303 4060
1304 4060
1305 4059
1306 4058
1307 4064
1308 4060
1309 4060
1310 4060
1311 4058
1312 4060
1313 4060
1314 4060
1315 4059
1316 4061
1317 4060
1318 4057
1319 4061
1320 4058
1321 4059
1322 4059
1323 4060
1324 4059
1325 4060
1326 4059
1327 4060
1328 4060
1329 4058
1330 4062
1331 4058
1332 4061
1333 4060
1334 4064
1335 4059
1336 4059
1337 4065
1338 4056
1339 4058
1340 4059
1341 4058
1342 4060
1343 4059
1344 4062
1345 4059
1346 4064
1347 4060
1348 4058
1349 4059
1350 4064
1351 4063
1352 4058
1353 4058
1354 4059
1355 4060
1356 4060
1357 4058
1358 4059
1359 4060
1360 4059
1361 4064
1362 4060
1363 4060
1364 4060
1365 4060
1366 4059
1367 4061
1368 4058
1369 4062
1370 4056
1371 4059
1372 4061
1373 4057
1374 4059
1375 4060
1376 4058
1377 4058
1378 4061
1379 4060
1380 4062
1381 4058
1382 4064
1383 4060
1384 4059
1385 4061
1386 4059
1387 4061
1388 4058
1389 4059
1390 4060
1391 4058
1392 4058
1393 4060
1394 4057
1395 4057
1396 4060
1397 4060
1398 4058
1399 4062
1400 4060
1401 4062
1402 4060
1403 4061
1404 4064
1405 4059
1406 4058
1407 4061
1408 4060
1409 4058
1410 4060
1411 4061
1412 4059
1413 4064
1414 4059
1415 4059
1416 4059
1417 4063
1418 4058
1419 4059
1420 4057
1421 4060
1422 4056
1423 4061
1424 4060
1425 4060
1426 4057
1427 4064
1428 4060
1429 4064
1430 4058
1431 4062
1432 4064
1433 4060
1434 4058
1435 4057
1436 4059
1437 4058
1438 4064
1439 4059
1440 4060
1441 4060
1442 4058
1443 4059
1444 4058
1445 4060
1446 4060
1447 4056
1448 4060
1449 4060
1450 4062
1451 4064
1452 4059
1453 4059
1454 4059
1455 4062
1456 4056
1457 4061
1458 4055
1459 4059
1460 4065
1461 4060
1462 4056
1463 4059
1464 4059
1465 4058
1466 4062
1467 4058
1468 4058
1469 4058
1470 4057
1471 4057
1472 4061
1473 4059
1474 4060
1475 4059
1476 4058
1477 4057
1478 4059
1479 4055
1480 4060
1481 4055
1482 4059
1483 4054
1484 4061
1485 4058
1486 4056
1487 4062
1488 4059
1489 4057
1490 4057
1491 4058
1492 4058
1493 4055
1494 4061
1495 4058
1496 4060
1497 4058
1498 4061
1499 4060
1500 4055
1501 4058
1502 4056
1503 4058
1504 4058
1505 4058
1506 4056
1507 4057
1508 4057
1509 4058
1510 4055
1511 4058
1512 4056
1513 4059
1514 4059
1515 4057
1516 4060
1517 4057
1518 4057
1519 4061
1520 4056
1521 4058
1522 4060
1523 4060
1524 4058
1525 4059
1526 4059
1527 4058
1528 4055
1529 4055
1530 4055
1531 4060
1532 4060
1533 4059
1534 4057
1535 4055
1536 4062
1537 4059
1538 4059
1539 4060
1540 4054
1541 4062
1542 4060
1543 4060
1544 4057
1545 4057
1546 4058
1547 4058
1548 4057
1549 4056
1550 4059
1551 4060
1552 4055
1553 4057
1554 4064
1555 4057
1556 4060
1557 4060
1558 4059
1559 4057
1560 4060
1561 4057
1562 4060
1563 4058
1564 4060
1565 4057
1566 4060
1567 4055
1568 4058
1569 4060
1570 4059
1571 4056
1572 4057
1573 4061
1574 4057
1575 4059
1576 4056
1577 4057
1578 4057
1579 4060
1580 4061
1581 4058
1582 4060
1583 4055
1584 4057
1585 4060
1586 4060
1587 4058
1588 4058
1589 4059
1590 4060
1591 4059
1592 4061
1593 4061
1594 4057
1595 4059
1596 4057
1597 4060
1598 4062
1599 4062
1600 4060
1601 4062
1602 4057
1603 4060
1604 4061
1605 4057
1606 4059
1607 4061
1608 4058
1609 4061
1610 4061
1611 4061
1612 4060
1613 4061
1614 4059
1615 4064
1616 4063
1617 4058
1618 4061
1619 4062
1620 4057
1621 4061
1622 4061
1623 4060
1624 4058
1625 4064
1626 4060
1627 4063
1628 4060
1629 4059
1630 4061
1631 4061
1632 4062
1633 4058
1634 4057
1635 4065
1636 4060
1637 4057
1638 4061
1639 4061
1640 4058
1641 4059
1642 4061
1643 4061
1644 4061
1645 4061
1646 4057
1647 4060
1648 4061
1649 4060
1650 4058
1651 4064
1652 4054
1653 4058
1654 4061
1655 4060
1656 4061
1657 4064
1658 4058
1659 4059
1660 4059
1661 4060
1662 4061
1663 4060
1664 4060
1665 4061
1666 4061
1667 4060
1668 4060
1669 4064
1670 4061
1671 4061
1672 4061
1673 4059
1674 4061
1675 4061
1676 4059
1677 4064
1678 4059
1679 4061
1680 4062
1681 4058
1682 4062
1683 4061
1684 4057
1685 4057
1686 4061
1687 4060
1688 4060
1689 4060
1690 4061
1691 4064
1692 4057
1693 4058
1694 4060
1695 4059
1696 4059
1697 4060
1698 4060
1699 4058
1700 4061
1701 4066
1702 4059
1703 4060
1704 4058
1705 4061
1706 4060
1707 4058
1708 4059
1709 4058
1710 4061
1711 4059
1712 4059
1713 4059
1714 4060
1715 4060
1716 4062
1717 4059
1718 4059
1719 4062
1720 4058
1721 4061
1722 4060
1723 4061
1724 4056
1725 4062
1726 4059
1727 4058
1728 4060
1729 4061
1730 4056
1731 4061
1732 4061
1733 4061
1734 4057
1735 4059
1736 4059
1737 4060
1738 4061
1739 4064
1740 4058
1741 4059
1742 4062
1743 4060
1744 4056
1745 4057
1746 4061
1747 4059
1748 4060
1749 4060
1750 4064
1751 4064
1752 4055
1753 4058
1754 4061
1755 4059
1756 4057
1757 4061
1758 4058
1759 4055
1760 4059
1761 4059
1762 4057
1763 4058
1764 4061
1765 4059
1766 4062
1767 4061
1768 4059
1769 4060
1770 4059
1771 4061
1772 4058
1773 4059
1774 4059
1775 4060
1776 4060
1777 4062
1778 4057
1779 4064
1780 4059
1781 4059
1782 4061
1783 4058
1784 4060
1785 4061
1786 4058
1787 4059
1788 4059
1789 4062
1790 4059
1791 4060
1792 4061
1793 4059
1794 4055
1795 4059
1796 4061
1797 4057
1798 4061
1799 4061
1800 4062
1801 4064
1802 4057
1803 4059
1804 4057
1805 4059
1806 4057
1807 4059
1808 4059
1809 4061
1810 4064
1811 4059
1812 4059
1813 4061
1814 4058
1815 4060
1816 4059
1817 4064
1818 4060
1819 4063
1820 4060
1821 4062
1822 4060
1823 4062
1824 4059
1825 4060
1826 4061
1827 4059
1828 4058
1829 4061
1830 4061
1831 4057
1832 4064
1833 4059
1834 4057
1835 4062
1836 4061
1837 4057
1838 4059
1839 4061
1840 4058
1841 4060
1842 4059
1843 4060
1844 4060
1845 4059
1846 4064
1847 4058
1848 4059
1849 4060
1850 4060
1851 4065
1852 4056
1853 4059
1854 4061
1855 4058
1856 4060
1857 4064
1858 4061
1859 4061
1860 4062
1861 4056
1862 4057
1863 4061
1864 4059
1865 4059
1866 4062
1867 4054
1868 4063
1869 4061
1870 4061
1871 4064
1872 4059
1873 4059
1874 4059
1875 4060
1876 4061
1877 4060
1878 4057
1879 4059
1880 4064
1881 4058
1882 4061
1883 4058
1884 4059
1885 4061
1886 4060
1887 4060
1888 4060
1889 4061
1890 4061
1891 4062
1892 4059
1893 4061
1894 4059
1895 4059
1896 4062
1897 4060
1898 4061
1899 4060
1900 4059
1901 4064
1902 4057
1903 4056
1904 4059
1905 4058
1906 4057
1907 4064
1908 4057
1909 4057
1910 4065
1911 4057
1912 4060
1913 4061
1914 4058
1915 4059
1916 4061
1917 4063
1918 4061
1919 4057
1920 4064
1921 4060
1922 4060
1923 4060
1924 4057
1925 4061
1926 4060
1927 4059
1928 4059
1929 4062
1930 4058
1931 4060
1932 4060
1933 4060
1934 4064
1935 4059
1936 4060
1937 4061
1938 4061
1939 4060
1940 4060
1941 4059
1942 4060
1943 4061
1944 4062
1945 4061
1946 4064
1947 4061
1948 4060
1949 4061
1950 4059
1951 4064
1952 4057
1953 4062
1954 4060
1955 4061
1956 4059
1957 4057
1958 4060
1959 4060
1960 4060
1961 4064
1962 4060
1963 4061
1964 4061
1965 4060
1966 4061
1967 4060
1968 4061
1969 4059
1970 4058
1971 4059
1972 4061
1973 4060
1974 4064
1975 4058
1976 4062
1977 4060
1978 4060
1979 4064
1980 4060
1981 4059
1982 4059
1983 4060
1984 4062
1985 4060
1986 4060
1987 4060
1988 4061
1989 4058
1990 4061
1991 4061
1992 4059
1993 4064
1994 4067
1995 4061
1996 4062
1997 4059
1998 4062
1999 4061
2000 4060
2001 4065
2002 4054
2003 4061
2004 4061
2005 4059
2006 4059
2007 4061
2008 4060
2009 4058
2010 4060
2011 4062
2012 4064
2013 4060
2014 4059
2015 4058
2016 4058
2017 4061
2018 4059
2019 4060
2020 4059
2021 4058
2022 4060
2023 4059
2024 4058
2025 4059
2026 4058
2027 4061
2028 4061
2029 4062
2030 4061
2031 4059
2032 4060
2033 4061
2034 4061
2035 4059
2036 4058
2037 4059
2038 4061
2039 4058
2040 4061
2041 4057
2042 4060
2043 4064
2044 4061
2045 4056
2046 4061
2047 4061
2048 4061
2049 4059
2050 4059
2051 4064
2052 4054
2053 4062
2054 4062
2055 4062
2056 4057
2057 4062
2058 4061
2059 4061
2060 4060
2061 4058
2062 4058
2063 4062
2064 4059
2065 4057
2066 4060
2067 4061
2068 4060
2069 4060
2070 4057
2071 4060
2072 4060
2073 4057
2074 4057
2075 4061
2076 4061
2077 4057
2078 4059
2079 4061
2080 4057
2081 4058
2082 4063
2083 4061
2084 4058
2085 4059
2086 4056
2087 4061
2088 4058
2089 4060
2090 4064
2091 4061
2092 4059
2093 4057
2094 4064
2095 4060
2096 4059
2097 4058
2098 4058
2099 4060
2100 4060
2101 4064
2102 4055
2103 4058
2104 4059
2105 4061
2106 4057
2107 4064
2108 4061
2109 4059
2110 4063
2111 4062
2112 4060
2113 4058
2114 4064
2115 4064
2116 4061
2117 4059
2118 4060
2119 4059
2120 4059
2121 4056
2122 4060
2123 4060
2124 4060
2125 4059
2126 4058
2127 4059
2128 4060
2129 4059
2130 4060
2131 4059
2132 4058
2133 4060
2134 4059
2135 4060
2136 4064
2137 4062
2138 4062
2139 4059
2140 4062
2141 4059
2142 4058
2143 4061
2144 4064
2145 4057
2146 4060
2147 4059
2148 4060
2149 4056
2150 4061
2151 4061
2152 4059
2153 4060
2154 4060
2155 4061
2156 4059
2157 4058
2158 4058
2159 4061
2160 4056
2161 4061
2162 4060
2163 4061
2164 4062
2165 4060
2166 4061
2167 4061
2168 4060
2169 4061
2170 4060
2171 4060
2172 4061
2173 4059
2174 4059
2175 4059
2176 4064
2177 4059
2178 4061
2179 4060
2180 4057
2181 4060
2182 4060
2183 4060
2184 4055
2185 4059
2186 4059
2187 4061
2188 4060
2189 4057
2190 4060
2191 4058
2192 4059
2193 4059
2194 4058
2195 4057
2196 4057
2197 4060
2198 4059
2199 4061
2200 4060
2201 4062
2202 4059
2203 4056
2204 4055
2205 4058
2206 4057
2207 4061
2208 4059
2209 4054
2210 4057
2211 4059
2212 4057
2213 4060
2214 4061
2215 4059
2216 4055
2217 4060
2218 4058
2219 4061
2220 4061
2221 4059
2222 4059
2223 4059
2224 4058
2225 4059
2226 4059
2227 4060
2228 4061
2229 4060
2230 4055
2231 4061
2232 4060
2233 4059
2234 4060
2235 4058
2236 4059
2237 4060
2238 4060
2239 4062
2240 4060
2241 4060
2242 4058
2243 4059
2244 4061
2245 4059
2246 4058
2247 4060
2248 4061
2249 4060
2250 4063
2251 4064
2252 4055
2253 4059
2254 4058
2255 4064
2256 4055
2257 4064
2258 4060
2259 4059
2260 4058
2261 4061
2262 4058
2263 4060
2264 4057
2265 4059
2266 4062
2267 4061
2268 4058
2269 4064
2270 4062
2271 4061
2272 4057
2273 4064
2274 4059
2275 4059
2276 4062
2277 4064
2278 4060
2279 4059
2280 4062
2281 4058
2282 4064
2283 4059
2284 4060
2285 4063
2286 4060
2287 4057
2288 4061
2289 4061
2290 4059
2291 4061
2292 4062
2293 4058
2294 4058
2295 4059
2296 4062
2297 4057
2298 4059
2299 4059
2300 4059
2301 4063
2302 4059
2303 4062
2304 4061
2305 4060
2306 4057
2307 4064
2308 4060
2309 4061
2310 4062
2311 4059
2312 4058
2313 4061
2314 4058
2315 4061
2316 4056
2317 4060
2318 4058
2319 4060
2320 4061
2321 4060
2322 4064
2323 4060
2324 4060
2325 4059
2326 4059
2327 4062
2328 4062
2329 4059
2330 4059
2331 4061
2332 4061
2333 4060
2334 4064
2335 4062
2336 4064
2337 4061
2338 4060
2339 4059
2340 4064
2341 4064
2342 4059
2343 4059
2344 4058
2345 4059
2346 4060
2347 4060
2348 4059
2349 4062
2350 4062
2351 4065
2352 4060
2353 4061
2354 4060
2355 4061
2356 4057
2357 4060
2358 4068
2359 4064
2360 4061
2361 4058
2362 4060
2363 4064
2364 4060
2365 4060
2366 4060
2367 4058
2368 4062
2369 4062
2370 4060
2371 4064
2372 4060
2373 4059
2374 4060
2375 4058
2376 4061
2377 4064
2378 4059
2379 4059
2380 4061
2381 4062
2382 4060
2383 4061
2384 4064
2385 4059
2386 4058
2387 4062
2388 4062
2389 4061
2390 4059
2391 4062
2392 4057
2393 4062
2394 4061
2395 4061
2396 4057
2397 4061
2398 4061
2399 4061
2400 4057
2401 4064
2402 4061
2403 4064
2404 4057
2405 4064
2406 4061
2407 4061
2408 4059
2409 4058
2410 4059
2411 4063
2412 4059
2413 4059
2414 4061
2415 4059
2416 4061
2417 4056
2418 4061
2419 4060
2420 4059
2421 4059
2422 4056
2423 4060
2424 4060
2425 4061
2426 4058
2427 4061
2428 4059
2429 4060
2430 4064
2431 4056
2432 4064
2433 4066
2434 4057
2435 4056
2436 4061
2437 4058
2438 4059
2439 4064
2440 4060
2441 4061
2442 4056
2443 4061
2444 4060
2445 4064
2446 4059
2447 4062
2448 4061
2449 4062
2450 4059
2451 4061
2452 4057
2453 4059
2454 4061
2455 4060
2456 4057
2457 4062
2458 4061
2459 4059
2460 4057
2461 4060
2462 4058
2463 4064
2464 4058
2465 4060
2466 4060
2467 4061
2468 4059
2469 4061
2470 4059
2471 4058
2472 4058
2473 4060
2474 4061
2475 4057
2476 4060
2477 4058
2478 4061
2479 4060
2480 4058
2481 4060
2482 4059
2483 4058
2484 4057
2485 4060
2486 4058
2487 4059
2488 4059
2489 4060
2490 4058
2491 4059
2492 4060
2493 4062
2494 4056
2495 4061
2496 4062
2497 4060
2498 4059
2499 4058
2500 4057
2501 4059
2502 4060
2503 4059
2504 4059
2505 4059
2506 4058
2507 4060
2508 4058
2509 4061
2510 4060
2511 4059
2512 4061
2513 4060
2514 4060
2515 4061
2516 4059
2517 4061
2518 4058
2519 4061
2520 4059
2521 4058
2522 4061
2523 4060
2524 4059
2525 4058
2526 4058
2527 4060
2528 4058
2529 4062
2530 4062
2531 4058
2532 4061
2533 4064
2534 4057
2535 4060
2536 4061
2537 4057
2538 4061
2539 4064
2540 4061
2541 4058
2542 4062
2543 4060
2544 4061
2545 4057
2546 4060
2547 4060
2548 4057
2549 4057
2550 4056
2551 4064
2552 4060
2553 4060
2554 4061
2555 4061
2556 4060
2557 4061
2558 4061
2559 4059
2560 4058
2561 4060
2562 4058
2563 4057
2564 4062
2565 4064
2566 4058
2567 4062
2568 4061
2569 4060
2570 4061
2571 4064
2572 4059
2573 4058
2574 4062
2575 4064
2576 4061
2577 4062
2578 4061
2579 4061
2580 4059
2581 4057
2582 4059
2583 4057
2584 4061
2585 4060
2586 4058
2587 4060
2588 4057
2589 4061
2590 4060
2591 4059
2592 4061
2593 4060
2594 4058
2595 4060
2596 4057
2597 4061
2598 4060
2599 4059
2600 4058
2601 4062
2602 4059
2603 4058
2604 4061
2605 4061
2606 4062
2607 4062
2608 4057
2609 4058
2610 4061
2611 4060
2612 4060
2613 4058
2614 4059
2615 4059
2616 4059
2617 4059
2618 4062
2619 4060
2620 4060
2621 4059
2622 4058
2623 4059
2624 4062
2625 4061
2626 4060
2627 4059
2628 4058
2629 4061
2630 4060
2631 4059
2632 4064
2633 4060
2634 4061
2635 4061
2636 4061
2637 4060
2638 4060
2639 4062
2640 4059
2641 4061
2642 4057
2643 4058
2644 4059
2645 4061
2646 4059
2647 4060
2648 4055
2649 4060
2650 4060
2651 4064
2652 4055
2653 4059
2654 4057
2655 4058
2656 4060
2657 4057
2658 4060
2659 4060
2660 4060
2661 4059
2662 4061
2663 4058
2664 4055
2665 4060
2666 4058
2667 4057
2668 4062
2669 4061
2670 4056
2671 4061
2672 4059
2673 4059
2674 4061
2675 4059
2676 4061
2677 4059
2678 4056
2679 4060
2680 4058
2681 4061
2682 4060
2683 4062
2684 4059
2685 4056
2686 4059
2687 4059
2688 4056
2689 4060
2690 4057
2691 4059
2692 4057
2693 4058
2694 4059
2695 4061
2696 4059
2697 4060
2698 4058
2699 4064
2700 4057
2701 4064
2702 4056
2703 4060
2704 4057
2705 4061
2706 4059
2707 4061
2708 4058
2709 4057
2710 4061
2711 4060
2712 4059
2713 4061
2714 4060
2715 4059
2716 4062
2717 4060
2718 4060
2719 4060
2720 4058
2721 4060
2722 4059
2723 4059
2724 4060
2725 4058
2726 4059
2727 4060
2728 4059
2729 4057
2730 4056
2731 4060
2732 4064
2733 4062
2734 4062
2735 4058
2736 4062
2737 4060
2738 4059
2739 4055
2740 4060
2741 4057
2742 4060
2743 4060
2744 4062
2745 4064
2746 4058
2747 4057
2748 4057
2749 4059
2750 4060
2751 4065
2752 4056
2753 4062
2754 4059
2755 4057
2756 4059
2757 4057
2758 4059
2759 4056
2760 4059
2761 4062
2762 4061
2763 4056
2764 4059
2765 4059
2766 4060
2767 4059
2768 4061
2769 4060
2770 4060
2771 4058
2772 4059
2773 4060
2774 4061
2775 4061
2776 4060
2777 4059
2778 4059
2779 4060
2780 4059
2781 4059
2782 4059
2783 4060
2784 4060
2785 4061
2786 4058
2787 4057
2788 4061
2789 4061
2790 4064
2791 4057
2792 4057
2793 4061
2794 4058
2795 4060
2796 4059
2797 4059
2798 4057
2799 4060
2800 4058
2801 4060
2802 4054
2803 4061
2804 4060
2805 4058
2806 4059
2807 4064
2808 4057
2809 4060
2810 4056
2811 4059
2812 4060
2813 4061
2814 4061
2815 4058
2816 4060
2817 4058
2818 4061
2819 4058
2820 4057
2821 4059
2822 4057
2823 4058
2824 4064
2825 4059
2826 4061
2827 4060
2828 4061
2829 4060
2830 4062
2831 4059
2832 4059
2833 4061
2834 4058
2835 4061
2836 4058
2837 4060
2838 4061
2839 4057
2840 4059
2841 4064
2842 4059
2843 4057
2844 4057
2845 4061
2846 4060
2847 4060
2848 4057
2849 4058
2850 4058
2851 4064
2852 4057
2853 4058
2854 4061
2855 4061
2856 4058
2857 4064
2858 4060
2859 4059
2860 4060
2861 4057
2862 4060
2863 4060
2864 4060
2865 4057
2866 4058
2867 4060
2868 4060
2869 4059
2870 4061
2871 4061
2872 4060
2873 4061
2874 4058
2875 4061
2876 4060
2877 4061
2878 4058
2879 4060
2880 4059
2881 4056
2882 4060
2883 4057
2884 4061
2885 4060
2886 4060
2887 4058
2888 4060
2889 4062
2890 4059
2891 4059
2892 4059
2893 4059
2894 4056
2895 4061
2896 4060
2897 4060
2898 4059
2899 4061
2900 4060
2901 4065
2902 4058
2903 4060
2904 4061
2905 4059
2906 4060
2907 4060
2908 4061
2909 4061
2910 4064
2911 4060
2912 4058
2913 4061
2914 4057
2915 4059
2916 4055
2917 4060
2918 4060
2919 4057
2920 4061
2921 4061
2922 4059
2923 4063
2924 4057
2925 4062
2926 4058
2927 4059
2928 4059
2929 4059
2930 4060
2931 4062
2932 4066
2933 4060
2934 4061
2935 4058
2936 4060
2937 4061
2938 4056
2939 4061
2940 4061
2941 4057
2942 4060
2943 4065
2944 4061
2945 4060
2946 4061
2947 4058
2948 4058
2949 4062
2950 4059
2951 4059
2952 4056
2953 4059
2954 4060
2955 4059
2956 4056
2957 4064
2958 4059
2959 4058
2960 4058
2961 4057
2962 4065
2963 4060
2964 4061
2965 4064
2966 4058
2967 4061
2968 4062
2969 4060
2970 4058
2971 4060
2972 4064
2973 4057
2974 4061
2975 4057
2976 4061
2977 4058
2978 4060
2979 4060
2980 4060
2981 4062
2982 4058
2983 4054
2984 4057
2985 4061
2986 4061
2987 4060
2988 4061
2989 4059
2990 4059
2991 4060
2992 4061
2993 4061
2994 4062
2995 4060
2996 4057
2997 4062
2998 4058
2999 4057
3000 4062
3001 4061
3002 4057
3003 4061
3004 4059
3005 4058
3006 4064
3007 4062
3008 4059
3009 4064
3010 4060
3011 4059
3012 4061
3013 4059
3014 4057
3015 4062
3016 4058
3017 4059
3018 4062
3019 4060
3020 4058
3021 4058
3022 4064
3023 4057
3024 4061
3025 4060
3026 4061
3027 4062
3028 4064
3029 4064
3030 4062
3031 4060
3032 4064
3033 4061
3034 4060
3035 4061
3036 4060
3037 4060
3038 4061
3039 4058
3040 4060
3041 4061
3042 4060
3043 4059
3044 4061
3045 4060
3046 4060
3047 4061
3048 4060
3049 4061
3050 4060
3051 4063
3052 4058
3053 4060
3054 4059
3055 4059
3056 4060
3057 4059
3058 4056
3059 4061
3060 4058
3061 4058
3062 4061
3063 4060
3064 4059
3065 4061
3066 4061
3067 4061
3068 4058
3069 4061
3070 4061
3071 4060
3072 4061
3073 4064
3074 4061
3075 4060
3076 4057
3077 4061
3078 4060
3079 4057
3080 4060
3081 4060
3082 4060
3083 4059
3084 4058
3085 4060
3086 4062
3087 4062
3088 4059
3089 4057
3090 4060
3091 4060
3092 4061
3093 4061
3094 4061
3095 4062
3096 4058
3097 4061
3098 4061
3099 4059
3100 4057
3101 4065
3102 4059
3103 4061
3104 4060
3105 4057
3106 4059
3107 4062
3108 4059
3109 4059
3110 4058
3111 4064
3112 4062
3113 4059
3114 4058
3115 4058
3116 4060
3117 4061
3118 4064
3119 4064
3120 4058
3121 4061
3122 4061
3123 4058
3124 4060
3125 4060
3126 4060
3127 4061
3128 4059
3129 4059
3130 4062
3131 4058
3132 4063
3133 4059
3134 4059
3135 4059
3136 4060
3137 4060
3138 4061
3139 4057
3140 4061
3141 4060
3142 4060
3143 4059
3144 4059
3145 4060
3146 4064
3147 4058
3148 4061
3149 4059
3150 4061
3151 4064
3152 4055
3153 4061
3154 4061
3155 4058
3156 4061
3157 4061
3158 4058
3159 4061
3160 4058
3161 4060
3162 4064
3163 4059
3164 4062
3165 4062
3166 4058
3167 4060
3168 4061
3169 4064
3170 4059
3171 4061
3172 4064
3173 4058
3174 4061
3175 4064
3176 4061
3177 4060
3178 4061
3179 4060
3180 4060
3181 4061
3182 4060
3183 4057
3184 4060
3185 4062
3186 4060
3187 4058
3188 4061
3189 4061
3190 4060
3191 4058
3192 4057
3193 4060
3194 4059
3195 4064
3196 4060
3197 4059
3198 4055
3199 4062
3200 4060
3201 4064
3202 4057
3203 4060
3204 4058
3205 4061
3206 4060
3207 4059
3208 4058
3209 4064
3210 4060
3211 4062
3212 4061
3213 4061
3214 4057
3215 4061
3216 4059
3217 4060
3218 4057
3219 4056
3220 4060
3221 4060
3222 4060
3223 4062
3224 4059
3225 4059
3226 4062
3227 4058
3228 4060
3229 4061
3230 4063
3231 4061
3232 4059
3233 4059
3234 4062
3235 4060
3236 4057
3237 4059
3238 4064
3239 4057
3240 4058
3241 4060
3242 4060
3243 4058
3244 4060
3245 4057
3246 4057
3247 4060
3248 4059
3249 4060
3250 4058
3251 4065
3252 4056
3253 4061
3254 4062
3255 4058
3256 4058
3257 4060
3258 4061
3259 4061
3260 4060
3261 4060
3262 4061
3263 4060
3264 4057
3265 4060
3266 4059
3267 4062
3268 4059
3269 4059
3270 4058
3271 4059
3272 4059
3273 4060
3274 4060
3275 4061
3276 4064
3277 4061
3278 4061
3279 4061
3280 4057
3281 4060
3282 4063
3283 4059
3284 4060
3285 4061
3286 4061
3287 4059
3288 4062
3289 4058
3290 4056
3291 4060
3292 4055
3293 4061
3294 4061
3295 4061
3296 4061
3297 4062
3298 4058
3299 4061
3300 4062
3301 4061
3302 4055
3303 4065
3304 4060
3305 4058
3306 4061
3307 4062
3308 4064
3309 4057
3310 4062
3311 4059
3312 4061
3313 4054
3314 4060
3315 4064
3316 4059
3317 4062
3318 4061
3319 4060
3320 4061
3321 4061
3322 4060
3323 4058
3324 4060
3325 4060
3326 4060
3327 4064
3328 4062
3329 4059
3330 4061
3331 4058
3332 4061
3333 4061
3334 4060
3335 4059
3336 4064
3337 4060
3338 4061
3339 4060
3340 4060
3341 4061
3342 4064
3343 4060
3344 4064
3345 4061
3346 4061
3347 4059
3348 4061
3349 4059
3350 4064
3351 4061
3352 4058
3353 4064
3354 4060
3355 4064
3356 4057
3357 4059
3358 4061
3359 4061
3360 4058
3361 4058
3362 4059
3363 4059
3364 4061
3365 4059
3366 4061
3367 4064
3368 4058
3369 4060
3370 4058
3371 4060
3372 4060
3373 4061
3374 4059
3375 4059
3376 4059
3377 4059
3378 4060
3379 4061
3380 4061
3381 4060
3382 4064
3383 4057
3384 4059
3385 4064
3386 4057
3387 4059
3388 4060
3389 4059
3390 4060
3391 4064
3392 4061
3393 4060
3394 4059
3395 4058
3396 4060
3397 4059
3398 4057
3399 4061
3400 4062
3401 4064
3402 4058
3403 4059
3404 4060
3405 4059
3406 4059
3407 4065
3408 4060
3409 4061
3410 4059
3411 4059
3412 4061
3413 4062
3414 4060
3415 4058
3416 4060
3417 4061
3418 4064
3419 4064
3420 4059
3421 4059
3422 4058
3423 4061
3424 4061
3425 4061
3426 4059
3427 4060
3428 4059
3429 4063
3430 4060
3431 4059
3432 4064
3433 4062
3434 4064
3435 4060
3436 4062
3437 4058
3438 4060
3439 4060
3440 4064
3441 4061
3442 4060
3443 4064
3444 4059
3445 4061
3446 4064
3447 4061
3448 4061
3449 4060
3450 4059
3451 4064
3452 4056
3453 4064
3454 4059
3455 4064
3456 4057
3457 4064
3458 4061
3459 4064
3460 4057
3461 4061
3462 4061
3463 4061
3464 4058
3465 4057
3466 4059
3467 4062
3468 4064
3469 4061
3470 4060
3471 4061
3472 4060
3473 4061
3474 4060
3475 4056
3476 4060
3477 4060
3478 4061
3479 4060
3480 4060
3481 4059
3482 4065
3483 4062
3484 4062
3485 4064
3486 4059
3487 4061
3488 4060
3489 4060
3490 4059
3491 4059
3492 4061
3493 4059
3494 4058
3495 4059
3496 4057
3497 4062
3498 4062
3499 4061
3500 4062
3501 4067
3502 4055
3503 4060
3504 4061
3505 4060
3506 4061
3507 4064
3508 4061
3509 4061
3510 4060
3511 4064
3512 4061
3513 4061
3514 4059
3515 4066
3516 4060
3517 4061
3518 4064
3519 4061
3520 4062
3521 4059
3522 4060
3523 4060
3524 4060
3525 4060
3526 4060
3527 4062
3528 4064
3529 4061
3530 4064
3531 4059
3532 4061
3533 4060
3534 4059
3535 4059
3536 4060
3537 4059
3538 4062
3539 4058
3540 4058
3541 4060
3542 4057
3543 4059
3544 4060
3545 4061
3546 4056
3547 4061
3548 4060
3549 4058
3550 4058
3551 4065
3552 4057
3553 4064
3554 4057
3555 4065
3556 4057
3557 4061
3558 4059
3559 4060
3560 4059
3561 4061
3562 4059
3563 4060
3564 4060
3565 4060
3566 4060
3567 4059
3568 4061
3569 4059
3570 4061
3571 4059
3572 4059
3573 4061
3574 4061
3575 4061
3576 4060
3577 4061
3578 4058
3579 4057
3580 4059
3581 4056
3582 4061
3583 4061
3584 4059
3585 4061
3586 4061
3587 4062
3588 4060
3589 4061
3590 4059
3591 4061
3592 4061
3593 4060
3594 4059
3595 4061
3596 4057
3597 4061
3598 4059
3599 4059
3600 4059
3601 4063
3602 4055
3603 4060
3604 4061
3605 4059
3606 4060
3607 4059
3608 4057
3609 4062
3610 4061
3611 4055
3612 4058
3613 4061
3614 4059
3615 4061
3616 4062
3617 4061
3618 4056
3619 4059
3620 4062
3621 4060
3622 4057
3623 4060
3624 4062
3625 4061
3626 4062
3627 4061
3628 4058
3629 4058
3630 4061
3631 4055
3632 4062
3633 4061
3634 4058
3635 4061
3636 4057
3637 4064
3638 4060
3639 4056
3640 4060
3641 4060
3642 4059
3643 4060
3644 4059
3645 4062
3646 4060
3647 4061
3648 4059
3649 4060
3650 4061
3651 4060
3652 4060
3653 4061
3654 4064
3655 4061
3656 4058
3657 4059
3658 4058
3659 4060
3660 4060
3661 4064
3662 4059
3663 4058
3664 4060
3665 4062
3666 4058
3667 4059
3668 4060
3669 4061
3670 4057
3671 4061
3672 4060
3673 4058
3674 4061
3675 4061
3676 4064
3677 4059
3678 4060
3679 4058
3680 4059
3681 4060
3682 4060
3683 4058
3684 4058
3685 4059
3686 4059
3687 4060
3688 4060
3689 4056
3690 4061
3691 4056
3692 4058
3693 4060
3694 4059
