#Data from the TCD1304 linear CCD
#column 1 = pixelnumber , column 2 = pixelvalue
#Pixel 1-32 and 3679-3694 and are dummy pixels
#SH-period: 200    ICG-period: 100000    Integration time: 100.0 us
2 4038
3 4037
4 4059
5 4058
6 4057
7 4055
8 4053
9 4058
10 4057
11 4059
12 4052
13 4056
14 4057
15 4058
16 4058
17 4059
18 4060
19 4056
20 4054
21 4058
22 4056
23 4057
24 4055
25 4056
26 4052
27 4054
28 4055
29 4054
30 4058
31 4059
32 4057
34 4055
35 4055
36 4055
37 4056
38 4056
39 4054
40 4056
41 4059
42 4057
43 4053
44 4056
45 4054
46 4058
47 4057
48 4053
49 4056
50 4058
51 4060
52 4057
53 4057
54 4055
55 4055
56 4057
57 4059
58 4054
59 4058
60 4053
61 4056
62 4056
63 4056
64 4056
65 4055
66 4054
67 4055
68 4050
69 4057
70 4055
71 4055
72 4057
73 4056
74 4052
75 4055
76 4057
77 4053
78 4055
79 4053
80 4057
81 4056
82 4053
83 4052
84 4059
85 4057
86 4053
87 4058
88 4057
89 4057
90 4053
91 4056
92 4052
93 4056
94 4053
95 4057
96 4057
97 4057
98 4053
99 4055
100 4053
101 4059
102 4053
103 4053
104 4052
105 4057
106 4059
107 4053
108 4054
109 4057
110 4055
111 4056
112 4057
113 4055
114 4057
115 4056
116 4050
117 4057
118 4054
119 4058
120 4055
121 4060
122 4056
123 4053
124 4057
125 4059
126 4057
127 4053
128 4055
129 4054
130 4057
131 4056
132 4055
133 4053
134 4054
135 4057
136 4056
137 4057
138 4052
139 4060
140 4058
141 4057
142 4053
143 4056
144 4055
145 4055
146 4057
147 4053
148 4055
149 4055
150 4055
151 4054
152 4054
153 4054
154 4059
155 4056
156 4057
157 4054
158 4055
159 4055
160 4051
161 4053
162 4058
163 4053
164 4055
165 4057
166 4055
167 4053
168 4054
169 4058
170 4056
171 4057
172 4053
173 4055
174 4054
175 4055
176 4054
177 4054
178 4057
179 4052
180 4054
181 4058
182 4058
183 4056
184 4058
185 4058
186 4058
187 4056
188 4057
189 4055
190 4056
191 4056
192 4056
193 4055
194 4053
195 4057
196 4054
197 4055
198 4056
199 4057
200 4057
201 4056
202 4055
203 4058
204 4056
205 4060
206 4056
207 4056
208 4055
209 4058
210 4055
211 4055
212 4055
213 4055
214 4056
215 4059
216 4053
217 4056
218 4058
219 4054
220 4057
221 4058
222 4055
223 4055
224 4054
225 4056
226 4054
227 4057
228 4052
229 4054
230 4054
231 4055
232 4057
233 4056
234 4057
235 4057
236 4056
237 4055
238 4055
239 4058
240 4059
241 4058
242 4057
243 4058
244 4055
245 4054
246 4054
247 4055
248 4058
249 4057
250 4059
251 4060
252 4052
253 4059
254 4055
255 4059
256 4056
257 4055
258 4057
259 4055
260 4056
261 4057
262 4055
263 4053
264 4055
265 4060
266 4057
267 4056
268 4058
269 4057
270 4055
271 4057
272 4054
273 4057
274 4055
275 4061
276 4055
277 4057
278 4053
279 4056
280 4055
281 4052
282 4054
283 4057
284 4057
285 4059
286 4053
287 4057
288 4057
289 4057
290 4055
291 4057
292 4053
293 4055
294 4058
295 4054
296 4058
297 4056
298 4055
299 4057
300 4056
301 4062
302 4053
303 4056
304 4056
305 4054
306 4056
307 4055
308 4053
309 4055
310 4054
311 4056
312 4059
313 4057
314 4054
315 4057
316 4055
317 4056
318 4057
319 4054
320 4057
321 4057
322 4055
323 4058
324 4055
325 4054
326 4058
327 4056
328 4057
329 4057
330 4056
331 4055
332 4057
333 4056
334 4057
335 4055
336 4058
337 4058
338 4053
339 4059
340 4056
341 4056
342 4061
343 4056
344 4055
345 4054
346 4055
347 4054
348 4057
349 4057
350 4059
351 4058
352 4052
353 4058
354 4057
355 4056
356 4057
357 4053
358 4052
359 4057
360 4055
361 4056
362 4055
363 4055
364 4057
365 4056
366 4056
367 4057
368 4056
369 4058
370 4055
371 4057
372 4054
373 4056
374 4056
375 4057
376 4055
377 4055
378 4058
379 4055
380 4054
381 4060
382 4056
383 4053
384 4058
385 4056
386 4056
387 4058
388 4053
389 4057
390 4056
391 4057
392 4057
393 4055
394 4054
395 4059
396 4055
397 4058
398 4057
399 4054
400 4058
401 4057
402 4056
403 4054
404 4053
405 4057
406 4056
407 4055
408 4055
409 4058
410 4056
411 4055
412 4056
413 4059
414 4056
415 4054
416 4058
417 4057
418 4054
419 4054
420 4055
421 4056
422 4061
423 4057
424 4054
425 4056
426 4055
427 4058
428 4052
429 4056
430 4057
431 4056
432 4058
433 4056
434 4057
435 4056
436 4058
437 4054
438 4058
439 4055
440 4057
441 4057
442 4057
443 4056
444 4057
445 4058
446 4057
447 4057
448 4056
449 4056
450 4057
451 4061
452 4051
453 4055
454 4056
455 4057
456 4056
457 4057
458 4056
459 4056
460 4053
461 4059
462 4055
463 4058
464 4055
465 4057
466 4058
467 4055
468 4055
469 4061
470 4058
471 4056
472 4053
473 4057
474 4054
475 4056
476 4056
477 4058
478 4059
479 4055
480 4057
481 4059
482 4055
483 4057
484 4056
485 4056
486 4056
487 4057
488 4052
489 4059
490 4055
491 4056
492 4056
493 4057
494 4055
495 4055
496 4054
497 4053
498 4056
499 4057
500 4053
501 4061
502 4053
503 4057
504 4056
505 4057
506 4053
507 4057
508 4055
509 4058
510 4052
511 4057
512 4056
513 4055
514 4057
515 4057
516 4060
517 4056
518 4056
519 4056
520 4058
521 4055
522 4054
523 4055
524 4055
525 4053
526 4056
527 4060
528 4057
529 4055
530 4057
531 4058
532 4057
533 4054
534 4060
535 4059
536 4057
537 4055
538 4057
539 4056
540 4056
541 4059
542 4055
543 4059
544 4054
545 4055
546 4055
547 4061
548 4053
549 4054
550 4054
551 4058
552 4053
553 4053
554 4056
555 4056
556 4056
557 4058
558 4056
559 4057
560 4055
561 4060
562 4058
563 4058
564 4056
565 4057
566 4057
567 4054
568 4056
569 4056
570 4057
571 4054
572 4058
573 4056
574 4053
575 4056
576 4060
577 4054
578 4055
579 4057
580 4056
581 4057
582 4059
583 4056
584 4058
585 4057
586 4056
587 4057
588 4056
589 4058
590 4056
591 4057
592 4058
593 4054
594 4054
595 4057
596 4056
597 4056
598 4056
599 4059
600 4055
601 4060
602 4052
603 4060
604 4055
605 4057
606 4055
607 4055
608 4056
609 4060
610 4057
611 4059
612 4059
613 4057
614 4056
615 4056
616 4057
617 4056
618 4055
619 4054
620 4055
621 4055
622 4055
623 4056
624 4054
625 4060
626 4060
627 4055
628 4055
629 4056
630 4061
631 4054
632 4057
633 4054
634 4057
635 4055
636 4055
637 4057
638 4057
639 4056
640 4055
641 4057
642 4054
643 4057
644 4061
645 4057
646 4055
647 4054
648 4056
649 4054
650 4055
651 4059
652 4056
653 4055
654 4055
655 4055
656 4058
657 4053
658 4055
659 4056
660 4057
661 4057
662 4053
663 4059
664 4053
665 4055
666 4058
667 4059
668 4057
669 4057
670 4053
671 4055
672 4057
673 4057
674 4055
675 4056
676 4056
677 4056
678 4057
679 4055
680 4057
681 4056
682 4059
683 4053
684 4057
685 4057
686 4053
687 4055
688 4056
689 4055
690 4057
691 4058
692 4055
693 4056
694 4058
695 4054
696 4055
697 4057
698 4055
699 4056
700 4060
701 4056
702 4052
703 4059
704 4053
705 4054
706 4055
707 4053
708 4055
709 4057
710 4055
711 4053
712 4054
713 4053
714 4057
715 4056
716 4054
717 4058
718 4055
719 4056
720 4057
721 4058
722 4055
723 4062
724 4057
725 4054
726 4055
727 4057
728 4053
729 4054
730 4055
731 4056
732 4056
733 4055
734 4057
735 4057
736 4054
737 4055
738 4056
739 4052
740 4062
741 4056
742 4055
743 4055
744 4056
745 4057
746 4056
747 4057
748 4055
749 4056
750 4057
751 4058
752 4051
753 4057
754 4052
755 4057
756 4057
757 4054
758 4055
759 4058
760 4053
761 4055
762 4055
763 4054
764 4054
765 4054
766 4056
767 4056
768 4056
769 4055
770 4059
771 4055
772 4059
773 4057
774 4052
775 4057
776 4057
777 4052
778 4053
779 4060
780 4055
781 4057
782 4058
783 4055
784 4055
785 4058
786 4054
787 4057
788 4057
789 4058
790 4057
791 4060
792 4059
793 4055
794 4057
795 4058
796 4053
797 4057
798 4055
799 4055
800 4059
801 4060
802 4052
803 4056
804 4057
805 4055
806 4053
807 4058
808 4057
809 4058
810 4055
811 4057
812 4056
813 4056
814 4056
815 4055
816 4055
817 4057
818 4056
819 4053
820 4058
821 4060
822 4059
823 4055
824 4055
825 4056
826 4058
827 4057
828 4054
829 4055
830 4055
831 4056
832 4057
833 4056
834 4056
835 4058
836 4056
837 4055
838 4055
839 4057
840 4057
841 4055
842 4055
843 4057
844 4056
845 4057
846 4055
847 4056
848 4057
849 4055
850 4055
851 4057
852 4053
853 4055
854 4056
855 4056
856 4056
857 4057
858 4054
859 4057
860 4058
861 4056
862 4055
863 4057
864 4055
865 4053
866 4052
867 4057
868 4055
869 4055
870 4058
871 4059
872 4055
873 4059
874 4057
875 4056
876 4059
877 4057
878 4055
879 4058
880 4053
881 4055
882 4057
883 4054
884 4059
885 4053
886 4057
887 4052
888 4057
889 4058
890 4058
891 4057
892 4054
893 4057
894 4056
895 4055
896 4058
897 4055
898 4055
899 4057
900 4060
901 4059
902 4053
903 4055
904 4054
905 4056
906 4057
907 4057
908 4056
909 4055
910 4053
911 4057
912 4057
913 4056
914 4053
915 4056
916 4057
917 4057
918 4054
919 4058
920 4059
921 4056
922 4057
923 4057
924 4056
925 4057
926 4057
927 4055
928 4054
929 4057
930 4055
931 4057
932 4058
933 4057
934 4059
935 4056
936 4057
937 4057
938 4053
939 4055
940 4055
941 4054
942 4057
943 4057
944 4056
945 4060
946 4057
947 4055
948 4058
949 4058
950 4057
951 4062
952 4057
953 4057
954 4055
955 4057
956 4057
957 4060
958 4055
959 4057
960 4055
961 4057
962 4056
963 4055
964 4057
965 4055
966 4056
967 4055
968 4055
969 4056
970 4058
971 4057
972 4053
973 4059
974 4057
975 4055
976 4057
977 4054
978 4057
979 4053
980 4058
981 4058
982 4055
983 4054
984 4053
985 4057
986 4054
987 4055
988 4056
989 4053
990 4059
991 4057
992 4054
993 4056
994 4056
995 4059
996 4057
997 4056
998 4059
999 4056
1000 4057
1001 4059
1002 4052
1003 4057
1004 4055
1005 4054
1006 4057
1007 4055
1008 4056
1009 4055
1010 4055
1011 4057
1012 4053
1013 4054
1014 4053
1015 4057
1016 4054
1017 4056
1018 4056
1019 4056
1020 4057
1021 4058
1022 4057
1023 4054
1024 4058
1025 4056
1026 4058
1027 4057
1028 4057
1029 4055
1030 4057
1031 4054
1032 4058
1033 4057
1034 4055
1035 4056
1036 4056
1037 4058
1038 4057
1039 4058
1040 4055
1041 4055
1042 4056
1043 4053
1044 4057
1045 4056
1046 4057
1047 4056
1048 4055
1049 4059
1050 4053
1051 4061
1052 4052
1053 4054
1054 4055
1055 4055
1056 4055
1057 4055
1058 4058
1059 4053
1060 4055
1061 4056
1062 4055
1063 4056
1064 4053
1065 4056
1066 4053
1067 4053
1068 4057
1069 4057
1070 4054
1071 4058
1072 4057
1073 4057
1074 4054
1075 4055
1076 4056
1077 4055
1078 4057
1079 4058
1080 4055
1081 4055
1082 4057
1083 4057
1084 4055
1085 4056
1086 4054
1087 4055
1088 4054
1089 4058
1090 4058
1091 4055
1092 4056
1093 4057
1094 4054
1095 4057
1096 4055
1097 4054
1098 4055
1099 4059
1100 4051
1101 4061
1102 4052
1103 4056
1104 4057
1105 4054
1106 4057
1107 4056
1108 4054
1109 4055
1110 4057
1111 4056
1112 4057
1113 4056
1114 4055
1115 4056
1116 4057
1117 4056
1118 4057
1119 4055
1120 4059
1121 4058
1122 4052
1123 4056
1124 4056
1125 4058
1126 4056
1127 4057
1128 4054
1129 4054
1130 4053
1131 4057
1132 4054
1133 4054
1134 4059
1135 4054
1136 4054
1137 4056
1138 4054
1139 4057
1140 4058
1141 4056
1142 4057
1143 4055
1144 4054
1145 4056
1146 4055
1147 4054
1148 4057
1149 4053
1150 4058
1151 4059
1152 4056
1153 4056
1154 4053
1155 4055
1156 4056
1157 4055
1158 4055
1159 4058
1160 4053
1161 4055
1162 4057
1163 4054
1164 4053
1165 4059
1166 4058
1167 4054
1168 4057
1169 4056
1170 4054
1171 4057
1172 4055
1173 4056
1174 4056
1175 4054
1176 4051
1177 4056
1178 4053
1179 4059
1180 4059
1181 4052
1182 4058
1183 4055
1184 4057
1185 4057
1186 4056
1187 4058
1188 4055
1189 4055
1190 4055
1191 4053
1192 4054
1193 4055
1194 4054
1195 4054
1196 4060
1197 4055
1198 4057
1199 4057
1200 4057
1201 4060
1202 4055
1203 4055
1204 4057
1205 4057
1206 4058
1207 4059
1208 4056
1209 4059
1210 4057
1211 4055
1212 4053
1213 4052
1214 4055
1215 4055
1216 4059
1217 4055
1218 4059
1219 4058
1220 4054
1221 4057
1222 4058
1223 4054
1224 4055
1225 4057
1226 4056
1227 4060
1228 4055
1229 4050
1230 4057
1231 4055
1232 4056
1233 4055
1234 4055
1235 4055
1236 4057
1237 4057
1238 4053
1239 4058
1240 4056
1241 4056
1242 4058
1243 4058
1244 4056
1245 4055
1246 4057
1247 4054
1248 4059
1249 4056
1250 4055
1251 4060
1252 4053
1253 4060
1254 4056
1255 4056
1256 4057
1257 4053
1258 4058
1259 4056
1260 4055
1261 4058
1262 4055
1263 4059
1264 4058
1265 4059
1266 4058
1267 4057
1268 4052
1269 4055
1270 4059
1271 4055
1272 4057
1273 4057
1274 4055
1275 4053
1276 4057
1277 4057
1278 4058
1279 4054
1280 4057
1281 4054
1282 4055
1283 4054
1284 4059
1285 4054
1286 4055
1287 4056
1288 4055
1289 4055
1290 4055
1291 4056
1292 4057
1293 4057
1294 4057
1295 4057
1296 4058
1297 4055
1298 4054
1299 4058
1300 4058
1301 4059
1302 4051
1303 4059
1304 4055
1305 4059
1306 4058
1307 4057
1308 4054
1309 4059
1310 4054
1311 4058
1312 4055
1313 4054
1314 4057
1315 4057
1316 4055
1317 4053
1318 4054
1319 4058
1320 4056
1321 4056
1322 4054
1323 4060
1324 4057
1325 4054
1326 4054
1327 4060
1328 4056
1329 4056
1330 4057
1331 4054
1332 4055
1333 4057
1334 4056
1335 4057
1336 4058
1337 4054
1338 4055
1339 4060
1340 4058
1341 4056
1342 4055
1343 4058
1344 4056
1345 4057
1346 4058
1347 4055
1348 4060
1349 4057
1350 4056
1351 4059
1352 4053
1353 4054
1354 4055
1355 4055
1356 4055
1357 4057
1358 4056
1359 4055
1360 4057
1361 4054
1362 4059
1363 4057
1364 4053
1365 4058
1366 4053
1367 4056
1368 4055
1369 4058
1370 4053
1371 4055
1372 4056
1373 4059
1374 4056
1375 4057
1376 4055
1377 4055
1378 4056
1379 4056
1380 4057
1381 4058
1382 4057
1383 4055
1384 4056
1385 4055
1386 4055
1387 4058
1388 4056
1389 4058
1390 4058
1391 4056
1392 4054
1393 4060
1394 4055
1395 4054
1396 4056
1397 4055
1398 4053
1399 4057
1400 4057
1401 4061
1402 4052
1403 4057
1404 4058
1405 4057
1406 4055
1407 4057
1408 4054
1409 4059
1410 4057
1411 4057
1412 4059
1413 4058
1414 4060
1415 4056
1416 4058
1417 4059
1418 4054
1419 4055
1420 4057
1421 4056
1422 4058
1423 4054
1424 4058
1425 4056
1426 4057
1427 4055
1428 4058
1429 4054
1430 4059
1431 4060
1432 4056
1433 4058
1434 4056
1435 4056
1436 4058
1437 4053
1438 4053
1439 4057
1440 4052
1441 4056
1442 4053
1443 4057
1444 4054
1445 4059
1446 4055
1447 4052
1448 4055
1449 4057
1450 4056
1451 4053
1452 4052
1453 4055
1454 4054
1455 4057
1456 4055
1457 4056
1458 4053
1459 4057
1460 4051
1461 4056
1462 4057
1463 4053
1464 4055
1465 4052
1466 4054
1467 4054
1468 4054
1469 4055
1470 4054
1471 4056
1472 4052
1473 4055
1474 4055
1475 4054
1476 4051
1477 4056
1478 4055
1479 4055
1480 4054
1481 4053
1482 4054
1483 4055
1484 4053
1485 4055
1486 4054
1487 4055
1488 4056
1489 4057
1490 4057
1491 4055
1492 4056
1493 4057
1494 4058
1495 4053
1496 4057
1497 4057
1498 4055
1499 4057
1500 4057
1501 4061
1502 4053
1503 4059
1504 4054
1505 4056
1506 4057
1507 4054
1508 4055
1509 4058
1510 4056
1511 4052
1512 4058
1513 4055
1514 4056
1515 4057
1516 4051
1517 4057
1518 4057
1519 4055
1520 4057
1521 4059
1522 4055
1523 4055
1524 4056
1525 4056
1526 4055
1527 4058
1528 4055
1529 4053
1530 4057
1531 4055
1532 4055
1533 4057
1534 4056
1535 4061
1536 4057
1537 4054
1538 4051
1539 4057
1540 4057
1541 4055
1542 4057
1543 4056
1544 4054
1545 4056
1546 4058
1547 4056
1548 4056
1549 4056
1550 4058
1551 4056
1552 4054
1553 4053
1554 4056
1555 4057
1556 4053
1557 4055
1558 4056
1559 4058
1560 4054
1561 4057
1562 4056
1563 4059
1564 4057
1565 4057
1566 4055
1567 4057
1568 4057
1569 4057
1570 4057
1571 4057
1572 4057
1573 4055
1574 4057
1575 4059
1576 4054
1577 4054
1578 4056
1579 4058
1580 4056
1581 4054
1582 4058
1583 4053
1584 4057
1585 4053
1586 4055
1587 4059
1588 4056
1589 4058
1590 4057
1591 4060
1592 4058
1593 4055
1594 4056
1595 4059
1596 4057
1597 4057
1598 4057
1599 4057
1600 4058
1601 4058
1602 4055
1603 4056
1604 4055
1605 4059
1606 4054
1607 4058
1608 4055
1609 4058
1610 4055
1611 4055
1612 4054
1613 4056
1614 4059
1615 4058
1616 4055
1617 4055
1618 4055
1619 4056
1620 4057
1621 4059
1622 4056
1623 4054
1624 4057
1625 4057
1626 4055
1627 4056
1628 4059
1629 4057
1630 4054
1631 4059
1632 4055
1633 4054
1634 4057
1635 4055
1636 4057
1637 4056
1638 4053
1639 4061
1640 4055
1641 4056
1642 4057
1643 4057
1644 4055
1645 4059
1646 4057
1647 4057
1648 4056
1649 4059
1650 4054
1651 4059
1652 4053
1653 4054
1654 4054
1655 4057
1656 4054
1657 4057
1658 4055
1659 4061
1660 4054
1661 4057
1662 4055
1663 4054
1664 4057
1665 4057
1666 4055
1667 4053
1668 4056
1669 4056
1670 4057
1671 4057
1672 4055
1673 4056
1674 4053
1675 4059
1676 4053
1677 4055
1678 4060
1679 4055
1680 4056
1681 4056
1682 4059
1683 4054
1684 4057
1685 4056
1686 4059
1687 4058
1688 4055
1689 4058
1690 4056
1691 4057
1692 4057
1693 4059
1694 4057
1695 4056
1696 4055
1697 4059
1698 4057
1699 4057
1700 4057
1701 4059
1702 4053
1703 4055
1704 4058
1705 4057
1706 4053
1707 4060
1708 4055
1709 4059
1710 4055
1711 4055
1712 4054
1713 4058
1714 4055
1715 4059
1716 4056
1717 4055
1718 4055
1719 4054
1720 4055
1721 4054
1722 4055
1723 4054
1724 4055
1725 4055
1726 4055
1727 4059
1728 4058
1729 4057
1730 4052
1731 4055
1732 4056
1733 4053
1734 4060
1735 4055
1736 4056
1737 4058
1738 4059
1739 4056
1740 4057
1741 4056
1742 4055
1743 4058
1744 4055
1745 4056
1746 4062
1747 4055
1748 4056
1749 4057
1750 4058
1751 4061
1752 4054
1753 4060
1754 4056
1755 4055
1756 4056
1757 4057
1758 4055
1759 4056
1760 4056
1761 4056
1762 4055
1763 4055
1764 4056
1765 4057
1766 4057
1767 4057
1768 4054
1769 4056
1770 4053
1771 4059
1772 4057
1773 4055
1774 4055
1775 4055
1776 4054
1777 4057
1778 4057
1779 4057
1780 4054
1781 4057
1782 4057
1783 4054
1784 4057
1785 4057
1786 4057
1787 4057
1788 4052
1789 4058
1790 4056
1791 4055
1792 4056
1793 4055
1794 4059
1795 4061
1796 4057
1797 4056
1798 4060
1799 4056
1800 4055
1801 4061
1802 4053
1803 4057
1804 4057
1805 4054
1806 4057
1807 4054
1808 4054
1809 4057
1810 4056
1811 4056
1812 4057
1813 4057
1814 4058
1815 4055
1816 4056
1817 4057
1818 4055
1819 4057
1820 4054
1821 4057
1822 4058
1823 4055
1824 4056
1825 4059
1826 4055
1827 4055
1828 4057
1829 4058
1830 4056
1831 4056
1832 4054
1833 4055
1834 4058
1835 4055
1836 4053
1837 4057
1838 4058
1839 4055
1840 4053
1841 4057
1842 4055
1843 4057
1844 4057
1845 4056
1846 4058
1847 4057
1848 4055
1849 4055
1850 4056
1851 4059
1852 4053
1853 4060
1854 4054
1855 4056
1856 4055
1857 4056
1858 4054
1859 4059
1860 4055
1861 4056
1862 4056
1863 4055
1864 4054
1865 4055
1866 4059
1867 4057
1868 4057
1869 4060
1870 4054
1871 4059
1872 4057
1873 4056
1874 4053
1875 4055
1876 4058
1877 4057
1878 4057
1879 4059
1880 4054
1881 4055
1882 4059
1883 4058
1884 4056
1885 4053
1886 4054
1887 4056
1888 4058
1889 4058
1890 4055
1891 4055
1892 4055
1893 4055
1894 4054
1895 4057
1896 4054
1897 4055
1898 4056
1899 4055
1900 4054
1901 4060
1902 4053
1903 4054
1904 4058
1905 4053
1906 4056
1907 4057
1908 4054
1909 4059
1910 4057
1911 4058
1912 4057
1913 4058
1914 4057
1915 4058
1916 4055
1917 4054
1918 4055
1919 4055
1920 4055
1921 4059
1922 4059
1923 4054
1924 4054
1925 4059
1926 4056
1927 4055
1928 4058
1929 4057
1930 4055
1931 4053
1932 4059
1933 4054
1934 4056
1935 4057
1936 4055
1937 4056
1938 4058
1939 4057
1940 4055
1941 4056
1942 4058
1943 4057
1944 4055
1945 4057
1946 4056
1947 4055
1948 4057
1949 4055
1950 4058
1951 4062
1952 4056
1953 4057
1954 4058
1955 4055
1956 4055
1957 4056
1958 4055
1959 4057
1960 4055
1961 4055
1962 4057
1963 4054
1964 4057
1965 4056
1966 4056
1967 4057
1968 4053
1969 4060
1970 4055
1971 4064
1972 4056
1973 4055
1974 4058
1975 4060
1976 4057
1977 4057
1978 4054
1979 4058
1980 4056
1981 4058
1982 4053
1983 4055
1984 4057
1985 4054
1986 4054
1987 4059
1988 4057
1989 4055
1990 4055
1991 4060
1992 4053
1993 4057
1994 4057
1995 4055
1996 4056
1997 4057
1998 4053
1999 4060
2000 4057
2001 4057
2002 4053
2003 4061
2004 4053
2005 4057
2006 4057
2007 4056
2008 4057
2009 4058
2010 4055
2011 4056
2012 4057
2013 4053
2014 4056
2015 4055
2016 4057
2017 4055
2018 4054
2019 4055
2020 4056
2021 4057
2022 4053
2023 4060
2024 4054
2025 4057
2026 4055
2027 4054
2028 4056
2029 4055
2030 4056
2031 4056
2032 4056
2033 4056
2034 4057
2035 4057
2036 4055
2037 4055
2038 4055
2039 4057
2040 4054
2041 4056
2042 4055
2043 4055
2044 4058
2045 4054
2046 4055
2047 4057
2048 4055
2049 4055
2050 4055
2051 4059
2052 4053
2053 4056
2054 4056
2055 4055
2056 4057
2057 4055
2058 4053
2059 4056
2060 4053
2061 4056
2062 4054
2063 4056
2064 4057
2065 4054
2066 4059
2067 4055
2068 4055
2069 4056
2070 4059
2071 4057
2072 4056
2073 4057
2074 4055
2075 4055
2076 4057
2077 4057
2078 4056
2079 4057
2080 4054
2081 4055
2082 4056
2083 4056
2084 4058
2085 4054
2086 4056
2087 4056
2088 4059
2089 4061
2090 4057
2091 4057
2092 4056
2093 4055
2094 4056
2095 4058
2096 4055
2097 4058
2098 4055
2099 4054
2100 4055
2101 4058
2102 4057
2103 4058
2104 4057
2105 4055
2106 4054
2107 4057
2108 4051
2109 4055
2110 4057
2111 4058
2112 4053
2113 4052
2114 4059
2115 4054
2116 4053
2117 4059
2118 4054
2119 4056
2120 4055
2121 4056
2122 4056
2123 4056
2124 4054
2125 4057
2126 4058
2127 4055
2128 4055
2129 4056
2130 4052
2131 4056
2132 4061
2133 4055
2134 4055
2135 4055
2136 4057
2137 4053
2138 4056
2139 4057
2140 4056
2141 4057
2142 4054
2143 4056
2144 4056
2145 4055
2146 4054
2147 4054
2148 4057
2149 4054
2150 4057
2151 4059
2152 4055
2153 4056
2154 4056
2155 4059
2156 4057
2157 4056
2158 4054
2159 4059
2160 4057
2161 4055
2162 4058
2163 4055
2164 4054
2165 4057
2166 4059
2167 4059
2168 4052
2169 4059
2170 4053
2171 4056
2172 4055
2173 4056
2174 4060
2175 4055
2176 4056
2177 4055
2178 4057
2179 4056
2180 4058
2181 4053
2182 4057
2183 4054
2184 4057
2185 4057
2186 4058
2187 4057
2188 4056
2189 4057
2190 4055
2191 4054
2192 4058
2193 4056
2194 4053
2195 4059
2196 4055
2197 4057
2198 4059
2199 4056
2200 4053
2201 4064
2202 4049
2203 4060
2204 4053
2205 4057
2206 4054
2207 4054
2208 4054
2209 4056
2210 4055
2211 4056
2212 4055
2213 4058
2214 4058
2215 4053
2216 4057
2217 4056
2218 4056
2219 4055
2220 4060
2221 4055
2222 4055
2223 4056
2224 4052
2225 4055
2226 4056
2227 4057
2228 4058
2229 4057
2230 4058
2231 4059
2232 4054
2233 4053
2234 4057
2235 4054
2236 4056
2237 4059
2238 4056
2239 4056
2240 4057
2241 4054
2242 4053
2243 4059
2244 4057
2245 4056
2246 4057
2247 4056
2248 4055
2249 4056
2250 4057
2251 4061
2252 4055
2253 4057
2254 4055
2255 4056
2256 4054
2257 4055
2258 4057
2259 4057
2260 4057
2261 4055
2262 4053
2263 4052
2264 4055
2265 4057
2266 4059
2267 4059
2268 4053
2269 4056
2270 4055
2271 4056
2272 4058
2273 4056
2274 4055
2275 4055
2276 4053
2277 4055
2278 4057
2279 4055
2280 4056
2281 4055
2282 4057
2283 4055
2284 4056
2285 4057
2286 4059
2287 4055
2288 4057
2289 4060
2290 4057
2291 4058
2292 4056
2293 4056
2294 4053
2295 4055
2296 4058
2297 4054
2298 4058
2299 4055
2300 4057
2301 4059
2302 4053
2303 4059
2304 4059
2305 4055
2306 4057
2307 4057
2308 4053
2309 4058
2310 4056
2311 4056
2312 4054
2313 4053
2314 4056
2315 4056
2316 4055
2317 4058
2318 4055
2319 4056
2320 4057
2321 4054
2322 4054
2323 4059
2324 4057
2325 4055
2326 4059
2327 4059
2328 4055
2329 4057
2330 4057
2331 4057
2332 4056
2333 4055
2334 4056
2335 4055
2336 4055
2337 4057
2338 4057
2339 4058
2340 4055
2341 4059
2342 4056
2343 4057
2344 4056
2345 4055
2346 4056
2347 4056
2348 4053
2349 4057
2350 4055
2351 4061
2352 4051
2353 4057
2354 4055
2355 4055
2356 4057
2357 4056
2358 4054
2359 4055
2360 4054
2361 4056
2362 4059
2363 4056
2364 4055
2365 4056
2366 4055
2367 4056
2368 4056
2369 4052
2370 4056
2371 4055
2372 4057
2373 4056
2374 4053
2375 4060
2376 4057
2377 4055
2378 4057
2379 4055
2380 4055
2381 4058
2382 4058
2383 4057
2384 4056
2385 4057
2386 4054
2387 4057
2388 4056
2389 4060
2390 4057
2391 4057
2392 4057
2393 4056
2394 4054
2395 4057
2396 4060
2397 4057
2398 4057
2399 4055
2400 4055
2401 4061
2402 4053
2403 4054
2404 4059
2405 4059
2406 4058
2407 4059
2408 4057
2409 4060
2410 4057
2411 4055
2412 4055
2413 4058
2414 4057
2415 4058
2416 4054
2417 4053
2418 4056
2419 4056
2420 4056
2421 4054
2422 4055
2423 4056
2424 4055
2425 4056
2426 4056
2427 4055
2428 4055
2429 4058
2430 4055
2431 4056
2432 4057
2433 4054
2434 4054
2435 4054
2436 4057
2437 4053
2438 4057
2439 4058
2440 4056
2441 4056
2442 4056
2443 4060
2444 4058
2445 4055
2446 4054
2447 4056
2448 4055
2449 4055
2450 4054
2451 4061
2452 4052
2453 4056
2454 4056
2455 4056
2456 4056
2457 4057
2458 4056
2459 4055
2460 4055
2461 4057
2462 4058
2463 4056
2464 4055
2465 4055
2466 4054
2467 4058
2468 4057
2469 4057
2470 4057
2471 4057
2472 4056
2473 4052
2474 4058
2475 4055
2476 4055
2477 4055
2478 4054
2479 4057
2480 4057
2481 4060
2482 4054
2483 4053
2484 4055
2485 4055
2486 4053
2487 4054
2488 4055
2489 4056
2490 4055
2491 4055
2492 4057
2493 4055
2494 4057
2495 4058
2496 4060
2497 4053
2498 4054
2499 4057
2500 4056
2501 4061
2502 4055
2503 4058
2504 4057
2505 4055
2506 4055
2507 4056
2508 4057
2509 4057
2510 4056
2511 4053
2512 4053
2513 4055
2514 4054
2515 4053
2516 4055
2517 4057
2518 4056
2519 4056
2520 4060
2521 4055
2522 4054
2523 4054
2524 4055
2525 4060
2526 4057
2527 4053
2528 4052
2529 4055
2530 4056
2531 4057
2532 4055
2533 4056
2534 4057
2535 4053
2536 4055
2537 4058
2538 4056
2539 4054
2540 4057
2541 4057
2542 4056
2543 4056
2544 4055
2545 4054
2546 4057
2547 4055
2548 4059
2549 4056
2550 4055
2551 4059
2552 4056
2553 4052
2554 4058
2555 4055
2556 4057
2557 4057
2558 4053
2559 4056
2560 4054
2561 4056
2562 4057
2563 4054
2564 4056
2565 4062
2566 4052
2567 4055
2568 4055
2569 4059
2570 4055
2571 4057
2572 4057
2573 4057
2574 4058
2575 4056
2576 4057
2577 4057
2578 4051
2579 4055
2580 4054
2581 4057
2582 4057
2583 4053
2584 4055
2585 4054
2586 4057
2587 4056
2588 4055
2589 4054
2590 4054
2591 4053
2592 4055
2593 4057
2594 4055
2595 4053
2596 4056
2597 4056
2598 4056
2599 4055
2600 4058
2601 4060
2602 4051
2603 4056
2604 4053
2605 4058
2606 4056
2607 4057
2608 4053
2609 4056
2610 4055
2611 4055
2612 4053
2613 4054
2614 4054
2615 4061
2616 4053
2617 4058
2618 4056
2619 4054
2620 4055
2621 4058
2622 4053
2623 4054
2624 4053
2625 4054
2626 4054
2627 4058
2628 4053
2629 4049
2630 4055
2631 4053
2632 4059
2633 4055
2634 4054
2635 4055
2636 4053
2637 4052
2638 4055
2639 4057
2640 4054
2641 4055
2642 4055
2643 4057
2644 4054
2645 4055
2646 4057
2647 4056
2648 4054
2649 4057
2650 4055
2651 4059
2652 4053
2653 4058
2654 4055
2655 4058
2656 4057
2657 4056
2658 4054
2659 4054
2660 4056
2661 4056
2662 4055
2663 4055
2664 4054
2665 4055
2666 4057
2667 4058
2668 4056
2669 4058
2670 4055
2671 4057
2672 4057
2673 4059
2674 4053
2675 4056
2676 4056
2677 4059
2678 4057
2679 4056
2680 4053
2681 4056
2682 4056
2683 4055
2684 4058
2685 4054
2686 4054
2687 4056
2688 4055
2689 4054
2690 4054
2691 4056
2692 4055
2693 4058
2694 4059
2695 4054
2696 4053
2697 4056
2698 4053
2699 4057
2700 4054
2701 4059
2702 4055
2703 4054
2704 4052
2705 4055
2706 4053
2707 4054
2708 4056
2709 4055
2710 4051
2711 4055
2712 4053
2713 4053
2714 4058
2715 4057
2716 4055
2717 4056
2718 4056
2719 4052
2720 4055
2721 4057
2722 4056
2723 4054
2724 4057
2725 4054
2726 4056
2727 4055
2728 4055
2729 4057
2730 4052
2731 4056
2732 4054
2733 4055
2734 4057
2735 4055
2736 4053
2737 4056
2738 4056
2739 4054
2740 4057
2741 4056
2742 4055
2743 4057
2744 4052
2745 4057
2746 4055
2747 4056
2748 4054
2749 4056
2750 4055
2751 4057
2752 4054
2753 4056
2754 4055
2755 4056
2756 4056
2757 4057
2758 4054
2759 4055
2760 4053
2761 4056
2762 4055
2763 4054
2764 4055
2765 4057
2766 4053
2767 4054
2768 4054
2769 4054
2770 4052
2771 4057
2772 4055
2773 4053
2774 4052
2775 4057
2776 4056
2777 4056
2778 4055
2779 4053
2780 4053
2781 4054
2782 4054
2783 4054
2784 4054
2785 4052
2786 4057
2787 4057
2788 4051
2789 4060
2790 4054
2791 4053
2792 4053
2793 4053
2794 4054
2795 4057
2796 4057
2797 4054
2798 4054
2799 4054
2800 4053
2801 4057
2802 4052
2803 4052
2804 4057
2805 4060
2806 4055
2807 4055
2808 4054
2809 4055
2810 4057
2811 4052
2812 4057
2813 4055
2814 4055
2815 4054
2816 4055
2817 4059
2818 4055
2819 4054
2820 4056
2821 4055
2822 4053
2823 4056
2824 4056
2825 4056
2826 4054
2827 4056
2828 4055
2829 4051
2830 4052
2831 4055
2832 4055
2833 4055
2834 4054
2835 4055
2836 4055
2837 4052
2838 4052
2839 4055
2840 4060
2841 4053
2842 4059
2843 4058
2844 4049
2845 4056
2846 4055
2847 4053
2848 4056
2849 4056
2850 4055
2851 4060
2852 4054
2853 4055
2854 4053
2855 4055
2856 4057
2857 4055
2858 4057
2859 4053
2860 4053
2861 4059
2862 4054
2863 4055
2864 4056
2865 4056
2866 4053
2867 4057
2868 4056
2869 4057
2870 4053
2871 4054
2872 4057
2873 4055
2874 4055
2875 4055
2876 4054
2877 4053
2878 4053
2879 4053
2880 4058
2881 4055
2882 4054
2883 4056
2884 4057
2885 4053
2886 4054
2887 4056
2888 4052
2889 4056
2890 4057
2891 4058
2892 4057
2893 4054
2894 4054
2895 4056
2896 4057
2897 4054
2898 4055
2899 4055
2900 4058
2901 4059
2902 4056
2903 4055
2904 4053
2905 4058
2906 4056
2907 4057
2908 4057
2909 4057
2910 4053
2911 4059
2912 4053
2913 4057
2914 4057
2915 4059
2916 4056
2917 4057
2918 4057
2919 4057
2920 4056
2921 4056
2922 4058
2923 4057
2924 4058
2925 4059
2926 4055
2927 4058
2928 4057
2929 4059
2930 4060
2931 4055
2932 4056
2933 4054
2934 4056
2935 4057
2936 4054
2937 4059
2938 4055
2939 4057
2940 4054
2941 4055
2942 4054
2943 4059
2944 4057
2945 4053
2946 4055
2947 4055
2948 4056
2949 4059
2950 4057
2951 4061
2952 4054
2953 4054
2954 4055
2955 4056
2956 4054
2957 4058
2958 4057
2959 4055
2960 4056
2961 4057
2962 4058
2963 4057
2964 4060
2965 4058
2966 4055
2967 4058
2968 4053
2969 4057
2970 4056
2971 4059
2972 4053
2973 4056
2974 4055
2975 4054
2976 4054
2977 4057
2978 4058
2979 4055
2980 4055
2981 4055
2982 4054
2983 4055
2984 4056
2985 4058
2986 4055
2987 4055
2988 4055
2989 4056
2990 4055
2991 4059
2992 4057
2993 4056
2994 4058
2995 4057
2996 4056
2997 4056
2998 4059
2999 4057
3000 4058
3001 4061
3002 4055
3003 4057
3004 4056
3005 4057
3006 4057
3007 4057
3008 4052
3009 4060
3010 4055
3011 4058
3012 4056
3013 4054
3014 4054
3015 4054
3016 4058
3017 4055
3018 4057
3019 4054
3020 4056
3021 4056
3022 4056
3023 4057
3024 4055
3025 4058
3026 4055
3027 4053
3028 4053
3029 4058
3030 4058
3031 4056
3032 4055
3033 4056
3034 4055
3035 4054
3036 4055
3037 4057
3038 4057
3039 4056
3040 4055
3041 4059
3042 4055
3043 4055
3044 4055
3045 4056
3046 4054
3047 4058
3048 4055
3049 4057
3050 4057
3051 4061
3052 4053
3053 4054
3054 4055
3055 4057
3056 4056
3057 4055
3058 4056
3059 4057
3060 4056
3061 4060
3062 4056
3063 4056
3064 4055
3065 4058
3066 4057
3067 4055
3068 4055
3069 4053
3070 4055
3071 4055
3072 4055
3073 4055
3074 4055
3075 4056
3076 4057
3077 4057
3078 4059
3079 4059
3080 4056
3081 4055
3082 4055
3083 4055
3084 4058
3085 4056
3086 4053
3087 4057
3088 4056
3089 4057
3090 4059
3091 4058
3092 4055
3093 4057
3094 4057
3095 4061
3096 4055
3097 4056
3098 4056
3099 4057
3100 4053
3101 4059
3102 4055
3103 4056
3104 4056
3105 4055
3106 4056
3107 4054
3108 4054
3109 4057
3110 4054
3111 4054
3112 4057
3113 4058
3114 4059
3115 4057
3116 4051
3117 4051
3118 4057
3119 4056
3120 4055
3121 4058
3122 4057
3123 4058
3124 4057
3125 4059
3126 4057
3127 4054
3128 4055
3129 4057
3130 4054
3131 4056
3132 4053
3133 4055
3134 4058
3135 4057
3136 4056
3137 4055
3138 4055
3139 4057
3140 4056
3141 4061
3142 4059
3143 4057
3144 4056
3145 4055
3146 4054
3147 4054
3148 4055
3149 4055
3150 4053
3151 4059
3152 4054
3153 4053
3154 4058
3155 4057
3156 4056
3157 4059
3158 4052
3159 4056
3160 4057
3161 4055
3162 4057
3163 4055
3164 4053
3165 4057
3166 4054
3167 4055
3168 4056
3169 4052
3170 4056
3171 4054
3172 4055
3173 4057
3174 4054
3175 4056
3176 4057
3177 4055
3178 4055
3179 4056
3180 4056
3181 4057
3182 4058
3183 4055
3184 4060
3185 4056
3186 4054
3187 4058
3188 4058
3189 4053
3190 4056
3191 4057
3192 4053
3193 4059
3194 4053
3195 4059
3196 4055
3197 4056
3198 4057
3199 4058
3200 4056
3201 4057
3202 4054
3203 4056
3204 4058
3205 4053
3206 4055
3207 4053
3208 4053
3209 4057
3210 4058
3211 4053
3212 4054
3213 4055
3214 4058
3215 4056
3216 4058
3217 4053
3218 4052
3219 4058
3220 4055
3221 4057
3222 4057
3223 4057
3224 4055
3225 4057
3226 4055
3227 4053
3228 4055
3229 4057
3230 4055
3231 4059
3232 4056
3233 4055
3234 4056
3235 4056
3236 4055
3237 4057
3238 4056
3239 4058
3240 4055
3241 4056
3242 4060
3243 4057
3244 4055
3245 4055
3246 4057
3247 4057
3248 4056
3249 4056
3250 4056
3251 4060
3252 4054
3253 4056
3254 4053
3255 4058
3256 4057
3257 4058
3258 4055
3259 4057
3260 4054
3261 4056
3262 4059
3263 4057
3264 4055
3265 4055
3266 4057
3267 4056
3268 4055
3269 4058
3270 4056
3271 4057
3272 4056
3273 4054
3274 4052
3275 4055
3276 4056
3277 4056
3278 4059
3279 4056
3280 4059
3281 4058
3282 4057
3283 4055
3284 4060
3285 4056
3286 4057
3287 4058
3288 4055
3289 4055
3290 4056
3291 4058
3292 4057
3293 4058
3294 4060
3295 4054
3296 4058
3297 4055
3298 4056
3299 4056
3300 4059
3301 4056
3302 4053
3303 4059
3304 4057
3305 4057
3306 4055
3307 4055
3308 4052
3309 4060
3310 4054
3311 4056
3312 4056
3313 4060
3314 4053
3315 4056
3316 4055
3317 4058
3318 4057
3319 4056
3320 4055
3321 4058
3322 4056
3323 4056
3324 4055
3325 4055
3326 4054
3327 4053
3328 4057
3329 4056
3330 4056
3331 4057
3332 4055
3333 4053
3334 4056
3335 4055
3336 4055
3337 4054
3338 4056
3339 4056
3340 4054
3341 4056
3342 4053
3343 4056
3344 4060
3345 4056
3346 4053
3347 4057
3348 4057
3349 4055
3350 4056
3351 4058
3352 4053
3353 4054
3354 4059
3355 4055
3356 4057
3357 4056
3358 4055
3359 4056
3360 4054
3361 4057
3362 4055
3363 4057
3364 4058
3365 4057
3366 4058
3367 4058
3368 4057
3369 4055
3370 4057
3371 4058
3372 4055
3373 4058
3374 4058
3375 4054
3376 4054
3377 4054
3378 4056
3379 4055
3380 4051
3381 4053
3382 4057
3383 4056
3384 4056
3385 4060
3386 4054
3387 4057
3388 4057
3389 4055
3390 4055
3391 4057
3392 4057
3393 4056
3394 4051
3395 4057
3396 4059
3397 4053
3398 4057
3399 4057
3400 4058
3401 4057
3402 4052
3403 4058
3404 4054
3405 4056
3406 4056
3407 4056
3408 4053
3409 4061
3410 4054
3411 4055
3412 4057
3413 4059
3414 4058
3415 4055
3416 4053
3417 4056
3418 4057
3419 4057
3420 4055
3421 4056
3422 4058
3423 4057
3424 4057
3425 4055
3426 4057
3427 4054
3428 4055
3429 4056
3430 4056
3431 4056
3432 4056
3433 4053
3434 4056
3435 4057
3436 4057
3437 4056
3438 4052
3439 4054
3440 4058
3441 4057
3442 4055
3443 4054
3444 4058
3445 4052
3446 4055
3447 4053
3448 4055
3449 4055
3450 4053
3451 4060
3452 4052
3453 4054
3454 4053
3455 4055
3456 4053
3457 4058
3458 4052
3459 4055
3460 4055
3461 4055
3462 4053
3463 4060
3464 4058
3465 4055
3466 4056
3467 4054
3468 4056
3469 4054
3470 4056
3471 4056
3472 4053
3473 4057
3474 4053
3475 4057
3476 4057
3477 4055
3478 4059
3479 4055
3480 4052
3481 4055
3482 4056
3483 4053
3484 4056
3485 4055
3486 4056
3487 4056
3488 4056
3489 4055
3490 4058
3491 4056
3492 4055
3493 4054
3494 4055
3495 4055
3496 4055
3497 4056
3498 4055
3499 4055
3500 4056
3501 4062
3502 4051
3503 4058
3504 4055
3505 4054
3506 4056
3507 4056
3508 4054
3509 4057
3510 4053
3511 4056
3512 4055
3513 4057
3514 4057
3515 4057
3516 4059
3517 4057
3518 4054
3519 4057
3520 4054
3521 4057
3522 4058
3523 4060
3524 4057
3525 4058
3526 4055
3527 4057
3528 4057
3529 4055
3530 4058
3531 4056
3532 4054
3533 4057
3534 4054
3535 4060
3536 4058
3537 4054
3538 4057
3539 4058
3540 4055
3541 4053
3542 4054
3543 4058
3544 4054
3545 4061
3546 4058
3547 4053
3548 4053
3549 4055
3550 4058
3551 4059
3552 4057
3553 4057
3554 4056
3555 4057
3556 4055
3557 4058
3558 4056
3559 4058
3560 4058
3561 4057
3562 4054
3563 4056
3564 4054
3565 4054
3566 4057
3567 4058
3568 4056
3569 4056
3570 4057
3571 4057
3572 4055
3573 4055
3574 4057
3575 4054
3576 4057
3577 4056
3578 4058
3579 4052
3580 4058
3581 4057
3582 4055
3583 4060
3584 4058
3585 4053
3586 4060
3587 4058
3588 4054
3589 4057
3590 4057
3591 4057
3592 4056
3593 4056
3594 4059
3595 4056
3596 4058
3597 4055
3598 4052
3599 4059
3600 4056
3601 4059
3602 4052
3603 4064
3604 4057
3605 4059
3606 4056
3607 4054
3608 4057
3609 4059
3610 4056
3611 4059
3612 4053
3613 4057
3614 4055
3615 4058
3616 4064
3617 4057
3618 4059
3619 4056
3620 4055
3621 4057
3622 4055
3623 4059
3624 4054
3625 4057
3626 4055
3627 4057
3628 4055
3629 4057
3630 4057
3631 4057
3632 4054
3633 4057
3634 4055
3635 4055
3636 4058
3637 4058
3638 4059
3639 4055
3640 4056
3641 4059
3642 4056
3643 4057
3644 4056
3645 4054
3646 4054
3647 4059
3648 4057
3649 4057
3650 4057
3651 4058
3652 4052
3653 4054
3654 4057
3655 4052
3656 4055
3657 4057
3658 4055
3659 4057
3660 4052
3661 4052
3662 4057
3663 4056
3664 4057
3665 4057
3666 4057
3667 4056
3668 4054
3669 4056
3670 4055
3671 4058
3672 4056
3673 4058
3674 4057
3675 4058
3676 4054
3677 4055
3678 4055
3679 4058
3680 4056
3681 4054
3682 4055
3683 4057
3684 4055
3685 4058
3686 4055
3687 4057
3688 4055
3689 4056
3690 4058
3691 4055
3692 4054
3693 4058
3694 4056
