#Data from the TCD1304 linear CCD
#column 1 = pixelnumber , column 2 = pixelvalue
#Pixel 1-32 and 3679-3694 and are dummy pixels
#SH-period: 200    ICG-period: 100000    Integration time: 100.0 us
2 4041
3 4042
4 4064
5 4060
6 4057
7 4061
8 4059
9 4059
10 4061
11 4058
12 4060
13 4061
14 4060
15 4060
16 4060
17 4061
18 4058
19 4062
20 4060
21 4060
22 4060
23 4061
24 4059
25 4058
26 4060
27 4059
28 4058
29 4061
30 4060
31 4064
32 4064
34 4061
35 4061
36 4058
37 4061
38 4062
39 4059
40 4057
41 4059
42 4058
43 4062
44 4060
45 4057
46 4059
47 4059
48 4060
49 4064
50 4058
51 4064
52 4059
53 4058
54 4060
55 4059
56 4059
57 4060
58 4059
59 4061
60 4061
61 4060
62 4059
63 4064
64 4057
65 4058
66 4059
67 4061
68 4061
69 4058
70 4059
71 4062
72 4055
73 4058
74 4058
75 4060
76 4059
77 4058
78 4058
79 4060
80 4061
81 4062
82 4060
83 4061
84 4061
85 4058
86 4058
87 4061
88 4064
89 4060
90 4058
91 4057
92 4061
93 4058
94 4061
95 4057
96 4061
97 4055
98 4057
99 4060
100 4060
101 4062
102 4055
103 4061
104 4062
105 4059
106 4061
107 4060
108 4059
109 4064
110 4061
111 4060
112 4060
113 4060
114 4059
115 4060
116 4060
117 4059
118 4058
119 4058
120 4058
121 4060
122 4061
123 4061
124 4059
125 4061
126 4060
127 4061
128 4061
129 4062
130 4058
131 4059
132 4065
133 4058
134 4064
135 4059
136 4064
137 4061
138 4055
139 4062
140 4058
141 4060
142 4057
143 4060
144 4061
145 4060
146 4058
147 4056
148 4060
149 4060
150 4061
151 4064
152 4060
153 4062
154 4059
155 4061
156 4057
157 4057
158 4060
159 4062
160 4057
161 4061
162 4057
163 4061
164 4060
165 4059
166 4058
167 4061
168 4058
169 4059
170 4059
171 4064
172 4058
173 4060
174 4064
175 4061
176 4058
177 4061
178 4059
179 4061
180 4061
181 4058
182 4057
183 4064
184 4060
185 4060
186 4060
187 4061
188 4061
189 4062
190 4060
191 4062
192 4059
193 4060
194 4059
195 4060
196 4061
197 4060
198 4061
199 4058
200 4059
201 4064
202 4055
203 4060
204 4057
205 4061
206 4064
207 4061
208 4059
209 4058
210 4061
211 4058
212 4057
213 4061
214 4057
215 4060
216 4060
217 4060
218 4060
219 4058
220 4060
221 4062
222 4059
223 4059
224 4060
225 4062
226 4058
227 4061
228 4060
229 4059
230 4060
231 4064
232 4065
233 4058
234 4059
235 4060
236 4058
237 4059
238 4058
239 4060
240 4060
241 4061
242 4059
243 4064
244 4061
245 4059
246 4058
247 4058
248 4064
249 4065
250 4059
251 4061
252 4055
253 4061
254 4060
255 4060
256 4059
257 4057
258 4056
259 4060
260 4060
261 4059
262 4055
263 4059
264 4058
265 4057
266 4059
267 4060
268 4058
269 4059
270 4064
271 4062
272 4061
273 4060
274 4061
275 4056
276 4061
277 4060
278 4058
279 4057
280 4062
281 4059
282 4061
283 4064
284 4059
285 4064
286 4059
287 4053
288 4064
289 4064
290 4060
291 4059
292 4064
293 4061
294 4060
295 4061
296 4061
297 4061
298 4061
299 4062
300 4060
301 4062
302 4058
303 4060
304 4061
305 4059
306 4060
307 4058
308 4062
309 4062
310 4056
311 4059
312 4059
313 4059
314 4058
315 4061
316 4060
317 4061
318 4059
319 4061
320 4060
321 4060
322 4057
323 4060
324 4064
325 4064
326 4060
327 4061
328 4061
329 4059
330 4058
331 4060
332 4061
333 4059
334 4059
335 4059
336 4060
337 4059
338 4060
339 4057
340 4061
341 4060
342 4057
343 4059
344 4058
345 4058
346 4061
347 4061
348 4058
349 4061
350 4057
351 4066
352 4061
353 4059
354 4059
355 4060
356 4059
357 4062
358 4064
359 4057
360 4062
361 4057
362 4061
363 4059
364 4062
365 4061
366 4058
367 4060
368 4060
369 4059
370 4060
371 4063
372 4057
373 4060
374 4061
375 4058
376 4060
377 4058
378 4060
379 4059
380 4060
381 4060
382 4059
383 4059
384 4058
385 4060
386 4061
387 4061
388 4059
389 4064
390 4059
391 4064
392 4058
393 4060
394 4055
395 4059
396 4061
397 4060
398 4059
399 4060
400 4062
401 4064
402 4059
403 4059
404 4059
405 4061
406 4064
407 4062
408 4059
409 4058
410 4058
411 4058
412 4060
413 4061
414 4060
415 4059
416 4060
417 4059
418 4060
419 4061
420 4059
421 4056
422 4060
423 4061
424 4064
425 4059
426 4061
427 4060
428 4061
429 4061
430 4061
431 4061
432 4060
433 4061
434 4059
435 4058
436 4060
437 4059
438 4059
439 4060
440 4064
441 4060
442 4060
443 4059
444 4056
445 4059
446 4060
447 4061
448 4060
449 4061
450 4059
451 4065
452 4055
453 4058
454 4059
455 4062
456 4061
457 4060
458 4057
459 4060
460 4060
461 4059
462 4061
463 4064
464 4059
465 4064
466 4060
467 4061
468 4059
469 4062
470 4057
471 4059
472 4059
473 4058
474 4061
475 4061
476 4059
477 4057
478 4061
479 4059
480 4059
481 4059
482 4059
483 4061
484 4064
485 4059
486 4062
487 4062
488 4060
489 4060
490 4060
491 4059
492 4055
493 4061
494 4064
495 4056
496 4057
497 4059
498 4061
499 4060
500 4064
501 4060
502 4057
503 4060
504 4059
505 4060
506 4060
507 4060
508 4061
509 4060
510 4061
511 4061
512 4058
513 4062
514 4064
515 4058
516 4060
517 4061
518 4059
519 4059
520 4060
521 4064
522 4057
523 4064
524 4061
525 4057
526 4058
527 4060
528 4060
529 4058
530 4059
531 4059
532 4060
533 4060
534 4058
535 4059
536 4060
537 4059
538 4059
539 4058
540 4060
541 4055
542 4064
543 4059
544 4061
545 4059
546 4064
547 4060
548 4057
549 4064
550 4060
551 4062
552 4058
553 4059
554 4059
555 4060
556 4061
557 4057
558 4059
559 4058
560 4057
561 4058
562 4059
563 4061
564 4060
565 4057
566 4061
567 4061
568 4058
569 4058
570 4057
571 4061
572 4056
573 4060
574 4061
575 4057
576 4058
577 4064
578 4060
579 4064
580 4061
581 4061
582 4059
583 4061
584 4061
585 4061
586 4055
587 4060
588 4061
589 4059
590 4061
591 4061
592 4060
593 4060
594 4061
595 4059
596 4060
597 4061
598 4061
599 4059
600 4058
601 4066
602 4055
603 4059
604 4061
605 4061
606 4061
607 4056
608 4060
609 4061
610 4060
611 4061
612 4057
613 4060
614 4058
615 4062
616 4060
617 4060
618 4058
619 4061
620 4059
621 4062
622 4057
623 4061
624 4064
625 4058
626 4059
627 4060
628 4061
629 4061
630 4064
631 4056
632 4058
633 4059
634 4056
635 4060
636 4059
637 4058
638 4060
639 4059
640 4064
641 4059
642 4060
643 4058
644 4059
645 4058
646 4061
647 4059
648 4062
649 4059
650 4059
651 4061
652 4058
653 4058
654 4059
655 4064
656 4057
657 4058
658 4060
659 4057
660 4057
661 4057
662 4060
663 4058
664 4060
665 4059
666 4058
667 4064
668 4057
669 4060
670 4060
671 4060
672 4057
673 4060
674 4059
675 4059
676 4060
677 4059
678 4057
679 4060
680 4061
681 4059
682 4060
683 4058
684 4061
685 4059
686 4057
687 4061
688 4061
689 4064
690 4058
691 4059
692 4059
693 4059
694 4059
695 4058
696 4060
697 4060
698 4059
699 4058
700 4060
701 4064
702 4057
703 4060
704 4060
705 4064
706 4059
707 4055
708 4061
709 4056
710 4058
711 4061
712 4060
713 4058
714 4061
715 4058
716 4057
717 4063
718 4059
719 4064
720 4059
721 4059
722 4060
723 4059
724 4057
725 4060
726 4061
727 4059
728 4060
729 4057
730 4060
731 4061
732 4058
733 4058
734 4060
735 4060
736 4060
737 4060
738 4059
739 4061
740 4058
741 4059
742 4062
743 4058
744 4058
745 4058
746 4060
747 4058
748 4058
749 4059
750 4064
751 4060
752 4053
753 4064
754 4057
755 4058
756 4058
757 4059
758 4059
759 4062
760 4059
761 4058
762 4060
763 4061
764 4064
765 4061
766 4061
767 4060
768 4061
769 4061
770 4060
771 4060
772 4059
773 4057
774 4061
775 4057
776 4059
777 4064
778 4061
779 4061
780 4061
781 4059
782 4059
783 4061
784 4059
785 4057
786 4061
787 4060
788 4060
789 4060
790 4061
791 4059
792 4059
793 4060
794 4060
795 4060
796 4059
797 4061
798 4058
799 4060
800 4061
801 4066
802 4059
803 4060
804 4058
805 4060
806 4060
807 4060
808 4061
809 4056
810 4062
811 4060
812 4059
813 4060
814 4059
815 4057
816 4059
817 4059
818 4060
819 4059
820 4061
821 4059
822 4059
823 4059
824 4059
825 4061
826 4059
827 4061
828 4059
829 4059
830 4060
831 4059
832 4060
833 4064
834 4060
835 4059
836 4064
837 4064
838 4059
839 4060
840 4060
841 4062
842 4059
843 4065
844 4061
845 4059
846 4065
847 4059
848 4061
849 4059
850 4064
851 4064
852 4057
853 4062
854 4056
855 4057
856 4057
857 4060
858 4060
859 4061
860 4058
861 4060
862 4059
863 4059
864 4061
865 4062
866 4060
867 4059
868 4058
869 4059
870 4061
871 4064
872 4060
873 4061
874 4060
875 4060
876 4059
877 4059
878 4058
879 4059
880 4060
881 4061
882 4061
883 4057
884 4061
885 4059
886 4061
887 4060
888 4059
889 4060
890 4059
891 4060
892 4059
893 4061
894 4060
895 4060
896 4060
897 4062
898 4061
899 4062
900 4059
901 4064
902 4055
903 4057
904 4060
905 4060
906 4057
907 4058
908 4059
909 4061
910 4061
911 4060
912 4057
913 4059
914 4060
915 4061
916 4057
917 4061
918 4056
919 4060
920 4059
921 4059
922 4062
923 4059
924 4059
925 4064
926 4060
927 4059
928 4064
929 4058
930 4061
931 4062
932 4060
933 4060
934 4058
935 4060
936 4060
937 4059
938 4059
939 4058
940 4062
941 4060
942 4064
943 4060
944 4060
945 4061
946 4062
947 4060
948 4057
949 4057
950 4060
951 4066
952 4060
953 4060
954 4061
955 4064
956 4058
957 4058
958 4060
959 4061
960 4058
961 4060
962 4061
963 4060
964 4056
965 4062
966 4057
967 4060
968 4060
969 4059
970 4059
971 4059
972 4061
973 4060
974 4061
975 4061
976 4056
977 4057
978 4060
979 4060
980 4057
981 4059
982 4059
983 4060
984 4061
985 4057
986 4059
987 4061
988 4060
989 4058
990 4059
991 4061
992 4059
993 4060
994 4058
995 4057
996 4061
997 4058
998 4061
999 4059
1000 4059
1001 4065
1002 4056
1003 4059
1004 4059
1005 4061
1006 4057
1007 4061
1008 4062
1009 4059
1010 4057
1011 4059
1012 4062
1013 4061
1014 4057
1015 4064
1016 4058
1017 4059
1018 4060
1019 4060
1020 4061
1021 4061
1022 4058
1023 4060
1024 4061
1025 4060
1026 4056
1027 4058
1028 4064
1029 4060
1030 4058
1031 4060
1032 4061
1033 4060
1034 4057
1035 4061
1036 4057
1037 4057
1038 4060
1039 4064
1040 4058
1041 4057
1042 4059
1043 4061
1044 4061
1045 4057
1046 4061
1047 4060
1048 4061
1049 4060
1050 4061
1051 4064
1052 4057
1053 4059
1054 4060
1055 4060
1056 4059
1057 4064
1058 4061
1059 4061
1060 4059
1061 4062
1062 4056
1063 4057
1064 4059
1065 4064
1066 4059
1067 4061
1068 4058
1069 4058
1070 4061
1071 4065
1072 4059
1073 4061
1074 4061
1075 4064
1076 4057
1077 4064
1078 4057
1079 4058
1080 4061
1081 4061
1082 4061
1083 4059
1084 4061
1085 4057
1086 4058
1087 4057
1088 4064
1089 4057
1090 4058
1091 4064
1092 4059
1093 4060
1094 4059
1095 4061
1096 4062
1097 4060
1098 4057
1099 4060
1100 4060
1101 4064
1102 4059
1103 4064
1104 4060
1105 4060
1106 4064
1107 4059
1108 4064
1109 4059
1110 4059
1111 4061
1112 4059
1113 4064
1114 4056
1115 4060
1116 4059
1117 4059
1118 4062
1119 4062
1120 4057
1121 4060
1122 4060
1123 4061
1124 4059
1125 4058
1126 4057
1127 4060
1128 4059
1129 4061
1130 4059
1131 4060
1132 4060
1133 4061
1134 4058
1135 4061
1136 4061
1137 4064
1138 4059
1139 4061
1140 4060
1141 4064
1142 4060
1143 4059
1144 4059
1145 4060
1146 4061
1147 4057
1148 4056
1149 4060
1150 4060
1151 4061
1152 4058
1153 4061
1154 4055
1155 4061
1156 4060
1157 4058
1158 4060
1159 4057
1160 4059
1161 4061
1162 4064
1163 4059
1164 4062
1165 4060
1166 4056
1167 4056
1168 4056
1169 4063
1170 4059
1171 4060
1172 4057
1173 4060
1174 4061
1175 4061
1176 4058
1177 4059
1178 4060
1179 4064
1180 4061
1181 4058
1182 4060
1183 4064
1184 4059
1185 4059
1186 4064
1187 4057
1188 4058
1189 4060
1190 4064
1191 4061
1192 4056
1193 4059
1194 4061
1195 4059
1196 4059
1197 4056
1198 4060
1199 4058
1200 4061
1201 4061
1202 4055
1203 4061
1204 4060
1205 4060
1206 4058
1207 4061
1208 4058
1209 4059
1210 4059
1211 4061
1212 4064
1213 4058
1214 4061
1215 4059
1216 4061
1217 4062
1218 4060
1219 4064
1220 4057
1221 4064
1222 4059
1223 4060
1224 4059
1225 4061
1226 4061
1227 4060
1228 4057
1229 4060
1230 4059
1231 4064
1232 4060
1233 4061
1234 4059
1235 4059
1236 4060
1237 4058
1238 4059
1239 4064
1240 4059
1241 4062
1242 4060
1243 4062
1244 4060
1245 4060
1246 4058
1247 4061
1248 4056
1249 4064
1250 4059
1251 4066
1252 4057
1253 4061
1254 4058
1255 4060
1256 4060
1257 4065
1258 4060
1259 4060
1260 4060
1261 4060
1262 4060
1263 4061
1264 4061
1265 4057
1266 4060
1267 4060
1268 4064
1269 4059
1270 4059
1271 4059
1272 4064
1273 4059
1274 4057
1275 4054
1276 4060
1277 4061
1278 4061
1279 4061
1280 4060
1281 4060
1282 4059
1283 4059
1284 4059
1285 4058
1286 4061
1287 4057
1288 4058
1289 4060
1290 4055
1291 4059
1292 4060
1293 4060
1294 4061
1295 4061
1296 4062
1297 4060
1298 4058
1299 4061
1300 4062
1301 4064
1302 4056
1303 4062
1304 4061
1305 4056
1306 4059
1307 4060
1308 4059
1309 4061
1310 4061
1311 4059
1312 4056
1313 4062
1314 4060
1315 4059
1316 4061
1317 4064
1318 4060
1319 4064
1320 4060
1321 4060
1322 4059
1323 4064
1324 4059
1325 4062
1326 4059
1327 4061
1328 4062
1329 4060
1330 4062
1331 4062
1332 4060
1333 4056
1334 4059
1335 4063
1336 4059
1337 4059
1338 4061
1339 4058
1340 4057
1341 4060
1342 4058
1343 4061
1344 4059
1345 4059
1346 4064
1347 4064
1348 4060
1349 4064
1350 4059
1351 4061
1352 4053
1353 4061
1354 4060
1355 4058
1356 4058
1357 4061
1358 4060
1359 4062
1360 4058
1361 4059
1362 4060
1363 4062
1364 4058
1365 4060
1366 4058
1367 4060
1368 4060
1369 4058
1370 4058
1371 4060
1372 4060
1373 4061
1374 4060
1375 4059
1376 4057
1377 4059
1378 4059
1379 4061
1380 4061
1381 4064
1382 4062
1383 4059
1384 4059
1385 4058
1386 4059
1387 4061
1388 4061
1389 4057
1390 4061
1391 4059
1392 4059
1393 4060
1394 4059
1395 4059
1396 4061
1397 4058
1398 4059
1399 4059
1400 4061
1401 4062
1402 4056
1403 4058
1404 4057
1405 4064
1406 4059
1407 4061
1408 4059
1409 4059
1410 4059
1411 4057
1412 4058
1413 4059
1414 4058
1415 4061
1416 4060
1417 4060
1418 4062
1419 4058
1420 4057
1421 4058
1422 4060
1423 4058
1424 4057
1425 4059
1426 4057
1427 4062
1428 4060
1429 4060
1430 4058
1431 4060
1432 4061
1433 4059
1434 4060
1435 4060
1436 4060
1437 4061
1438 4061
1439 4062
1440 4058
1441 4061
1442 4061
1443 4060
1444 4057
1445 4057
1446 4061
1447 4059
1448 4058
1449 4060
1450 4057
1451 4061
1452 4055
1453 4059
1454 4060
1455 4057
1456 4057
1457 4057
1458 4053
1459 4058
1460 4059
1461 4054
1462 4057
1463 4056
1464 4055
1465 4054
1466 4062
1467 4057
1468 4057
1469 4055
1470 4056
1471 4061
1472 4059
1473 4057
1474 4058
1475 4059
1476 4057
1477 4055
1478 4058
1479 4057
1480 4058
1481 4060
1482 4060
1483 4064
1484 4059
1485 4064
1486 4061
1487 4061
1488 4062
1489 4061
1490 4060
1491 4060
1492 4060
1493 4064
1494 4058
1495 4058
1496 4059
1497 4061
1498 4057
1499 4058
1500 4061
1501 4065
1502 4059
1503 4060
1504 4058
1505 4060
1506 4058
1507 4062
1508 4061
1509 4058
1510 4059
1511 4061
1512 4057
1513 4059
1514 4060
1515 4056
1516 4059
1517 4062
1518 4060
1519 4061
1520 4058
1521 4062
1522 4057
1523 4061
1524 4060
1525 4064
1526 4061
1527 4060
1528 4060
1529 4061
1530 4059
1531 4064
1532 4059
1533 4059
1534 4060
1535 4061
1536 4059
1537 4060
1538 4061
1539 4060
1540 4060
1541 4060
1542 4060
1543 4060
1544 4061
1545 4062
1546 4061
1547 4058
1548 4061
1549 4057
1550 4058
1551 4064
1552 4059
1553 4059
1554 4060
1555 4061
1556 4059
1557 4062
1558 4058
1559 4058
1560 4061
1561 4061
1562 4059
1563 4059
1564 4061
1565 4061
1566 4061
1567 4060
1568 4060
1569 4061
1570 4060
1571 4059
1572 4061
1573 4064
1574 4059
1575 4061
1576 4062
1577 4060
1578 4058
1579 4064
1580 4061
1581 4064
1582 4061
1583 4058
1584 4061
1585 4061
1586 4060
1587 4057
1588 4059
1589 4060
1590 4059
1591 4059
1592 4059
1593 4060
1594 4057
1595 4058
1596 4059
1597 4056
1598 4059
1599 4057
1600 4060
1601 4065
1602 4059
1603 4060
1604 4059
1605 4058
1606 4060
1607 4060
1608 4058
1609 4061
1610 4060
1611 4060
1612 4060
1613 4060
1614 4060
1615 4059
1616 4064
1617 4061
1618 4057
1619 4061
1620 4060
1621 4064
1622 4059
1623 4055
1624 4061
1625 4061
1626 4061
1627 4061
1628 4059
1629 4064
1630 4057
1631 4060
1632 4061
1633 4059
1634 4062
1635 4059
1636 4059
1637 4062
1638 4061
1639 4056
1640 4059
1641 4064
1642 4060
1643 4058
1644 4058
1645 4061
1646 4058
1647 4059
1648 4061
1649 4058
1650 4060
1651 4064
1652 4061
1653 4059
1654 4064
1655 4062
1656 4059
1657 4060
1658 4058
1659 4058
1660 4058
1661 4058
1662 4064
1663 4058
1664 4064
1665 4062
1666 4061
1667 4064
1668 4057
1669 4061
1670 4059
1671 4065
1672 4059
1673 4059
1674 4058
1675 4060
1676 4057
1677 4058
1678 4057
1679 4059
1680 4059
1681 4060
1682 4058
1683 4064
1684 4059
1685 4059
1686 4059
1687 4059
1688 4060
1689 4061
1690 4059
1691 4057
1692 4057
1693 4059
1694 4058
1695 4061
1696 4058
1697 4058
1698 4058
1699 4057
1700 4062
1701 4064
1702 4054
1703 4064
1704 4060
1705 4058
1706 4061
1707 4058
1708 4059
1709 4057
1710 4061
1711 4061
1712 4059
1713 4064
1714 4060
1715 4057
1716 4059
1717 4059
1718 4060
1719 4061
1720 4059
1721 4060
1722 4060
1723 4061
1724 4059
1725 4058
1726 4061
1727 4059
1728 4060
1729 4062
1730 4060
1731 4061
1732 4060
1733 4060
1734 4058
1735 4061
1736 4061
1737 4060
1738 4057
1739 4060
1740 4059
1741 4060
1742 4059
1743 4060
1744 4059
1745 4057
1746 4060
1747 4059
1748 4059
1749 4062
1750 4057
1751 4061
1752 4056
1753 4061
1754 4061
1755 4060
1756 4055
1757 4061
1758 4057
1759 4061
1760 4059
1761 4070
1762 4060
1763 4061
1764 4061
1765 4060
1766 4056
1767 4058
1768 4053
1769 4060
1770 4061
1771 4058
1772 4064
1773 4057
1774 4064
1775 4061
1776 4059
1777 4059
1778 4058
1779 4060
1780 4064
1781 4061
1782 4061
1783 4059
1784 4061
1785 4061
1786 4059
1787 4061
1788 4059
1789 4059
1790 4057
1791 4059
1792 4059
1793 4059
1794 4057
1795 4059
1796 4061
1797 4064
1798 4060
1799 4059
1800 4060
1801 4064
1802 4058
1803 4062
1804 4060
1805 4058
1806 4059
1807 4059
1808 4060
1809 4060
1810 4061
1811 4061
1812 4064
1813 4062
1814 4056
1815 4058
1816 4062
1817 4060
1818 4059
1819 4060
1820 4059
1821 4060
1822 4055
1823 4061
1824 4058
1825 4060
1826 4059
1827 4060
1828 4061
1829 4061
1830 4059
1831 4060
1832 4057
1833 4061
1834 4061
1835 4060
1836 4059
1837 4058
1838 4061
1839 4060
1840 4058
1841 4060
1842 4061
1843 4057
1844 4057
1845 4061
1846 4060
1847 4057
1848 4059
1849 4062
1850 4058
1851 4064
1852 4059
1853 4058
1854 4060
1855 4061
1856 4060
1857 4060
1858 4060
1859 4059
1860 4059
1861 4061
1862 4056
1863 4060
1864 4059
1865 4058
1866 4058
1867 4061
1868 4057
1869 4057
1870 4059
1871 4060
1872 4058
1873 4061
1874 4059
1875 4059
1876 4057
1877 4059
1878 4056
1879 4059
1880 4056
1881 4060
1882 4058
1883 4058
1884 4061
1885 4059
1886 4059
1887 4058
1888 4058
1889 4059
1890 4062
1891 4053
1892 4058
1893 4061
1894 4060
1895 4059
1896 4062
1897 4058
1898 4059
1899 4060
1900 4060
1901 4062
1902 4059
1903 4061
1904 4057
1905 4058
1906 4058
1907 4056
1908 4064
1909 4059
1910 4060
1911 4061
1912 4059
1913 4060
1914 4064
1915 4059
1916 4059
1917 4059
1918 4059
1919 4059
1920 4059
1921 4060
1922 4060
1923 4057
1924 4057
1925 4059
1926 4057
1927 4060
1928 4061
1929 4062
1930 4056
1931 4061
1932 4059
1933 4061
1934 4059
1935 4057
1936 4060
1937 4059
1938 4057
1939 4057
1940 4060
1941 4058
1942 4059
1943 4060
1944 4061
1945 4060
1946 4059
1947 4059
1948 4055
1949 4059
1950 4057
1951 4065
1952 4058
1953 4062
1954 4064
1955 4061
1956 4061
1957 4060
1958 4064
1959 4057
1960 4060
1961 4058
1962 4059
1963 4060
1964 4057
1965 4059
1966 4060
1967 4059
1968 4058
1969 4058
1970 4058
1971 4064
1972 4060
1973 4060
1974 4060
1975 4061
1976 4058
1977 4064
1978 4061
1979 4059
1980 4059
1981 4060
1982 4059
1983 4061
1984 4060
1985 4061
1986 4060
1987 4058
1988 4061
1989 4060
1990 4060
1991 4060
1992 4058
1993 4060
1994 4060
1995 4061
1996 4060
1997 4061
1998 4062
1999 4057
2000 4059
2001 4064
2002 4058
2003 4060
2004 4059
2005 4061
2006 4061
2007 4062
2008 4058
2009 4059
2010 4058
2011 4057
2012 4061
2013 4060
2014 4057
2015 4063
2016 4061
2017 4062
2018 4057
2019 4061
2020 4059
2021 4060
2022 4059
2023 4064
2024 4061
2025 4061
2026 4058
2027 4059
2028 4059
2029 4062
2030 4059
2031 4058
2032 4057
2033 4059
2034 4058
2035 4060
2036 4059
2037 4058
2038 4059
2039 4061
2040 4054
2041 4060
2042 4058
2043 4061
2044 4060
2045 4059
2046 4064
2047 4061
2048 4058
2049 4064
2050 4058
2051 4064
2052 4057
2053 4059
2054 4062
2055 4064
2056 4059
2057 4062
2058 4057
2059 4060
2060 4058
2061 4061
2062 4060
2063 4058
2064 4062
2065 4058
2066 4061
2067 4060
2068 4060
2069 4064
2070 4058
2071 4062
2072 4060
2073 4060
2074 4060
2075 4059
2076 4061
2077 4061
2078 4059
2079 4057
2080 4058
2081 4061
2082 4059
2083 4061
2084 4064
2085 4059
2086 4060
2087 4064
2088 4058
2089 4061
2090 4060
2091 4058
2092 4061
2093 4064
2094 4058
2095 4061
2096 4061
2097 4060
2098 4060
2099 4061
2100 4061
2101 4064
2102 4058
2103 4060
2104 4064
2105 4064
2106 4062
2107 4061
2108 4060
2109 4061
2110 4058
2111 4061
2112 4060
2113 4061
2114 4059
2115 4060
2116 4059
2117 4058
2118 4058
2119 4062
2120 4060
2121 4064
2122 4057
2123 4058
2124 4060
2125 4060
2126 4060
2127 4064
2128 4064
2129 4059
2130 4060
2131 4055
2132 4061
2133 4061
2134 4057
2135 4059
2136 4061
2137 4059
2138 4061
2139 4062
2140 4061
2141 4058
2142 4064
2143 4060
2144 4064
2145 4059
2146 4058
2147 4059
2148 4059
2149 4060
2150 4058
2151 4064
2152 4059
2153 4061
2154 4060
2155 4061
2156 4057
2157 4060
2158 4058
2159 4061
2160 4064
2161 4059
2162 4061
2163 4057
2164 4060
2165 4064
2166 4059
2167 4064
2168 4062
2169 4061
2170 4059
2171 4059
2172 4058
2173 4061
2174 4060
2175 4064
2176 4061
2177 4060
2178 4057
2179 4058
2180 4060
2181 4059
2182 4060
2183 4064
2184 4058
2185 4061
2186 4059
2187 4061
2188 4058
2189 4061
2190 4061
2191 4059
2192 4057
2193 4060
2194 4060
2195 4058
2196 4061
2197 4061
2198 4060
2199 4060
2200 4058
2201 4064
2202 4057
2203 4060
2204 4057
2205 4058
2206 4057
2207 4060
2208 4060
2209 4064
2210 4060
2211 4062
2212 4059
2213 4059
2214 4064
2215 4060
2216 4060
2217 4061
2218 4064
2219 4057
2220 4056
2221 4061
2222 4058
2223 4059
2224 4056
2225 4060
2226 4061
2227 4062
2228 4059
2229 4061
2230 4059
2231 4059
2232 4060
2233 4060
2234 4057
2235 4057
2236 4058
2237 4060
2238 4058
2239 4058
2240 4055
2241 4055
2242 4057
2243 4057
2244 4055
2245 4060
2246 4059
2247 4061
2248 4058
2249 4059
2250 4059
2251 4058
2252 4056
2253 4059
2254 4059
2255 4060
2256 4061
2257 4058
2258 4058
2259 4058
2260 4059
2261 4061
2262 4061
2263 4060
2264 4061
2265 4064
2266 4061
2267 4059
2268 4059
2269 4058
2270 4055
2271 4057
2272 4062
2273 4062
2274 4061
2275 4064
2276 4057
2277 4060
2278 4058
2279 4059
2280 4060
2281 4057
2282 4058
2283 4056
2284 4061
2285 4059
2286 4058
2287 4060
2288 4058
2289 4059
2290 4060
2291 4059
2292 4059
2293 4061
2294 4061
2295 4060
2296 4064
2297 4057
2298 4060
2299 4059
2300 4060
2301 4064
2302 4059
2303 4061
2304 4060
2305 4060
2306 4059
2307 4061
2308 4060
2309 4060
2310 4059
2311 4060
2312 4060
2313 4062
2314 4056
2315 4060
2316 4058
2317 4061
2318 4062
2319 4060
2320 4057
2321 4061
2322 4057
2323 4059
2324 4059
2325 4064
2326 4059
2327 4064
2328 4060
2329 4059
2330 4058
2331 4061
2332 4060
2333 4059
2334 4057
2335 4064
2336 4059
2337 4058
2338 4058
2339 4060
2340 4059
2341 4060
2342 4061
2343 4058
2344 4059
2345 4061
2346 4059
2347 4060
2348 4060
2349 4060
2350 4060
2351 4065
2352 4056
2353 4059
2354 4057
2355 4059
2356 4060
2357 4061
2358 4058
2359 4061
2360 4060
2361 4059
2362 4058
2363 4064
2364 4058
2365 4061
2366 4059
2367 4058
2368 4059
2369 4060
2370 4058
2371 4060
2372 4061
2373 4060
2374 4059
2375 4057
2376 4060
2377 4059
2378 4057
2379 4059
2380 4061
2381 4057
2382 4058
2383 4057
2384 4061
2385 4060
2386 4059
2387 4059
2388 4059
2389 4060
2390 4057
2391 4060
2392 4061
2393 4064
2394 4059
2395 4058
2396 4061
2397 4058
2398 4061
2399 4060
2400 4060
2401 4067
2402 4057
2403 4057
2404 4061
2405 4060
2406 4058
2407 4058
2408 4060
2409 4060
2410 4061
2411 4064
2412 4058
2413 4061
2414 4061
2415 4061
2416 4060
2417 4059
2418 4062
2419 4060
2420 4057
2421 4061
2422 4057
2423 4059
2424 4060
2425 4058
2426 4059
2427 4061
2428 4058
2429 4059
2430 4060
2431 4060
2432 4059
2433 4061
2434 4058
2435 4064
2436 4057
2437 4060
2438 4061
2439 4058
2440 4060
2441 4060
2442 4059
2443 4064
2444 4061
2445 4056
2446 4063
2447 4059
2448 4064
2449 4061
2450 4059
2451 4061
2452 4056
2453 4059
2454 4058
2455 4060
2456 4058
2457 4060
2458 4060
2459 4060
2460 4058
2461 4061
2462 4056
2463 4059
2464 4059
2465 4060
2466 4061
2467 4060
2468 4059
2469 4061
2470 4059
2471 4060
2472 4061
2473 4062
2474 4064
2475 4062
2476 4058
2477 4059
2478 4058
2479 4061
2480 4059
2481 4064
2482 4058
2483 4060
2484 4058
2485 4059
2486 4061
2487 4057
2488 4059
2489 4061
2490 4059
2491 4060
2492 4059
2493 4060
2494 4055
2495 4060
2496 4061
2497 4057
2498 4060
2499 4058
2500 4061
2501 4064
2502 4055
2503 4062
2504 4060
2505 4060
2506 4065
2507 4059
2508 4061
2509 4060
2510 4060
2511 4064
2512 4058
2513 4059
2514 4061
2515 4064
2516 4057
2517 4058
2518 4062
2519 4059
2520 4060
2521 4058
2522 4060
2523 4057
2524 4060
2525 4064
2526 4058
2527 4061
2528 4058
2529 4059
2530 4061
2531 4060
2532 4058
2533 4061
2534 4058
2535 4061
2536 4057
2537 4064
2538 4057
2539 4057
2540 4058
2541 4061
2542 4059
2543 4059
2544 4057
2545 4057
2546 4060
2547 4060
2548 4064
2549 4059
2550 4060
2551 4064
2552 4058
2553 4064
2554 4059
2555 4061
2556 4061
2557 4061
2558 4057
2559 4060
2560 4060
2561 4060
2562 4060
2563 4059
2564 4056
2565 4058
2566 4057
2567 4058
2568 4061
2569 4064
2570 4059
2571 4061
2572 4061
2573 4058
2574 4060
2575 4060
2576 4062
2577 4057
2578 4058
2579 4064
2580 4058
2581 4059
2582 4058
2583 4062
2584 4061
2585 4060
2586 4059
2587 4061
2588 4061
2589 4059
2590 4060
2591 4057
2592 4060
2593 4062
2594 4065
2595 4058
2596 4062
2597 4058
2598 4060
2599 4064
2600 4060
2601 4061
2602 4058
2603 4061
2604 4064
2605 4059
2606 4059
2607 4061
2608 4058
2609 4059
2610 4060
2611 4058
2612 4058
2613 4061
2614 4060
2615 4061
2616 4059
2617 4061
2618 4064
2619 4060
2620 4058
2621 4060
2622 4060
2623 4060
2624 4061
2625 4061
2626 4062
2627 4059
2628 4058
2629 4061
2630 4059
2631 4059
2632 4058
2633 4060
2634 4064
2635 4061
2636 4059
2637 4062
2638 4057
2639 4061
2640 4058
2641 4061
2642 4061
2643 4060
2644 4060
2645 4056
2646 4059
2647 4059
2648 4057
2649 4064
2650 4059
2651 4067
2652 4061
2653 4060
2654 4058
2655 4061
2656 4059
2657 4061
2658 4060
2659 4060
2660 4057
2661 4060
2662 4058
2663 4058
2664 4056
2665 4059
2666 4061
2667 4062
2668 4059
2669 4061
2670 4061
2671 4061
2672 4059
2673 4059
2674 4057
2675 4065
2676 4056
2677 4060
2678 4059
2679 4057
2680 4061
2681 4061
2682 4060
2683 4061
2684 4060
2685 4062
2686 4057
2687 4057
2688 4057
2689 4060
2690 4057
2691 4060
2692 4059
2693 4057
2694 4059
2695 4061
2696 4060
2697 4058
2698 4064
2699 4060
2700 4059
2701 4060
2702 4056
2703 4060
2704 4061
2705 4060
2706 4060
2707 4058
2708 4058
2709 4057
2710 4057
2711 4061
2712 4061
2713 4058
2714 4058
2715 4060
2716 4061
2717 4061
2718 4059
2719 4060
2720 4057
2721 4055
2722 4058
2723 4059
2724 4057
2725 4057
2726 4060
2727 4060
2728 4059
2729 4058
2730 4059
2731 4061
2732 4058
2733 4057
2734 4058
2735 4064
2736 4059
2737 4061
2738 4059
2739 4058
2740 4060
2741 4064
2742 4058
2743 4058
2744 4056
2745 4058
2746 4060
2747 4061
2748 4060
2749 4059
2750 4061
2751 4061
2752 4057
2753 4059
2754 4059
2755 4057
2756 4059
2757 4059
2758 4060
2759 4057
2760 4057
2761 4059
2762 4061
2763 4061
2764 4060
2765 4061
2766 4062
2767 4059
2768 4059
2769 4058
2770 4058
2771 4064
2772 4060
2773 4059
2774 4060
2775 4058
2776 4060
2777 4056
2778 4060
2779 4057
2780 4060
2781 4060
2782 4059
2783 4060
2784 4057
2785 4057
2786 4058
2787 4057
2788 4060
2789 4059
2790 4060
2791 4055
2792 4057
2793 4058
2794 4058
2795 4057
2796 4058
2797 4057
2798 4060
2799 4058
2800 4059
2801 4064
2802 4058
2803 4061
2804 4059
2805 4057
2806 4061
2807 4060
2808 4062
2809 4058
2810 4059
2811 4061
2812 4059
2813 4062
2814 4058
2815 4054
2816 4052
2817 4059
2818 4060
2819 4060
2820 4055
2821 4059
2822 4060
2823 4056
2824 4060
2825 4059
2826 4054
2827 4058
2828 4057
2829 4060
2830 4058
2831 4056
2832 4059
2833 4058
2834 4059
2835 4060
2836 4054
2837 4057
2838 4058
2839 4059
2840 4057
2841 4059
2842 4059
2843 4055
2844 4058
2845 4059
2846 4058
2847 4055
2848 4064
2849 4060
2850 4057
2851 4060
2852 4055
2853 4064
2854 4060
2855 4059
2856 4061
2857 4059
2858 4058
2859 4061
2860 4056
2861 4058
2862 4060
2863 4061
2864 4060
2865 4059
2866 4059
2867 4061
2868 4060
2869 4057
2870 4059
2871 4061
2872 4058
2873 4057
2874 4061
2875 4060
2876 4064
2877 4059
2878 4058
2879 4059
2880 4061
2881 4058
2882 4061
2883 4061
2884 4059
2885 4061
2886 4057
2887 4059
2888 4057
2889 4057
2890 4057
2891 4060
2892 4058
2893 4061
2894 4058
2895 4060
2896 4057
2897 4059
2898 4060
2899 4060
2900 4057
2901 4067
2902 4056
2903 4061
2904 4057
2905 4060
2906 4059
2907 4062
2908 4057
2909 4060
2910 4058
2911 4059
2912 4059
2913 4060
2914 4059
2915 4060
2916 4056
2917 4064
2918 4064
2919 4057
2920 4064
2921 4060
2922 4060
2923 4060
2924 4060
2925 4061
2926 4059
2927 4060
2928 4058
2929 4064
2930 4059
2931 4058
2932 4060
2933 4061
2934 4057
2935 4058
2936 4059
2937 4060
2938 4059
2939 4058
2940 4060
2941 4059
2942 4062
2943 4059
2944 4058
2945 4062
2946 4060
2947 4059
2948 4060
2949 4064
2950 4057
2951 4064
2952 4057
2953 4060
2954 4061
2955 4060
2956 4059
2957 4059
2958 4060
2959 4062
2960 4059
2961 4064
2962 4060
2963 4057
2964 4060
2965 4059
2966 4058
2967 4062
2968 4061
2969 4060
2970 4057
2971 4058
2972 4059
2973 4058
2974 4057
2975 4062
2976 4060
2977 4060
2978 4061
2979 4059
2980 4059
2981 4059
2982 4061
2983 4058
2984 4057
2985 4062
2986 4060
2987 4059
2988 4061
2989 4061
2990 4058
2991 4061
2992 4060
2993 4064
2994 4061
2995 4062
2996 4059
2997 4061
2998 4060
2999 4060
3000 4062
3001 4064
3002 4055
3003 4059
3004 4061
3005 4061
3006 4061
3007 4058
3008 4059
3009 4059
3010 4061
3011 4060
3012 4060
3013 4061
3014 4059
3015 4057
3016 4059
3017 4059
3018 4060
3019 4060
3020 4061
3021 4062
3022 4058
3023 4060
3024 4060
3025 4058
3026 4060
3027 4059
3028 4060
3029 4059
3030 4064
3031 4059
3032 4059
3033 4056
3034 4061
3035 4056
3036 4062
3037 4056
3038 4053
3039 4061
3040 4060
3041 4061
3042 4056
3043 4064
3044 4057
3045 4060
3046 4061
3047 4061
3048 4061
3049 4060
3050 4064
3051 4064
3052 4059
3053 4058
3054 4059
3055 4058
3056 4058
3057 4057
3058 4059
3059 4060
3060 4064
3061 4060
3062 4061
3063 4061
3064 4064
3065 4061
3066 4059
3067 4060
3068 4059
3069 4059
3070 4059
3071 4060
3072 4059
3073 4064
3074 4059
3075 4055
3076 4059
3077 4058
3078 4060
3079 4061
3080 4061
3081 4060
3082 4061
3083 4061
3084 4057
3085 4057
3086 4060
3087 4058
3088 4062
3089 4057
3090 4059
3091 4058
3092 4059
3093 4059
3094 4060
3095 4061
3096 4064
3097 4059
3098 4061
3099 4059
3100 4060
3101 4066
3102 4059
3103 4061
3104 4061
3105 4058
3106 4060
3107 4060
3108 4059
3109 4061
3110 4059
3111 4064
3112 4060
3113 4059
3114 4059
3115 4060
3116 4060
3117 4056
3118 4059
3119 4061
3120 4059
3121 4061
3122 4059
3123 4058
3124 4057
3125 4060
3126 4061
3127 4059
3128 4059
3129 4061
3130 4061
3131 4056
3132 4064
3133 4061
3134 4058
3135 4062
3136 4061
3137 4058
3138 4059
3139 4060
3140 4060
3141 4059
3142 4060
3143 4057
3144 4059
3145 4060
3146 4059
3147 4055
3148 4061
3149 4058
3150 4061
3151 4064
3152 4057
3153 4062
3154 4058
3155 4059
3156 4055
3157 4060
3158 4058
3159 4058
3160 4056
3161 4058
3162 4058
3163 4058
3164 4058
3165 4059
3166 4060
3167 4056
3168 4058
3169 4057
3170 4057
3171 4061
3172 4056
3173 4059
3174 4057
3175 4054
3176 4056
3177 4057
3178 4057
3179 4058
3180 4056
3181 4057
3182 4057
3183 4057
3184 4057
3185 4057
3186 4056
3187 4058
3188 4059
3189 4057
3190 4059
3191 4056
3192 4059
3193 4059
3194 4055
3195 4055
3196 4059
3197 4058
3198 4056
3199 4059
3200 4057
3201 4060
3202 4057
3203 4054
3204 4056
3205 4060
3206 4057
3207 4057
3208 4057
3209 4057
3210 4057
3211 4056
3212 4059
3213 4056
3214 4058
3215 4057
3216 4057
3217 4059
3218 4056
3219 4057
3220 4059
3221 4060
3222 4060
3223 4060
3224 4058
3225 4054
3226 4058
3227 4060
3228 4056
3229 4059
3230 4057
3231 4057
3232 4056
3233 4057
3234 4059
3235 4056
3236 4056
3237 4058
3238 4060
3239 4056
3240 4059
3241 4058
3242 4054
3243 4059
3244 4059
3245 4056
3246 4062
3247 4057
3248 4057
3249 4059
3250 4060
3251 4061
3252 4058
3253 4059
3254 4056
3255 4060
3256 4056
3257 4061
3258 4060
3259 4060
3260 4057
3261 4061
3262 4058
3263 4057
3264 4061
3265 4061
3266 4058
3267 4057
3268 4058
3269 4062
3270 4060
3271 4061
3272 4061
3273 4061
3274 4060
3275 4061
3276 4060
3277 4059
3278 4059
3279 4059
3280 4061
3281 4059
3282 4059
3283 4066
3284 4060
3285 4061
3286 4059
3287 4062
3288 4061
3289 4055
3290 4060
3291 4058
3292 4060
3293 4059
3294 4061
3295 4057
3296 4060
3297 4058
3298 4057
3299 4061
3300 4057
3301 4061
3302 4058
3303 4062
3304 4059
3305 4061
3306 4059
3307 4059
3308 4058
3309 4060
3310 4059
3311 4060
3312 4060
3313 4056
3314 4057
3315 4057
3316 4059
3317 4060
3318 4060
3319 4060
3320 4060
3321 4065
3322 4058
3323 4064
3324 4060
3325 4061
3326 4061
3327 4061
3328 4058
3329 4057
3330 4061
3331 4058
3332 4061
3333 4057
3334 4056
3335 4060
3336 4061
3337 4058
3338 4058
3339 4060
3340 4058
3341 4060
3342 4061
3343 4059
3344 4058
3345 4058
3346 4062
3347 4060
3348 4061
3349 4062
3350 4057
3351 4065
3352 4058
3353 4061
3354 4060
3355 4060
3356 4061
3357 4059
3358 4059
3359 4059
3360 4059
3361 4059
3362 4059
3363 4062
3364 4057
3365 4060
3366 4059
3367 4061
3368 4059
3369 4056
3370 4061
3371 4061
3372 4057
3373 4059
3374 4059
3375 4059
3376 4057
3377 4061
3378 4060
3379 4058
3380 4061
3381 4062
3382 4056
3383 4059
3384 4052
3385 4061
3386 4059
3387 4064
3388 4059
3389 4062
3390 4060
3391 4060
3392 4060
3393 4059
3394 4061
3395 4061
3396 4061
3397 4059
3398 4058
3399 4059
3400 4061
3401 4065
3402 4057
3403 4058
3404 4059
3405 4060
3406 4061
3407 4059
3408 4061
3409 4064
3410 4061
3411 4058
3412 4061
3413 4061
3414 4061
3415 4061
3416 4058
3417 4060
3418 4060
3419 4059
3420 4053
3421 4061
3422 4059
3423 4060
3424 4061
3425 4059
3426 4059
3427 4059
3428 4058
3429 4061
3430 4060
3431 4057
3432 4064
3433 4059
3434 4059
3435 4058
3436 4061
3437 4059
3438 4057
3439 4057
3440 4060
3441 4061
3442 4059
3443 4060
3444 4056
3445 4059
3446 4061
3447 4059
3448 4060
3449 4060
3450 4057
3451 4064
3452 4057
3453 4057
3454 4065
3455 4058
3456 4060
3457 4057
3458 4060
3459 4060
3460 4058
3461 4062
3462 4058
3463 4060
3464 4060
3465 4064
3466 4061
3467 4056
3468 4059
3469 4060
3470 4057
3471 4061
3472 4058
3473 4060
3474 4057
3475 4060
3476 4061
3477 4061
3478 4058
3479 4057
3480 4061
3481 4061
3482 4060
3483 4062
3484 4060
3485 4060
3486 4061
3487 4060
3488 4057
3489 4060
3490 4061
3491 4062
3492 4062
3493 4065
3494 4060
3495 4061
3496 4060
3497 4060
3498 4061
3499 4061
3500 4061
3501 4064
3502 4055
3503 4059
3504 4064
3505 4058
3506 4059
3507 4058
3508 4064
3509 4058
3510 4057
3511 4060
3512 4061
3513 4058
3514 4064
3515 4059
3516 4060
3517 4061
3518 4064
3519 4055
3520 4059
3521 4061
3522 4061
3523 4061
3524 4059
3525 4060
3526 4060
3527 4059
3528 4059
3529 4064
3530 4057
3531 4061
3532 4059
3533 4060
3534 4059
3535 4059
3536 4058
3537 4059
3538 4056
3539 4061
3540 4060
3541 4061
3542 4059
3543 4060
3544 4058
3545 4059
3546 4060
3547 4060
3548 4061
3549 4057
3550 4061
3551 4061
3552 4057
3553 4060
3554 4058
3555 4057
3556 4059
3557 4064
3558 4061
3559 4060
3560 4061
3561 4061
3562 4059
3563 4059
3564 4059
3565 4058
3566 4061
3567 4058
3568 4057
3569 4060
3570 4057
3571 4060
3572 4059
3573 4059
3574 4060
3575 4062
3576 4059
3577 4059
3578 4060
3579 4056
3580 4059
3581 4060
3582 4060
3583 4059
3584 4058
3585 4061
3586 4059
3587 4059
3588 4064
3589 4059
3590 4060
3591 4062
3592 4061
3593 4057
3594 4061
3595 4057
3596 4061
3597 4059
3598 4059
3599 4061
3600 4061
3601 4061
3602 4057
3603 4060
3604 4064
3605 4058
3606 4064
3607 4060
3608 4059
3609 4060
3610 4057
3611 4055
3612 4060
3613 4059
3614 4059
3615 4061
3616 4060
3617 4058
3618 4062
3619 4058
3620 4058
3621 4064
3622 4058
3623 4058
3624 4058
3625 4059
3626 4057
3627 4060
3628 4060
3629 4059
3630 4061
3631 4064
3632 4064
3633 4059
3634 4060
3635 4057
3636 4059
3637 4062
3638 4061
3639 4058
3640 4059
3641 4061
3642 4061
3643 4060
3644 4064
3645 4058
3646 4059
3647 4061
3648 4058
3649 4058
3650 4059
3651 4061
3652 4057
3653 4061
3654 4057
3655 4055
3656 4060
3657 4060
3658 4058
3659 4060
3660 4061
3661 4059
3662 4060
3663 4059
3664 4059
3665 4064
3666 4060
3667 4060
3668 4065
3669 4060
3670 4056
3671 4060
3672 4061
3673 4061
3674 4059
3675 4060
3676 4060
3677 4062
3678 4060
3679 4064
3680 4062
3681 4060
3682 4061
3683 4058
3684 4058
3685 4057
3686 4059
3687 4060
3688 4059
3689 4060
3690 4064
3691 4058
3692 4058
3693 4064
3694 4059
